5.000000000000000000e+00 1.562500000000000000e-01 2.639500045776367188e+01 3.879800033569335938e+01 4.105500030517578125e+01
1.600000000000000000e+01 2.589285671710968018e-01 2.768099975585937500e+01 4.196599960327148438e+01 4.262400054931640625e+01
1.200000000000000000e+01 5.178571343421936035e-01 3.122900009155273438e+01 4.108300018310546875e+01 4.164300155639648438e+01
1.400000000000000000e+01 5.803571343421936035e-01 3.222299957275390625e+01 3.824700164794921875e+01 3.922700119018554688e+01
2.200000000000000000e+01 7.187500000000000000e-01 3.559099960327148438e+01 3.764799880981445312e+01 3.768600082397460938e+01
1.300000000000000000e+01 6.964285969734191895e-01 3.608599853515625000e+01 3.583100128173828125e+01 3.434099960327148438e+01
2.200000000000000000e+01 7.410714030265808105e-01 3.947900009155273438e+01 3.432899856567382812e+01 3.345000076293945312e+01
1.200000000000000000e+01 6.696428656578063965e-01 4.053300094604492188e+01 3.316400146484375000e+01 2.994099998474121094e+01
3.000000000000000000e+00 6.116071343421936035e-01 4.353300094604492188e+01 3.118499946594238281e+01 2.871699905395507812e+01
0.000000000000000000e+00 5.714285969734191895e-01 4.458599853515625000e+01 3.250699996948242188e+01 2.535499954223632812e+01
2.200000000000000000e+01 3.794642984867095947e-01 4.729999923706054688e+01 2.990299987792968750e+01 2.472800064086914062e+01
1.000000000000000000e+00 2.008928507566452026e-01 4.481399917602539062e+01 2.698900032043457031e+01 2.467000007629394531e+01
9.000000000000000000e+00 2.544642984867095947e-01 4.190299987792968750e+01 2.925900077819824219e+01 2.375499916076660156e+01
1.700000000000000000e+01 2.678571343421936035e-01 3.960800170898437500e+01 2.857200050354003906e+01 2.658699989318847656e+01
1.600000000000000000e+01 3.616071343421936035e-01 3.826699829101562500e+01 2.934700012207031250e+01 3.009300041198730469e+01
0.000000000000000000e+00 5.223214030265808105e-01 4.098899841308593750e+01 2.928400039672851562e+01 3.277600097656250000e+01
1.100000000000000000e+01 3.348214328289031982e-01 4.002000045776367188e+01 2.701099967956542969e+01 3.564300155639648438e+01
2.000000000000000000e+00 3.482142984867095947e-01 4.133300018310546875e+01 2.701600074768066406e+01 3.934199905395507812e+01
2.200000000000000000e+01 6.428571343421936035e-01 4.300500106811523438e+01 3.050499916076660156e+01 3.924700164794921875e+01
0.000000000000000000e+00 6.562500000000000000e-01 4.299399948120117188e+01 3.197299957275390625e+01 4.281100082397460938e+01
1.400000000000000000e+01 7.723214030265808105e-01 4.232600021362304688e+01 3.559600067138671875e+01 4.378799819946289062e+01
2.200000000000000000e+01 7.276785969734191895e-01 3.905799865722656250e+01 4.097200012207031250e+01 4.639699935913085938e+01
1.500000000000000000e+01 6.875000000000000000e-01 3.964899826049804688e+01 4.393299865722656250e+01 4.884600067138671875e+01
1.000000000000000000e+00 5.937500000000000000e-01 3.750099945068359375e+01 4.694499969482421875e+01 4.949599838256835938e+01
1.300000000000000000e+01 5.312500000000000000e-01 3.867200088500976562e+01 5.052999877929687500e+01 5.016799926757812500e+01
0.000000000000000000e+00 2.455357164144515991e-01 3.747299957275390625e+01 5.158599853515625000e+01 5.363600158691406250e+01
0.000000000000000000e+00 7.142857462167739868e-02 3.644599914550781250e+01 5.481200027465820312e+01 5.539799880981445312e+01
3.000000000000000000e+00 8.035714179277420044e-02 3.990399932861328125e+01 5.647100067138671875e+01 5.590000152587890625e+01
3.000000000000000000e+00 2.901785671710968018e-01 4.121599960327148438e+01 5.520999908447265625e+01 5.250099945068359375e+01
1.800000000000000000e+01 3.258928656578063965e-01 4.268199920654296875e+01 5.195000076293945312e+01 5.392699813842773438e+01
1.900000000000000000e+01 5.133928656578063965e-01 4.229299926757812500e+01 4.840700149536132812e+01 5.254499816894531250e+01
7.000000000000000000e+00 3.571428656578063965e-01 4.002099990844726562e+01 4.570800018310546875e+01 5.400400161743164062e+01
1.600000000000000000e+01 4.553571343421936035e-01 3.972200012207031250e+01 4.207600021362304688e+01 5.273600006103515625e+01
1.500000000000000000e+01 4.196428656578063965e-01 3.633700180053710938e+01 4.168000030517578125e+01 5.093999862670898438e+01
0.000000000000000000e+00 4.419642984867095947e-01 3.600699996948242188e+01 3.823699951171875000e+01 4.922100067138671875e+01
1.700000000000000000e+01 4.955357015132904053e-01 3.832099914550781250e+01 3.526499938964843750e+01 4.819200134277343750e+01
9.000000000000000000e+00 4.241071343421936035e-01 3.843899917602539062e+01 3.201699829101562500e+01 4.609999847412109375e+01
1.300000000000000000e+01 4.910714328289031982e-01 3.955699920654296875e+01 3.020100021362304688e+01 4.302399826049804688e+01
1.800000000000000000e+01 4.821428656578063965e-01 3.797700119018554688e+01 2.982500076293945312e+01 3.945500183105468750e+01
1.700000000000000000e+01 2.053571492433547974e-01 3.523199844360351562e+01 2.734300041198730469e+01 3.849000167846679688e+01
7.000000000000000000e+00 8.482142537832260132e-02 3.507300186157226562e+01 2.489900016784667969e+01 3.541600036621093750e+01
1.700000000000000000e+01 1.517857164144515991e-01 3.359099960327148438e+01 2.761800003051757812e+01 3.316199874877929688e+01
9.000000000000000000e+00 4.375000000000000000e-01 3.632600021362304688e+01 3.021999931335449219e+01 3.409099960327148438e+01
7.000000000000000000e+00 4.464285671710968018e-01 3.392699813842773438e+01 3.224000167846679688e+01 3.620000076293945312e+01
1.200000000000000000e+01 4.687500000000000000e-01 3.435800170898437500e+01 3.273899841308593750e+01 4.001900100708007812e+01
9.000000000000000000e+00 1.160714253783226013e-01 3.003499984741210938e+01 3.319400024414062500e+01 4.507899856567382812e+01
1.200000000000000000e+01 2.991071343421936035e-01 3.231700134277343750e+01 3.600999832153320312e+01 4.602600097656250000e+01
1.800000000000000000e+01 1.875000000000000000e-01 3.009799957275390625e+01 3.827199935913085938e+01 4.802899932861328125e+01
1.800000000000000000e+01 4.910714179277420044e-02 2.646400070190429688e+01 3.912799835205078125e+01 4.902099990844726562e+01
7.000000000000000000e+00 2.232142910361289978e-02 2.451600074768066406e+01 4.215100097656250000e+01 4.786500167846679688e+01
7.000000000000000000e+00 0.000000000000000000e+00 2.387500000000000000e+01 4.304199981689453125e+01 5.157500076293945312e+01
7.000000000000000000e+00 3.571428731083869934e-02 2.762999916076660156e+01 4.322999954223632812e+01 5.198199844360351562e+01
1.500000000000000000e+01 1.383928507566452026e-01 2.838500022888183594e+01 4.512300109863281250e+01 4.868299865722656250e+01
2.200000000000000000e+01 9.375000000000000000e-02 2.851600074768066406e+01 4.902899932861328125e+01 4.916799926757812500e+01
7.000000000000000000e+00 1.696428507566452026e-01 2.927000045776367188e+01 5.220899963378906250e+01 4.716299819946289062e+01
9.000000000000000000e+00 3.705357015132904053e-01 3.315599822998046875e+01 5.237500000000000000e+01 4.684000015258789062e+01
1.100000000000000000e+01 6.517857313156127930e-01 3.644900131225585938e+01 5.147200012207031250e+01 4.521099853515625000e+01
2.000000000000000000e+01 7.589285969734191895e-01 3.767100143432617188e+01 4.782500076293945312e+01 4.506700134277343750e+01
1.300000000000000000e+01 8.750000000000000000e-01 4.100600051879882812e+01 4.611199951171875000e+01 4.465299987792968750e+01
2.200000000000000000e+01 9.196428656578063965e-01 4.106700134277343750e+01 4.277099990844726562e+01 4.283300018310546875e+01
7.000000000000000000e+00 9.330357313156127930e-01 4.440800094604492188e+01 4.075899887084960938e+01 4.315000152587890625e+01
1.100000000000000000e+01 9.285714030265808105e-01 4.480099868774414062e+01 3.766799926757812500e+01 4.103699874877929688e+01
3.000000000000000000e+00 8.348214030265808105e-01 4.761899948120117188e+01 3.495199966430664062e+01 4.132699966430664062e+01
1.800000000000000000e+01 8.705357313156127930e-01 4.821699905395507812e+01 3.462400054931640625e+01 3.758200073242187500e+01
1.300000000000000000e+01 7.857142686843872070e-01 5.171200180053710938e+01 3.323799896240234375e+01 3.827000045776367188e+01
1.700000000000000000e+01 6.160714030265808105e-01 5.079700088500976562e+01 3.014999961853027344e+01 4.020899963378906250e+01
2.000000000000000000e+01 6.026785969734191895e-01 4.868600082397460938e+01 2.887100028991699219e+01 3.727099990844726562e+01
1.900000000000000000e+01 5.535714030265808105e-01 5.177199935913085938e+01 2.882299995422363281e+01 3.501800155639648438e+01
1.300000000000000000e+01 3.660714328289031982e-01 5.395299911499023438e+01 2.729199981689453125e+01 3.784099960327148438e+01
0.000000000000000000e+00 2.410714328289031982e-01 5.134500122070312500e+01 2.450799942016601562e+01 3.793700027465820312e+01
1.200000000000000000e+01 2.142857164144515991e-01 5.165299987792968750e+01 2.417700004577636719e+01 3.416500091552734375e+01
9.000000000000000000e+00 1.250000000000000000e-01 5.552000045776367188e+01 2.410000038146972656e+01 3.407500076293945312e+01
1.100000000000000000e+01 3.125000000000000000e-01 5.577199935913085938e+01 2.759399986267089844e+01 3.235900115966796875e+01
1.700000000000000000e+01 4.732142984867095947e-01 5.783599853515625000e+01 3.054999923706054688e+01 3.342699813842773438e+01
1.600000000000000000e+01 7.053571343421936035e-01 5.583000183105468750e+01 3.379000091552734375e+01 3.306299972534179688e+01
1.500000000000000000e+01 7.991071343421936035e-01 5.663800048828125000e+01 3.749300003051757812e+01 3.299000167846679688e+01
7.000000000000000000e+00 9.017857313156127930e-01 5.371400070190429688e+01 3.797700119018554688e+01 3.914099884033203125e+01
0.000000000000000000e+00 9.955357313156127930e-01 4.741199874877929688e+01 4.132099914550781250e+01 3.774700164794921875e+01
7.000000000000000000e+00 9.910714030265808105e-01 4.584500122070312500e+01 4.375600051879882812e+01 4.027700042724609375e+01
2.200000000000000000e+01 9.821428656578063965e-01 4.306800079345703125e+01 4.608900070190429688e+01 3.927399826049804688e+01
2.200000000000000000e+01 9.375000000000000000e-01 4.174700164794921875e+01 4.918399810791015625e+01 4.125199890136718750e+01
1.500000000000000000e+01 8.526785969734191895e-01 3.832699966430664062e+01 5.064799880981445312e+01 3.998699951171875000e+01
1.800000000000000000e+01 6.785714030265808105e-01 3.536899948120117188e+01 5.275600051879882812e+01 4.115499877929687500e+01
0.000000000000000000e+00 5.357142686843872070e-01 3.206600189208984375e+01 5.097299957275390625e+01 4.161399841308593750e+01
2.000000000000000000e+00 2.500000000000000000e-01 2.832699966430664062e+01 5.158599853515625000e+01 4.236199951171875000e+01
3.000000000000000000e+00 1.607142835855484009e-01 2.835099983215332031e+01 5.548699951171875000e+01 4.190599822998046875e+01
1.700000000000000000e+01 7.589285820722579956e-02 2.578899955749511719e+01 5.541999816894531250e+01 3.898799896240234375e+01
9.000000000000000000e+00 1.785714365541934967e-02 2.334399986267089844e+01 5.346599960327148438e+01 4.120700073242187500e+01
1.600000000000000000e+01 3.125000000000000000e-02 2.299200057983398438e+01 4.977600097656250000e+01 4.152199935913085938e+01
1.000000000000000000e+00 1.473214328289031982e-01 2.511400032043457031e+01 4.778699874877929688e+01 3.901800155639648438e+01
1.000000000000000000e+00 2.366071492433547974e-01 2.615099906921386719e+01 4.402500152587890625e+01 3.857500076293945312e+01
2.000000000000000000e+01 5.089285969734191895e-01 2.991399955749511719e+01 4.365000152587890625e+01 3.787599945068359375e+01
1.800000000000000000e+01 6.294642686843872070e-01 3.189999961853027344e+01 4.115299987792968750e+01 3.585100173950195312e+01
1.100000000000000000e+01 8.125000000000000000e-01 3.574200057983398438e+01 4.170000076293945312e+01 3.556499862670898438e+01
0.000000000000000000e+00 8.169642686843872070e-01 3.711100006103515625e+01 3.975199890136718750e+01 3.259700012207031250e+01
0.000000000000000000e+00 9.151785969734191895e-01 4.079000091552734375e+01 3.888999938964843750e+01 3.237400054931640625e+01
1.200000000000000000e+01 8.482142686843872070e-01 4.280300140380859375e+01 3.722999954223632812e+01 2.945499992370605469e+01
1.200000000000000000e+01 8.437500000000000000e-01 4.606999969482421875e+01 3.550500106811523438e+01 3.027599906921386719e+01
1.700000000000000000e+01 7.633928656578063965e-01 4.920399856567382812e+01 3.468799972534179688e+01 2.834499931335449219e+01
1.600000000000000000e+01 7.232142686843872070e-01 5.265299987792968750e+01 3.398699951171875000e+01 2.988800048828125000e+01
2.000000000000000000e+01 7.812500000000000000e-01 5.416999816894531250e+01 3.731600189208984375e+01 2.864800071716308594e+01
1.700000000000000000e+01 8.973214030265808105e-01 5.096599960327148438e+01 3.944900131225585938e+01 2.869000053405761719e+01
2.000000000000000000e+01 9.642857313156127930e-01 4.759500122070312500e+01 4.026499938964843750e+01 3.016799926757812500e+01
1.700000000000000000e+01 9.508928656578063965e-01 4.444900131225585938e+01 4.202700042724609375e+01 2.921500015258789062e+01
1.800000000000000000e+01 9.687500000000000000e-01 4.184700012207031250e+01 4.319599914550781250e+01 3.161000061035156250e+01
1.800000000000000000e+01 8.839285969734191895e-01 3.828900146484375000e+01 4.433900070190429688e+01 3.083499908447265625e+01
0.000000000000000000e+00 8.080357313156127930e-01 3.541299819946289062e+01 4.557899856567382812e+01 3.309400177001953125e+01
2.200000000000000000e+01 6.250000000000000000e-01 3.189599990844726562e+01 4.453699874877929688e+01 3.226200103759765625e+01
2.200000000000000000e+01 4.062500000000000000e-01 2.866200065612792969e+01 4.599700164794921875e+01 3.375199890136718750e+01
1.800000000000000000e+01 1.830357164144515991e-01 2.533399963378906250e+01 4.415000152587890625e+01 3.378799819946289062e+01
2.000000000000000000e+00 5.803571268916130066e-02 2.243799972534179688e+01 4.672399902343750000e+01 3.425299835205078125e+01
1.600000000000000000e+01 4.464285913854837418e-03 1.948699951171875000e+01 4.583200073242187500e+01 3.659899902343750000e+01
5.000000000000000000e+00 9.821428358554840088e-02 6.786900329589843750e+01 5.113000106811523438e+01 2.784199905395507812e+01
1.600000000000000000e+01 2.232142835855484009e-01 6.744000244140625000e+01 4.805300140380859375e+01 3.026300048828125000e+01
1.200000000000000000e+01 5.000000000000000000e-01 6.384999847412109375e+01 4.911100006103515625e+01 3.112800025939941406e+01
1.400000000000000000e+01 5.044642686843872070e-01 6.193899917602539062e+01 5.103200149536132812e+01 2.857999992370605469e+01
2.200000000000000000e+01 6.919642686843872070e-01 5.811999893188476562e+01 5.137099838256835938e+01 2.876199913024902344e+01
1.300000000000000000e+01 6.383928656578063965e-01 5.613399887084960938e+01 5.244800186157226562e+01 2.565200042724609375e+01
2.200000000000000000e+01 7.142857313156127930e-01 5.262900161743164062e+01 5.334799957275390625e+01 2.636199951171875000e+01
1.200000000000000000e+01 6.651785969734191895e-01 4.983900070190429688e+01 5.344900131225585938e+01 2.372999954223632812e+01
3.000000000000000000e+00 6.473214030265808105e-01 4.612699890136718750e+01 5.436500167846679688e+01 2.387000083923339844e+01
0.000000000000000000e+00 5.982142686843872070e-01 4.345399856567382812e+01 5.251200103759765625e+01 2.186000061035156250e+01
2.200000000000000000e+01 4.330357015132904053e-01 4.077500152587890625e+01 5.525400161743164062e+01 2.202400016784667969e+01
1.000000000000000000e+00 2.276785671710968018e-01 4.275500106811523438e+01 5.720800018310546875e+01 1.929100036621093750e+01
9.000000000000000000e+00 2.946428656578063965e-01 4.476200103759765625e+01 5.411399841308593750e+01 1.842600059509277344e+01
1.700000000000000000e+01 2.812500000000000000e-01 4.804000091552734375e+01 5.598500061035156250e+01 1.886700057983398438e+01
1.600000000000000000e+01 3.750000000000000000e-01 5.089099884033203125e+01 5.660699844360351562e+01 2.146999931335449219e+01
0.000000000000000000e+00 5.446428656578063965e-01 4.992900085449218750e+01 5.764199829101562500e+01 2.503899955749511719e+01
1.100000000000000000e+01 3.214285671710968018e-01 5.144200134277343750e+01 6.106800079345703125e+01 2.560700035095214844e+01
2.000000000000000000e+00 3.169642984867095947e-01 5.257500076293945312e+01 6.257099914550781250e+01 2.897800064086914062e+01
2.200000000000000000e+01 6.205357313156127930e-01 5.162500000000000000e+01 5.943799972534179688e+01 3.101000022888183594e+01
0.000000000000000000e+00 6.339285969734191895e-01 5.315800094604492188e+01 5.953599929809570312e+01 3.449399948120117188e+01
1.400000000000000000e+01 7.321428656578063965e-01 5.465100097656250000e+01 5.653900146484375000e+01 3.625999832153320312e+01
2.200000000000000000e+01 7.098214030265808105e-01 5.885900115966796875e+01 5.220000076293945312e+01 3.969200134277343750e+01
1.500000000000000000e+01 6.830357313156127930e-01 5.926200103759765625e+01 5.055099868774414062e+01 4.310200119018554688e+01
1.000000000000000000e+00 5.848214030265808105e-01 6.161899948120117188e+01 4.772499847412109375e+01 4.424599838256835938e+01
1.300000000000000000e+01 5.625000000000000000e-01 6.030099868774414062e+01 4.514799880981445312e+01 4.679100036621093750e+01
0.000000000000000000e+00 2.857142984867095947e-01 6.227799987792968750e+01 4.458800125122070312e+01 5.000400161743164062e+01
0.000000000000000000e+00 1.071428582072257996e-01 6.308399963378906250e+01 4.158499908447265625e+01 5.238000106811523438e+01
3.000000000000000000e+00 1.026785746216773987e-01 6.029600143432617188e+01 4.235499954223632812e+01 5.491400146484375000e+01
3.000000000000000000e+00 3.526785671710968018e-01 5.811299896240234375e+01 4.279299926757812500e+01 5.186700057983398438e+01
1.800000000000000000e+01 3.392857015132904053e-01 5.833000183105468750e+01 4.668799972534179688e+01 5.200899887084960938e+01
1.900000000000000000e+01 5.491071343421936035e-01 5.808399963378906250e+01 4.861100006103515625e+01 4.870000076293945312e+01
7.000000000000000000e+00 3.437500000000000000e-01 6.104000091552734375e+01 5.112799835205078125e+01 4.822000122070312500e+01
1.600000000000000000e+01 4.151785671710968018e-01 6.103799819946289062e+01 5.373199844360351562e+01 4.533599853515625000e+01
1.500000000000000000e+01 3.883928656578063965e-01 6.331900024414062500e+01 5.287599945068359375e+01 4.238199996948242188e+01
0.000000000000000000e+00 4.107142984867095947e-01 6.256800079345703125e+01 5.524700164794921875e+01 3.946400070190429688e+01
1.700000000000000000e+01 4.866071343421936035e-01 5.998400115966796875e+01 5.783700180053710938e+01 3.812699890136718750e+01
9.000000000000000000e+00 3.973214328289031982e-01 5.917499923706054688e+01 5.954700088500976562e+01 3.482199859619140625e+01
1.300000000000000000e+01 4.776785671710968018e-01 5.656600189208984375e+01 6.013299942016601562e+01 3.214699935913085938e+01
1.800000000000000000e+01 4.508928656578063965e-01 5.604800033569335938e+01 5.930400085449218750e+01 2.840900039672851562e+01
1.700000000000000000e+01 1.919642835855484009e-01 5.753200149536132812e+01 6.102999877929687500e+01 2.528100013732910156e+01
7.000000000000000000e+00 8.928571641445159912e-02 5.533800125122070312e+01 6.192200088500976562e+01 2.230299949645996094e+01
1.700000000000000000e+01 1.428571492433547974e-01 5.621300125122070312e+01 5.856999969482421875e+01 2.059700012207031250e+01
9.000000000000000000e+00 4.017857015132904053e-01 5.510400009155273438e+01 5.681299972534179688e+01 2.380500030517578125e+01
7.000000000000000000e+00 3.839285671710968018e-01 5.842900085449218750e+01 5.572900009155273438e+01 2.521699905395507812e+01
1.200000000000000000e+01 3.928571343421936035e-01 5.982199859619140625e+01 5.675500106811523438e+01 2.845299911499023438e+01
9.000000000000000000e+00 1.116071417927742004e-01 6.599099731445312500e+01 5.700099945068359375e+01 3.121599960327148438e+01
1.200000000000000000e+01 3.035714328289031982e-01 6.444000244140625000e+01 5.499300003051757812e+01 3.422399902343750000e+01
1.800000000000000000e+01 1.741071492433547974e-01 6.771700286865234375e+01 5.360400009155273438e+01 3.544800186157226562e+01
1.800000000000000000e+01 4.464285820722579956e-02 7.113700103759765625e+01 5.256999969482421875e+01 3.396699905395507812e+01
7.000000000000000000e+00 2.678571455180644989e-02 7.228600311279296875e+01 4.900600051879882812e+01 3.333499908447265625e+01
7.000000000000000000e+00 8.928571827709674835e-03 7.459700012207031250e+01 4.898400115966796875e+01 3.633100128173828125e+01
7.000000000000000000e+00 4.017857089638710022e-02 7.174400329589843750e+01 5.034199905395507812e+01 3.852700042724609375e+01
1.500000000000000000e+01 1.651785671710968018e-01 6.933100128173828125e+01 4.770299911499023438e+01 3.690599822998046875e+01
2.200000000000000000e+01 1.205357164144515991e-01 6.975299835205078125e+01 4.439199829101562500e+01 3.881000137329101562e+01
7.000000000000000000e+00 2.321428507566452026e-01 6.776200103759765625e+01 4.142200088500976562e+01 4.027099990844726562e+01
9.000000000000000000e+00 4.285714328289031982e-01 6.457499694824218750e+01 4.208000183105468750e+01 4.220500183105468750e+01
1.100000000000000000e+01 6.741071343421936035e-01 6.077099990844726562e+01 4.229100036621093750e+01 4.205300140380859375e+01
2.000000000000000000e+01 7.544642686843872070e-01 5.988000106811523438e+01 4.554299926757812500e+01 4.033300018310546875e+01
1.300000000000000000e+01 8.794642686843872070e-01 5.652600097656250000e+01 4.743399810791015625e+01 4.035400009155273438e+01
2.200000000000000000e+01 9.062500000000000000e-01 5.560499954223632812e+01 4.999200057983398438e+01 3.764500045776367188e+01
7.000000000000000000e+00 9.241071343421936035e-01 5.273500061035156250e+01 5.216299819946289062e+01 3.883000183105468750e+01
1.100000000000000000e+01 9.107142686843872070e-01 5.136600112915039062e+01 5.396599960327148438e+01 3.574499893188476562e+01
3.000000000000000000e+00 8.214285969734191895e-01 4.898199844360351562e+01 5.680300140380859375e+01 3.649800109863281250e+01
1.800000000000000000e+01 8.303571343421936035e-01 4.632600021362304688e+01 5.615800094604492188e+01 3.369100189208984375e+01
1.300000000000000000e+01 7.455357313156127930e-01 4.378900146484375000e+01 5.817599868774414062e+01 3.564300155639648438e+01
1.700000000000000000e+01 5.892857313156127930e-01 4.541199874877929688e+01 6.156299972534179688e+01 3.509799957275390625e+01
2.000000000000000000e+01 6.071428656578063965e-01 4.562799835205078125e+01 6.051900100708007812e+01 3.144300079345703125e+01
1.900000000000000000e+01 5.580357313156127930e-01 4.179600143432617188e+01 6.019200134277343750e+01 3.099699974060058594e+01
1.300000000000000000e+01 3.303571343421936035e-01 4.145199966430664062e+01 6.345700073242187500e+01 3.286600112915039062e+01
0.000000000000000000e+00 2.098214328289031982e-01 4.336199951171875000e+01 6.542099761962890625e+01 3.021400070190429688e+01
1.200000000000000000e+01 1.964285671710968018e-01 4.102799987792968750e+01 6.404799652099609375e+01 2.752499961853027344e+01
9.000000000000000000e+00 1.339285671710968018e-01 3.759000015258789062e+01 6.435900115966796875e+01 2.926199913024902344e+01
1.100000000000000000e+01 3.080357015132904053e-01 3.692200088500976562e+01 6.057899856567382812e+01 2.919899940490722656e+01
1.700000000000000000e+01 4.642857015132904053e-01 3.564699935913085938e+01 5.877099990844726562e+01 3.240499877929687500e+01
1.600000000000000000e+01 6.607142686843872070e-01 3.854100036621093750e+01 5.749900054931640625e+01 3.444300079345703125e+01
1.500000000000000000e+01 7.366071343421936035e-01 3.701100158691406250e+01 5.398300170898437500e+01 3.555199813842773438e+01
7.000000000000000000e+00 8.660714030265808105e-01 4.279999923706054688e+01 5.425699996948242188e+01 3.924200057983398438e+01
0.000000000000000000e+00 9.776785969734191895e-01 4.758599853515625000e+01 5.041699981689453125e+01 3.549399948120117188e+01
7.000000000000000000e+00 9.866071343421936035e-01 5.016400146484375000e+01 4.839099884033203125e+01 3.760499954223632812e+01
2.200000000000000000e+01 9.732142686843872070e-01 5.296699905395507812e+01 4.614799880981445312e+01 3.622399902343750000e+01
2.200000000000000000e+01 9.598214030265808105e-01 5.466199874877929688e+01 4.391099929809570312e+01 3.887400054931640625e+01
1.500000000000000000e+01 8.571428656578063965e-01 5.755599975585937500e+01 4.171699905395507812e+01 3.754299926757812500e+01
1.800000000000000000e+01 7.008928656578063965e-01 6.052000045776367188e+01 3.973899841308593750e+01 3.889799880981445312e+01
0.000000000000000000e+00 5.401785969734191895e-01 6.365299987792968750e+01 4.071599960327148438e+01 3.702199935913085938e+01
2.000000000000000000e+00 2.767857015132904053e-01 6.657299804687500000e+01 3.833499908447265625e+01 3.609600067138671875e+01
3.000000000000000000e+00 2.723214328289031982e-01 6.511100006103515625e+01 3.504700088500976562e+01 3.735300064086914062e+01
1.700000000000000000e+01 1.294642835855484009e-01 6.635099792480468750e+01 3.314500045776367188e+01 3.406399917602539062e+01
9.000000000000000000e+00 6.250000000000000000e-02 6.962200164794921875e+01 3.502899932861328125e+01 3.442499923706054688e+01
1.600000000000000000e+01 6.696428358554840088e-02 7.018199920654296875e+01 3.855500030517578125e+01 3.284299850463867188e+01
1.000000000000000000e+00 2.187500000000000000e-01 6.729499816894531250e+01 3.989500045776367188e+01 3.067200088500976562e+01
1.000000000000000000e+00 2.633928656578063965e-01 6.651300048828125000e+01 4.335400009155273438e+01 2.909700012207031250e+01
2.000000000000000000e+01 5.267857313156127930e-01 6.297100067138671875e+01 4.459000015258789062e+01 2.912500000000000000e+01
1.800000000000000000e+01 5.669642686843872070e-01 6.094300079345703125e+01 4.656600189208984375e+01 2.655100059509277344e+01
1.100000000000000000e+01 7.500000000000000000e-01 5.746799850463867188e+01 4.697499847412109375e+01 2.787299919128417969e+01
0.000000000000000000e+00 7.901785969734191895e-01 5.439099884033203125e+01 4.768600082397460938e+01 2.587899971008300781e+01
0.000000000000000000e+00 8.928571343421936035e-01 5.114500045776367188e+01 4.890100097656250000e+01 2.752700042724609375e+01
1.200000000000000000e+01 8.258928656578063965e-01 4.778400039672851562e+01 4.950899887084960938e+01 2.559799957275390625e+01
1.200000000000000000e+01 8.392857313156127930e-01 4.558200073242187500e+01 5.207099914550781250e+01 2.739299964904785156e+01
1.700000000000000000e+01 7.946428656578063965e-01 4.167200088500976562e+01 5.224000167846679688e+01 2.711199951171875000e+01
1.600000000000000000e+01 7.678571343421936035e-01 3.905799865722656250e+01 5.329000091552734375e+01 2.993199920654296875e+01
2.000000000000000000e+01 8.035714030265808105e-01 3.719800186157226562e+01 5.003699874877929688e+01 3.068300056457519531e+01
1.700000000000000000e+01 8.883928656578063965e-01 3.990200042724609375e+01 4.781999969482421875e+01 2.949699974060058594e+01
2.000000000000000000e+01 9.464285969734191895e-01 4.365299987792968750e+01 4.781900024414062500e+01 2.926399993896484375e+01
1.700000000000000000e+01 9.419642686843872070e-01 4.617100143432617188e+01 4.532799911499023438e+01 2.776199913024902344e+01
1.800000000000000000e+01 9.553571343421936035e-01 4.990599822998046875e+01 4.495399856567382812e+01 2.857999992370605469e+01
1.800000000000000000e+01 8.616071343421936035e-01 5.287500000000000000e+01 4.273099899291992188e+01 2.734799957275390625e+01
0.000000000000000000e+00 7.767857313156127930e-01 5.671200180053710938e+01 4.234199905395507812e+01 2.760899925231933594e+01
2.200000000000000000e+01 5.758928656578063965e-01 5.931000137329101562e+01 4.209199905395507812e+01 2.489900016784667969e+01
2.200000000000000000e+01 4.598214328289031982e-01 6.218999862670898438e+01 4.020399856567382812e+01 2.673600006103515625e+01
1.800000000000000000e+01 1.785714328289031982e-01 6.565399932861328125e+01 3.959700012207031250e+01 2.514800071716308594e+01
2.000000000000000000e+00 5.357142910361289978e-02 6.905000305175781250e+01 3.817900085449218750e+01 2.597400093078613281e+01
1.600000000000000000e+01 1.339285727590322495e-02 7.170099639892578125e+01 4.097000122070312500e+01 2.646100044250488281e+01
