5.000000000000000000e+00 8.035714179277420044e-02 2.541699981689453125e+01 3.879600143432617188e+01 4.258000183105468750e+01
1.600000000000000000e+01 2.276785671710968018e-01 2.668000030517578125e+01 4.234199905395507812e+01 4.143899917602539062e+01
1.200000000000000000e+01 4.910714328289031982e-01 3.038999938964843750e+01 4.149700164794921875e+01 4.144800186157226562e+01
1.400000000000000000e+01 5.312500000000000000e-01 3.156999969482421875e+01 3.860300064086914062e+01 3.922999954223632812e+01
2.200000000000000000e+01 7.232142686843872070e-01 3.518399810791015625e+01 3.798799896240234375e+01 3.799900054931640625e+01
1.300000000000000000e+01 6.875000000000000000e-01 3.598199844360351562e+01 3.533499908447265625e+01 3.534400177001953125e+01
2.200000000000000000e+01 7.544642686843872070e-01 3.947200012207031250e+01 3.430199813842773438e+01 3.418000030517578125e+01
1.200000000000000000e+01 6.830357313156127930e-01 4.021799850463867188e+01 3.309600067138671875e+01 3.057099914550781250e+01
3.000000000000000000e+00 6.026785969734191895e-01 4.294499969482421875e+01 3.114999961853027344e+01 2.884199905395507812e+01
0.000000000000000000e+00 5.580357313156127930e-01 4.410499954223632812e+01 3.242499923706054688e+01 2.550799942016601562e+01
2.200000000000000000e+01 3.705357015132904053e-01 4.680500030517578125e+01 2.968400001525878906e+01 2.498399925231933594e+01
1.000000000000000000e+00 2.008928507566452026e-01 4.433800125122070312e+01 2.683399963378906250e+01 2.486000061035156250e+01
9.000000000000000000e+00 2.500000000000000000e-01 4.137200164794921875e+01 2.912599945068359375e+01 2.392000007629394531e+01
1.700000000000000000e+01 2.633928656578063965e-01 3.905300140380859375e+01 2.839699935913085938e+01 2.685499954223632812e+01
1.600000000000000000e+01 3.526785671710968018e-01 3.746500015258789062e+01 2.960400009155273438e+01 3.007099914550781250e+01
0.000000000000000000e+00 4.687500000000000000e-01 4.002799987792968750e+01 2.850200080871582031e+01 3.269499969482421875e+01
1.100000000000000000e+01 3.080357015132904053e-01 3.922900009155273438e+01 2.656399917602539062e+01 3.581499862670898438e+01
2.000000000000000000e+00 3.392857015132904053e-01 4.090399932861328125e+01 2.706800079345703125e+01 3.927199935913085938e+01
2.200000000000000000e+01 6.383928656578063965e-01 4.259799957275390625e+01 3.042099952697753906e+01 3.879999923706054688e+01
0.000000000000000000e+00 6.517857313156127930e-01 4.258499908447265625e+01 3.191200065612792969e+01 4.232199859619140625e+01
1.400000000000000000e+01 7.767857313156127930e-01 4.187500000000000000e+01 3.559099960327148438e+01 4.341999816894531250e+01
2.200000000000000000e+01 7.276785969734191895e-01 3.912099838256835938e+01 4.078699874877929688e+01 4.636399841308593750e+01
1.500000000000000000e+01 7.053571343421936035e-01 4.002899932861328125e+01 4.380300140380859375e+01 4.831100082397460938e+01
1.000000000000000000e+00 6.294642686843872070e-01 3.872000122070312500e+01 4.739599990844726562e+01 4.900699996948242188e+01
1.300000000000000000e+01 5.491071343421936035e-01 4.017499923706054688e+01 5.075699996948242188e+01 5.017200088500976562e+01
0.000000000000000000e+00 2.723214328289031982e-01 3.986399841308593750e+01 5.197200012207031250e+01 5.383300018310546875e+01
0.000000000000000000e+00 1.339285671710968018e-01 3.990999984741210938e+01 5.562599945068359375e+01 5.475699996948242188e+01
3.000000000000000000e+00 1.473214328289031982e-01 4.368799972534179688e+01 5.569900131225585938e+01 5.552500152587890625e+01
3.000000000000000000e+00 3.973214328289031982e-01 4.469499969482421875e+01 5.434099960327148438e+01 5.216199874877929688e+01
1.800000000000000000e+01 4.598214328289031982e-01 4.491299819946289062e+01 5.063299942016601562e+01 5.333700180053710938e+01
1.900000000000000000e+01 6.160714030265808105e-01 4.381600189208984375e+01 4.766199874877929688e+01 5.119400024414062500e+01
7.000000000000000000e+00 4.732142984867095947e-01 4.160400009155273438e+01 4.560499954223632812e+01 5.343799972534179688e+01
1.600000000000000000e+01 4.866071343421936035e-01 4.008300018310546875e+01 4.202999877929687500e+01 5.240399932861328125e+01
1.500000000000000000e+01 4.330357015132904053e-01 3.657400131225585938e+01 4.165700149536132812e+01 5.099399948120117188e+01
0.000000000000000000e+00 4.241071343421936035e-01 3.613000106811523438e+01 3.820899963378906250e+01 4.946300125122070312e+01
1.700000000000000000e+01 5.133928656578063965e-01 3.831000137329101562e+01 3.549700164794921875e+01 4.798199844360351562e+01
9.000000000000000000e+00 4.553571343421936035e-01 3.797100067138671875e+01 3.239599990844726562e+01 4.585100173950195312e+01
1.300000000000000000e+01 4.955357015132904053e-01 3.899300003051757812e+01 3.046199989318847656e+01 4.270999908447265625e+01
1.800000000000000000e+01 4.776785671710968018e-01 3.748799896240234375e+01 2.987199974060058594e+01 3.909999847412109375e+01
1.700000000000000000e+01 1.875000000000000000e-01 3.490200042724609375e+01 2.717799949645996094e+01 3.852899932861328125e+01
7.000000000000000000e+00 6.696428358554840088e-02 3.417699813842773438e+01 2.470100021362304688e+01 3.573099899291992188e+01
1.700000000000000000e+01 1.160714253783226013e-01 3.261199951171875000e+01 2.743300056457519531e+01 3.354600143432617188e+01
9.000000000000000000e+00 3.482142984867095947e-01 3.555799865722656250e+01 2.981699943542480469e+01 3.427299880981445312e+01
7.000000000000000000e+00 4.017857015132904053e-01 3.351599884033203125e+01 3.209099960327148438e+01 3.648400115966796875e+01
1.200000000000000000e+01 4.151785671710968018e-01 3.361399841308593750e+01 3.286899948120117188e+01 4.032099914550781250e+01
9.000000000000000000e+00 9.375000000000000000e-02 2.848299980163574219e+01 3.433900070190429688e+01 4.506000137329101562e+01
1.200000000000000000e+01 2.812500000000000000e-01 3.132099914550781250e+01 3.682500076293945312e+01 4.599499893188476562e+01
1.800000000000000000e+01 1.562500000000000000e-01 2.904999923706054688e+01 3.937200164794921875e+01 4.785400009155273438e+01
1.800000000000000000e+01 2.678571455180644989e-02 2.542200088500976562e+01 4.060599899291992188e+01 4.833900070190429688e+01
7.000000000000000000e+00 2.232142910361289978e-02 2.457299995422363281e+01 4.432199859619140625e+01 4.769400024414062500e+01
7.000000000000000000e+00 8.928571827709674835e-03 2.398200035095214844e+01 4.517900085449218750e+01 5.140900039672851562e+01
7.000000000000000000e+00 4.464285820722579956e-02 2.779299926757812500e+01 4.416999816894531250e+01 5.191799926757812500e+01
1.500000000000000000e+01 1.651785671710968018e-01 2.890099906921386719e+01 4.586999893188476562e+01 4.855799865722656250e+01
2.200000000000000000e+01 1.205357164144515991e-01 2.939699935913085938e+01 4.946699905395507812e+01 4.980799865722656250e+01
7.000000000000000000e+00 1.964285671710968018e-01 3.043300056457519531e+01 5.243799972534179688e+01 4.752500152587890625e+01
9.000000000000000000e+00 4.107142984867095947e-01 3.440200042724609375e+01 5.282600021362304688e+01 4.721900177001953125e+01
1.100000000000000000e+01 6.607142686843872070e-01 3.746200180053710938e+01 5.158399963378906250e+01 4.551800155639648438e+01
2.000000000000000000e+01 7.678571343421936035e-01 3.779800033569335938e+01 4.773500061035156250e+01 4.495500183105468750e+01
1.300000000000000000e+01 8.928571343421936035e-01 4.070299911499023438e+01 4.548600006103515625e+01 4.370600128173828125e+01
2.200000000000000000e+01 9.196428656578063965e-01 4.088499832153320312e+01 4.192200088500976562e+01 4.244800186157226562e+01
7.000000000000000000e+00 9.330357313156127930e-01 4.431900024414062500e+01 4.024000167846679688e+01 4.248300170898437500e+01
1.100000000000000000e+01 9.241071343421936035e-01 4.449100112915039062e+01 3.706000137329101562e+01 4.036399841308593750e+01
3.000000000000000000e+00 8.258928656578063965e-01 4.709299850463867188e+01 3.437599945068359375e+01 4.080500030517578125e+01
1.800000000000000000e+01 8.437500000000000000e-01 4.845700073242187500e+01 3.389699935913085938e+01 3.723600006103515625e+01
1.300000000000000000e+01 7.410714030265808105e-01 5.186299896240234375e+01 3.269800186157226562e+01 3.855799865722656250e+01
1.700000000000000000e+01 5.848214030265808105e-01 5.067200088500976562e+01 2.953700065612792969e+01 4.021699905395507812e+01
2.000000000000000000e+01 5.937500000000000000e-01 4.835499954223632812e+01 2.882299995422363281e+01 3.716400146484375000e+01
1.900000000000000000e+01 5.758928656578063965e-01 5.138299942016601562e+01 2.914800071716308594e+01 3.481800079345703125e+01
1.300000000000000000e+01 3.616071343421936035e-01 5.346400070190429688e+01 2.708499908447265625e+01 3.728599929809570312e+01
0.000000000000000000e+00 2.366071492433547974e-01 5.074700164794921875e+01 2.437700080871582031e+01 3.749599838256835938e+01
1.200000000000000000e+01 2.187500000000000000e-01 5.092100143432617188e+01 2.411400032043457031e+01 3.369800186157226562e+01
9.000000000000000000e+00 1.383928507566452026e-01 5.476599884033203125e+01 2.390600013732910156e+01 3.388000106811523438e+01
1.100000000000000000e+01 3.035714328289031982e-01 5.517499923706054688e+01 2.701899909973144531e+01 3.175799942016601562e+01
1.700000000000000000e+01 3.794642984867095947e-01 5.775199890136718750e+01 2.973100090026855469e+01 3.269699859619140625e+01
1.600000000000000000e+01 6.562500000000000000e-01 5.573799896240234375e+01 3.267800140380859375e+01 3.431100082397460938e+01
1.500000000000000000e+01 7.633928656578063965e-01 5.690299987792968750e+01 3.625799942016601562e+01 3.442399978637695312e+01
7.000000000000000000e+00 8.839285969734191895e-01 5.356000137329101562e+01 3.780699920654296875e+01 3.997700119018554688e+01
0.000000000000000000e+00 9.821428656578063965e-01 4.730699920654296875e+01 3.999800109863281250e+01 3.709500122070312500e+01
7.000000000000000000e+00 9.955357313156127930e-01 4.596599960327148438e+01 4.292200088500976562e+01 3.931800079345703125e+01
2.200000000000000000e+01 9.866071343421936035e-01 4.277500152587890625e+01 4.497600173950195312e+01 3.841799926757812500e+01
2.200000000000000000e+01 9.642857313156127930e-01 4.150099945068359375e+01 4.819499969482421875e+01 4.040100097656250000e+01
1.500000000000000000e+01 8.571428656578063965e-01 3.815399932861328125e+01 5.004800033569335938e+01 3.986399841308593750e+01
1.800000000000000000e+01 6.919642686843872070e-01 3.588399887084960938e+01 5.249100112915039062e+01 4.185800170898437500e+01
0.000000000000000000e+00 5.446428656578063965e-01 3.252999877929687500e+01 5.066699981689453125e+01 4.206200027465820312e+01
2.000000000000000000e+00 2.678571343421936035e-01 2.909000015258789062e+01 5.209000015258789062e+01 4.265599822998046875e+01
3.000000000000000000e+00 2.589285671710968018e-01 3.032299995422363281e+01 5.557799911499023438e+01 4.171699905395507812e+01
1.700000000000000000e+01 8.928571641445159912e-02 2.719700050354003906e+01 5.646900177001953125e+01 3.955899810791015625e+01
9.000000000000000000e+00 5.357142910361289978e-02 2.508699989318847656e+01 5.429800033569335938e+01 4.195500183105468750e+01
1.600000000000000000e+01 6.250000000000000000e-02 2.450699996948242188e+01 5.045899963378906250e+01 4.218799972534179688e+01
1.000000000000000000e+00 1.741071492433547974e-01 2.561499977111816406e+01 4.854199981689453125e+01 3.913499832153320312e+01
1.000000000000000000e+00 2.455357164144515991e-01 2.631800079345703125e+01 4.488399887084960938e+01 3.824900054931640625e+01
2.000000000000000000e+01 5.178571343421936035e-01 2.988899993896484375e+01 4.438399887084960938e+01 3.723099899291992188e+01
1.800000000000000000e+01 6.071428656578063965e-01 3.145299911499023438e+01 4.170500183105468750e+01 3.501100158691406250e+01
1.100000000000000000e+01 8.080357313156127930e-01 3.527700042724609375e+01 4.153300094604492188e+01 3.512699890136718750e+01
0.000000000000000000e+00 8.169642686843872070e-01 3.707300186157226562e+01 3.932300186157226562e+01 3.248799896240234375e+01
0.000000000000000000e+00 9.107142686843872070e-01 4.084400177001953125e+01 3.872499847412109375e+01 3.247600173950195312e+01
1.200000000000000000e+01 8.482142686843872070e-01 4.259299850463867188e+01 3.706200027465820312e+01 2.956800079345703125e+01
1.200000000000000000e+01 8.348214030265808105e-01 4.587799835205078125e+01 3.534199905395507812e+01 3.028899955749511719e+01
1.700000000000000000e+01 7.455357313156127930e-01 4.891500091552734375e+01 3.428900146484375000e+01 2.826899909973144531e+01
1.600000000000000000e+01 7.098214030265808105e-01 5.243700027465820312e+01 3.348699951171875000e+01 2.978199958801269531e+01
2.000000000000000000e+01 8.035714030265808105e-01 5.399900054931640625e+01 3.696799850463867188e+01 2.953400039672851562e+01
1.700000000000000000e+01 8.883928656578063965e-01 5.085400009155273438e+01 3.899499893188476562e+01 2.882200050354003906e+01
2.000000000000000000e+01 9.508928656578063965e-01 4.721900177001953125e+01 3.985499954223632812e+01 3.000600051879882812e+01
1.700000000000000000e+01 9.375000000000000000e-01 4.416199874877929688e+01 4.186500167846679688e+01 2.893000030517578125e+01
1.800000000000000000e+01 9.687500000000000000e-01 4.129399871826171875e+01 4.275299835205078125e+01 3.149900054931640625e+01
1.800000000000000000e+01 8.616071343421936035e-01 3.792200088500976562e+01 4.393500137329101562e+01 3.039900016784667969e+01
0.000000000000000000e+00 7.901785969734191895e-01 3.501100158691406250e+01 4.530799865722656250e+01 3.247600173950195312e+01
2.200000000000000000e+01 5.714285969734191895e-01 3.136599922180175781e+01 4.530599975585937500e+01 3.143199920654296875e+01
2.200000000000000000e+01 3.928571343421936035e-01 2.871699905395507812e+01 4.732300186157226562e+01 3.331999969482421875e+01
1.800000000000000000e+01 1.517857164144515991e-01 2.491799926757812500e+01 4.643799972534179688e+01 3.343700027465820312e+01
2.000000000000000000e+00 3.125000000000000000e-02 2.207299995422363281e+01 4.833399963378906250e+01 3.495500183105468750e+01
1.600000000000000000e+01 0.000000000000000000e+00 1.863500022888183594e+01 4.692499923706054688e+01 3.551800155639648438e+01
5.000000000000000000e+00 1.294642835855484009e-01 6.779199981689453125e+01 4.981800079345703125e+01 2.784499931335449219e+01
1.600000000000000000e+01 2.232142835855484009e-01 6.764199829101562500e+01 4.719200134277343750e+01 3.067300033569335938e+01
1.200000000000000000e+01 5.044642686843872070e-01 6.397299957275390625e+01 4.822900009155273438e+01 3.153800010681152344e+01
1.400000000000000000e+01 5.357142686843872070e-01 6.181999969482421875e+01 5.022299957275390625e+01 2.916300010681152344e+01
2.200000000000000000e+01 7.142857313156127930e-01 5.803200149536132812e+01 5.108200073242187500e+01 2.957799911499023438e+01
1.300000000000000000e+01 6.696428656578063965e-01 5.595100021362304688e+01 5.219100189208984375e+01 2.637500000000000000e+01
2.200000000000000000e+01 7.321428656578063965e-01 5.224900054931640625e+01 5.323500061035156250e+01 2.659300041198730469e+01
1.200000000000000000e+01 6.651785969734191895e-01 4.962200164794921875e+01 5.326200103759765625e+01 2.386199951171875000e+01
3.000000000000000000e+00 6.339285969734191895e-01 4.580699920654296875e+01 5.377999877929687500e+01 2.340600013732910156e+01
0.000000000000000000e+00 5.401785969734191895e-01 4.302000045776367188e+01 5.189400100708007812e+01 2.134499931335449219e+01
2.200000000000000000e+01 3.437500000000000000e-01 4.072600173950195312e+01 5.493899917602539062e+01 2.099300003051757812e+01
1.000000000000000000e+00 2.098214328289031982e-01 4.287699890136718750e+01 5.676699829101562500e+01 1.863899993896484375e+01
9.000000000000000000e+00 2.857142984867095947e-01 4.496300125122070312e+01 5.363999938964843750e+01 1.783099937438964844e+01
1.700000000000000000e+01 2.901785671710968018e-01 4.848300170898437500e+01 5.500699996948242188e+01 1.848600006103515625e+01
1.600000000000000000e+01 3.839285671710968018e-01 5.104499816894531250e+01 5.572800064086914062e+01 2.107699966430664062e+01
0.000000000000000000e+00 5.089285969734191895e-01 5.019699859619140625e+01 5.767699813842773438e+01 2.413299942016601562e+01
1.100000000000000000e+01 3.125000000000000000e-01 5.155300140380859375e+01 6.110200119018554688e+01 2.513599967956542969e+01
2.000000000000000000e+00 3.303571343421936035e-01 5.234199905395507812e+01 6.223500061035156250e+01 2.880900001525878906e+01
2.200000000000000000e+01 6.205357313156127930e-01 5.130699920654296875e+01 5.912400054931640625e+01 3.072599983215332031e+01
0.000000000000000000e+00 6.473214030265808105e-01 5.274700164794921875e+01 5.925199890136718750e+01 3.431900024414062500e+01
1.400000000000000000e+01 7.500000000000000000e-01 5.427899932861328125e+01 5.620399856567382812e+01 3.599200057983398438e+01
2.200000000000000000e+01 7.008928656578063965e-01 5.890900039672851562e+01 5.243099975585937500e+01 3.895000076293945312e+01
1.500000000000000000e+01 6.964285969734191895e-01 5.900000000000000000e+01 5.042300033569335938e+01 4.217900085449218750e+01
1.000000000000000000e+00 5.669642686843872070e-01 6.147800064086914062e+01 4.789599990844726562e+01 4.371099853515625000e+01
1.300000000000000000e+01 5.267857313156127930e-01 6.071599960327148438e+01 4.561999893188476562e+01 4.647800064086914062e+01
0.000000000000000000e+00 2.544642984867095947e-01 6.276699829101562500e+01 4.577399826049804688e+01 4.976300048828125000e+01
0.000000000000000000e+00 9.821428358554840088e-02 6.377099990844726562e+01 4.288100051879882812e+01 5.211800003051757812e+01
3.000000000000000000e+00 8.482142537832260132e-02 6.115900039672851562e+01 4.373099899291992188e+01 5.469100189208984375e+01
3.000000000000000000e+00 3.258928656578063965e-01 5.877799987792968750e+01 4.329600143432617188e+01 5.163399887084960938e+01
1.800000000000000000e+01 3.883928656578063965e-01 5.813199996948242188e+01 4.717300033569335938e+01 5.125400161743164062e+01
1.900000000000000000e+01 5.803571343421936035e-01 5.787799835205078125e+01 4.889899826049804688e+01 4.786999893188476562e+01
7.000000000000000000e+00 4.196428656578063965e-01 6.035100173950195312e+01 5.171900177001953125e+01 4.734400177001953125e+01
1.600000000000000000e+01 5.000000000000000000e-01 5.964500045776367188e+01 5.437799835205078125e+01 4.467399978637695312e+01
1.500000000000000000e+01 3.169642984867095947e-01 6.312400054931640625e+01 5.477700042724609375e+01 4.297299957275390625e+01
0.000000000000000000e+00 3.348214328289031982e-01 6.227299880981445312e+01 5.660100173950195312e+01 3.965299987792968750e+01
1.700000000000000000e+01 4.821428656578063965e-01 5.917100143432617188e+01 5.836500167846679688e+01 3.821900177001953125e+01
9.000000000000000000e+00 3.660714328289031982e-01 5.841999816894531250e+01 6.022399902343750000e+01 3.493299865722656250e+01
1.300000000000000000e+01 4.508928656578063965e-01 5.616400146484375000e+01 6.046699905395507812e+01 3.205599975585937500e+01
1.800000000000000000e+01 4.419642984867095947e-01 5.610699844360351562e+01 5.925199890136718750e+01 2.841500091552734375e+01
1.700000000000000000e+01 1.785714328289031982e-01 5.758499908447265625e+01 6.098300170898437500e+01 2.528800010681152344e+01
7.000000000000000000e+00 7.142857462167739868e-02 5.619900131225585938e+01 6.163100051879882812e+01 2.175200080871582031e+01
1.700000000000000000e+01 1.607142835855484009e-01 5.622600173950195312e+01 5.795299911499023438e+01 2.062299919128417969e+01
9.000000000000000000e+00 4.375000000000000000e-01 5.474399948120117188e+01 5.684999847412109375e+01 2.400300025939941406e+01
7.000000000000000000e+00 4.464285671710968018e-01 5.798400115966796875e+01 5.547999954223632812e+01 2.549099922180175781e+01
1.200000000000000000e+01 4.285714328289031982e-01 5.992100143432617188e+01 5.625799942016601562e+01 2.872200012207031250e+01
9.000000000000000000e+00 1.250000000000000000e-01 6.645999908447265625e+01 5.638600158691406250e+01 3.171800041198730469e+01
1.200000000000000000e+01 3.214285671710968018e-01 6.435900115966796875e+01 5.493999862670898438e+01 3.467599868774414062e+01
1.800000000000000000e+01 2.053571492433547974e-01 6.723200225830078125e+01 5.256299972534179688e+01 3.568399810791015625e+01
1.800000000000000000e+01 4.910714179277420044e-02 7.083399963378906250e+01 5.222399902343750000e+01 3.454999923706054688e+01
7.000000000000000000e+00 1.785714365541934967e-02 7.251399993896484375e+01 4.891199874877929688e+01 3.375099945068359375e+01
7.000000000000000000e+00 4.464285913854837418e-03 7.474199676513671875e+01 4.925400161743164062e+01 3.686399841308593750e+01
7.000000000000000000e+00 3.571428731083869934e-02 7.159999847412109375e+01 4.982600021362304688e+01 3.922200012207031250e+01
1.500000000000000000e+01 1.428571492433547974e-01 6.948500061035156250e+01 4.713399887084960938e+01 3.738199996948242188e+01
2.200000000000000000e+01 1.026785746216773987e-01 6.986599731445312500e+01 4.386999893188476562e+01 3.938199996948242188e+01
7.000000000000000000e+00 2.142857164144515991e-01 6.776100158691406250e+01 4.067200088500976562e+01 4.028400039672851562e+01
9.000000000000000000e+00 3.571428656578063965e-01 6.469200134277343750e+01 4.102700042724609375e+01 4.242499923706054688e+01
1.100000000000000000e+01 6.428571343421936035e-01 6.092100143432617188e+01 4.176200103759765625e+01 4.229600143432617188e+01
2.000000000000000000e+01 7.366071343421936035e-01 5.984700012207031250e+01 4.501599884033203125e+01 4.062400054931640625e+01
1.300000000000000000e+01 8.794642686843872070e-01 5.669900131225585938e+01 4.693999862670898438e+01 3.990399932861328125e+01
2.200000000000000000e+01 9.062500000000000000e-01 5.559600067138671875e+01 4.975099945068359375e+01 3.754399871826171875e+01
7.000000000000000000e+00 9.285714030265808105e-01 5.245000076293945312e+01 5.160499954223632812e+01 3.856800079345703125e+01
1.100000000000000000e+01 9.151785969734191895e-01 5.107699966430664062e+01 5.366099929809570312e+01 3.556299972534179688e+01
3.000000000000000000e+00 8.214285969734191895e-01 4.850400161743164062e+01 5.650999832153320312e+01 3.617499923706054688e+01
1.800000000000000000e+01 8.660714030265808105e-01 4.582400131225585938e+01 5.542499923706054688e+01 3.357099914550781250e+01
1.300000000000000000e+01 7.857142686843872070e-01 4.242100143432617188e+01 5.683900070190429688e+01 3.475699996948242188e+01
1.700000000000000000e+01 6.250000000000000000e-01 4.408800125122070312e+01 6.024599838256835938e+01 3.458700180053710938e+01
2.000000000000000000e+01 6.116071343421936035e-01 4.499800109863281250e+01 5.999000167846679688e+01 3.084600067138671875e+01
1.900000000000000000e+01 5.625000000000000000e-01 4.135100173950195312e+01 5.938600158691406250e+01 3.013299942016601562e+01
1.300000000000000000e+01 3.750000000000000000e-01 4.016899871826171875e+01 6.215599822998046875e+01 3.251599884033203125e+01
0.000000000000000000e+00 2.410714328289031982e-01 4.241500091552734375e+01 6.464499664306640625e+01 3.066600036621093750e+01
1.200000000000000000e+01 1.919642835855484009e-01 4.089599990844726562e+01 6.379399871826171875e+01 2.731800079345703125e+01
9.000000000000000000e+00 1.071428582072257996e-01 3.738299942016601562e+01 6.436299896240234375e+01 2.850000000000000000e+01
1.100000000000000000e+01 2.767857015132904053e-01 3.658200073242187500e+01 6.066500091552734375e+01 2.845999908447265625e+01
1.700000000000000000e+01 4.062500000000000000e-01 3.534799957275390625e+01 5.879899978637695312e+01 3.154000091552734375e+01
1.600000000000000000e+01 6.741071343421936035e-01 3.727099990844726562e+01 5.547100067138671875e+01 3.225500106811523438e+01
1.500000000000000000e+01 7.589285969734191895e-01 3.641400146484375000e+01 5.263999938964843750e+01 3.454000091552734375e+01
7.000000000000000000e+00 8.973214030265808105e-01 4.181600189208984375e+01 5.315299987792968750e+01 3.808000183105468750e+01
0.000000000000000000e+00 9.776785969734191895e-01 4.770700073242187500e+01 4.998799896240234375e+01 3.536800003051757812e+01
7.000000000000000000e+00 9.910714030265808105e-01 4.987599945068359375e+01 4.817100143432617188e+01 3.778499984741210938e+01
2.200000000000000000e+01 9.732142686843872070e-01 5.243600082397460938e+01 4.572900009155273438e+01 3.653200149536132812e+01
2.200000000000000000e+01 9.464285969734191895e-01 5.447999954223632812e+01 4.348099899291992188e+01 3.891099929809570312e+01
1.500000000000000000e+01 8.526785969734191895e-01 5.727299880981445312e+01 4.104700088500976562e+01 3.794699859619140625e+01
1.800000000000000000e+01 6.785714030265808105e-01 6.029600143432617188e+01 3.886199951171875000e+01 3.908800125122070312e+01
0.000000000000000000e+00 5.535714030265808105e-01 6.317699813842773438e+01 4.031100082397460938e+01 3.711700057983398438e+01
2.000000000000000000e+00 2.946428656578063965e-01 6.631999969482421875e+01 3.842200088500976562e+01 3.597800064086914062e+01
3.000000000000000000e+00 2.991071343421936035e-01 6.474199676513671875e+01 3.512300109863281250e+01 3.696900177001953125e+01
1.700000000000000000e+01 1.116071417927742004e-01 6.667700195312500000e+01 3.300999832153320312e+01 3.422000122070312500e+01
9.000000000000000000e+00 5.803571268916130066e-02 6.958599853515625000e+01 3.554800033569335938e+01 3.422999954223632812e+01
1.600000000000000000e+01 7.589285820722579956e-02 6.986000061035156250e+01 3.915999984741210938e+01 3.303599929809570312e+01
1.000000000000000000e+00 1.830357164144515991e-01 6.755500030517578125e+01 4.010699844360351562e+01 3.020400047302246094e+01
1.000000000000000000e+00 2.321428507566452026e-01 6.648200225830078125e+01 4.311199951171875000e+01 2.823200035095214844e+01
2.000000000000000000e+01 5.223214030265808105e-01 6.289300155639648438e+01 4.407400131225585938e+01 2.925300025939941406e+01
1.800000000000000000e+01 5.892857313156127930e-01 6.055300140380859375e+01 4.599300003051757812e+01 2.691699981689453125e+01
1.100000000000000000e+01 7.946428656578063965e-01 5.709600067138671875e+01 4.647700119018554688e+01 2.856200027465820312e+01
0.000000000000000000e+00 8.125000000000000000e-01 5.424800109863281250e+01 4.783399963378906250e+01 2.640299987792968750e+01
0.000000000000000000e+00 9.017857313156127930e-01 5.072000122070312500e+01 4.873500061035156250e+01 2.769099998474121094e+01
1.200000000000000000e+01 8.303571343421936035e-01 4.758800125122070312e+01 4.933800125122070312e+01 2.546599960327148438e+01
1.200000000000000000e+01 8.392857313156127930e-01 4.495100021362304688e+01 5.157500076293945312e+01 2.721599960327148438e+01
1.700000000000000000e+01 7.723214030265808105e-01 4.117100143432617188e+01 5.182300186157226562e+01 2.669099998474121094e+01
1.600000000000000000e+01 7.187500000000000000e-01 3.837900161743164062e+01 5.325899887084960938e+01 2.895299911499023438e+01
2.000000000000000000e+01 7.812500000000000000e-01 3.690100097656250000e+01 4.982500076293945312e+01 3.003700065612792969e+01
1.700000000000000000e+01 8.750000000000000000e-01 3.982600021362304688e+01 4.756399917602539062e+01 2.902400016784667969e+01
2.000000000000000000e+01 9.553571343421936035e-01 4.359099960327148438e+01 4.750799942016601562e+01 2.947699928283691406e+01
1.700000000000000000e+01 9.419642686843872070e-01 4.621099853515625000e+01 4.517699813842773438e+01 2.808499908447265625e+01
1.800000000000000000e+01 9.598214030265808105e-01 4.993999862670898438e+01 4.481200027465820312e+01 2.870700073242187500e+01
1.800000000000000000e+01 8.705357313156127930e-01 5.268199920654296875e+01 4.254499816894531250e+01 2.749200057983398438e+01
0.000000000000000000e+00 7.991071343421936035e-01 5.634099960327148438e+01 4.172299957275390625e+01 2.841500091552734375e+01
2.200000000000000000e+01 5.982142686843872070e-01 5.890499877929687500e+01 4.153900146484375000e+01 2.551199913024902344e+01
2.200000000000000000e+01 4.642857015132904053e-01 6.198699951171875000e+01 3.967800140380859375e+01 2.684700012207031250e+01
1.800000000000000000e+01 1.696428507566452026e-01 6.536199951171875000e+01 3.937200164794921875e+01 2.494899940490722656e+01
2.000000000000000000e+00 4.017857089638710022e-02 6.870999908447265625e+01 3.764400100708007812e+01 2.566500091552734375e+01
1.600000000000000000e+01 1.339285727590322495e-02 7.189700317382812500e+01 3.974800109863281250e+01 2.612400054931640625e+01
