1 1 14 0 0.0059880239520957446 0 0 21.968 53.721 46.200
1 2 18 0 0.06586826347305386 0 0 25.132 52.750 44.359
1 3 7 0 0.20958083832335328 0 0 24.614 50.849 41.175
1 4 20 0 0.5329341317365269 0 0 27.491 48.512 40.273
1 5 13 0 0.6826347305389222 0 0 28.223 47.057 36.873
1 6 12 0 0.8982035928143712 0 0 29.676 43.528 37.069
1 7 22 0 0.9461077844311377 0 0 30.817 41.622 34.016
1 8 22 0 0.9820359281437125 0 0 31.605 37.913 33.778
1 9 22 0 0.9700598802395209 0 0 34.427 36.957 31.417
1 10 9 0 0.9281437125748503 0 0 36.408 33.873 30.515
1 11 0 0 0.7724550898203593 0 0 36.709 31.073 28.045
1 12 9 0 0.652694610778443 0 0 33.887 28.691 27.285
1 13 9 0 0.562874251497006 0 0 33.040 25.511 29.123
1 14 22 0 0.8143712574850299 0 0 33.311 27.044 32.580
1 15 9 0 0.8203592814371258 0 0 29.720 27.652 33.732
1 16 13 0 0.9341317365269461 0 0 29.988 31.422 33.669
1 17 17 0 0.8562874251497006 0 0 26.229 31.676 33.401
1 18 0 0 0.7844311377245509 0 0 25.727 29.318 36.260
1 19 12 0 0.9041916167664671 0 0 27.466 31.656 38.611
1 20 18 0 0.874251497005988 0 0 25.206 34.585 37.885
1 21 11 0 0.6467065868263473 0 0 21.963 32.668 37.825
1 22 6 0 0.6287425149700598 0 0 23.169 30.989 41.081
1 23 12 0 0.7065868263473054 0 0 23.769 34.449 42.634
1 24 11 0 0.5389221556886228 0 0 20.528 35.828 41.367
1 25 6 0 0.3053892215568862 0 0 17.832 33.211 41.175
1 26 2 0 0.32335329341317365 0 0 19.536 31.042 43.774
1 27 10 0 0.2335329341317366 0 0 19.364 27.894 41.618
1 28 15 0 0.3293413173652695 0 0 21.197 25.855 39.104
1 29 22 0 0.34730538922155685 0 0 20.885 26.586 35.413
1 30 3 0 0.17365269461077848 0 0 21.802 23.701 33.106
1 31 7 0 0.08982035928143717 0 0 20.532 24.230 29.638
1 32 20 0 0.19161676646706582 0 0 22.186 26.830 27.464
1 33 3 0 0.18562874251497008 0 0 20.927 30.225 26.276
1 34 16 0 0.31137724550898194 0 0 23.262 32.619 24.508
1 35 18 0 0.4491017964071856 0 0 22.282 35.453 26.884
1 36 11 0 0.2694610778443114 0 0 22.561 38.317 24.370
1 37 7 0 0.10179640718562877 0 0 19.248 39.886 25.039
1 38 3 0 0.21556886227544902 0 0 18.571 38.945 28.670
1 39 17 0 0.37125748502994016 0 0 19.528 41.162 31.541
1 40 20 0 0.4850299401197605 0 0 19.756 40.451 35.262
1 41 1 0 0.47904191616766467 0 0 20.261 42.361 38.450
1 42 13 0 0.44311377245508976 0 0 20.405 41.918 42.164
1 43 6 0 0.17964071856287422 0 0 19.871 44.119 45.247
1 44 22 0 0.2574850299401197 0 0 22.350 43.001 47.848
1 45 22 0 0.09580838323353291 0 0 23.341 44.200 51.208
1 46 11 0 0.23952095808383234 0 0 27.121 43.912 51.106
1 47 3 0 0.059880239520958 0 0 28.779 44.547 54.434
1 48 9 0 0.0 0 0 26.009 46.356 56.103
1 49 7 0 0.02395209580838331 0 0 25.357 48.616 53.114
1 50 18 0 0.029940119760479056 0 0 22.948 48.213 50.234
1 51 5 0 0.15568862275449102 0 0 24.068 48.172 46.649
1 52 12 0 0.3413173652694611 0 0 22.852 47.129 43.262
1 53 12 0 0.6047904191616766 0 0 24.600 44.729 40.980
1 54 3 0 0.6227544910179641 0 0 24.002 44.645 37.328
1 55 11 0 0.844311377245509 0 0 25.706 41.692 35.880
1 56 12 0 0.8383233532934131 0 0 26.555 40.929 32.228
1 57 3 0 0.8622754491017964 0 0 26.964 37.550 30.574
1 58 18 0 0.8323353293413174 0 0 29.713 37.135 27.990
1 59 0 0 0.5808383233532934 0 0 27.740 35.697 25.110
1 60 9 0 0.45508982035928147 0 0 27.394 32.230 23.781
1 61 6 0 0.3892215568862275 0 0 29.944 29.577 23.246
1 62 7 0 0.20359281437125742 0 0 32.078 30.879 20.403
1 63 7 0 0.33532934131736525 0 0 35.233 32.904 20.878
1 64 20 0 0.10778443113772451 0 0 34.660 35.330 17.972
1 65 17 0 0.16167664670658677 0 0 32.636 38.240 19.114
1 66 0 0 0.053892215568862256 0 0 33.262 41.717 17.735
1 67 14 0 0.221556886227545 0 0 31.777 43.006 20.943
1 68 1 0 0.46706586826347307 0 0 34.638 41.821 23.146
1 69 3 0 0.4131736526946108 0 0 35.983 45.180 24.332
1 70 6 0 0.3772455089820359 0 0 32.492 46.482 24.690
1 71 20 0 0.6706586826347305 0 0 32.151 44.145 27.620
1 72 14 0 0.6646706586826348 0 0 35.168 45.819 29.186
1 73 1 0 0.4251497005988024 0 0 33.810 49.287 28.431
1 74 18 0 0.5209580838323353 0 0 30.486 48.352 29.967
1 75 9 0 0.7365269461077844 0 0 31.785 46.846 33.133
1 76 7 0 0.6766467065868262 0 0 33.017 48.446 36.320
1 77 9 0 0.8802395209580838 0 0 34.498 45.162 37.543
1 78 15 0 0.9640718562874252 0 0 35.161 41.846 36.034
1 79 12 0 0.9940119760479041 0 0 34.722 38.332 37.236
1 80 5 0 0.9880239520958084 0 0 37.319 36.151 35.701
1 81 22 0 0.9760479041916168 0 0 36.111 32.645 35.636
1 82 15 0 0.8922155688622755 0 0 37.896 29.410 35.013
1 83 0 0 0.7425149700598803 0 0 37.057 25.772 35.614
1 84 11 0 0.5269461077844311 0 0 39.560 23.706 37.386
1 85 2 0 0.29940119760479034 0 0 39.384 20.708 35.109
1 86 2 0 0.38323353293413165 0 0 40.098 22.722 31.988
1 87 18 0 0.27544910179640725 0 0 43.552 23.881 31.166
1 88 13 0 0.3652694610778443 0 0 42.567 26.192 28.325
1 89 17 0 0.658682634730539 0 0 40.237 28.297 30.441
1 90 15 0 0.6107784431137725 0 0 43.136 28.678 32.839
1 91 7 0 0.43113772455089827 0 0 45.568 29.379 30.017
1 92 3 0 0.5748502994011976 0 0 43.472 32.266 28.657
1 93 11 0 0.7544910179640718 0 0 43.452 34.067 31.977
1 94 10 0 0.5508982035928144 0 0 46.527 36.109 31.496
1 95 10 0 0.5149700598802396 0 0 45.210 37.193 28.137
1 96 20 0 0.7485029940119761 0 0 41.914 38.456 29.559
1 97 1 0 0.688622754491018 0 0 43.970 40.390 32.174
1 98 7 0 0.437125748502994 0 0 46.103 41.833 29.477
1 99 6 0 0.49101796407185627 0 0 43.017 42.766 27.534
1 100 11 0 0.6167664670658684 0 0 41.351 44.420 30.523
1 101 13 0 0.39520958083832336 0 0 44.621 46.130 31.232
1 102 1 0 0.14371257485029942 0 0 44.811 47.526 27.724
1 103 22 0 0.26347305389221565 0 0 41.136 48.652 27.646
1 104 13 0 0.24550898203592808 0 0 41.476 50.608 30.800
1 105 3 0 0.041916167664670656 0 0 45.086 51.688 30.475
1 106 17 0 0.11377245508982048 0 0 45.871 50.467 33.939
1 107 7 0 0.28742514970059885 0 0 46.604 47.342 35.939
1 108 3 0 0.35928143712574856 0 0 44.676 48.242 39.077
1 109 22 0 0.5868263473053892 0 0 41.176 47.476 37.762
1 110 16 0 0.8083832335329342 0 0 38.895 45.178 39.791
1 111 14 0 0.9161676646706587 0 0 39.358 41.604 38.614
1 112 22 0 0.9520958083832335 0 0 38.464 38.645 40.725
1 113 12 0 0.9401197604790419 0 0 39.749 35.241 39.725
1 114 22 0 0.9580838323353293 0 0 37.142 32.630 40.369
1 115 9 0 0.8682634730538922 0 0 37.478 28.887 40.024
1 116 2 0 0.8502994011976048 0 0 34.405 27.049 38.951
1 117 13 0 0.592814371257485 0 0 33.700 23.337 39.249
1 118 5 0 0.4730538922155688 0 0 35.488 22.788 42.523
1 119 3 0 0.16766467065868274 0 0 33.444 19.893 43.867
1 120 12 0 0.0718562874251496 0 0 36.059 17.603 42.444
1 121 16 0 0.0119760479041916 0 0 38.793 16.136 44.598
1 122 17 0 0.017964071856287345 0 0 41.356 16.323 41.778
1 123 1 0 0.08383233532934131 0 0 42.144 19.016 39.310
1 124 18 0 0.04790419161676651 0 0 44.217 19.442 36.184
1 125 22 0 0.25149700598802394 0 0 44.746 23.179 36.857
1 126 3 0 0.11976047904191622 0 0 47.229 23.874 39.614
1 127 18 0 0.22754491017964074 0 0 46.235 25.742 42.739
1 128 13 0 0.07784431137724557 0 0 49.839 26.912 43.078
1 129 6 0 0.13772455089820357 0 0 49.861 28.225 39.525
1 130 0 0 0.5029940119760479 0 0 46.583 30.047 40.047
1 131 6 0 0.3532934131736526 0 0 47.832 31.364 43.349
1 132 3 0 0.12574850299401197 0 0 51.022 32.676 41.712
1 133 12 0 0.41916167664670656 0 0 48.930 34.232 38.949
1 134 0 0 0.5688622754491017 0 0 46.482 35.830 41.403
1 135 1 0 0.281437125748503 0 0 49.296 36.982 43.610
1 136 17 0 0.14970059880239517 0 0 51.330 38.377 40.791
1 137 20 0 0.4011976047904191 0 0 48.624 40.587 39.345
1 138 9 0 0.4610778443113772 0 0 47.024 41.289 42.680
1 139 11 0 0.718562874251497 0 0 43.819 39.511 41.804
1 140 16 0 0.7664670658682635 0 0 41.685 37.889 44.426
1 141 15 0 0.7904191616766467 0 0 41.560 34.146 44.055
1 142 11 0 0.8023952095808383 0 0 38.609 32.185 45.279
1 143 7 0 0.7125748502994012 0 0 37.225 28.644 44.882
1 144 18 0 0.7784431137724551 0 0 33.694 28.116 43.858
1 145 17 0 0.6407185628742516 0 0 31.302 25.525 42.714
1 146 0 0 0.6946107784431137 0 0 28.262 26.784 40.887
1 147 13 0 0.40718562874251496 0 0 26.011 23.762 41.493
1 148 18 0 0.2934131736526946 0 0 26.413 23.711 45.238
1 149 1 0 0.4970059880239521 0 0 26.448 27.400 45.887
1 150 6 0 0.5089820359281436 0 0 29.916 27.008 47.501
1 151 9 0 0.6347305389221557 0 0 31.591 30.398 47.817
1 152 22 0 0.8263473053892215 0 0 29.520 31.737 44.904
1 153 3 0 0.7305389221556886 0 0 28.165 34.762 46.760
1 154 3 0 0.7005988023952096 0 0 31.581 35.375 48.396
1 155 0 0 0.9101796407185628 0 0 33.162 35.677 44.919
1 156 15 0 0.9221556886227544 0 0 30.814 38.365 43.792
1 157 20 0 0.7604790419161677 0 0 31.002 40.086 47.147
1 158 18 0 0.7964071856287425 0 0 34.780 40.092 46.918
1 159 12 0 0.8862275449101796 0 0 34.560 41.822 43.556
1 160 22 0 0.7245508982035929 0 0 32.340 44.496 45.041
1 161 1 0 0.5449101796407185 0 0 34.804 45.168 47.764
1 162 7 0 0.5988023952095809 0 0 37.584 45.784 45.263
1 163 11 0 0.5568862275449102 0 0 35.413 48.251 43.446
1 164 1 0 0.3173652694610779 0 0 34.701 50.020 46.722
1 165 13 0 0.13173652694610782 0 0 38.316 50.578 47.655
1 166 10 0 0.19760479041916168 0 0 39.337 51.693 44.166
1 167 13 0 0.03592814371257491 0 0 37.875 55.231 44.498
