5.000000000000000000e+00 1.428571492433547974e-01 2.635899925231933594e+01 3.784400177001953125e+01 4.025799942016601562e+01
1.600000000000000000e+01 2.544642984867095947e-01 2.723900032043457031e+01 4.133700180053710938e+01 4.165399932861328125e+01
1.200000000000000000e+01 5.089285969734191895e-01 3.103599929809570312e+01 4.086999893188476562e+01 4.087400054931640625e+01
1.400000000000000000e+01 5.625000000000000000e-01 3.212699890136718750e+01 3.797100067138671875e+01 3.867800140380859375e+01
2.200000000000000000e+01 7.232142686843872070e-01 3.563499832153320312e+01 3.756999969482421875e+01 3.738999938964843750e+01
1.300000000000000000e+01 6.964285969734191895e-01 3.615499877929687500e+01 3.554000091552734375e+01 3.423600006103515625e+01
2.200000000000000000e+01 7.455357313156127930e-01 3.968700027465820312e+01 3.441999816894531250e+01 3.350699996948242188e+01
1.200000000000000000e+01 6.830357313156127930e-01 4.079100036621093750e+01 3.311999893188476562e+01 3.011100006103515625e+01
3.000000000000000000e+00 6.294642686843872070e-01 4.399200057983398438e+01 3.167000007629394531e+01 2.866399955749511719e+01
0.000000000000000000e+00 5.982142686843872070e-01 4.536600112915039062e+01 3.303799819946289062e+01 2.546299934387207031e+01
2.200000000000000000e+01 3.660714328289031982e-01 4.777899932861328125e+01 3.026499938964843750e+01 2.437000083923339844e+01
1.000000000000000000e+00 2.455357164144515991e-01 4.520299911499023438e+01 2.752099990844726562e+01 2.460199928283691406e+01
9.000000000000000000e+00 2.946428656578063965e-01 4.226800155639648438e+01 2.987500000000000000e+01 2.386100006103515625e+01
1.700000000000000000e+01 2.767857015132904053e-01 4.025899887084960938e+01 2.838100051879882812e+01 2.662000083923339844e+01
1.600000000000000000e+01 4.107142984867095947e-01 3.935699844360351562e+01 2.914299964904785156e+01 3.031399917602539062e+01
0.000000000000000000e+00 5.669642686843872070e-01 4.188800048828125000e+01 2.942600059509277344e+01 3.304999923706054688e+01
1.100000000000000000e+01 3.883928656578063965e-01 4.072999954223632812e+01 2.743199920654296875e+01 3.596699905395507812e+01
2.000000000000000000e+00 4.062500000000000000e-01 4.186399841308593750e+01 2.744300079345703125e+01 3.965499877929687500e+01
2.200000000000000000e+01 6.696428656578063965e-01 4.341500091552734375e+01 3.091600036621093750e+01 3.931999969482421875e+01
0.000000000000000000e+00 6.875000000000000000e-01 4.312900161743164062e+01 3.243600082397460938e+01 4.279800033569335938e+01
1.400000000000000000e+01 7.767857313156127930e-01 4.247100067138671875e+01 3.589699935913085938e+01 4.375400161743164062e+01
2.200000000000000000e+01 7.366071343421936035e-01 3.938800048828125000e+01 4.107699966430664062e+01 4.671300125122070312e+01
1.500000000000000000e+01 6.741071343421936035e-01 3.973199844360351562e+01 4.409700012207031250e+01 4.907600021362304688e+01
1.000000000000000000e+00 5.535714030265808105e-01 3.721099853515625000e+01 4.691699981689453125e+01 4.968399810791015625e+01
1.300000000000000000e+01 4.866071343421936035e-01 3.836100006103515625e+01 5.044300079345703125e+01 5.065100097656250000e+01
0.000000000000000000e+00 2.098214328289031982e-01 3.690900039672851562e+01 5.203699874877929688e+01 5.378799819946289062e+01
0.000000000000000000e+00 6.696428358554840088e-02 3.661999893188476562e+01 5.553799819946289062e+01 5.543500137329101562e+01
3.000000000000000000e+00 7.589285820722579956e-02 4.017900085449218750e+01 5.566799926757812500e+01 5.681900024414062500e+01
3.000000000000000000e+00 2.678571343421936035e-01 4.161100006103515625e+01 5.488999938964843750e+01 5.340999984741210938e+01
1.800000000000000000e+01 3.303571343421936035e-01 4.244300079345703125e+01 5.121200180053710938e+01 5.415100097656250000e+01
1.900000000000000000e+01 5.312500000000000000e-01 4.183900070190429688e+01 4.807199859619140625e+01 5.219400024414062500e+01
7.000000000000000000e+00 3.348214328289031982e-01 3.951900100708007812e+01 4.570199966430664062e+01 5.413199996948242188e+01
1.600000000000000000e+01 4.285714328289031982e-01 4.010400009155273438e+01 4.203200149536132812e+01 5.315499877929687500e+01
1.500000000000000000e+01 3.526785671710968018e-01 3.675600051879882812e+01 4.132799911499023438e+01 5.159799957275390625e+01
0.000000000000000000e+00 4.375000000000000000e-01 3.650099945068359375e+01 3.821300125122070312e+01 4.952099990844726562e+01
1.700000000000000000e+01 5.223214030265808105e-01 3.865900039672851562e+01 3.557500076293945312e+01 4.778400039672851562e+01
9.000000000000000000e+00 4.776785671710968018e-01 3.842599868774414062e+01 3.251800155639648438e+01 4.549399948120117188e+01
1.300000000000000000e+01 5.044642686843872070e-01 3.975099945068359375e+01 3.058900070190429688e+01 4.251300048828125000e+01
1.800000000000000000e+01 4.910714328289031982e-01 3.813499832153320312e+01 3.012700080871582031e+01 3.914199829101562500e+01
1.700000000000000000e+01 2.366071492433547974e-01 3.556900024414062500e+01 2.750600051879882812e+01 3.800799942016601562e+01
7.000000000000000000e+00 1.071428582072257996e-01 3.585300064086914062e+01 2.508900070190429688e+01 3.504299926757812500e+01
1.700000000000000000e+01 1.785714328289031982e-01 3.413499832153320312e+01 2.771599960327148438e+01 3.281200027465820312e+01
9.000000000000000000e+00 4.464285671710968018e-01 3.657500076293945312e+01 3.046400070190429688e+01 3.388100051879882812e+01
7.000000000000000000e+00 4.598214328289031982e-01 3.418299865722656250e+01 3.242100143432617188e+01 3.608000183105468750e+01
1.200000000000000000e+01 4.687500000000000000e-01 3.441400146484375000e+01 3.287300109863281250e+01 3.982300186157226562e+01
9.000000000000000000e+00 1.383928507566452026e-01 3.012500000000000000e+01 3.353499984741210938e+01 4.520700073242187500e+01
1.200000000000000000e+01 3.125000000000000000e-01 3.263199996948242188e+01 3.624000167846679688e+01 4.620000076293945312e+01
1.800000000000000000e+01 2.008928507566452026e-01 3.020199966430664062e+01 3.859099960327148438e+01 4.792599868774414062e+01
1.800000000000000000e+01 4.017857089638710022e-02 2.655500030517578125e+01 3.906100082397460938e+01 4.870800018310546875e+01
7.000000000000000000e+00 2.232142910361289978e-02 2.426899909973144531e+01 4.179199981689453125e+01 4.720999908447265625e+01
7.000000000000000000e+00 4.464285913854837418e-03 2.344199943542480469e+01 4.315499877929687500e+01 5.070800018310546875e+01
7.000000000000000000e+00 2.678571455180644989e-02 2.723600006103515625e+01 4.318799972534179688e+01 5.177000045776367188e+01
1.500000000000000000e+01 1.294642835855484009e-01 2.810899925231933594e+01 4.475600051879882812e+01 4.833000183105468750e+01
2.200000000000000000e+01 1.026785746216773987e-01 2.798500061035156250e+01 4.853099822998046875e+01 4.863800048828125000e+01
7.000000000000000000e+00 1.696428507566452026e-01 2.920499992370605469e+01 5.179800033569335938e+01 4.705300140380859375e+01
9.000000000000000000e+00 3.437500000000000000e-01 3.308599853515625000e+01 5.222600173950195312e+01 4.690100097656250000e+01
1.100000000000000000e+01 6.339285969734191895e-01 3.649000167846679688e+01 5.164400100708007812e+01 4.545999908447265625e+01
2.000000000000000000e+01 7.410714030265808105e-01 3.765000152587890625e+01 4.803599929809570312e+01 4.517900085449218750e+01
1.300000000000000000e+01 8.750000000000000000e-01 4.085100173950195312e+01 4.616400146484375000e+01 4.443199920654296875e+01
2.200000000000000000e+01 9.196428656578063965e-01 4.091899871826171875e+01 4.276900100708007812e+01 4.269599914550781250e+01
7.000000000000000000e+00 9.330357313156127930e-01 4.422200012207031250e+01 4.087599945068359375e+01 4.310499954223632812e+01
1.100000000000000000e+01 9.285714030265808105e-01 4.483800125122070312e+01 3.785800170898437500e+01 4.088800048828125000e+01
3.000000000000000000e+00 8.482142686843872070e-01 4.763000106811523438e+01 3.521900177001953125e+01 4.172000122070312500e+01
1.800000000000000000e+01 8.705357313156127930e-01 4.855599975585937500e+01 3.459999847412109375e+01 3.794699859619140625e+01
1.300000000000000000e+01 7.723214030265808105e-01 5.208399963378906250e+01 3.339500045776367188e+01 3.846900177001953125e+01
1.700000000000000000e+01 6.250000000000000000e-01 5.085300064086914062e+01 3.027700042724609375e+01 4.026300048828125000e+01
2.000000000000000000e+01 6.160714030265808105e-01 4.873300170898437500e+01 2.929999923706054688e+01 3.710599899291992188e+01
1.900000000000000000e+01 5.892857313156127930e-01 5.204899978637695312e+01 2.948999977111816406e+01 3.519200134277343750e+01
1.300000000000000000e+01 4.196428656578063965e-01 5.442100143432617188e+01 2.791900062561035156e+01 3.764400100708007812e+01
0.000000000000000000e+00 2.410714328289031982e-01 5.253200149536132812e+01 2.470400047302246094e+01 3.806000137329101562e+01
1.200000000000000000e+01 1.562500000000000000e-01 5.272100067138671875e+01 2.368000030517578125e+01 3.436899948120117188e+01
9.000000000000000000e+00 1.339285671710968018e-01 5.643399810791015625e+01 2.453899955749511719e+01 3.442699813842773438e+01
1.100000000000000000e+01 3.214285671710968018e-01 5.605099868774414062e+01 2.787199974060058594e+01 3.264199829101562500e+01
1.700000000000000000e+01 4.732142984867095947e-01 5.817200088500976562e+01 3.096800041198730469e+01 3.356999969482421875e+01
1.600000000000000000e+01 7.053571343421936035e-01 5.595600128173828125e+01 3.404399871826171875e+01 3.360499954223632812e+01
1.500000000000000000e+01 8.125000000000000000e-01 5.683200073242187500e+01 3.773899841308593750e+01 3.377199935913085938e+01
7.000000000000000000e+00 9.017857313156127930e-01 5.346799850463867188e+01 3.806900024414062500e+01 3.950500106811523438e+01
0.000000000000000000e+00 9.866071343421936035e-01 4.713800048828125000e+01 4.092399978637695312e+01 3.787200164794921875e+01
7.000000000000000000e+00 9.910714030265808105e-01 4.603599929809570312e+01 4.385100173950195312e+01 4.005899810791015625e+01
2.200000000000000000e+01 9.821428656578063965e-01 4.299800109863281250e+01 4.615599822998046875e+01 3.897600173950195312e+01
2.200000000000000000e+01 9.375000000000000000e-01 4.140100097656250000e+01 4.893399810791015625e+01 4.091899871826171875e+01
1.500000000000000000e+01 8.303571343421936035e-01 3.787900161743164062e+01 5.045399856567382812e+01 4.015999984741210938e+01
1.800000000000000000e+01 6.517857313156127930e-01 3.488800048828125000e+01 5.256600189208984375e+01 4.148199844360351562e+01
0.000000000000000000e+00 5.000000000000000000e-01 3.150099945068359375e+01 5.081100082397460938e+01 4.178900146484375000e+01
2.000000000000000000e+00 2.187500000000000000e-01 2.779100036621093750e+01 5.146699905395507812e+01 4.240800094604492188e+01
3.000000000000000000e+00 1.651785671710968018e-01 2.825399971008300781e+01 5.516999816894531250e+01 4.165200042724609375e+01
1.700000000000000000e+01 7.142857462167739868e-02 2.545299911499023438e+01 5.556800079345703125e+01 3.903699874877929688e+01
9.000000000000000000e+00 1.785714365541934967e-02 2.312700080871582031e+01 5.344300079345703125e+01 4.120000076293945312e+01
1.600000000000000000e+01 4.464285820722579956e-02 2.336899948120117188e+01 4.972399902343750000e+01 4.136000061035156250e+01
1.000000000000000000e+00 1.607142835855484009e-01 2.535799980163574219e+01 4.768899917602539062e+01 3.883100128173828125e+01
1.000000000000000000e+00 2.589285671710968018e-01 2.640900039672851562e+01 4.416899871826171875e+01 3.794499969482421875e+01
2.000000000000000000e+01 5.267857313156127930e-01 3.009199905395507812e+01 4.374000167846679688e+01 3.727700042724609375e+01
1.800000000000000000e+01 6.116071343421936035e-01 3.182900047302246094e+01 4.111000061035156250e+01 3.507400131225585938e+01
1.100000000000000000e+01 8.169642686843872070e-01 3.561399841308593750e+01 4.129499816894531250e+01 3.493299865722656250e+01
0.000000000000000000e+00 7.991071343421936035e-01 3.683300018310546875e+01 3.955699920654296875e+01 3.186300086975097656e+01
0.000000000000000000e+00 8.973214030265808105e-01 4.047399902343750000e+01 3.890999984741210938e+01 3.183499908447265625e+01
1.200000000000000000e+01 8.437500000000000000e-01 4.282600021362304688e+01 3.696699905395507812e+01 2.954700088500976562e+01
1.200000000000000000e+01 8.571428656578063965e-01 4.632300186157226562e+01 3.566299819946289062e+01 3.063800048828125000e+01
1.700000000000000000e+01 7.678571343421936035e-01 4.945899963378906250e+01 3.461000061035156250e+01 2.879899978637695312e+01
1.600000000000000000e+01 7.098214030265808105e-01 5.283700180053710938e+01 3.368000030517578125e+01 3.023299980163574219e+01
2.000000000000000000e+01 8.080357313156127930e-01 5.418000030517578125e+01 3.725400161743164062e+01 2.950399971008300781e+01
1.700000000000000000e+01 9.062500000000000000e-01 5.100099945068359375e+01 3.937599945068359375e+01 2.920499992370605469e+01
2.000000000000000000e+01 9.687500000000000000e-01 4.755400085449218750e+01 3.988299942016601562e+01 3.056200027465820312e+01
1.700000000000000000e+01 9.464285969734191895e-01 4.438299942016601562e+01 4.181600189208984375e+01 2.944899940490722656e+01
1.800000000000000000e+01 9.598214030265808105e-01 4.137699890136718750e+01 4.308599853515625000e+01 3.141099929809570312e+01
1.800000000000000000e+01 8.616071343421936035e-01 3.783100128173828125e+01 4.435499954223632812e+01 3.067499923706054688e+01
0.000000000000000000e+00 7.857142686843872070e-01 3.492300033569335938e+01 4.563100051879882812e+01 3.283800125122070312e+01
2.200000000000000000e+01 5.848214030265808105e-01 3.147999954223632812e+01 4.494300079345703125e+01 3.159900093078613281e+01
2.200000000000000000e+01 3.928571343421936035e-01 2.869700050354003906e+01 4.696599960327148438e+01 3.348300170898437500e+01
1.800000000000000000e+01 1.517857164144515991e-01 2.502499961853027344e+01 4.564400100708007812e+01 3.359299850463867188e+01
2.000000000000000000e+00 3.125000000000000000e-02 2.208099937438964844e+01 4.775400161743164062e+01 3.498899841308593750e+01
1.600000000000000000e+01 0.000000000000000000e+00 1.906200027465820312e+01 4.617300033569335938e+01 3.665299987792968750e+01
5.000000000000000000e+00 8.928571641445159912e-02 6.850199890136718750e+01 4.970999908447265625e+01 2.774500083923339844e+01
1.600000000000000000e+01 2.321428507566452026e-01 6.756600189208984375e+01 4.716999816894531250e+01 3.052499961853027344e+01
1.200000000000000000e+01 4.821428656578063965e-01 6.402400207519531250e+01 4.841099929809570312e+01 3.085899925231933594e+01
1.400000000000000000e+01 5.178571343421936035e-01 6.181200027465820312e+01 5.032899856567382812e+01 2.847299957275390625e+01
2.200000000000000000e+01 7.008928656578063965e-01 5.809500122070312500e+01 5.124100112915039062e+01 2.859000015258789062e+01
1.300000000000000000e+01 6.383928656578063965e-01 5.595299911499023438e+01 5.235599899291992188e+01 2.557200050354003906e+01
2.200000000000000000e+01 7.321428656578063965e-01 5.242300033569335938e+01 5.347600173950195312e+01 2.655699920654296875e+01
1.200000000000000000e+01 6.562500000000000000e-01 4.966099929809570312e+01 5.376200103759765625e+01 2.374799919128417969e+01
3.000000000000000000e+00 6.607142686843872070e-01 4.580599975585937500e+01 5.409600067138671875e+01 2.383699989318847656e+01
0.000000000000000000e+00 5.580357313156127930e-01 4.294200134277343750e+01 5.249399948120117188e+01 2.160700035095214844e+01
2.200000000000000000e+01 4.330357015132904053e-01 4.048400115966796875e+01 5.534099960327148438e+01 2.217399978637695312e+01
1.000000000000000000e+00 2.500000000000000000e-01 4.242399978637695312e+01 5.770500183105468750e+01 1.992799949645996094e+01
9.000000000000000000e+00 2.991071343421936035e-01 4.441899871826171875e+01 5.466500091552734375e+01 1.862899971008300781e+01
1.700000000000000000e+01 2.723214328289031982e-01 4.771599960327148438e+01 5.629199981689453125e+01 1.892000007629394531e+01
1.600000000000000000e+01 3.571428656578063965e-01 5.074000167846679688e+01 5.655099868774414062e+01 2.143400001525878906e+01
0.000000000000000000e+00 5.133928656578063965e-01 4.975299835205078125e+01 5.786299896240234375e+01 2.476600074768066406e+01
1.100000000000000000e+01 3.035714328289031982e-01 5.170500183105468750e+01 6.120999908447265625e+01 2.546100044250488281e+01
2.000000000000000000e+00 3.258928656578063965e-01 5.258300018310546875e+01 6.251599884033203125e+01 2.893499946594238281e+01
2.200000000000000000e+01 6.205357313156127930e-01 5.165700149536132812e+01 5.935599899291992188e+01 3.085099983215332031e+01
0.000000000000000000e+00 6.428571343421936035e-01 5.331900024414062500e+01 5.924000167846679688e+01 3.434600067138671875e+01
1.400000000000000000e+01 7.633928656578063965e-01 5.442599868774414062e+01 5.599900054931640625e+01 3.605799865722656250e+01
2.200000000000000000e+01 7.142857313156127930e-01 5.904000091552734375e+01 5.194699859619140625e+01 3.919900131225585938e+01
1.500000000000000000e+01 6.785714030265808105e-01 5.973799896240234375e+01 5.018299865722656250e+01 4.247399902343750000e+01
1.000000000000000000e+00 5.714285969734191895e-01 6.198500061035156250e+01 4.746599960327148438e+01 4.386500167846679688e+01
1.300000000000000000e+01 5.401785969734191895e-01 6.073799896240234375e+01 4.523300170898437500e+01 4.664899826049804688e+01
0.000000000000000000e+00 2.633928656578063965e-01 6.271400070190429688e+01 4.496200180053710938e+01 4.990900039672851562e+01
0.000000000000000000e+00 1.116071417927742004e-01 6.328499984741210938e+01 4.206999969482421875e+01 5.238000106811523438e+01
3.000000000000000000e+00 1.250000000000000000e-01 6.052899932861328125e+01 4.367200088500976562e+01 5.458399963378906250e+01
3.000000000000000000e+00 3.794642984867095947e-01 5.811199951171875000e+01 4.364300155639648438e+01 5.156000137329101562e+01
1.800000000000000000e+01 3.750000000000000000e-01 5.827299880981445312e+01 4.753599929809570312e+01 5.139599990844726562e+01
1.900000000000000000e+01 5.803571343421936035e-01 5.829800033569335938e+01 4.911999893188476562e+01 4.796400070190429688e+01
7.000000000000000000e+00 3.392857015132904053e-01 6.137500000000000000e+01 5.124499893188476562e+01 4.752500152587890625e+01
1.600000000000000000e+01 4.151785671710968018e-01 6.122700119018554688e+01 5.394499969482421875e+01 4.484199905395507812e+01
1.500000000000000000e+01 3.616071343421936035e-01 6.359799957275390625e+01 5.275699996948242188e+01 4.197200012207031250e+01
0.000000000000000000e+00 3.839285671710968018e-01 6.266199874877929688e+01 5.541099929809570312e+01 3.934299850463867188e+01
1.700000000000000000e+01 4.955357015132904053e-01 5.994300079345703125e+01 5.737200164794921875e+01 3.755099868774414062e+01
9.000000000000000000e+00 4.241071343421936035e-01 5.917399978637695312e+01 5.935400009155273438e+01 3.445199966430664062e+01
1.300000000000000000e+01 4.642857015132904053e-01 5.666799926757812500e+01 5.991899871826171875e+01 3.181699943542480469e+01
1.800000000000000000e+01 4.419642984867095947e-01 5.599300003051757812e+01 5.912099838256835938e+01 2.817700004577636719e+01
1.700000000000000000e+01 1.919642835855484009e-01 5.760200119018554688e+01 6.073300170898437500e+01 2.496699905395507812e+01
7.000000000000000000e+00 8.482142537832260132e-02 5.547499847412109375e+01 6.197200012207031250e+01 2.207200050354003906e+01
1.700000000000000000e+01 1.473214328289031982e-01 5.588199996948242188e+01 5.845000076293945312e+01 2.036100006103515625e+01
9.000000000000000000e+00 4.017857015132904053e-01 5.492800140380859375e+01 5.678900146484375000e+01 2.365500068664550781e+01
7.000000000000000000e+00 3.705357015132904053e-01 5.834099960327148438e+01 5.541799926757812500e+01 2.480299949645996094e+01
1.200000000000000000e+01 3.973214328289031982e-01 6.013999938964843750e+01 5.606100082397460938e+01 2.803499984741210938e+01
9.000000000000000000e+00 9.821428358554840088e-02 6.634600067138671875e+01 5.702899932861328125e+01 3.070499992370605469e+01
1.200000000000000000e+01 2.901785671710968018e-01 6.440100097656250000e+01 5.552199935913085938e+01 3.370500183105468750e+01
1.800000000000000000e+01 1.741071492433547974e-01 6.753800201416015625e+01 5.350099945068359375e+01 3.465399932861328125e+01
1.800000000000000000e+01 5.357142910361289978e-02 7.068800354003906250e+01 5.182600021362304688e+01 3.321699905395507812e+01
7.000000000000000000e+00 3.571428731083869934e-02 7.194699859619140625e+01 4.815000152587890625e+01 3.321200180053710938e+01
7.000000000000000000e+00 8.928571827709674835e-03 7.432800292968750000e+01 4.905500030517578125e+01 3.606200027465820312e+01
7.000000000000000000e+00 4.910714179277420044e-02 7.142299652099609375e+01 5.009199905395507812e+01 3.827999877929687500e+01
1.500000000000000000e+01 1.964285671710968018e-01 6.885900115966796875e+01 4.744599914550781250e+01 3.746400070190429688e+01
2.200000000000000000e+01 1.205357164144515991e-01 6.981500244140625000e+01 4.431700134277343750e+01 3.958399963378906250e+01
7.000000000000000000e+00 2.053571492433547974e-01 6.800399780273437500e+01 4.097499847412109375e+01 4.029899978637695312e+01
9.000000000000000000e+00 3.482142984867095947e-01 6.477600097656250000e+01 4.117800140380859375e+01 4.235100173950195312e+01
1.100000000000000000e+01 6.473214030265808105e-01 6.097999954223632812e+01 4.184400177001953125e+01 4.238600158691406250e+01
2.000000000000000000e+01 7.500000000000000000e-01 5.976900100708007812e+01 4.504600143432617188e+01 4.071900177001953125e+01
1.300000000000000000e+01 8.883928656578063965e-01 5.652399826049804688e+01 4.689799880981445312e+01 4.022999954223632812e+01
2.200000000000000000e+01 9.151785969734191895e-01 5.538499832153320312e+01 4.959000015258789062e+01 3.793600082397460938e+01
7.000000000000000000e+00 9.241071343421936035e-01 5.245899963378906250e+01 5.189500045776367188e+01 3.899599838256835938e+01
1.100000000000000000e+01 9.107142686843872070e-01 5.115800094604492188e+01 5.387599945068359375e+01 3.590100097656250000e+01
3.000000000000000000e+00 8.214285969734191895e-01 4.895600128173828125e+01 5.682500076293945312e+01 3.684299850463867188e+01
1.800000000000000000e+01 8.348214030265808105e-01 4.610900115966796875e+01 5.634799957275390625e+01 3.433800125122070312e+01
1.300000000000000000e+01 7.187500000000000000e-01 4.368700027465820312e+01 5.851800155639648438e+01 3.629600143432617188e+01
1.700000000000000000e+01 5.758928656578063965e-01 4.552199935913085938e+01 6.168299865722656250e+01 3.545299911499023438e+01
2.000000000000000000e+01 6.026785969734191895e-01 4.575000000000000000e+01 6.062099838256835938e+01 3.187899971008300781e+01
1.900000000000000000e+01 5.491071343421936035e-01 4.197700119018554688e+01 6.046200180053710938e+01 3.135000038146972656e+01
1.300000000000000000e+01 3.169642984867095947e-01 4.109199905395507812e+01 6.362900161743164062e+01 3.331100082397460938e+01
0.000000000000000000e+00 2.142857164144515991e-01 4.349000167846679688e+01 6.569799804687500000e+01 3.111100006103515625e+01
1.200000000000000000e+01 1.830357164144515991e-01 4.138600158691406250e+01 6.467299652099609375e+01 2.813199996948242188e+01
9.000000000000000000e+00 1.160714253783226013e-01 3.783100128173828125e+01 6.490699768066406250e+01 2.967799949645996094e+01
1.100000000000000000e+01 3.080357015132904053e-01 3.758399963378906250e+01 6.109700012207031250e+01 2.959900093078613281e+01
1.700000000000000000e+01 4.553571343421936035e-01 3.609500122070312500e+01 5.900500106811523438e+01 3.244100189208984375e+01
1.600000000000000000e+01 6.651785969734191895e-01 3.864300155639648438e+01 5.771300125122070312e+01 3.506200027465820312e+01
1.500000000000000000e+01 7.276785969734191895e-01 3.694800186157226562e+01 5.436500167846679688e+01 3.605799865722656250e+01
7.000000000000000000e+00 8.660714030265808105e-01 4.262300109863281250e+01 5.419599914550781250e+01 3.959999847412109375e+01
0.000000000000000000e+00 9.776785969734191895e-01 4.745999908447265625e+01 5.025899887084960938e+01 3.530500030517578125e+01
7.000000000000000000e+00 9.955357313156127930e-01 4.968000030517578125e+01 4.800400161743164062e+01 3.755599975585937500e+01
2.200000000000000000e+01 9.732142686843872070e-01 5.251200103759765625e+01 4.561600112915039062e+01 3.666999816894531250e+01
2.200000000000000000e+01 9.508928656578063965e-01 5.445399856567382812e+01 4.351599884033203125e+01 3.920299911499023438e+01
1.500000000000000000e+01 8.526785969734191895e-01 5.727399826049804688e+01 4.108499908447265625e+01 3.822499847412109375e+01
1.800000000000000000e+01 6.919642686843872070e-01 6.044300079345703125e+01 3.922900009155273438e+01 3.917800140380859375e+01
0.000000000000000000e+00 5.357142686843872070e-01 6.358700180053710938e+01 4.022200012207031250e+01 3.729399871826171875e+01
2.000000000000000000e+00 2.812500000000000000e-01 6.640000152587890625e+01 3.805799865722656250e+01 3.609600067138671875e+01
3.000000000000000000e+00 2.276785671710968018e-01 6.566400146484375000e+01 3.472600173950195312e+01 3.825699996948242188e+01
1.700000000000000000e+01 9.375000000000000000e-02 6.692099761962890625e+01 3.265700149536132812e+01 3.521699905395507812e+01
9.000000000000000000e+00 5.803571268916130066e-02 6.958899688720703125e+01 3.519900131225585938e+01 3.392800140380859375e+01
1.600000000000000000e+01 8.035714179277420044e-02 7.009500122070312500e+01 3.873799896240234375e+01 3.259799957275390625e+01
1.000000000000000000e+00 2.232142835855484009e-01 6.717900085449218750e+01 4.006000137329101562e+01 3.049300003051757812e+01
1.000000000000000000e+00 2.857142984867095947e-01 6.609200286865234375e+01 4.336299896240234375e+01 2.886100006103515625e+01
2.000000000000000000e+01 5.446428656578063965e-01 6.260800170898437500e+01 4.444599914550781250e+01 2.908799934387207031e+01
1.800000000000000000e+01 6.071428656578063965e-01 6.024700164794921875e+01 4.607099914550781250e+01 2.668899917602539062e+01
1.100000000000000000e+01 8.035714030265808105e-01 5.678499984741210938e+01 4.684000015258789062e+01 2.825099945068359375e+01
0.000000000000000000e+00 7.901785969734191895e-01 5.406399917602539062e+01 4.765900039672851562e+01 2.574500083923339844e+01
0.000000000000000000e+00 8.928571343421936035e-01 5.093000030517578125e+01 4.918000030517578125e+01 2.750399971008300781e+01
1.200000000000000000e+01 8.258928656578063965e-01 4.752299880981445312e+01 4.969400024414062500e+01 2.561400032043457031e+01
1.200000000000000000e+01 8.392857313156127930e-01 4.485200119018554688e+01 5.191999816894531250e+01 2.733699989318847656e+01
1.700000000000000000e+01 7.589285969734191895e-01 4.117100143432617188e+01 5.256200027465820312e+01 2.726300048828125000e+01
1.600000000000000000e+01 7.544642686843872070e-01 3.910100173950195312e+01 5.379800033569335938e+01 3.031500053405761719e+01
2.000000000000000000e+01 7.812500000000000000e-01 3.698300170898437500e+01 5.061999893188476562e+01 3.086700057983398438e+01
1.700000000000000000e+01 8.839285969734191895e-01 3.970600128173828125e+01 4.812099838256835938e+01 2.975699996948242188e+01
2.000000000000000000e+01 9.553571343421936035e-01 4.358399963378906250e+01 4.763999938964843750e+01 2.958399963378906250e+01
1.700000000000000000e+01 9.419642686843872070e-01 4.613299942016601562e+01 4.522000122070312500e+01 2.812299919128417969e+01
1.800000000000000000e+01 9.642857313156127930e-01 4.986399841308593750e+01 4.515800094604492188e+01 2.895000076293945312e+01
1.800000000000000000e+01 8.794642686843872070e-01 5.257899856567382812e+01 4.285200119018554688e+01 2.758300018310546875e+01
0.000000000000000000e+00 7.946428656578063965e-01 5.636299896240234375e+01 4.219300079345703125e+01 2.804000091552734375e+01
2.200000000000000000e+01 5.937500000000000000e-01 5.847600173950195312e+01 4.178699874877929688e+01 2.491500091552734375e+01
2.200000000000000000e+01 4.508928656578063965e-01 6.171200180053710938e+01 4.022000122070312500e+01 2.630699920654296875e+01
1.800000000000000000e+01 1.875000000000000000e-01 6.536699676513671875e+01 3.999599838256835938e+01 2.502099990844726562e+01
2.000000000000000000e+00 6.250000000000000000e-02 6.839199829101562500e+01 3.808300018310546875e+01 2.595700073242187500e+01
1.600000000000000000e+01 1.339285727590322495e-02 7.162699890136718750e+01 4.011500167846679688e+01 2.592399978637695312e+01
