5.000000000000000000e+00 8.482142537832260132e-02 2.573600006103515625e+01 3.901100158691406250e+01 4.254700088500976562e+01
1.600000000000000000e+01 2.455357164144515991e-01 2.751300048828125000e+01 4.240700149536132812e+01 4.181999969482421875e+01
1.200000000000000000e+01 5.089285969734191895e-01 3.107299995422363281e+01 4.116999816894531250e+01 4.147399902343750000e+01
1.400000000000000000e+01 5.267857313156127930e-01 3.194000053405761719e+01 3.821200180053710938e+01 3.918399810791015625e+01
2.200000000000000000e+01 7.053571343421936035e-01 3.537400054931640625e+01 3.755599975585937500e+01 3.769900131225585938e+01
1.300000000000000000e+01 6.785714030265808105e-01 3.612599945068359375e+01 3.511899948120117188e+01 3.470700073242187500e+01
2.200000000000000000e+01 7.232142686843872070e-01 3.951100158691406250e+01 3.381200027465820312e+01 3.349900054931640625e+01
1.200000000000000000e+01 6.473214030265808105e-01 4.035699844360351562e+01 3.239899826049804688e+01 3.008399963378906250e+01
3.000000000000000000e+00 6.026785969734191895e-01 4.366199874877929688e+01 3.093400001525878906e+01 2.873399925231933594e+01
0.000000000000000000e+00 5.669642686843872070e-01 4.518700027465820312e+01 3.232099914550781250e+01 2.557600021362304688e+01
2.200000000000000000e+01 3.392857015132904053e-01 4.769300079345703125e+01 2.947900009155273438e+01 2.477099990844726562e+01
1.000000000000000000e+00 1.964285671710968018e-01 4.501300048828125000e+01 2.674699974060058594e+01 2.499399948120117188e+01
9.000000000000000000e+00 2.500000000000000000e-01 4.225199890136718750e+01 2.911899948120117188e+01 2.390800094604492188e+01
1.700000000000000000e+01 2.410714328289031982e-01 3.992900085449218750e+01 2.801600074768066406e+01 2.674300003051757812e+01
1.600000000000000000e+01 3.303571343421936035e-01 3.831499862670898438e+01 2.893799972534179688e+01 3.012700080871582031e+01
0.000000000000000000e+00 4.910714328289031982e-01 4.090399932861328125e+01 2.858399963378906250e+01 3.289300155639648438e+01
1.100000000000000000e+01 3.214285671710968018e-01 4.011000061035156250e+01 2.655299949645996094e+01 3.600199890136718750e+01
2.000000000000000000e+00 3.258928656578063965e-01 4.083300018310546875e+01 2.687000083923339844e+01 3.977700042724609375e+01
2.200000000000000000e+01 6.339285969734191895e-01 4.269800186157226562e+01 3.018099975585937500e+01 3.946099853515625000e+01
0.000000000000000000e+00 6.562500000000000000e-01 4.256800079345703125e+01 3.193199920654296875e+01 4.282799911499023438e+01
1.400000000000000000e+01 7.678571343421936035e-01 4.184899902343750000e+01 3.555199813842773438e+01 4.358900070190429688e+01
2.200000000000000000e+01 7.589285969734191895e-01 3.945999908447265625e+01 4.111199951171875000e+01 4.611800003051757812e+01
1.500000000000000000e+01 7.098214030265808105e-01 4.056700134277343750e+01 4.405599975585937500e+01 4.830300140380859375e+01
1.000000000000000000e+00 6.294642686843872070e-01 3.854000091552734375e+01 4.724800109863281250e+01 4.925299835205078125e+01
1.300000000000000000e+01 5.892857313156127930e-01 4.037699890136718750e+01 5.039400100708007812e+01 5.005899810791015625e+01
0.000000000000000000e+00 2.946428656578063965e-01 3.972900009155273438e+01 5.209299850463867188e+01 5.340000152587890625e+01
0.000000000000000000e+00 1.294642835855484009e-01 3.916899871826171875e+01 5.599800109863281250e+01 5.393600082397460938e+01
3.000000000000000000e+00 1.116071417927742004e-01 4.277000045776367188e+01 5.632600021362304688e+01 5.527600097656250000e+01
3.000000000000000000e+00 3.750000000000000000e-01 4.399200057983398438e+01 5.479100036621093750e+01 5.184999847412109375e+01
1.800000000000000000e+01 4.062500000000000000e-01 4.498500061035156250e+01 5.134600067138671875e+01 5.336600112915039062e+01
1.900000000000000000e+01 6.160714030265808105e-01 4.387300109863281250e+01 4.825600051879882812e+01 5.143299865722656250e+01
7.000000000000000000e+00 4.642857015132904053e-01 4.142699813842773438e+01 4.582799911499023438e+01 5.326399993896484375e+01
1.600000000000000000e+01 4.687500000000000000e-01 4.046500015258789062e+01 4.219800186157226562e+01 5.270100021362304688e+01
1.500000000000000000e+01 4.285714328289031982e-01 3.691799926757812500e+01 4.205899810791015625e+01 5.112699890136718750e+01
0.000000000000000000e+00 4.330357015132904053e-01 3.624900054931640625e+01 3.864400100708007812e+01 4.946599960327148438e+01
1.700000000000000000e+01 5.133928656578063965e-01 3.824499893188476562e+01 3.580500030517578125e+01 4.782300186157226562e+01
9.000000000000000000e+00 4.508928656578063965e-01 3.778900146484375000e+01 3.261500167846679688e+01 4.581200027465820312e+01
1.300000000000000000e+01 4.776785671710968018e-01 3.890800094604492188e+01 3.045599937438964844e+01 4.285200119018554688e+01
1.800000000000000000e+01 4.464285671710968018e-01 3.748899841308593750e+01 2.970299911499023438e+01 3.929399871826171875e+01
1.700000000000000000e+01 1.696428507566452026e-01 3.499900054931640625e+01 2.697900009155273438e+01 3.825000000000000000e+01
7.000000000000000000e+00 8.035714179277420044e-02 3.492300033569335938e+01 2.485199928283691406e+01 3.508100128173828125e+01
1.700000000000000000e+01 1.428571492433547974e-01 3.351499938964843750e+01 2.773200035095214844e+01 3.300000000000000000e+01
9.000000000000000000e+00 4.107142984867095947e-01 3.637699890136718750e+01 3.009600067138671875e+01 3.411199951171875000e+01
7.000000000000000000e+00 3.973214328289031982e-01 3.386000061035156250e+01 3.194099998474121094e+01 3.618500137329101562e+01
1.200000000000000000e+01 4.553571343421936035e-01 3.419200134277343750e+01 3.276900100708007812e+01 3.995100021362304688e+01
9.000000000000000000e+00 9.821428358554840088e-02 2.976000022888183594e+01 3.361399841308593750e+01 4.541699981689453125e+01
1.200000000000000000e+01 2.991071343421936035e-01 3.209000015258789062e+01 3.646599960327148438e+01 4.630400085449218750e+01
1.800000000000000000e+01 1.830357164144515991e-01 2.984000015258789062e+01 3.921400070190429688e+01 4.780199813842773438e+01
1.800000000000000000e+01 4.464285820722579956e-02 2.625799942016601562e+01 4.057300186157226562e+01 4.818399810791015625e+01
7.000000000000000000e+00 1.785714365541934967e-02 2.445700073242187500e+01 4.380199813842773438e+01 4.724499893188476562e+01
7.000000000000000000e+00 8.928571827709674835e-03 2.424500083923339844e+01 4.503300094604492188e+01 5.091099929809570312e+01
7.000000000000000000e+00 2.678571455180644989e-02 2.791500091552734375e+01 4.475899887084960938e+01 5.168500137329101562e+01
1.500000000000000000e+01 1.785714328289031982e-01 2.929599952697753906e+01 4.599700164794921875e+01 4.834799957275390625e+01
2.200000000000000000e+01 1.250000000000000000e-01 2.940800094604492188e+01 4.976900100708007812e+01 4.919800186157226562e+01
7.000000000000000000e+00 2.232142835855484009e-01 3.083200073242187500e+01 5.264799880981445312e+01 4.718899917602539062e+01
9.000000000000000000e+00 4.375000000000000000e-01 3.462500000000000000e+01 5.261100006103515625e+01 4.713100051879882812e+01
1.100000000000000000e+01 6.696428656578063965e-01 3.798699951171875000e+01 5.200199890136718750e+01 4.547999954223632812e+01
2.000000000000000000e+01 7.767857313156127930e-01 3.847600173950195312e+01 4.816199874877929688e+01 4.498400115966796875e+01
1.300000000000000000e+01 9.151785969734191895e-01 4.124399948120117188e+01 4.585499954223632812e+01 4.343700027465820312e+01
2.200000000000000000e+01 9.241071343421936035e-01 4.129000091552734375e+01 4.222299957275390625e+01 4.229999923706054688e+01
7.000000000000000000e+00 9.419642686843872070e-01 4.459700012207031250e+01 4.043700027465820312e+01 4.252700042724609375e+01
1.100000000000000000e+01 9.196428656578063965e-01 4.453400039672851562e+01 3.731499862670898438e+01 4.032899856567382812e+01
3.000000000000000000e+00 8.258928656578063965e-01 4.708200073242187500e+01 3.453900146484375000e+01 4.116500091552734375e+01
1.800000000000000000e+01 8.482142686843872070e-01 4.840900039672851562e+01 3.394800186157226562e+01 3.756399917602539062e+01
1.300000000000000000e+01 7.366071343421936035e-01 5.180599975585937500e+01 3.246699905395507812e+01 3.861199951171875000e+01
1.700000000000000000e+01 5.803571343421936035e-01 5.041899871826171875e+01 2.934499931335449219e+01 4.022499847412109375e+01
2.000000000000000000e+01 5.848214030265808105e-01 4.855300140380859375e+01 2.858499908447265625e+01 3.688700103759765625e+01
1.900000000000000000e+01 5.535714030265808105e-01 5.168700027465820312e+01 2.897599983215332031e+01 3.461600112915039062e+01
1.300000000000000000e+01 3.482142984867095947e-01 5.365900039672851562e+01 2.701799964904785156e+01 3.720000076293945312e+01
0.000000000000000000e+00 2.187500000000000000e-01 5.118500137329101562e+01 2.407900047302246094e+01 3.718799972534179688e+01
1.200000000000000000e+01 2.053571492433547974e-01 5.147399902343750000e+01 2.416799926757812500e+01 3.336600112915039062e+01
9.000000000000000000e+00 1.339285671710968018e-01 5.536999893188476562e+01 2.425099945068359375e+01 3.349300003051757812e+01
1.100000000000000000e+01 3.080357015132904053e-01 5.529499816894531250e+01 2.746899986267089844e+01 3.148600006103515625e+01
1.700000000000000000e+01 4.821428656578063965e-01 5.737699890136718750e+01 3.070800018310546875e+01 3.221799850463867188e+01
1.600000000000000000e+01 6.830357313156127930e-01 5.591600036621093750e+01 3.313999938964843750e+01 3.484299850463867188e+01
1.500000000000000000e+01 7.812500000000000000e-01 5.676100158691406250e+01 3.679199981689453125e+01 3.443500137329101562e+01
7.000000000000000000e+00 8.705357313156127930e-01 5.380400085449218750e+01 3.762799835205078125e+01 4.020299911499023438e+01
0.000000000000000000e+00 9.821428656578063965e-01 4.772100067138671875e+01 4.029199981689453125e+01 3.754499816894531250e+01
7.000000000000000000e+00 9.955357313156127930e-01 4.614699935913085938e+01 4.328400039672851562e+01 3.929199981689453125e+01
2.200000000000000000e+01 9.910714030265808105e-01 4.317599868774414062e+01 4.552399826049804688e+01 3.831499862670898438e+01
2.200000000000000000e+01 9.642857313156127930e-01 4.192200088500976562e+01 4.861399841308593750e+01 4.015499877929687500e+01
1.500000000000000000e+01 8.616071343421936035e-01 3.840100097656250000e+01 5.032500076293945312e+01 3.990299987792968750e+01
1.800000000000000000e+01 6.919642686843872070e-01 3.600500106811523438e+01 5.260599899291992188e+01 4.168799972534179688e+01
0.000000000000000000e+00 5.312500000000000000e-01 3.270199966430664062e+01 5.099100112915039062e+01 4.222999954223632812e+01
2.000000000000000000e+00 2.589285671710968018e-01 2.908799934387207031e+01 5.222399902343750000e+01 4.236600112915039062e+01
3.000000000000000000e+00 2.276785671710968018e-01 3.007200050354003906e+01 5.602500152587890625e+01 4.146099853515625000e+01
1.700000000000000000e+01 6.696428358554840088e-02 2.682099914550781250e+01 5.677000045776367188e+01 3.959099960327148438e+01
9.000000000000000000e+00 3.125000000000000000e-02 2.514500045776367188e+01 5.445100021362304688e+01 4.212099838256835938e+01
1.600000000000000000e+01 5.803571268916130066e-02 2.463400077819824219e+01 5.068000030517578125e+01 4.197000122070312500e+01
1.000000000000000000e+00 1.651785671710968018e-01 2.583499908447265625e+01 4.859500122070312500e+01 3.912200164794921875e+01
1.000000000000000000e+00 2.633928656578063965e-01 2.690800094604492188e+01 4.491999816894531250e+01 3.877899932861328125e+01
2.000000000000000000e+01 5.491071343421936035e-01 3.049699974060058594e+01 4.430300140380859375e+01 3.750000000000000000e+01
1.800000000000000000e+01 6.205357313156127930e-01 3.154700088500976562e+01 4.131900024414062500e+01 3.522600173950195312e+01
1.100000000000000000e+01 7.946428656578063965e-01 3.531900024414062500e+01 4.113100051879882812e+01 3.484500122070312500e+01
0.000000000000000000e+00 8.080357313156127930e-01 3.701900100708007812e+01 3.902299880981445312e+01 3.216699981689453125e+01
0.000000000000000000e+00 8.883928656578063965e-01 4.076800155639648438e+01 3.797900009155273438e+01 3.219200134277343750e+01
1.200000000000000000e+01 8.214285969734191895e-01 4.256999969482421875e+01 3.662799835205078125e+01 2.912299919128417969e+01
1.200000000000000000e+01 8.348214030265808105e-01 4.592399978637695312e+01 3.511500167846679688e+01 3.013199996948242188e+01
1.700000000000000000e+01 7.544642686843872070e-01 4.895000076293945312e+01 3.458900070190429688e+01 2.795599937438964844e+01
1.600000000000000000e+01 7.276785969734191895e-01 5.221200180053710938e+01 3.395399856567382812e+01 2.991500091552734375e+01
2.000000000000000000e+01 8.169642686843872070e-01 5.390999984741210938e+01 3.737400054931640625e+01 2.945999908447265625e+01
1.700000000000000000e+01 8.973214030265808105e-01 5.063299942016601562e+01 3.917499923706054688e+01 2.904400062561035156e+01
2.000000000000000000e+01 9.598214030265808105e-01 4.712200164794921875e+01 3.983000183105468750e+01 3.037700080871582031e+01
1.700000000000000000e+01 9.330357313156127930e-01 4.402799987792968750e+01 4.150799942016601562e+01 2.893099975585937500e+01
1.800000000000000000e+01 9.508928656578063965e-01 4.125199890136718750e+01 4.261000061035156250e+01 3.135799980163574219e+01
1.800000000000000000e+01 8.571428656578063965e-01 3.776699829101562500e+01 4.398899841308593750e+01 3.027400016784667969e+01
0.000000000000000000e+00 7.857142686843872070e-01 3.497600173950195312e+01 4.525199890136718750e+01 3.241600036621093750e+01
2.200000000000000000e+01 5.937500000000000000e-01 3.149099922180175781e+01 4.454700088500976562e+01 3.139900016784667969e+01
2.200000000000000000e+01 4.419642984867095947e-01 2.907600021362304688e+01 4.684700012207031250e+01 3.337599945068359375e+01
1.800000000000000000e+01 1.607142835855484009e-01 2.533499908447265625e+01 4.597600173950195312e+01 3.399000167846679688e+01
2.000000000000000000e+00 3.571428731083869934e-02 2.276300048828125000e+01 4.853699874877929688e+01 3.489899826049804688e+01
1.600000000000000000e+01 0.000000000000000000e+00 1.924200057983398438e+01 4.690900039672851562e+01 3.544499969482421875e+01
5.000000000000000000e+00 9.375000000000000000e-02 6.789600372314453125e+01 4.889500045776367188e+01 2.744000053405761719e+01
1.600000000000000000e+01 2.366071492433547974e-01 6.721299743652343750e+01 4.670399856567382812e+01 3.053899955749511719e+01
1.200000000000000000e+01 5.000000000000000000e-01 6.371799850463867188e+01 4.815700149536132812e+01 3.105900001525878906e+01
1.400000000000000000e+01 5.178571343421936035e-01 6.175600051879882812e+01 4.994800186157226562e+01 2.836300086975097656e+01
2.200000000000000000e+01 7.008928656578063965e-01 5.795800018310546875e+01 5.084899902343750000e+01 2.890699958801269531e+01
1.300000000000000000e+01 6.741071343421936035e-01 5.559799957275390625e+01 5.186500167846679688e+01 2.597599983215332031e+01
2.200000000000000000e+01 7.321428656578063965e-01 5.195600128173828125e+01 5.316299819946289062e+01 2.637700080871582031e+01
1.200000000000000000e+01 6.651785969734191895e-01 4.946599960327148438e+01 5.297200012207031250e+01 2.347999954223632812e+01
3.000000000000000000e+00 6.428571343421936035e-01 4.579499816894531250e+01 5.393399810791015625e+01 2.331100082397460938e+01
0.000000000000000000e+00 5.714285969734191895e-01 4.306800079345703125e+01 5.188100051879882812e+01 2.160199928283691406e+01
2.200000000000000000e+01 3.571428656578063965e-01 4.027899932861328125e+01 5.452700042724609375e+01 2.123399925231933594e+01
1.000000000000000000e+00 2.142857164144515991e-01 4.230799865722656250e+01 5.682500076293945312e+01 1.904700088500976562e+01
9.000000000000000000e+00 2.678571343421936035e-01 4.454499816894531250e+01 5.400000000000000000e+01 1.799200057983398438e+01
1.700000000000000000e+01 2.544642984867095947e-01 4.783300018310546875e+01 5.575799942016601562e+01 1.863100051879882812e+01
1.600000000000000000e+01 3.437500000000000000e-01 5.084199905395507812e+01 5.636199951171875000e+01 2.110700035095214844e+01
0.000000000000000000e+00 5.044642686843872070e-01 4.948899841308593750e+01 5.784700012207031250e+01 2.439800071716308594e+01
1.100000000000000000e+01 2.857142984867095947e-01 5.142900085449218750e+01 6.123899841308593750e+01 2.493099975585937500e+01
2.000000000000000000e+00 3.169642984867095947e-01 5.272600173950195312e+01 6.236899948120117188e+01 2.843099975585937500e+01
2.200000000000000000e+01 6.116071343421936035e-01 5.126499938964843750e+01 5.951599884033203125e+01 3.063500022888183594e+01
0.000000000000000000e+00 6.383928656578063965e-01 5.280300140380859375e+01 5.946500015258789062e+01 3.416799926757812500e+01
1.400000000000000000e+01 7.410714030265808105e-01 5.437099838256835938e+01 5.637500000000000000e+01 3.584799957275390625e+01
2.200000000000000000e+01 7.142857313156127930e-01 5.838600158691406250e+01 5.235400009155273438e+01 3.953200149536132812e+01
1.500000000000000000e+01 6.964285969734191895e-01 5.848199844360351562e+01 5.052299880981445312e+01 4.286199951171875000e+01
1.000000000000000000e+00 5.625000000000000000e-01 6.118299865722656250e+01 4.830300140380859375e+01 4.423300170898437500e+01
1.300000000000000000e+01 5.401785969734191895e-01 6.000899887084960938e+01 4.562699890136718750e+01 4.674399948120117188e+01
0.000000000000000000e+00 2.723214328289031982e-01 6.189599990844726562e+01 4.554399871826171875e+01 5.005300140380859375e+01
0.000000000000000000e+00 1.160714253783226013e-01 6.311999893188476562e+01 4.245600128173828125e+01 5.194499969482421875e+01
3.000000000000000000e+00 1.026785746216773987e-01 6.029800033569335938e+01 4.271099853515625000e+01 5.450400161743164062e+01
3.000000000000000000e+00 3.526785671710968018e-01 5.761000061035156250e+01 4.290299987792968750e+01 5.180599975585937500e+01
1.800000000000000000e+01 3.660714328289031982e-01 5.702899932861328125e+01 4.664300155639648438e+01 5.206700134277343750e+01
1.900000000000000000e+01 5.446428656578063965e-01 5.734199905395507812e+01 4.870500183105468750e+01 4.878499984741210938e+01
7.000000000000000000e+00 4.017857015132904053e-01 5.981200027465820312e+01 5.156399917602539062e+01 4.791899871826171875e+01
1.600000000000000000e+01 4.955357015132904053e-01 5.955400085449218750e+01 5.398699951171875000e+01 4.479499816894531250e+01
1.500000000000000000e+01 3.125000000000000000e-01 6.295999908447265625e+01 5.461299896240234375e+01 4.312200164794921875e+01
0.000000000000000000e+00 3.928571343421936035e-01 6.198300170898437500e+01 5.572800064086914062e+01 3.949000167846679688e+01
1.700000000000000000e+01 4.732142984867095947e-01 5.938399887084960938e+01 5.817900085449218750e+01 3.801499938964843750e+01
9.000000000000000000e+00 3.705357015132904053e-01 5.880799865722656250e+01 5.969599914550781250e+01 3.465800094604492188e+01
1.300000000000000000e+01 4.151785671710968018e-01 5.627700042724609375e+01 6.045000076293945312e+01 3.195199966430664062e+01
1.800000000000000000e+01 4.196428656578063965e-01 5.597200012207031250e+01 5.914799880981445312e+01 2.827400016784667969e+01
1.700000000000000000e+01 1.741071492433547974e-01 5.764599990844726562e+01 6.060100173950195312e+01 2.523800086975097656e+01
7.000000000000000000e+00 7.589285820722579956e-02 5.578400039672851562e+01 6.208200073242187500e+01 2.231399917602539062e+01
1.700000000000000000e+01 1.205357164144515991e-01 5.622900009155273438e+01 5.872399902343750000e+01 2.063199996948242188e+01
9.000000000000000000e+00 3.794642984867095947e-01 5.450199890136718750e+01 5.716099929809570312e+01 2.375000000000000000e+01
7.000000000000000000e+00 4.241071343421936035e-01 5.769400024414062500e+01 5.543600082397460938e+01 2.519199943542480469e+01
1.200000000000000000e+01 4.598214328289031982e-01 5.949100112915039062e+01 5.587200164794921875e+01 2.851099967956542969e+01
9.000000000000000000e+00 1.562500000000000000e-01 6.569499969482421875e+01 5.589199829101562500e+01 3.179500007629394531e+01
1.200000000000000000e+01 3.839285671710968018e-01 6.360699844360351562e+01 5.382500076293945312e+01 3.418899917602539062e+01
1.800000000000000000e+01 2.321428507566452026e-01 6.678099822998046875e+01 5.207799911499023438e+01 3.535499954223632812e+01
1.800000000000000000e+01 5.357142910361289978e-02 7.045200347900390625e+01 5.133800125122070312e+01 3.424399948120117188e+01
7.000000000000000000e+00 2.232142910361289978e-02 7.210500335693359375e+01 4.795800018310546875e+01 3.353099822998046875e+01
7.000000000000000000e+00 4.464285913854837418e-03 7.432499694824218750e+01 4.862200164794921875e+01 3.667300033569335938e+01
7.000000000000000000e+00 4.017857089638710022e-02 7.123999786376953125e+01 4.911100006103515625e+01 3.889300155639648438e+01
1.500000000000000000e+01 1.517857164144515991e-01 6.921700286865234375e+01 4.622100067138671875e+01 3.720999908447265625e+01
2.200000000000000000e+01 1.071428582072257996e-01 6.954499816894531250e+01 4.329000091552734375e+01 3.952500152587890625e+01
7.000000000000000000e+00 1.919642835855484009e-01 6.752100372314453125e+01 4.036399841308593750e+01 4.090000152587890625e+01
9.000000000000000000e+00 3.883928656578063965e-01 6.436699676513671875e+01 4.172399902343750000e+01 4.254499816894531250e+01
1.100000000000000000e+01 6.607142686843872070e-01 6.055500030517578125e+01 4.225600051879882812e+01 4.252199935913085938e+01
2.000000000000000000e+01 7.723214030265808105e-01 5.934999847412109375e+01 4.534500122070312500e+01 4.084799957275390625e+01
1.300000000000000000e+01 8.928571343421936035e-01 5.609600067138671875e+01 4.710499954223632812e+01 4.007699966430664062e+01
2.200000000000000000e+01 9.107142686843872070e-01 5.504199981689453125e+01 4.993399810791015625e+01 3.769300079345703125e+01
7.000000000000000000e+00 9.285714030265808105e-01 5.203799819946289062e+01 5.197399902343750000e+01 3.835100173950195312e+01
1.100000000000000000e+01 9.017857313156127930e-01 5.085499954223632812e+01 5.386000061035156250e+01 3.514899826049804688e+01
3.000000000000000000e+00 8.303571343421936035e-01 4.818500137329101562e+01 5.649200057983398438e+01 3.581000137329101562e+01
1.800000000000000000e+01 8.437500000000000000e-01 4.582199859619140625e+01 5.575999832153320312e+01 3.298099899291992188e+01
1.300000000000000000e+01 7.500000000000000000e-01 4.275400161743164062e+01 5.751900100708007812e+01 3.459500122070312500e+01
1.700000000000000000e+01 5.982142686843872070e-01 4.438000106811523438e+01 6.093299865722656250e+01 3.491999816894531250e+01
2.000000000000000000e+01 5.580357313156127930e-01 4.549300003051757812e+01 6.079899978637695312e+01 3.120899963378906250e+01
1.900000000000000000e+01 5.223214030265808105e-01 4.180500030517578125e+01 6.007799911499023438e+01 3.037000083923339844e+01
1.300000000000000000e+01 3.348214328289031982e-01 4.065399932861328125e+01 6.274700164794921875e+01 3.279899978637695312e+01
0.000000000000000000e+00 2.008928507566452026e-01 4.293500137329101562e+01 6.537999725341796875e+01 3.109700012207031250e+01
1.200000000000000000e+01 1.473214328289031982e-01 4.142800140380859375e+01 6.467800140380859375e+01 2.770100021362304688e+01
9.000000000000000000e+00 8.928571641445159912e-02 3.788899993896484375e+01 6.491300201416015625e+01 2.916799926757812500e+01
1.100000000000000000e+01 2.767857015132904053e-01 3.714500045776367188e+01 6.125999832153320312e+01 2.930900001525878906e+01
1.700000000000000000e+01 3.616071343421936035e-01 3.557400131225585938e+01 5.945899963378906250e+01 3.228599929809570312e+01
1.600000000000000000e+01 6.517857313156127930e-01 3.681000137329101562e+01 5.579899978637695312e+01 3.242800140380859375e+01
1.500000000000000000e+01 7.455357313156127930e-01 3.629100036621093750e+01 5.284999847412109375e+01 3.466500091552734375e+01
7.000000000000000000e+00 8.750000000000000000e-01 4.205500030517578125e+01 5.399700164794921875e+01 3.824499893188476562e+01
0.000000000000000000e+00 9.776785969734191895e-01 4.736700057983398438e+01 5.008700180053710938e+01 3.566400146484375000e+01
7.000000000000000000e+00 9.866071343421936035e-01 4.988299942016601562e+01 4.817900085449218750e+01 3.804399871826171875e+01
2.200000000000000000e+01 9.732142686843872070e-01 5.236800003051757812e+01 4.562900161743164062e+01 3.651800155639648438e+01
2.200000000000000000e+01 9.553571343421936035e-01 5.427799987792968750e+01 4.345199966430664062e+01 3.904000091552734375e+01
1.500000000000000000e+01 8.660714030265808105e-01 5.725099945068359375e+01 4.128599929809570312e+01 3.800000000000000000e+01
1.800000000000000000e+01 6.875000000000000000e-01 6.039400100708007812e+01 3.928799819946289062e+01 3.916299819946289062e+01
0.000000000000000000e+00 5.357142686843872070e-01 6.330300140380859375e+01 4.052500152587890625e+01 3.703400039672851562e+01
2.000000000000000000e+00 2.901785671710968018e-01 6.607299804687500000e+01 3.811100006103515625e+01 3.600099945068359375e+01
3.000000000000000000e+00 3.035714328289031982e-01 6.445600128173828125e+01 3.505899810791015625e+01 3.767300033569335938e+01
1.700000000000000000e+01 1.383928507566452026e-01 6.576999664306640625e+01 3.273600006103515625e+01 3.495999908447265625e+01
9.000000000000000000e+00 6.250000000000000000e-02 6.879299926757812500e+01 3.512599945068359375e+01 3.446099853515625000e+01
1.600000000000000000e+01 7.142857462167739868e-02 6.969000244140625000e+01 3.856499862670898438e+01 3.270399856567382812e+01
1.000000000000000000e+00 2.098214328289031982e-01 6.702899932861328125e+01 3.977999877929687500e+01 3.022699928283691406e+01
1.000000000000000000e+00 2.812500000000000000e-01 6.573799896240234375e+01 4.280699920654296875e+01 2.840600013732910156e+01
2.000000000000000000e+01 5.758928656578063965e-01 6.222700119018554688e+01 4.370700073242187500e+01 2.950499916076660156e+01
1.800000000000000000e+01 6.250000000000000000e-01 6.023899841308593750e+01 4.578300094604492188e+01 2.698699951171875000e+01
1.100000000000000000e+01 8.035714030265808105e-01 5.664400100708007812e+01 4.645600128173828125e+01 2.823200035095214844e+01
0.000000000000000000e+00 8.125000000000000000e-01 5.372900009155273438e+01 4.762900161743164062e+01 2.616699981689453125e+01
0.000000000000000000e+00 9.062500000000000000e-01 5.071400070190429688e+01 4.885699844360351562e+01 2.800000000000000000e+01
1.200000000000000000e+01 8.526785969734191895e-01 4.754199981689453125e+01 4.923600006103515625e+01 2.584099960327148438e+01
1.200000000000000000e+01 8.392857313156127930e-01 4.473699951171875000e+01 5.177000045776367188e+01 2.707799911499023438e+01
1.700000000000000000e+01 7.633928656578063965e-01 4.093000030517578125e+01 5.177399826049804688e+01 2.662299919128417969e+01
1.600000000000000000e+01 7.187500000000000000e-01 3.827000045776367188e+01 5.298799896240234375e+01 2.916799926757812500e+01
2.000000000000000000e+01 7.901785969734191895e-01 3.684299850463867188e+01 4.969699859619140625e+01 3.044499969482421875e+01
1.700000000000000000e+01 8.794642686843872070e-01 3.960400009155273438e+01 4.745299911499023438e+01 2.911599922180175781e+01
2.000000000000000000e+01 9.375000000000000000e-01 4.335800170898437500e+01 4.730899810791015625e+01 2.895100021362304688e+01
1.700000000000000000e+01 9.464285969734191895e-01 4.608800125122070312e+01 4.473199844360351562e+01 2.803400039672851562e+01
1.800000000000000000e+01 9.687500000000000000e-01 4.973699951171875000e+01 4.456700134277343750e+01 2.916300010681152344e+01
1.800000000000000000e+01 8.839285969734191895e-01 5.258700180053710938e+01 4.255599975585937500e+01 2.756900024414062500e+01
0.000000000000000000e+00 7.991071343421936035e-01 5.636700057983398438e+01 4.198699951171875000e+01 2.831299972534179688e+01
2.200000000000000000e+01 6.071428656578063965e-01 5.852799987792968750e+01 4.143500137329101562e+01 2.530599975585937500e+01
2.200000000000000000e+01 4.866071343421936035e-01 6.141799926757812500e+01 3.949200057983398438e+01 2.672400093078613281e+01
1.800000000000000000e+01 1.875000000000000000e-01 6.489900207519531250e+01 3.911199951171875000e+01 2.525699996948242188e+01
2.000000000000000000e+00 4.910714179277420044e-02 6.812699890136718750e+01 3.746599960327148438e+01 2.617700004577636719e+01
1.600000000000000000e+01 1.339285727590322495e-02 7.143299865722656250e+01 3.936899948120117188e+01 2.556399917602539062e+01
