1 1 14 0 0.0119760479041916 0 0 24.678 25.529 18.352
1 2 18 0 0.11377245508982048 0 0 24.873 28.132 21.111
1 3 7 0 0.31137724550898194 0 0 28.098 30.181 20.978
1 4 20 0 0.5868263473053892 0 0 28.969 31.471 24.409
1 5 13 0 0.7065868263473054 0 0 31.208 34.472 24.063
1 6 12 0 0.9161676646706587 0 0 33.471 34.275 27.145
1 7 22 0 0.9580838323353293 0 0 36.153 36.662 28.194
1 8 22 0 0.9880239520958084 0 0 38.578 35.794 30.816
1 9 22 0 0.9760479041916168 0 0 39.424 38.832 32.829
1 10 9 0 0.9461077844311377 0 0 42.100 39.459 35.412
1 11 0 0 0.8083832335329342 0 0 45.360 41.014 36.591
1 12 9 0 0.6287425149700598 0 0 48.742 40.258 35.202
1 13 9 0 0.5748502994011976 0 0 50.026 37.166 36.934
1 14 22 0 0.8143712574850299 0 0 46.832 35.703 38.335
1 15 9 0 0.8203592814371258 0 0 47.041 32.515 36.261
1 16 13 0 0.9281437125748503 0 0 44.438 33.616 33.783
1 17 17 0 0.8383233532934131 0 0 45.800 32.119 30.636
1 18 0 0 0.7604790419161677 0 0 46.733 28.991 32.489
1 19 12 0 0.8982035928143712 0 0 43.170 28.607 33.732
1 20 18 0 0.8802395209580838 0 0 42.156 28.821 30.108
1 21 11 0 0.658682634730539 0 0 44.530 26.344 28.627
1 22 6 0 0.6047904191616766 0 0 43.869 23.924 31.483
1 23 12 0 0.7125748502994012 0 0 40.172 23.912 30.823
1 24 11 0 0.562874251497006 0 0 40.752 23.814 27.105
1 25 6 0 0.3293413173652695 0 0 43.806 21.750 26.289
1 26 2 0 0.26347305389221565 0 0 43.374 19.563 29.309
1 27 10 0 0.18562874251497008 0 0 46.896 20.090 30.585
1 28 15 0 0.3413173652694611 0 0 48.470 22.855 32.610
1 29 22 0 0.33532934131736525 0 0 50.641 25.674 31.304
1 30 3 0 0.06586826347305386 0 0 54.453 25.341 31.469
1 31 7 0 0.041916167664670656 0 0 55.929 28.497 30.059
1 32 20 0 0.19161676646706582 0 0 54.239 31.810 29.466
1 33 3 0 0.16167664670658677 0 0 53.577 33.437 26.158
1 34 16 0 0.2934131736526946 0 0 51.509 36.579 25.493
1 35 18 0 0.3772455089820359 0 0 48.876 35.196 23.104
1 36 11 0 0.13173652694610782 0 0 48.949 36.877 19.675
1 37 7 0 0.08982035928143717 0 0 46.810 34.772 17.316
1 38 3 0 0.281437125748503 0 0 45.336 32.022 19.445
1 39 17 0 0.5029940119760479 0 0 41.813 31.930 20.689
1 40 20 0 0.5329341317365269 0 0 39.997 28.922 21.907
1 41 1 0 0.44311377245508976 0 0 36.835 27.004 21.093
1 42 13 0 0.38323353293413165 0 0 35.610 23.814 22.523
1 43 6 0 0.22754491017964074 0 0 32.201 22.243 22.743
1 44 22 0 0.24550898203592808 0 0 30.876 20.808 25.997
1 45 22 0 0.11976047904191622 0 0 27.597 19.714 27.473
1 46 11 0 0.25149700598802394 0 0 26.211 21.982 30.264
1 47 3 0 0.0718562874251496 0 0 22.942 21.237 32.090
1 48 9 0 0.0 0 0 21.228 19.120 29.491
1 49 7 0 0.029940119760479056 0 0 22.499 20.884 26.391
1 50 18 0 0.03592814371257491 0 0 25.495 20.858 24.172
1 51 5 0 0.17365269461077848 0 0 27.003 24.262 23.528
1 52 12 0 0.3652694610778443 0 0 30.181 25.928 22.451
1 53 12 0 0.6467065868263473 0 0 32.496 27.905 24.644
1 54 3 0 0.652694610778443 0 0 34.310 30.611 22.790
1 55 11 0 0.8622754491017964 0 0 36.825 31.705 25.291
1 56 12 0 0.8562874251497006 0 0 39.029 34.704 24.928
1 57 3 0 0.8682634730538922 0 0 42.216 35.256 26.806
1 58 18 0 0.844311377245509 0 0 43.203 38.797 27.885
1 59 0 0 0.5988023952095809 0 0 46.520 39.095 26.261
1 60 9 0 0.39520958083832336 0 0 49.237 41.718 26.478
1 61 6 0 0.34730538922155685 0 0 49.333 44.524 29.075
1 62 7 0 0.4970059880239521 0 0 46.549 45.500 31.420
1 63 7 0 0.221556886227545 0 0 46.818 48.999 30.113
1 64 20 0 0.13772455089820357 0 0 44.058 50.938 28.469
1 65 17 0 0.12574850299401197 0 0 43.608 49.989 24.839
1 66 0 0 0.059880239520958 0 0 41.108 50.029 22.018
1 67 14 0 0.20359281437125742 0 0 41.796 46.376 21.426
1 68 1 0 0.49101796407185627 0 0 40.708 45.420 24.907
1 69 3 0 0.4011976047904191 0 0 37.449 47.424 24.727
1 70 6 0 0.28742514970059885 0 0 36.773 45.703 21.406
1 71 20 0 0.5568862275449102 0 0 37.496 42.298 22.916
1 72 14 0 0.6766467065868262 0 0 35.179 42.912 25.862
1 73 1 0 0.45508982035928147 0 0 32.559 44.311 23.469
1 74 18 0 0.46706586826347307 0 0 32.087 41.047 21.700
1 75 9 0 0.7485029940119761 0 0 32.280 39.226 25.012
1 76 7 0 0.6826347305389222 0 0 28.986 38.429 26.644
1 77 9 0 0.8862275449101796 0 0 30.049 36.678 29.839
1 78 15 0 0.9640718562874252 0 0 32.873 37.659 32.040
1 79 12 0 0.9940119760479041 0 0 35.127 35.592 34.274
1 80 5 0 0.9820359281437125 0 0 37.006 37.965 36.510
1 81 22 0 0.9700598802395209 0 0 40.027 36.401 38.052
1 82 15 0 0.874251497005988 0 0 42.193 37.220 41.021
1 83 0 0 0.7245508982035929 0 0 44.927 35.383 42.814
1 84 11 0 0.5149700598802396 0 0 44.241 34.659 46.494
1 85 2 0 0.27544910179640725 0 0 47.802 35.516 47.471
1 86 2 0 0.37125748502994016 0 0 47.737 38.830 45.577
1 87 18 0 0.2574850299401197 0 0 45.704 41.499 47.339
1 88 13 0 0.3173652694610779 0 0 46.420 43.918 44.564
1 89 17 0 0.6107784431137725 0 0 44.844 41.483 42.068
1 90 15 0 0.6167664670658684 0 0 41.786 41.312 44.230
1 91 7 0 0.4610778443113772 0 0 41.423 45.135 44.215
1 92 3 0 0.592814371257485 0 0 41.984 45.244 40.447
1 93 11 0 0.8023952095808383 0 0 38.590 43.498 39.955
1 94 10 0 0.5389221556886228 0 0 36.842 46.850 40.669
1 95 10 0 0.5089820359281436 0 0 38.633 48.516 37.764
1 96 20 0 0.7784431137724551 0 0 37.802 45.518 35.651
1 97 1 0 0.6946107784431137 0 0 34.202 45.801 36.608
1 98 7 0 0.437125748502994 0 0 33.839 49.425 35.517
1 99 6 0 0.5209580838323353 0 0 35.430 48.520 32.161
1 100 11 0 0.6646706586826348 0 0 32.720 45.928 31.789
1 101 13 0 0.4131736526946108 0 0 30.073 48.403 32.513
1 102 1 0 0.20958083832335328 0 0 31.099 50.914 29.913
1 103 22 0 0.32335329341317365 0 0 31.326 48.439 27.062
1 104 13 0 0.3892215568862275 0 0 28.250 46.310 27.778
1 105 3 0 0.10179640718562877 0 0 25.798 49.098 28.377
1 106 17 0 0.15568862275449102 0 0 24.270 47.399 31.358
1 107 7 0 0.3053892215568862 0 0 25.344 46.444 34.855
1 108 3 0 0.3532934131736526 0 0 23.382 43.187 34.819
1 109 22 0 0.5688622754491017 0 0 25.784 41.403 32.535
1 110 16 0 0.7904191616766467 0 0 27.011 37.917 33.347
1 111 14 0 0.9041916167664671 0 0 29.842 37.953 35.741
1 112 22 0 0.9401197604790419 0 0 31.409 35.325 37.821
1 113 12 0 0.9341317365269461 0 0 34.224 36.092 40.293
1 114 22 0 0.9520958083832335 0 0 36.975 33.524 40.483
1 115 9 0 0.8502994011976048 0 0 39.648 33.219 43.138
1 116 2 0 0.8323353293413174 0 0 42.552 31.351 41.642
1 117 13 0 0.5808383233532934 0 0 45.152 29.388 43.407
1 118 5 0 0.47904191616766467 0 0 42.910 28.163 46.120
1 119 3 0 0.21556886227544902 0 0 44.465 24.825 46.970
1 120 12 0 0.10778443113772451 0 0 47.363 26.757 48.455
1 121 16 0 0.017964071856287345 0 0 46.791 26.579 52.138
1 122 17 0 0.02395209580838331 0 0 47.403 30.196 52.842
1 123 1 0 0.08383233532934131 0 0 46.201 33.412 51.283
1 124 18 0 0.04790419161676651 0 0 46.732 37.158 51.625
1 125 22 0 0.19760479041916168 0 0 43.182 37.665 50.718
1 126 3 0 0.053892215568862256 0 0 40.728 37.499 53.584
1 127 18 0 0.17964071856287422 0 0 38.069 35.307 52.047
1 128 13 0 0.07784431137724557 0 0 35.069 37.101 53.561
1 129 6 0 0.14371257485029942 0 0 36.011 40.298 51.717
1 130 0 0 0.4730538922155688 0 0 35.774 38.501 48.421
1 131 6 0 0.35928143712574856 0 0 32.486 37.059 49.517
1 132 3 0 0.16766467065868274 0 0 31.307 40.578 50.202
1 133 12 0 0.4251497005988024 0 0 32.585 41.607 46.864
1 134 0 0 0.5269461077844311 0 0 30.364 38.895 45.433
1 135 1 0 0.23952095808383234 0 0 27.532 40.373 47.350
1 136 17 0 0.2335329341317366 0 0 28.083 43.821 45.874
1 137 20 0 0.41916167664670656 0 0 27.620 43.344 42.209
1 138 9 0 0.40718562874251496 0 0 25.454 40.211 42.686
1 139 11 0 0.6706586826347305 0 0 27.903 37.721 41.327
1 140 16 0 0.7365269461077844 0 0 28.805 34.153 41.866
1 141 15 0 0.7664670658682635 0 0 31.934 33.270 43.776
1 142 11 0 0.7964071856287425 0 0 33.807 30.025 43.165
1 143 7 0 0.688622754491018 0 0 37.172 29.194 44.537
1 144 18 0 0.7724550898203593 0 0 39.326 27.346 41.977
1 145 17 0 0.6227544910179641 0 0 42.728 25.773 41.535
1 146 0 0 0.7425149700598803 0 0 43.809 26.171 37.977
1 147 13 0 0.43113772455089827 0 0 46.703 23.775 38.783
1 148 18 0 0.2694610778443114 0 0 44.986 20.731 40.067
1 149 1 0 0.4850299401197605 0 0 41.675 21.445 38.358
1 150 6 0 0.4491017964071856 0 0 39.623 21.682 41.510
1 151 9 0 0.6407185628742516 0 0 36.588 23.886 40.652
1 152 22 0 0.8263473053892215 0 0 37.752 24.983 37.167
1 153 3 0 0.718562874251497 0 0 34.743 23.415 35.413
1 154 3 0 0.7005988023952096 0 0 32.474 24.725 38.112
1 155 0 0 0.9101796407185628 0 0 33.350 28.400 37.561
1 156 15 0 0.9221556886227544 0 0 33.180 28.165 33.805
1 157 20 0 0.7544910179640718 0 0 29.942 26.219 33.919
1 158 18 0 0.7844311377245509 0 0 28.541 28.697 36.487
1 159 12 0 0.8922155688622755 0 0 29.319 31.450 34.040
1 160 22 0 0.7305389221556886 0 0 27.301 29.758 31.364
1 161 1 0 0.5449101796407185 0 0 24.508 29.505 33.933
1 162 7 0 0.6347305389221557 0 0 24.605 33.216 34.621
1 163 11 0 0.5508982035928144 0 0 24.109 33.941 30.876
1 164 1 0 0.29940119760479034 0 0 21.242 31.465 30.401
1 165 13 0 0.14970059880239517 0 0 18.965 33.395 32.644
1 166 10 0 0.09580838323353291 0 0 18.462 36.068 30.002
1 167 13 0 0.0059880239520957446 0 0 15.956 36.145 27.132
