5.000000000000000000e+00 8.928571641445159912e-02 2.571100044250488281e+01 3.896699905395507812e+01 4.203200149536132812e+01
1.600000000000000000e+01 2.187500000000000000e-01 2.691699981689453125e+01 4.259700012207031250e+01 4.155300140380859375e+01
1.200000000000000000e+01 5.089285969734191895e-01 3.061499977111816406e+01 4.158399963378906250e+01 4.103699874877929688e+01
1.400000000000000000e+01 5.580357313156127930e-01 3.197299957275390625e+01 3.864799880981445312e+01 3.892399978637695312e+01
2.200000000000000000e+01 7.098214030265808105e-01 3.536500167846679688e+01 3.748199844360351562e+01 3.774700164794921875e+01
1.300000000000000000e+01 6.696428656578063965e-01 3.621200180053710938e+01 3.512200164794921875e+01 3.499300003051757812e+01
2.200000000000000000e+01 7.455357313156127930e-01 3.972299957275390625e+01 3.405400085449218750e+01 3.394100189208984375e+01
1.200000000000000000e+01 6.651785969734191895e-01 4.050099945068359375e+01 3.296099853515625000e+01 3.035700035095214844e+01
3.000000000000000000e+00 6.071428656578063965e-01 4.348400115966796875e+01 3.106800079345703125e+01 2.891600036621093750e+01
0.000000000000000000e+00 5.446428656578063965e-01 4.520000076293945312e+01 3.207699966430664062e+01 2.562500000000000000e+01
2.200000000000000000e+01 3.437500000000000000e-01 4.755300140380859375e+01 2.902199935913085938e+01 2.550900077819824219e+01
1.000000000000000000e+00 2.008928507566452026e-01 4.462699890136718750e+01 2.646999931335449219e+01 2.558699989318847656e+01
9.000000000000000000e+00 2.321428507566452026e-01 4.201599884033203125e+01 2.872999954223632812e+01 2.399500083923339844e+01
1.700000000000000000e+01 2.544642984867095947e-01 3.962799835205078125e+01 2.809399986267089844e+01 2.689399909973144531e+01
1.600000000000000000e+01 3.660714328289031982e-01 3.829299926757812500e+01 2.924699974060058594e+01 3.022900009155273438e+01
0.000000000000000000e+00 4.821428656578063965e-01 4.078400039672851562e+01 2.862999916076660156e+01 3.299499893188476562e+01
1.100000000000000000e+01 2.901785671710968018e-01 3.963299942016601562e+01 2.625399971008300781e+01 3.578799819946289062e+01
2.000000000000000000e+00 3.258928656578063965e-01 4.082799911499023438e+01 2.674500083923339844e+01 3.951100158691406250e+01
2.200000000000000000e+01 6.294642686843872070e-01 4.251200103759765625e+01 3.020400047302246094e+01 3.938600158691406250e+01
0.000000000000000000e+00 6.428571343421936035e-01 4.264500045776367188e+01 3.191399955749511719e+01 4.288299942016601562e+01
1.400000000000000000e+01 7.410714030265808105e-01 4.182099914550781250e+01 3.545600128173828125e+01 4.384899902343750000e+01
2.200000000000000000e+01 7.321428656578063965e-01 3.952299880981445312e+01 4.106999969482421875e+01 4.641600036621093750e+01
1.500000000000000000e+01 7.008928656578063965e-01 4.051900100708007812e+01 4.402399826049804688e+01 4.855799865722656250e+01
1.000000000000000000e+00 6.116071343421936035e-01 3.845700073242187500e+01 4.716299819946289062e+01 4.934899902343750000e+01
1.300000000000000000e+01 5.312500000000000000e-01 4.003599929809570312e+01 5.057699966430664062e+01 5.024800109863281250e+01
0.000000000000000000e+00 2.767857015132904053e-01 4.000999832153320312e+01 5.216099929809570312e+01 5.370800018310546875e+01
0.000000000000000000e+00 1.160714253783226013e-01 3.928900146484375000e+01 5.593899917602539062e+01 5.437599945068359375e+01
3.000000000000000000e+00 1.473214328289031982e-01 4.304499816894531250e+01 5.681900024414062500e+01 5.450999832153320312e+01
3.000000000000000000e+00 4.330357015132904053e-01 4.371599960327148438e+01 5.495500183105468750e+01 5.120700073242187500e+01
1.800000000000000000e+01 4.732142984867095947e-01 4.486500167846679688e+01 5.162300109863281250e+01 5.285400009155273438e+01
1.900000000000000000e+01 6.205357313156127930e-01 4.396699905395507812e+01 4.810699844360351562e+01 5.142499923706054688e+01
7.000000000000000000e+00 4.508928656578063965e-01 4.155400085449218750e+01 4.603699874877929688e+01 5.352199935913085938e+01
1.600000000000000000e+01 4.464285671710968018e-01 4.036399841308593750e+01 4.233800125122070312e+01 5.293500137329101562e+01
1.500000000000000000e+01 3.973214328289031982e-01 3.693299865722656250e+01 4.202000045776367188e+01 5.135100173950195312e+01
0.000000000000000000e+00 4.375000000000000000e-01 3.616999816894531250e+01 3.872100067138671875e+01 4.946799850463867188e+01
1.700000000000000000e+01 4.955357015132904053e-01 3.804899978637695312e+01 3.573300170898437500e+01 4.806000137329101562e+01
9.000000000000000000e+00 3.750000000000000000e-01 3.782300186157226562e+01 3.231999969482421875e+01 4.643999862670898438e+01
1.300000000000000000e+01 4.598214328289031982e-01 3.874300003051757812e+01 3.041399955749511719e+01 4.324100112915039062e+01
1.800000000000000000e+01 4.285714328289031982e-01 3.721699905395507812e+01 2.988299942016601562e+01 3.983300018310546875e+01
1.700000000000000000e+01 1.607142835855484009e-01 3.485100173950195312e+01 2.692399978637695312e+01 3.900699996948242188e+01
7.000000000000000000e+00 6.696428358554840088e-02 3.507699966430664062e+01 2.456800079345703125e+01 3.603799819946289062e+01
1.700000000000000000e+01 1.026785746216773987e-01 3.303599929809570312e+01 2.701099967956542969e+01 3.400199890136718750e+01
9.000000000000000000e+00 3.392857015132904053e-01 3.603799819946289062e+01 2.942799949645996094e+01 3.444200134277343750e+01
7.000000000000000000e+00 4.151785671710968018e-01 3.392399978637695312e+01 3.200899887084960938e+01 3.640700149536132812e+01
1.200000000000000000e+01 3.928571343421936035e-01 3.358499908447265625e+01 3.271900177001953125e+01 4.017900085449218750e+01
9.000000000000000000e+00 1.250000000000000000e-01 2.906999969482421875e+01 3.466500091552734375e+01 4.467200088500976562e+01
1.200000000000000000e+01 3.125000000000000000e-01 3.183200073242187500e+01 3.682500076293945312e+01 4.590599822998046875e+01
1.800000000000000000e+01 1.830357164144515991e-01 2.977199935913085938e+01 3.964300155639648438e+01 4.759199905395507812e+01
1.800000000000000000e+01 3.571428731083869934e-02 2.619799995422363281e+01 4.086299896240234375e+01 4.826499938964843750e+01
7.000000000000000000e+00 1.785714365541934967e-02 2.459300041198730469e+01 4.408100128173828125e+01 4.690499877929687500e+01
7.000000000000000000e+00 8.928571827709674835e-03 2.415600013732910156e+01 4.523500061035156250e+01 5.059999847412109375e+01
7.000000000000000000e+00 4.017857089638710022e-02 2.795299911499023438e+01 4.487599945068359375e+01 5.125799942016601562e+01
1.500000000000000000e+01 2.053571492433547974e-01 2.935899925231933594e+01 4.607099914550781250e+01 4.788399887084960938e+01
2.200000000000000000e+01 1.428571492433547974e-01 2.943000030517578125e+01 4.976900100708007812e+01 4.879399871826171875e+01
7.000000000000000000e+00 2.142857164144515991e-01 3.042399978637695312e+01 5.267399978637695312e+01 4.637200164794921875e+01
9.000000000000000000e+00 4.687500000000000000e-01 3.432899856567382812e+01 5.285200119018554688e+01 4.632300186157226562e+01
1.100000000000000000e+01 6.741071343421936035e-01 3.784099960327148438e+01 5.166199874877929688e+01 4.531499862670898438e+01
2.000000000000000000e+01 7.767857313156127930e-01 3.856000137329101562e+01 4.793000030517578125e+01 4.500000000000000000e+01
1.300000000000000000e+01 9.062500000000000000e-01 4.140000152587890625e+01 4.592900085449218750e+01 4.393700027465820312e+01
2.200000000000000000e+01 9.196428656578063965e-01 4.120800018310546875e+01 4.228599929809570312e+01 4.258100128173828125e+01
7.000000000000000000e+00 9.330357313156127930e-01 4.449700164794921875e+01 4.036500167846679688e+01 4.286399841308593750e+01
1.100000000000000000e+01 9.151785969734191895e-01 4.449900054931640625e+01 3.719900131225585938e+01 4.058599853515625000e+01
3.000000000000000000e+00 8.214285969734191895e-01 4.700699996948242188e+01 3.442100143432617188e+01 4.110800170898437500e+01
1.800000000000000000e+01 8.482142686843872070e-01 4.804800033569335938e+01 3.401300048828125000e+01 3.754800033569335938e+01
1.300000000000000000e+01 7.589285969734191895e-01 5.166799926757812500e+01 3.294300079345703125e+01 3.839899826049804688e+01
1.700000000000000000e+01 6.026785969734191895e-01 5.040700149536132812e+01 2.967700004577636719e+01 4.018999862670898438e+01
2.000000000000000000e+01 5.803571343421936035e-01 4.845100021362304688e+01 2.874200057983398438e+01 3.711000061035156250e+01
1.900000000000000000e+01 5.625000000000000000e-01 5.146599960327148438e+01 2.897699928283691406e+01 3.465900039672851562e+01
1.300000000000000000e+01 4.017857015132904053e-01 5.383900070190429688e+01 2.767700004577636719e+01 3.730300140380859375e+01
0.000000000000000000e+00 2.276785671710968018e-01 5.166500091552734375e+01 2.454000091552734375e+01 3.789799880981445312e+01
1.200000000000000000e+01 1.919642835855484009e-01 5.135900115966796875e+01 2.399200057983398438e+01 3.409299850463867188e+01
9.000000000000000000e+00 1.339285671710968018e-01 5.519300079345703125e+01 2.408600044250488281e+01 3.416099929809570312e+01
1.100000000000000000e+01 2.991071343421936035e-01 5.519699859619140625e+01 2.711300086975097656e+01 3.193799972534179688e+01
1.700000000000000000e+01 4.553571343421936035e-01 5.745700073242187500e+01 3.019000053405761719e+01 3.280400085449218750e+01
1.600000000000000000e+01 6.964285969734191895e-01 5.531200027465820312e+01 3.319200134277343750e+01 3.386500167846679688e+01
1.500000000000000000e+01 7.901785969734191895e-01 5.659000015258789062e+01 3.676499938964843750e+01 3.415299987792968750e+01
7.000000000000000000e+00 8.928571343421936035e-01 5.352299880981445312e+01 3.807099914550781250e+01 3.986600112915039062e+01
0.000000000000000000e+00 9.776785969734191895e-01 4.729999923706054688e+01 4.025699996948242188e+01 3.766999816894531250e+01
7.000000000000000000e+00 9.955357313156127930e-01 4.617499923706054688e+01 4.344200134277343750e+01 3.962200164794921875e+01
2.200000000000000000e+01 9.821428656578063965e-01 4.302399826049804688e+01 4.542699813842773438e+01 3.864899826049804688e+01
2.200000000000000000e+01 9.687500000000000000e-01 4.179600143432617188e+01 4.854299926757812500e+01 4.043500137329101562e+01
1.500000000000000000e+01 8.705357313156127930e-01 3.853099822998046875e+01 5.029299926757812500e+01 3.998400115966796875e+01
1.800000000000000000e+01 6.919642686843872070e-01 3.603200149536132812e+01 5.263600158691406250e+01 4.147299957275390625e+01
0.000000000000000000e+00 5.714285969734191895e-01 3.272800064086914062e+01 5.072900009155273438e+01 4.170999908447265625e+01
2.000000000000000000e+00 2.946428656578063965e-01 2.928100013732910156e+01 5.238999938964843750e+01 4.154100036621093750e+01
3.000000000000000000e+00 2.857142984867095947e-01 3.087100028991699219e+01 5.587799835205078125e+01 4.090800094604492188e+01
1.700000000000000000e+01 8.482142537832260132e-02 2.756200027465820312e+01 5.697399902343750000e+01 3.930699920654296875e+01
9.000000000000000000e+00 3.125000000000000000e-02 2.519499969482421875e+01 5.481200027465820312e+01 4.132899856567382812e+01
1.600000000000000000e+01 4.910714179277420044e-02 2.438599967956542969e+01 5.101399993896484375e+01 4.145399856567382812e+01
1.000000000000000000e+00 1.562500000000000000e-01 2.552599906921386719e+01 4.879100036621093750e+01 3.862400054931640625e+01
1.000000000000000000e+00 2.678571343421936035e-01 2.674699974060058594e+01 4.512300109863281250e+01 3.821500015258789062e+01
2.000000000000000000e+01 5.357142686843872070e-01 3.036899948120117188e+01 4.450299835205078125e+01 3.703499984741210938e+01
1.800000000000000000e+01 6.339285969734191895e-01 3.182099914550781250e+01 4.153900146484375000e+01 3.508300018310546875e+01
1.100000000000000000e+01 8.169642686843872070e-01 3.566099929809570312e+01 4.151399993896484375e+01 3.520800018310546875e+01
0.000000000000000000e+00 8.125000000000000000e-01 3.720399856567382812e+01 3.918000030517578125e+01 3.240499877929687500e+01
0.000000000000000000e+00 9.017857313156127930e-01 4.084000015258789062e+01 3.831800079345703125e+01 3.248400115966796875e+01
1.200000000000000000e+01 8.392857313156127930e-01 4.279399871826171875e+01 3.693500137329101562e+01 2.954299926757812500e+01
1.200000000000000000e+01 8.348214030265808105e-01 4.605300140380859375e+01 3.522900009155273438e+01 3.042799949645996094e+01
1.700000000000000000e+01 7.500000000000000000e-01 4.919499969482421875e+01 3.439400100708007812e+01 2.822599983215332031e+01
1.600000000000000000e+01 7.142857313156127930e-01 5.247399902343750000e+01 3.372200012207031250e+01 2.985099983215332031e+01
2.000000000000000000e+01 7.857142686843872070e-01 5.418700027465820312e+01 3.711999893188476562e+01 2.900900077819824219e+01
1.700000000000000000e+01 8.750000000000000000e-01 5.097900009155273438e+01 3.901300048828125000e+01 2.831399917602539062e+01
2.000000000000000000e+01 9.375000000000000000e-01 4.757500076293945312e+01 3.975600051879882812e+01 2.957299995422363281e+01
1.700000000000000000e+01 9.419642686843872070e-01 4.433399963378906250e+01 4.162500000000000000e+01 2.907699966430664062e+01
1.800000000000000000e+01 9.642857313156127930e-01 4.147800064086914062e+01 4.255899810791015625e+01 3.131800079345703125e+01
1.800000000000000000e+01 8.571428656578063965e-01 3.808800125122070312e+01 4.389699935913085938e+01 3.007900047302246094e+01
0.000000000000000000e+00 8.080357313156127930e-01 3.536899948120117188e+01 4.505199813842773438e+01 3.236299896240234375e+01
2.200000000000000000e+01 5.937500000000000000e-01 3.168899917602539062e+01 4.464199829101562500e+01 3.115200042724609375e+01
2.200000000000000000e+01 4.196428656578063965e-01 2.898699951171875000e+01 4.664099884033203125e+01 3.306100082397460938e+01
1.800000000000000000e+01 1.651785671710968018e-01 2.534300041198730469e+01 4.581900024414062500e+01 3.364300155639648438e+01
2.000000000000000000e+00 4.464285820722579956e-02 2.315699958801269531e+01 4.890599822998046875e+01 3.434199905395507812e+01
1.600000000000000000e+01 4.464285913854837418e-03 1.999699974060058594e+01 4.728300094604492188e+01 3.594100189208984375e+01
5.000000000000000000e+00 1.294642835855484009e-01 6.747599792480468750e+01 4.967200088500976562e+01 2.773299980163574219e+01
1.600000000000000000e+01 2.366071492433547974e-01 6.711299896240234375e+01 4.700500106811523438e+01 3.044300079345703125e+01
1.200000000000000000e+01 5.133928656578063965e-01 6.362599945068359375e+01 4.813999938964843750e+01 3.090200042724609375e+01
1.400000000000000000e+01 5.223214030265808105e-01 6.151599884033203125e+01 5.020700073242187500e+01 2.843899917602539062e+01
2.200000000000000000e+01 7.053571343421936035e-01 5.771699905395507812e+01 5.088999938964843750e+01 2.893799972534179688e+01
1.300000000000000000e+01 6.607142686843872070e-01 5.551499938964843750e+01 5.222000122070312500e+01 2.609700012207031250e+01
2.200000000000000000e+01 7.366071343421936035e-01 5.170800018310546875e+01 5.321500015258789062e+01 2.653599929809570312e+01
1.200000000000000000e+01 6.517857313156127930e-01 4.922999954223632812e+01 5.333100128173828125e+01 2.363999938964843750e+01
3.000000000000000000e+00 5.982142686843872070e-01 4.565200042724609375e+01 5.451900100708007812e+01 2.308900070190429688e+01
0.000000000000000000e+00 5.535714030265808105e-01 4.321400070190429688e+01 5.212599945068359375e+01 2.152000045776367188e+01
2.200000000000000000e+01 3.616071343421936035e-01 4.046500015258789062e+01 5.480099868774414062e+01 2.124900054931640625e+01
1.000000000000000000e+00 1.964285671710968018e-01 4.246599960327148438e+01 5.736999893188476562e+01 1.925000000000000000e+01
9.000000000000000000e+00 2.410714328289031982e-01 4.478300094604492188e+01 5.448699951171875000e+01 1.780500030517578125e+01
1.700000000000000000e+01 2.455357164144515991e-01 4.804000091552734375e+01 5.613299942016601562e+01 1.864599990844726562e+01
1.600000000000000000e+01 3.526785671710968018e-01 5.065999984741210938e+01 5.653300094604492188e+01 2.126700019836425781e+01
0.000000000000000000e+00 5.000000000000000000e-01 4.956000137329101562e+01 5.810499954223632812e+01 2.457799911499023438e+01
1.100000000000000000e+01 3.035714328289031982e-01 5.153200149536132812e+01 6.130599975585937500e+01 2.547500038146972656e+01
2.000000000000000000e+00 3.348214328289031982e-01 5.247600173950195312e+01 6.225299835205078125e+01 2.913400077819824219e+01
2.200000000000000000e+01 6.383928656578063965e-01 5.111800003051757812e+01 5.901699829101562500e+01 3.082600021362304688e+01
0.000000000000000000e+00 6.562500000000000000e-01 5.279000091552734375e+01 5.889300155639648438e+01 3.434500122070312500e+01
1.400000000000000000e+01 7.633928656578063965e-01 5.444900131225585938e+01 5.577299880981445312e+01 3.574399948120117188e+01
2.200000000000000000e+01 7.187500000000000000e-01 5.854999923706054688e+01 5.198799896240234375e+01 3.958800125122070312e+01
1.500000000000000000e+01 6.830357313156127930e-01 5.891400146484375000e+01 5.032899856567382812e+01 4.294100189208984375e+01
1.000000000000000000e+00 5.401785969734191895e-01 6.145500183105468750e+01 4.785300064086914062e+01 4.435900115966796875e+01
1.300000000000000000e+01 5.178571343421936035e-01 6.059600067138671875e+01 4.488899993896484375e+01 4.665299987792968750e+01
0.000000000000000000e+00 2.589285671710968018e-01 6.224000167846679688e+01 4.494400024414062500e+01 5.010400009155273438e+01
0.000000000000000000e+00 1.116071417927742004e-01 6.290700149536132812e+01 4.178300094604492188e+01 5.221400070190429688e+01
3.000000000000000000e+00 7.142857462167739868e-02 6.093299865722656250e+01 4.301100158691406250e+01 5.520800018310546875e+01
3.000000000000000000e+00 3.080357015132904053e-01 5.833700180053710938e+01 4.298600006103515625e+01 5.249200057983398438e+01
1.800000000000000000e+01 3.303571343421936035e-01 5.823500061035156250e+01 4.683900070190429688e+01 5.204999923706054688e+01
1.900000000000000000e+01 5.669642686843872070e-01 5.756700134277343750e+01 4.841699981689453125e+01 4.854199981689453125e+01
7.000000000000000000e+00 3.794642984867095947e-01 6.037599945068359375e+01 5.090200042724609375e+01 4.802399826049804688e+01
1.600000000000000000e+01 4.866071343421936035e-01 5.974800109863281250e+01 5.345600128173828125e+01 4.517300033569335938e+01
1.500000000000000000e+01 3.214285671710968018e-01 6.282300186157226562e+01 5.460499954223632812e+01 4.317800140380859375e+01
0.000000000000000000e+00 3.705357015132904053e-01 6.197499847412109375e+01 5.601499938964843750e+01 3.974100112915039062e+01
1.700000000000000000e+01 5.044642686843872070e-01 5.914599990844726562e+01 5.769200134277343750e+01 3.793099975585937500e+01
9.000000000000000000e+00 4.241071343421936035e-01 5.852500152587890625e+01 5.945399856567382812e+01 3.472999954223632812e+01
1.300000000000000000e+01 4.910714328289031982e-01 5.596300125122070312e+01 5.973300170898437500e+01 3.192200088500976562e+01
1.800000000000000000e+01 4.776785671710968018e-01 5.578699874877929688e+01 5.883200073242187500e+01 2.813299942016601562e+01
1.700000000000000000e+01 1.696428507566452026e-01 5.740399932861328125e+01 6.079399871826171875e+01 2.528599929809570312e+01
7.000000000000000000e+00 7.589285820722579956e-02 5.541099929809570312e+01 6.218700027465820312e+01 2.219000053405761719e+01
1.700000000000000000e+01 9.821428358554840088e-02 5.643000030517578125e+01 5.891699981689453125e+01 2.040200042724609375e+01
9.000000000000000000e+00 3.482142984867095947e-01 5.487099838256835938e+01 5.708000183105468750e+01 2.345199966430664062e+01
7.000000000000000000e+00 4.107142984867095947e-01 5.784099960327148438e+01 5.558200073242187500e+01 2.523900032043457031e+01
1.200000000000000000e+01 4.419642984867095947e-01 5.973600006103515625e+01 5.595500183105468750e+01 2.844799995422363281e+01
9.000000000000000000e+00 1.517857164144515991e-01 6.570300292968750000e+01 5.610400009155273438e+01 3.149500083923339844e+01
1.200000000000000000e+01 3.571428656578063965e-01 6.352600097656250000e+01 5.465000152587890625e+01 3.429000091552734375e+01
1.800000000000000000e+01 2.500000000000000000e-01 6.633999633789062500e+01 5.252600097656250000e+01 3.570800018310546875e+01
1.800000000000000000e+01 6.250000000000000000e-02 7.004100036621093750e+01 5.178400039672851562e+01 3.507199859619140625e+01
7.000000000000000000e+00 2.678571455180644989e-02 7.158799743652343750e+01 4.833000183105468750e+01 3.427500152587890625e+01
7.000000000000000000e+00 1.339285727590322495e-02 7.363099670410156250e+01 4.881100082397460938e+01 3.733599853515625000e+01
7.000000000000000000e+00 5.803571268916130066e-02 7.049199676513671875e+01 4.914599990844726562e+01 3.947900009155273438e+01
1.500000000000000000e+01 1.785714328289031982e-01 6.856300354003906250e+01 4.654299926757812500e+01 3.746300125122070312e+01
2.200000000000000000e+01 1.071428582072257996e-01 6.962799835205078125e+01 4.347600173950195312e+01 3.958000183105468750e+01
7.000000000000000000e+00 2.098214328289031982e-01 6.752700042724609375e+01 4.034299850463867188e+01 4.043299865722656250e+01
9.000000000000000000e+00 3.839285671710968018e-01 6.419400024414062500e+01 4.050999832153320312e+01 4.253599929809570312e+01
1.100000000000000000e+01 6.473214030265808105e-01 6.066500091552734375e+01 4.175400161743164062e+01 4.224100112915039062e+01
2.000000000000000000e+01 7.276785969734191895e-01 5.968099975585937500e+01 4.515999984741210938e+01 4.084500122070312500e+01
1.300000000000000000e+01 8.883928656578063965e-01 5.623799896240234375e+01 4.690399932861328125e+01 4.041299819946289062e+01
2.200000000000000000e+01 9.107142686843872070e-01 5.530599975585937500e+01 4.950899887084960938e+01 3.767800140380859375e+01
7.000000000000000000e+00 9.285714030265808105e-01 5.222600173950195312e+01 5.163399887084960938e+01 3.856299972534179688e+01
1.100000000000000000e+01 9.241071343421936035e-01 5.083700180053710938e+01 5.329800033569335938e+01 3.534299850463867188e+01
3.000000000000000000e+00 8.258928656578063965e-01 4.862500000000000000e+01 5.629199981689453125e+01 3.600299835205078125e+01
1.800000000000000000e+01 8.660714030265808105e-01 4.600199890136718750e+01 5.544300079345703125e+01 3.338399887084960938e+01
1.300000000000000000e+01 7.678571343421936035e-01 4.284099960327148438e+01 5.720899963378906250e+01 3.470800018310546875e+01
1.700000000000000000e+01 6.250000000000000000e-01 4.468700027465820312e+01 6.059799957275390625e+01 3.504000091552734375e+01
2.000000000000000000e+01 5.892857313156127930e-01 4.530599975585937500e+01 6.044300079345703125e+01 3.134799957275390625e+01
1.900000000000000000e+01 5.491071343421936035e-01 4.161999893188476562e+01 5.970600128173828125e+01 3.044099998474121094e+01
1.300000000000000000e+01 3.883928656578063965e-01 4.020100021362304688e+01 6.213600158691406250e+01 3.308200073242187500e+01
0.000000000000000000e+00 2.232142835855484009e-01 4.229899978637695312e+01 6.490000152587890625e+01 3.136300086975097656e+01
1.200000000000000000e+01 1.875000000000000000e-01 4.065700149536132812e+01 6.384600067138671875e+01 2.807099914550781250e+01
9.000000000000000000e+00 1.205357164144515991e-01 3.719200134277343750e+01 6.436900329589843750e+01 2.968300056457519531e+01
1.100000000000000000e+01 2.812500000000000000e-01 3.633300018310546875e+01 6.075099945068359375e+01 2.949200057983398438e+01
1.700000000000000000e+01 4.642857015132904053e-01 3.554299926757812500e+01 5.861999893188476562e+01 3.262500000000000000e+01
1.600000000000000000e+01 6.875000000000000000e-01 3.753799819946289062e+01 5.537699890136718750e+01 3.280199813842773438e+01
1.500000000000000000e+01 7.723214030265808105e-01 3.656800079345703125e+01 5.250699996948242188e+01 3.501900100708007812e+01
7.000000000000000000e+00 8.839285969734191895e-01 4.204199981689453125e+01 5.381800079345703125e+01 3.831000137329101562e+01
0.000000000000000000e+00 9.866071343421936035e-01 4.746699905395507812e+01 4.950799942016601562e+01 3.566099929809570312e+01
7.000000000000000000e+00 9.910714030265808105e-01 4.981100082397460938e+01 4.795700073242187500e+01 3.819900131225585938e+01
2.200000000000000000e+01 9.732142686843872070e-01 5.214300155639648438e+01 4.533300018310546875e+01 3.688700103759765625e+01
2.200000000000000000e+01 9.508928656578063965e-01 5.447399902343750000e+01 4.335699844360351562e+01 3.916699981689453125e+01
1.500000000000000000e+01 8.526785969734191895e-01 5.722499847412109375e+01 4.105300140380859375e+01 3.791799926757812500e+01
1.800000000000000000e+01 6.785714030265808105e-01 6.017200088500976562e+01 3.891099929809570312e+01 3.897499847412109375e+01
0.000000000000000000e+00 5.758928656578063965e-01 6.282799911499023438e+01 4.029399871826171875e+01 3.671099853515625000e+01
2.000000000000000000e+00 3.169642984867095947e-01 6.570800018310546875e+01 3.819100189208984375e+01 3.536800003051757812e+01
3.000000000000000000e+00 2.723214328289031982e-01 6.474099731445312500e+01 3.477500152587890625e+01 3.649200057983398438e+01
1.700000000000000000e+01 9.375000000000000000e-02 6.656199645996093750e+01 3.286899948120117188e+01 3.359799957275390625e+01
9.000000000000000000e+00 5.357142910361289978e-02 6.923200225830078125e+01 3.559400177001953125e+01 3.376100158691406250e+01
1.600000000000000000e+01 8.035714179277420044e-02 6.962000274658203125e+01 3.919400024414062500e+01 3.275099945068359375e+01
1.000000000000000000e+00 1.741071492433547974e-01 6.735299682617187500e+01 4.028799819946289062e+01 2.991799926757812500e+01
1.000000000000000000e+00 2.633928656578063965e-01 6.605400085449218750e+01 4.336500167846679688e+01 2.817399978637695312e+01
2.000000000000000000e+01 5.267857313156127930e-01 6.227999877929687500e+01 4.375799942016601562e+01 2.865299987792968750e+01
1.800000000000000000e+01 6.160714030265808105e-01 6.000299835205078125e+01 4.605099868774414062e+01 2.665999984741210938e+01
1.100000000000000000e+01 8.035714030265808105e-01 5.655400085449218750e+01 4.661700057983398438e+01 2.826700019836425781e+01
0.000000000000000000e+00 7.946428656578063965e-01 5.385900115966796875e+01 4.747499847412109375e+01 2.571999931335449219e+01
0.000000000000000000e+00 8.973214030265808105e-01 5.072399902343750000e+01 4.865700149536132812e+01 2.752499961853027344e+01
1.200000000000000000e+01 8.437500000000000000e-01 4.736700057983398438e+01 4.932600021362304688e+01 2.580100059509277344e+01
1.200000000000000000e+01 8.303571343421936035e-01 4.476200103759765625e+01 5.172600173950195312e+01 2.725399971008300781e+01
1.700000000000000000e+01 7.544642686843872070e-01 4.102099990844726562e+01 5.225600051879882812e+01 2.693199920654296875e+01
1.600000000000000000e+01 7.232142686843872070e-01 3.833399963378906250e+01 5.314899826049804688e+01 2.960199928283691406e+01
2.000000000000000000e+01 7.991071343421936035e-01 3.702000045776367188e+01 4.973199844360351562e+01 3.052599906921386719e+01
1.700000000000000000e+01 8.794642686843872070e-01 3.981299972534179688e+01 4.759099960327148438e+01 2.904800033569335938e+01
2.000000000000000000e+01 9.553571343421936035e-01 4.357600021362304688e+01 4.732899856567382812e+01 2.920800018310546875e+01
1.700000000000000000e+01 9.464285969734191895e-01 4.623899841308593750e+01 4.502000045776367188e+01 2.791600036621093750e+01
1.800000000000000000e+01 9.598214030265808105e-01 4.997999954223632812e+01 4.454800033569335938e+01 2.871500015258789062e+01
1.800000000000000000e+01 8.616071343421936035e-01 5.275899887084960938e+01 4.237699890136718750e+01 2.714299964904785156e+01
0.000000000000000000e+00 7.812500000000000000e-01 5.642699813842773438e+01 4.166299819946289062e+01 2.807200050354003906e+01
2.200000000000000000e+01 5.848214030265808105e-01 5.863899993896484375e+01 4.177899932861328125e+01 2.498500061035156250e+01
2.200000000000000000e+01 4.062500000000000000e-01 6.196599960327148438e+01 3.998400115966796875e+01 2.606599998474121094e+01
1.800000000000000000e+01 1.383928507566452026e-01 6.544200134277343750e+01 3.994699859619140625e+01 2.432699966430664062e+01
2.000000000000000000e+00 2.232142910361289978e-02 6.858399963378906250e+01 3.813700103759765625e+01 2.534300041198730469e+01
1.600000000000000000e+01 0.000000000000000000e+00 7.191699981689453125e+01 4.023099899291992188e+01 2.525499916076660156e+01
