1 1 14 0 0.0059880239520957446 0 0 23.336 25.764 17.054
1 2 18 0 0.09580838323353291 0 0 24.693 28.810 18.882
1 3 7 0 0.3053892215568862 0 0 28.202 29.910 19.464
1 4 20 0 0.592814371257485 0 0 29.104 32.200 22.409
1 5 13 0 0.688622754491018 0 0 31.961 34.596 21.983
1 6 12 0 0.9101796407185628 0 0 33.480 34.581 25.376
1 7 22 0 0.9461077844311377 0 0 36.327 36.846 26.407
1 8 22 0 0.9880239520958084 0 0 38.179 36.332 29.632
1 9 22 0 0.9700598802395209 0 0 39.034 39.757 30.885
1 10 9 0 0.9341317365269461 0 0 41.408 40.724 33.618
1 11 0 0 0.7964071856287425 0 0 44.788 41.726 35.065
1 12 9 0 0.6047904191616766 0 0 48.239 40.242 35.227
1 13 9 0 0.5688622754491017 0 0 48.639 37.508 37.755
1 14 22 0 0.8083832335329342 0 0 44.975 36.657 38.372
1 15 9 0 0.8203592814371258 0 0 45.211 33.234 36.927
1 16 13 0 0.9281437125748503 0 0 43.104 34.004 33.857
1 17 17 0 0.8562874251497006 0 0 44.696 31.713 31.277
1 18 0 0 0.7664670658682635 0 0 44.778 28.854 33.719
1 19 12 0 0.8982035928143712 0 0 41.092 29.336 34.365
1 20 18 0 0.8862275449101796 0 0 40.393 28.751 30.743
1 21 11 0 0.658682634730539 0 0 42.708 25.771 30.643
1 22 6 0 0.6347305389221557 0 0 40.957 24.239 33.649
1 23 12 0 0.7425149700598803 0 0 37.683 24.725 31.826
1 24 11 0 0.5568862275449102 0 0 38.795 23.469 28.437
1 25 6 0 0.3413173652694611 0 0 41.689 21.055 28.739
1 26 2 0 0.32335329341317365 0 0 40.455 19.851 32.132
1 27 10 0 0.25149700598802394 0 0 43.856 20.436 33.629
1 28 15 0 0.33532934131736525 0 0 45.913 22.838 35.642
1 29 22 0 0.2694610778443114 0 0 48.803 24.434 33.879
1 30 3 0 0.041916167664670656 0 0 52.200 22.774 34.127
1 31 7 0 0.059880239520958 0 0 53.970 25.849 33.037
1 32 20 0 0.19161676646706582 0 0 52.834 29.210 31.633
1 33 3 0 0.11976047904191622 0 0 53.145 29.470 27.888
1 34 16 0 0.20359281437125742 0 0 52.747 33.000 26.605
1 35 18 0 0.3652694610778443 0 0 49.623 32.713 24.478
1 36 11 0 0.16167664670658677 0 0 49.702 33.397 20.813
1 37 7 0 0.12574850299401197 0 0 47.347 31.599 18.495
1 38 3 0 0.3173652694610779 0 0 45.310 29.173 20.557
1 39 17 0 0.4131736526946108 0 0 41.604 28.944 20.052
1 40 20 0 0.5389221556886228 0 0 39.449 27.238 22.611
1 41 1 0 0.4610778443113772 0 0 36.000 25.735 21.966
1 42 13 0 0.4011976047904191 0 0 33.646 23.419 23.848
1 43 6 0 0.17964071856287422 0 0 30.263 21.873 23.284
1 44 22 0 0.2335329341317366 0 0 28.026 21.818 26.396
1 45 22 0 0.0718562874251496 0 0 24.383 21.343 27.128
1 46 11 0 0.16766467065868274 0 0 23.090 23.934 29.467
1 47 3 0 0.04790419161676651 0 0 19.481 24.122 30.611
1 48 9 0 0.0 0 0 18.218 21.591 28.068
1 49 7 0 0.017964071856287345 0 0 19.996 23.426 25.316
1 50 18 0 0.03592814371257491 0 0 23.245 22.605 23.493
1 51 5 0 0.18562874251497008 0 0 25.645 25.421 22.767
1 52 12 0 0.3532934131736526 0 0 29.223 26.068 21.857
1 53 12 0 0.6287425149700598 0 0 31.693 28.095 23.941
1 54 3 0 0.6467065868263473 0 0 34.352 29.992 21.996
1 55 11 0 0.844311377245509 0 0 36.986 31.511 24.274
1 56 12 0 0.8383233532934131 0 0 39.655 34.118 23.946
1 57 3 0 0.8682634730538922 0 0 42.587 33.966 26.293
1 58 18 0 0.8323353293413174 0 0 43.677 37.605 26.720
1 59 0 0 0.5868263473053892 0 0 47.423 37.826 25.930
1 60 9 0 0.38323353293413165 0 0 50.127 40.388 26.406
1 61 6 0 0.29940119760479034 0 0 50.338 43.740 28.118
1 62 7 0 0.4850299401197605 0 0 47.293 45.185 29.710
1 63 7 0 0.19760479041916168 0 0 48.245 48.577 28.389
1 64 20 0 0.13173652694610782 0 0 45.903 50.377 26.007
1 65 17 0 0.08383233532934131 0 0 46.010 49.271 22.392
1 66 0 0 0.053892215568862256 0 0 43.868 49.394 19.262
1 67 14 0 0.14371257485029942 0 0 43.474 45.645 18.941
1 68 1 0 0.4491017964071856 0 0 42.446 45.379 22.544
1 69 3 0 0.35928143712574856 0 0 39.512 47.493 21.699
1 70 6 0 0.2574850299401197 0 0 39.055 45.248 18.690
1 71 20 0 0.5449101796407185 0 0 39.055 42.142 20.820
1 72 14 0 0.6706586826347305 0 0 36.516 43.333 23.250
1 73 1 0 0.45508982035928147 0 0 34.217 44.566 20.511
1 74 18 0 0.46706586826347307 0 0 34.298 41.138 18.953
1 75 9 0 0.718562874251497 0 0 33.305 39.263 22.064
1 76 7 0 0.6946107784431137 0 0 29.846 38.997 23.512
1 77 9 0 0.8922155688622755 0 0 30.135 37.745 27.125
1 78 15 0 0.9640718562874252 0 0 32.815 38.859 29.484
1 79 12 0 0.9940119760479041 0 0 34.380 36.843 32.309
1 80 5 0 0.9820359281437125 0 0 36.102 39.426 34.496
1 81 22 0 0.9760479041916168 0 0 38.808 37.979 36.602
1 82 15 0 0.8802395209580838 0 0 40.502 39.258 39.671
1 83 0 0 0.7365269461077844 0 0 42.381 37.482 42.430
1 84 11 0 0.5089820359281436 0 0 41.598 37.566 46.162
1 85 2 0 0.281437125748503 0 0 45.257 37.992 47.066
1 86 2 0 0.39520958083832336 0 0 46.213 40.489 44.380
1 87 18 0 0.26347305389221565 0 0 44.709 43.704 45.586
1 88 13 0 0.3293413173652695 0 0 45.665 45.661 42.622
1 89 17 0 0.6227544910179641 0 0 43.855 43.270 40.303
1 90 15 0 0.6167664670658684 0 0 40.584 44.106 41.913
1 91 7 0 0.41916167664670656 0 0 41.019 47.852 41.603
1 92 3 0 0.5808383233532934 0 0 41.503 47.220 37.775
1 93 11 0 0.7784431137724551 0 0 37.982 45.771 37.548
1 94 10 0 0.5329341317365269 0 0 36.274 49.141 37.282
1 95 10 0 0.5149700598802396 0 0 38.636 50.125 34.494
1 96 20 0 0.7724550898203593 0 0 37.915 46.866 32.664
1 97 1 0 0.7544910179640718 0 0 34.160 47.062 33.064
1 98 7 0 0.47904191616766467 0 0 33.977 50.523 31.681
1 99 6 0 0.5269461077844311 0 0 36.317 49.660 28.877
1 100 11 0 0.652694610778443 0 0 33.881 46.934 27.736
1 101 13 0 0.44311377245508976 0 0 31.018 49.482 27.962
1 102 1 0 0.21556886227544902 0 0 32.891 51.964 25.775
1 103 22 0 0.28742514970059885 0 0 33.319 49.445 22.966
1 104 13 0 0.37125748502994016 0 0 30.125 47.455 23.301
1 105 3 0 0.11377245508982048 0 0 27.855 50.481 23.575
1 106 17 0 0.20958083832335328 0 0 25.983 49.239 26.594
1 107 7 0 0.34730538922155685 0 0 26.216 48.725 30.341
1 108 3 0 0.3892215568862275 0 0 23.913 45.732 30.346
1 109 22 0 0.6107784431137725 0 0 26.710 43.721 28.782
1 110 16 0 0.7904191616766467 0 0 26.789 40.042 29.733
1 111 14 0 0.9161676646706587 0 0 29.407 40.158 32.454
1 112 22 0 0.9580838323353293 0 0 30.449 37.608 35.054
1 113 12 0 0.9401197604790419 0 0 32.871 38.717 37.789
1 114 22 0 0.9520958083832335 0 0 35.243 36.052 39.190
1 115 9 0 0.8622754491017964 0 0 37.560 36.085 42.201
1 116 2 0 0.8263473053892215 0 0 40.344 33.568 41.606
1 117 13 0 0.562874251497006 0 0 42.820 31.853 43.866
1 118 5 0 0.4730538922155688 0 0 40.041 31.063 46.257
1 119 3 0 0.23952095808383234 0 0 41.698 27.809 47.229
1 120 12 0 0.10778443113772451 0 0 43.791 30.092 49.423
1 121 16 0 0.0119760479041916 0 0 43.065 30.439 53.085
1 122 17 0 0.02395209580838331 0 0 43.305 34.214 53.123
1 123 1 0 0.08982035928143717 0 0 42.767 37.297 51.178
1 124 18 0 0.06586826347305386 0 0 43.241 41.126 51.002
1 125 22 0 0.24550898203592808 0 0 40.286 41.802 48.754
1 126 3 0 0.10179640718562877 0 0 37.282 42.234 50.996
1 127 18 0 0.221556886227545 0 0 34.520 39.757 50.074
1 128 13 0 0.07784431137724557 0 0 31.700 42.183 50.888
1 129 6 0 0.14970059880239517 0 0 33.268 44.816 48.663
1 130 0 0 0.49101796407185627 0 0 33.198 42.235 45.815
1 131 6 0 0.3772455089820359 0 0 29.590 41.332 46.520
1 132 3 0 0.17365269461077848 0 0 28.516 44.940 46.556
1 133 12 0 0.4251497005988024 0 0 30.561 45.698 43.432
1 134 0 0 0.5748502994011976 0 0 28.932 42.741 41.829
1 135 1 0 0.31137724550898194 0 0 25.502 43.962 42.917
1 136 17 0 0.22754491017964074 0 0 26.301 47.525 41.908
1 137 20 0 0.43113772455089827 0 0 26.741 46.700 38.222
1 138 9 0 0.437125748502994 0 0 24.310 43.805 38.362
1 139 11 0 0.7125748502994012 0 0 26.909 41.220 37.490
1 140 16 0 0.7604790419161677 0 0 27.003 37.772 38.997
1 141 15 0 0.8023952095808383 0 0 29.946 36.860 41.228
1 142 11 0 0.8143712574850299 0 0 31.644 33.517 41.676
1 143 7 0 0.7065868263473054 0 0 34.541 32.488 43.836
1 144 18 0 0.7844311377245509 0 0 36.776 30.182 41.896
1 145 17 0 0.6407185628742516 0 0 39.839 28.021 41.982
1 146 0 0 0.6766467065868262 0 0 41.786 27.294 38.832
1 147 13 0 0.40718562874251496 0 0 44.276 25.188 40.726
1 148 18 0 0.27544910179640725 0 0 41.665 22.765 42.063
1 149 1 0 0.4970059880239521 0 0 38.657 23.331 39.822
1 150 6 0 0.5029940119760479 0 0 36.002 24.736 41.932
1 151 9 0 0.6646706586826348 0 0 33.347 27.096 40.530
1 152 22 0 0.8502994011976048 0 0 35.063 27.400 37.141
1 153 3 0 0.7305389221556886 0 0 32.122 25.578 35.606
1 154 3 0 0.7245508982035929 0 0 29.435 27.714 37.199
1 155 0 0 0.9221556886227544 0 0 31.003 30.963 36.225
1 156 15 0 0.9041916167664671 0 0 30.836 29.948 32.632
1 157 20 0 0.7005988023952096 0 0 27.404 28.322 32.897
1 158 18 0 0.7485029940119761 0 0 26.037 31.422 34.592
1 159 12 0 0.874251497005988 0 0 27.733 33.475 31.788
1 160 22 0 0.6826347305389222 0 0 25.802 31.603 29.130
1 161 1 0 0.5209580838323353 0 0 22.530 32.192 30.965
1 162 7 0 0.5988023952095809 0 0 23.200 35.916 31.309
1 163 11 0 0.5508982035928144 0 0 23.678 36.154 27.552
1 164 1 0 0.2934131736526946 0 0 20.493 34.247 27.065
1 165 13 0 0.15568862275449102 0 0 18.315 36.505 29.277
1 166 10 0 0.13772455089820357 0 0 18.950 39.332 26.865
1 167 13 0 0.029940119760479056 0 0 17.578 39.553 23.343
