1 1 14 0 0.0059880239520957446 0 0 21.759 53.057 46.249
1 2 18 0 0.06586826347305386 0 0 25.223 51.927 45.260
1 3 7 0 0.27544910179640725 0 0 25.380 49.910 41.988
1 4 20 0 0.5568862275449102 0 0 28.119 47.515 41.163
1 5 13 0 0.6826347305389222 0 0 28.300 46.227 37.668
1 6 12 0 0.9041916167664671 0 0 29.802 42.720 38.145
1 7 22 0 0.9401197604790419 0 0 30.753 40.999 34.947
1 8 22 0 0.9820359281437125 0 0 30.954 37.245 34.911
1 9 22 0 0.9700598802395209 0 0 33.413 36.022 32.433
1 10 9 0 0.9281437125748503 0 0 35.110 32.872 31.525
1 11 0 0 0.7964071856287425 0 0 35.028 29.863 29.233
1 12 9 0 0.6407185628742516 0 0 32.146 27.695 28.147
1 13 9 0 0.592814371257485 0 0 30.706 25.355 30.654
1 14 22 0 0.8263473053892215 0 0 32.496 26.531 33.693
1 15 9 0 0.8622754491017964 0 0 29.290 27.601 35.416
1 16 13 0 0.9341317365269461 0 0 29.271 31.307 34.884
1 17 17 0 0.8502994011976048 0 0 25.472 31.430 35.093
1 18 0 0 0.8083832335329342 0 0 25.621 28.908 37.824
1 19 12 0 0.9101796407185628 0 0 27.630 30.947 40.270
1 20 18 0 0.8922155688622755 0 0 25.347 33.901 39.715
1 21 11 0 0.658682634730539 0 0 22.217 31.829 40.044
1 22 6 0 0.652694610778443 0 0 23.571 30.289 43.186
1 23 12 0 0.7005988023952096 0 0 24.288 33.656 44.909
1 24 11 0 0.5329341317365269 0 0 21.033 35.231 43.863
1 25 6 0 0.3532934131736526 0 0 18.334 32.704 43.257
1 26 2 0 0.3053892215568862 0 0 19.957 30.161 45.693
1 27 10 0 0.22754491017964074 0 0 19.481 27.116 43.518
1 28 15 0 0.3173652694610779 0 0 21.463 24.861 41.358
1 29 22 0 0.38323353293413165 0 0 21.078 25.771 37.745
1 30 3 0 0.10778443113772451 0 0 18.918 23.766 35.505
1 31 7 0 0.11976047904191622 0 0 19.093 25.118 31.954
1 32 20 0 0.25149700598802394 0 0 21.166 27.110 29.531
1 33 3 0 0.18562874251497008 0 0 19.533 30.303 28.337
1 34 16 0 0.31137724550898194 0 0 21.626 32.950 26.686
1 35 18 0 0.437125748502994 0 0 20.993 35.641 29.285
1 36 11 0 0.2934131736526946 0 0 21.224 38.622 27.022
1 37 7 0 0.16766467065868274 0 0 19.009 41.177 28.657
1 38 3 0 0.2574850299401197 0 0 17.966 39.261 31.650
1 39 17 0 0.4131736526946108 0 0 19.079 40.599 35.017
1 40 20 0 0.5269461077844311 0 0 20.060 38.918 38.261
1 41 1 0 0.4970059880239521 0 0 20.672 41.415 41.055
1 42 13 0 0.35928143712574856 0 0 20.066 41.856 44.797
1 43 6 0 0.15568862275449102 0 0 20.546 44.322 47.591
1 44 22 0 0.20958083832335328 0 0 23.199 42.877 49.902
1 45 22 0 0.09580838323353291 0 0 24.988 44.083 53.007
1 46 11 0 0.19161676646706582 0 0 28.696 43.487 53.044
1 47 3 0 0.04790419161676651 0 0 30.953 44.506 56.014
1 48 9 0 0.0 0 0 28.140 46.698 57.378
1 49 7 0 0.0119760479041916 0 0 27.502 48.571 54.208
1 50 18 0 0.03592814371257491 0 0 24.503 48.063 51.904
1 51 5 0 0.17365269461077848 0 0 25.142 47.839 48.206
1 52 12 0 0.34730538922155685 0 0 23.434 46.359 45.150
1 53 12 0 0.5988023952095809 0 0 25.086 43.702 43.077
1 54 3 0 0.6047904191616766 0 0 24.036 44.015 39.483
1 55 11 0 0.8383233532934131 0 0 25.229 41.089 37.447
1 56 12 0 0.8323353293413174 0 0 26.121 40.838 33.723
1 57 3 0 0.8562874251497006 0 0 26.258 37.395 32.197
1 58 18 0 0.8143712574850299 0 0 28.256 36.336 29.172
1 59 0 0 0.5748502994011976 0 0 27.537 34.067 26.227
1 60 9 0 0.39520958083832336 0 0 29.133 32.933 22.995
1 61 6 0 0.3772455089820359 0 0 32.463 31.354 22.359
1 62 7 0 0.14371257485029942 0 0 32.377 33.651 19.357
1 63 7 0 0.07784431137724557 0 0 35.694 35.230 18.413
1 64 20 0 0.029940119760479056 0 0 34.701 38.469 16.713
1 65 17 0 0.10179640718562877 0 0 31.903 39.199 19.099
1 66 0 0 0.13173652694610782 0 0 31.922 42.644 20.630
1 67 14 0 0.32335329341317365 0 0 29.279 42.097 23.285
1 68 1 0 0.562874251497006 0 0 31.993 40.671 25.513
1 69 3 0 0.4610778443113772 0 0 33.655 44.093 25.499
1 70 6 0 0.3892215568862275 0 0 30.324 45.800 26.146
1 71 20 0 0.6467065868263473 0 0 29.793 44.149 29.449
1 72 14 0 0.6946107784431137 0 0 33.449 44.657 30.235
1 73 1 0 0.44311377245508976 0 0 33.008 48.359 29.543
1 74 18 0 0.49101796407185627 0 0 30.041 48.428 31.853
1 75 9 0 0.7425149700598803 0 0 31.662 46.244 34.518
1 76 7 0 0.7065868263473054 0 0 33.592 47.451 37.500
1 77 9 0 0.8802395209580838 0 0 34.878 44.156 38.731
1 78 15 0 0.9640718562874252 0 0 35.315 40.774 37.077
1 79 12 0 0.9940119760479041 0 0 34.501 37.465 38.641
1 80 5 0 0.9880239520958084 0 0 36.339 35.066 36.461
1 81 22 0 0.9760479041916168 0 0 35.474 31.403 36.314
1 82 15 0 0.874251497005988 0 0 37.160 28.116 35.344
1 83 0 0 0.7305389221556886 0 0 36.320 24.564 36.394
1 84 11 0 0.5089820359281436 0 0 39.036 22.530 37.960
1 85 2 0 0.26347305389221565 0 0 38.908 19.560 35.638
1 86 2 0 0.37125748502994016 0 0 39.109 21.450 32.407
1 87 18 0 0.23952095808383234 0 0 42.611 22.265 31.465
1 88 13 0 0.3413173652694611 0 0 41.795 24.693 28.620
1 89 17 0 0.6167664670658684 0 0 39.506 26.756 30.850
1 90 15 0 0.6107784431137725 0 0 42.326 27.394 33.300
1 91 7 0 0.43113772455089827 0 0 44.763 28.180 30.511
1 92 3 0 0.5688622754491017 0 0 42.218 30.611 28.955
1 93 11 0 0.7664670658682635 0 0 42.315 32.832 32.009
1 94 10 0 0.5149700598802396 0 0 45.312 34.412 30.295
1 95 10 0 0.5449101796407185 0 0 42.800 35.137 27.446
1 96 20 0 0.7904191616766467 0 0 40.172 36.669 29.681
1 97 1 0 0.7365269461077844 0 0 42.736 38.717 31.655
1 98 7 0 0.47904191616766467 0 0 43.958 40.190 28.382
1 99 6 0 0.5389221556886228 0 0 40.548 41.000 27.070
1 100 11 0 0.6706586826347305 0 0 39.643 42.877 30.286
1 101 13 0 0.46706586826347307 0 0 43.054 44.478 30.524
1 102 1 0 0.20359281437125742 0 0 42.857 46.140 27.133
1 103 22 0 0.3293413173652695 0 0 39.519 47.530 28.076
1 104 13 0 0.33532934131736525 0 0 40.393 49.190 31.399
1 105 3 0 0.08383233532934131 0 0 43.773 50.232 30.124
1 106 17 0 0.12574850299401197 0 0 45.926 48.917 32.953
1 107 7 0 0.28742514970059885 0 0 46.896 45.667 34.567
1 108 3 0 0.3652694610778443 0 0 45.333 46.933 37.741
1 109 22 0 0.5868263473053892 0 0 41.705 45.824 37.695
1 110 16 0 0.7784431137724551 0 0 39.666 44.224 40.443
1 111 14 0 0.9221556886227544 0 0 39.447 40.558 39.414
1 112 22 0 0.9520958083832335 0 0 38.637 37.491 41.398
1 113 12 0 0.9461077844311377 0 0 39.718 34.061 40.082
1 114 22 0 0.9580838323353293 0 0 37.064 31.487 40.905
1 115 9 0 0.8682634730538922 0 0 37.848 27.872 40.682
1 116 2 0 0.844311377245509 0 0 34.516 26.183 40.483
1 117 13 0 0.5508982035928144 0 0 34.093 22.450 41.239
1 118 5 0 0.4850299401197605 0 0 36.254 22.605 44.266
1 119 3 0 0.24550898203592808 0 0 34.047 20.643 46.492
1 120 12 0 0.11377245508982048 0 0 35.197 17.746 44.142
1 121 16 0 0.02395209580838331 0 0 38.203 16.027 45.589
1 122 17 0 0.017964071856287345 0 0 40.170 15.544 42.378
1 123 1 0 0.08982035928143717 0 0 41.557 18.059 39.971
1 124 18 0 0.053892215568862256 0 0 42.942 18.009 36.468
1 125 22 0 0.19760479041916168 0 0 44.302 21.463 37.013
1 126 3 0 0.0718562874251496 0 0 47.172 21.470 39.508
1 127 18 0 0.16167664670658677 0 0 46.805 23.697 42.582
1 128 13 0 0.041916167664670656 0 0 50.385 24.784 42.261
1 129 6 0 0.14970059880239517 0 0 49.666 26.386 38.890
1 130 0 0 0.45508982035928147 0 0 46.598 28.138 40.224
1 131 6 0 0.281437125748503 0 0 48.658 29.697 43.086
1 132 3 0 0.13772455089820357 0 0 51.404 30.620 40.730
1 133 12 0 0.40718562874251496 0 0 48.925 32.242 38.352
1 134 0 0 0.5209580838323353 0 0 47.151 34.182 41.057
1 135 1 0 0.2335329341317366 0 0 50.437 35.640 42.141
1 136 17 0 0.17964071856287422 0 0 51.496 36.124 38.558
1 137 20 0 0.41916167664670656 0 0 48.785 38.674 37.703
1 138 9 0 0.4491017964071856 0 0 47.931 39.589 41.251
1 139 11 0 0.7245508982035929 0 0 44.403 38.221 41.141
1 140 16 0 0.7544910179640718 0 0 42.696 36.968 44.324
1 141 15 0 0.7844311377245509 0 0 41.809 33.294 44.172
1 142 11 0 0.8203592814371258 0 0 38.828 31.400 45.487
1 143 7 0 0.718562874251497 0 0 37.550 27.807 45.517
1 144 18 0 0.7604790419161677 0 0 33.839 27.294 44.944
1 145 17 0 0.6347305389221557 0 0 31.328 24.740 43.966
1 146 0 0 0.6646706586826348 0 0 28.071 25.881 42.509
1 147 13 0 0.4011976047904191 0 0 26.480 22.450 42.733
1 148 18 0 0.21556886227544902 0 0 26.679 22.074 46.479
1 149 1 0 0.4251497005988024 0 0 26.826 25.665 47.532
1 150 6 0 0.4730538922155688 0 0 30.391 25.937 48.663
1 151 9 0 0.6227544910179641 0 0 32.049 29.330 48.833
1 152 22 0 0.8023952095808383 0 0 29.743 30.935 46.417
1 153 3 0 0.6766467065868262 0 0 28.670 33.773 48.653
1 154 3 0 0.7125748502994012 0 0 32.292 34.444 49.580
1 155 0 0 0.8982035928143712 0 0 33.381 34.683 46.002
1 156 15 0 0.9161676646706587 0 0 31.111 37.547 45.135
1 157 20 0 0.7485029940119761 0 0 31.744 39.476 48.336
1 158 18 0 0.7724550898203593 0 0 35.469 39.079 48.003
1 159 12 0 0.8862275449101796 0 0 34.765 40.765 44.752
1 160 22 0 0.688622754491018 0 0 33.152 43.616 46.616
1 161 1 0 0.5029940119760479 0 0 36.084 44.188 48.896
1 162 7 0 0.6287425149700598 0 0 38.357 44.251 45.926
1 163 11 0 0.5808383233532934 0 0 36.148 46.787 44.390
1 164 1 0 0.29940119760479034 0 0 36.129 48.946 47.550
1 165 13 0 0.221556886227545 0 0 39.893 48.435 47.933
1 166 10 0 0.2694610778443114 0 0 40.556 49.707 44.420
1 167 13 0 0.059880239520958 0 0 41.204 53.280 43.286
