5.000000000000000000e+00 8.035714179277420044e-02 2.551199913024902344e+01 3.936399841308593750e+01 4.334999847412109375e+01
1.600000000000000000e+01 2.321428507566452026e-01 2.711199951171875000e+01 4.235100173950195312e+01 4.153400039672851562e+01
1.200000000000000000e+01 5.044642686843872070e-01 3.089999961853027344e+01 4.146799850463867188e+01 4.113499832153320312e+01
1.400000000000000000e+01 5.223214030265808105e-01 3.172200012207031250e+01 3.830300140380859375e+01 3.918000030517578125e+01
2.200000000000000000e+01 7.142857313156127930e-01 3.536100006103515625e+01 3.774900054931640625e+01 3.788800048828125000e+01
1.300000000000000000e+01 6.785714030265808105e-01 3.610800170898437500e+01 3.501399993896484375e+01 3.525099945068359375e+01
2.200000000000000000e+01 7.321428656578063965e-01 3.956399917602539062e+01 3.385900115966796875e+01 3.412900161743164062e+01
1.200000000000000000e+01 6.517857313156127930e-01 4.023199844360351562e+01 3.247700119018554688e+01 3.062100028991699219e+01
3.000000000000000000e+00 6.160714030265808105e-01 4.354299926757812500e+01 3.103300094604492188e+01 2.917000007629394531e+01
0.000000000000000000e+00 5.491071343421936035e-01 4.448199844360351562e+01 3.218500137329101562e+01 2.568899917602539062e+01
2.200000000000000000e+01 3.973214328289031982e-01 4.729000091552734375e+01 2.962100028991699219e+01 2.528899955749511719e+01
1.000000000000000000e+00 2.232142835855484009e-01 4.475799942016601562e+01 2.693899917602539062e+01 2.505400085449218750e+01
9.000000000000000000e+00 2.767857015132904053e-01 4.194499969482421875e+01 2.937400054931640625e+01 2.429999923706054688e+01
1.700000000000000000e+01 2.455357164144515991e-01 3.990800094604492188e+01 2.780999946594238281e+01 2.713699913024902344e+01
1.600000000000000000e+01 3.392857015132904053e-01 3.854499816894531250e+01 2.859900093078613281e+01 3.056699943542480469e+01
0.000000000000000000e+00 5.000000000000000000e-01 4.137699890136718750e+01 2.880200004577636719e+01 3.313600158691406250e+01
1.100000000000000000e+01 3.035714328289031982e-01 4.012099838256835938e+01 2.628199958801269531e+01 3.586399841308593750e+01
2.000000000000000000e+00 3.526785671710968018e-01 4.104000091552734375e+01 2.707799911499023438e+01 3.950500106811523438e+01
2.200000000000000000e+01 6.339285969734191895e-01 4.298699951171875000e+01 3.021599960327148438e+01 3.930500030517578125e+01
0.000000000000000000e+00 6.383928656578063965e-01 4.305199813842773438e+01 3.166699981689453125e+01 4.287300109863281250e+01
1.400000000000000000e+01 7.500000000000000000e-01 4.189899826049804688e+01 3.521500015258789062e+01 4.363299942016601562e+01
2.200000000000000000e+01 7.187500000000000000e-01 3.901699829101562500e+01 4.075299835205078125e+01 4.647000122070312500e+01
1.500000000000000000e+01 7.008928656578063965e-01 3.988299942016601562e+01 4.389799880981445312e+01 4.833499908447265625e+01
1.000000000000000000e+00 6.116071343421936035e-01 3.837900161743164062e+01 4.739799880981445312e+01 4.927000045776367188e+01
1.300000000000000000e+01 5.669642686843872070e-01 4.029399871826171875e+01 5.056999969482421875e+01 5.006399917602539062e+01
0.000000000000000000e+00 2.812500000000000000e-01 4.024300003051757812e+01 5.174300003051757812e+01 5.373199844360351562e+01
0.000000000000000000e+00 1.160714253783226013e-01 3.993799972534179688e+01 5.547900009155273438e+01 5.481399917602539062e+01
3.000000000000000000e+00 1.607142835855484009e-01 4.377399826049804688e+01 5.597299957275390625e+01 5.466400146484375000e+01
3.000000000000000000e+00 4.642857015132904053e-01 4.361899948120117188e+01 5.439400100708007812e+01 5.123099899291992188e+01
1.800000000000000000e+01 5.133928656578063965e-01 4.531399917602539062e+01 5.095600128173828125e+01 5.207500076293945312e+01
1.900000000000000000e+01 6.473214030265808105e-01 4.380799865722656250e+01 4.757500076293945312e+01 5.093999862670898438e+01
7.000000000000000000e+00 4.732142984867095947e-01 4.137300109863281250e+01 4.554299926757812500e+01 5.324000167846679688e+01
1.600000000000000000e+01 4.553571343421936035e-01 4.022999954223632812e+01 4.189799880981445312e+01 5.265999984741210938e+01
1.500000000000000000e+01 4.241071343421936035e-01 3.686899948120117188e+01 4.181800079345703125e+01 5.112500000000000000e+01
0.000000000000000000e+00 4.375000000000000000e-01 3.649700164794921875e+01 3.832400131225585938e+01 4.946500015258789062e+01
1.700000000000000000e+01 4.910714328289031982e-01 3.838299942016601562e+01 3.534700012207031250e+01 4.785800170898437500e+01
9.000000000000000000e+00 3.839285671710968018e-01 3.811299896240234375e+01 3.185400009155273438e+01 4.607300186157226562e+01
1.300000000000000000e+01 4.821428656578063965e-01 3.936000061035156250e+01 3.028199958801269531e+01 4.294200134277343750e+01
1.800000000000000000e+01 4.687500000000000000e-01 3.758200073242187500e+01 2.994700050354003906e+01 3.950699996948242188e+01
1.700000000000000000e+01 1.830357164144515991e-01 3.509600067138671875e+01 2.726000022888183594e+01 3.856000137329101562e+01
7.000000000000000000e+00 7.589285820722579956e-02 3.499499893188476562e+01 2.476600074768066406e+01 3.564699935913085938e+01
1.700000000000000000e+01 1.294642835855484009e-01 3.351900100708007812e+01 2.730999946594238281e+01 3.321599960327148438e+01
9.000000000000000000e+00 3.883928656578063965e-01 3.626800155639648438e+01 2.972699928283691406e+01 3.451499938964843750e+01
7.000000000000000000e+00 3.928571343421936035e-01 3.374499893188476562e+01 3.181200027465820312e+01 3.643500137329101562e+01
1.200000000000000000e+01 4.285714328289031982e-01 3.388899993896484375e+01 3.281700134277343750e+01 4.012799835205078125e+01
9.000000000000000000e+00 1.205357164144515991e-01 2.947299957275390625e+01 3.434400177001953125e+01 4.533300018310546875e+01
1.200000000000000000e+01 3.214285671710968018e-01 3.204000091552734375e+01 3.708599853515625000e+01 4.599000167846679688e+01
1.800000000000000000e+01 1.875000000000000000e-01 2.988599967956542969e+01 3.982899856567382812e+01 4.793999862670898438e+01
1.800000000000000000e+01 4.017857089638710022e-02 2.631200027465820312e+01 4.106499862670898438e+01 4.840299987792968750e+01
7.000000000000000000e+00 1.785714365541934967e-02 2.471500015258789062e+01 4.426399993896484375e+01 4.701599884033203125e+01
7.000000000000000000e+00 8.928571827709674835e-03 2.439999961853027344e+01 4.556700134277343750e+01 5.054600143432617188e+01
7.000000000000000000e+00 5.357142910361289978e-02 2.808699989318847656e+01 4.519699859619140625e+01 5.129999923706054688e+01
1.500000000000000000e+01 2.008928507566452026e-01 2.934399986267089844e+01 4.620000076293945312e+01 4.794200134277343750e+01
2.200000000000000000e+01 1.071428582072257996e-01 2.891699981689453125e+01 5.000199890136718750e+01 4.901100158691406250e+01
7.000000000000000000e+00 1.964285671710968018e-01 3.023500061035156250e+01 5.277799987792968750e+01 4.681900024414062500e+01
9.000000000000000000e+00 4.107142984867095947e-01 3.410200119018554688e+01 5.257199859619140625e+01 4.695700073242187500e+01
1.100000000000000000e+01 6.651785969734191895e-01 3.725999832153320312e+01 5.160900115966796875e+01 4.531299972534179688e+01
2.000000000000000000e+01 7.723214030265808105e-01 3.798799896240234375e+01 4.785900115966796875e+01 4.493399810791015625e+01
1.300000000000000000e+01 8.973214030265808105e-01 4.088600158691406250e+01 4.577199935913085938e+01 4.381299972534179688e+01
2.200000000000000000e+01 9.241071343421936035e-01 4.104899978637695312e+01 4.216199874877929688e+01 4.278799819946289062e+01
7.000000000000000000e+00 9.285714030265808105e-01 4.439400100708007812e+01 4.002899932861328125e+01 4.284600067138671875e+01
1.100000000000000000e+01 9.151785969734191895e-01 4.443999862670898438e+01 3.694599914550781250e+01 4.061399841308593750e+01
3.000000000000000000e+00 8.303571343421936035e-01 4.743600082397460938e+01 3.461500167846679688e+01 4.119800186157226562e+01
1.800000000000000000e+01 8.392857313156127930e-01 4.880400085449218750e+01 3.379800033569335938e+01 3.775199890136718750e+01
1.300000000000000000e+01 7.410714030265808105e-01 5.228099822998046875e+01 3.276599884033203125e+01 3.892399978637695312e+01
1.700000000000000000e+01 5.982142686843872070e-01 5.062099838256835938e+01 2.972299957275390625e+01 4.054100036621093750e+01
2.000000000000000000e+01 5.937500000000000000e-01 4.873400115966796875e+01 2.881699943542480469e+01 3.744699859619140625e+01
1.900000000000000000e+01 5.535714030265808105e-01 5.175699996948242188e+01 2.896999931335449219e+01 3.505099868774414062e+01
1.300000000000000000e+01 3.437500000000000000e-01 5.397800064086914062e+01 2.699900054931640625e+01 3.735300064086914062e+01
0.000000000000000000e+00 2.276785671710968018e-01 5.134400177001953125e+01 2.432999992370605469e+01 3.776200103759765625e+01
1.200000000000000000e+01 1.651785671710968018e-01 5.106000137329101562e+01 2.362000083923339844e+01 3.398400115966796875e+01
9.000000000000000000e+00 1.250000000000000000e-01 5.488800048828125000e+01 2.392200088500976562e+01 3.360699844360351562e+01
1.100000000000000000e+01 3.080357015132904053e-01 5.524800109863281250e+01 2.723600006103515625e+01 3.185099983215332031e+01
1.700000000000000000e+01 4.508928656578063965e-01 5.747700119018554688e+01 3.022999954223632812e+01 3.297200012207031250e+01
1.600000000000000000e+01 6.919642686843872070e-01 5.561299896240234375e+01 3.329199981689453125e+01 3.420800018310546875e+01
1.500000000000000000e+01 7.857142686843872070e-01 5.704700088500976562e+01 3.698600006103515625e+01 3.395600128173828125e+01
7.000000000000000000e+00 8.928571343421936035e-01 5.345600128173828125e+01 3.804100036621093750e+01 3.963700103759765625e+01
0.000000000000000000e+00 9.776785969734191895e-01 4.720299911499023438e+01 3.994400024414062500e+01 3.746400070190429688e+01
7.000000000000000000e+00 9.955357313156127930e-01 4.558599853515625000e+01 4.299200057983398438e+01 3.935699844360351562e+01
2.200000000000000000e+01 9.866071343421936035e-01 4.262099838256835938e+01 4.525199890136718750e+01 3.841899871826171875e+01
2.200000000000000000e+01 9.553571343421936035e-01 4.162099838256835938e+01 4.856999969482421875e+01 4.023400115966796875e+01
1.500000000000000000e+01 8.616071343421936035e-01 3.821200180053710938e+01 5.020800018310546875e+01 3.989199829101562500e+01
1.800000000000000000e+01 6.830357313156127930e-01 3.587699890136718750e+01 5.267100143432617188e+01 4.148899841308593750e+01
0.000000000000000000e+00 5.446428656578063965e-01 3.264199829101562500e+01 5.086000061035156250e+01 4.206399917602539062e+01
2.000000000000000000e+00 2.723214328289031982e-01 2.922200012207031250e+01 5.260599899291992188e+01 4.180799865722656250e+01
3.000000000000000000e+00 2.633928656578063965e-01 3.040900039672851562e+01 5.593600082397460938e+01 4.035400009155273438e+01
1.700000000000000000e+01 9.375000000000000000e-02 2.717799949645996094e+01 5.647299957275390625e+01 3.845600128173828125e+01
9.000000000000000000e+00 4.910714179277420044e-02 2.522999954223632812e+01 5.467499923706054688e+01 4.112599945068359375e+01
1.600000000000000000e+01 6.696428358554840088e-02 2.480299949645996094e+01 5.095299911499023438e+01 4.166600036621093750e+01
1.000000000000000000e+00 1.741071492433547974e-01 2.591900062561035156e+01 4.862699890136718750e+01 3.886600112915039062e+01
1.000000000000000000e+00 2.500000000000000000e-01 2.664500045776367188e+01 4.501100158691406250e+01 3.841799926757812500e+01
2.000000000000000000e+01 5.267857313156127930e-01 3.017300033569335938e+01 4.420800018310546875e+01 3.706499862670898438e+01
1.800000000000000000e+01 5.892857313156127930e-01 3.131999969482421875e+01 4.112500000000000000e+01 3.516899871826171875e+01
1.100000000000000000e+01 7.946428656578063965e-01 3.526800155639648438e+01 4.098899841308593750e+01 3.475899887084960938e+01
0.000000000000000000e+00 7.991071343421936035e-01 3.690599822998046875e+01 3.885100173950195312e+01 3.213100051879882812e+01
0.000000000000000000e+00 8.883928656578063965e-01 4.063499832153320312e+01 3.815200042724609375e+01 3.254199981689453125e+01
1.200000000000000000e+01 8.526785969734191895e-01 4.268199920654296875e+01 3.683900070190429688e+01 2.962599945068359375e+01
1.200000000000000000e+01 8.214285969734191895e-01 4.586399841308593750e+01 3.489599990844726562e+01 3.052499961853027344e+01
1.700000000000000000e+01 7.633928656578063965e-01 4.896699905395507812e+01 3.431499862670898438e+01 2.836100006103515625e+01
1.600000000000000000e+01 7.232142686843872070e-01 5.248500061035156250e+01 3.379600143432617188e+01 3.004599952697753906e+01
2.000000000000000000e+01 8.125000000000000000e-01 5.414500045776367188e+01 3.733399963378906250e+01 2.940399932861328125e+01
1.700000000000000000e+01 9.062500000000000000e-01 5.099399948120117188e+01 3.930199813842773438e+01 2.898399925231933594e+01
2.000000000000000000e+01 9.508928656578063965e-01 4.750500106811523438e+01 3.972000122070312500e+01 3.019300079345703125e+01
1.700000000000000000e+01 9.375000000000000000e-01 4.437699890136718750e+01 4.154399871826171875e+01 2.903800010681152344e+01
1.800000000000000000e+01 9.598214030265808105e-01 4.140299987792968750e+01 4.276699829101562500e+01 3.130100059509277344e+01
1.800000000000000000e+01 8.571428656578063965e-01 3.773300170898437500e+01 4.347700119018554688e+01 3.040699958801269531e+01
0.000000000000000000e+00 7.901785969734191895e-01 3.486600112915039062e+01 4.518899917602539062e+01 3.221799850463867188e+01
2.200000000000000000e+01 5.714285969734191895e-01 3.141300010681152344e+01 4.440700149536132812e+01 3.097100067138671875e+01
2.200000000000000000e+01 4.017857015132904053e-01 2.874300003051757812e+01 4.640999984741210938e+01 3.293899917602539062e+01
1.800000000000000000e+01 1.517857164144515991e-01 2.513100051879882812e+01 4.573600006103515625e+01 3.367900085449218750e+01
2.000000000000000000e+00 2.678571455180644989e-02 2.290399932861328125e+01 4.881100082397460938e+01 3.428900146484375000e+01
1.600000000000000000e+01 0.000000000000000000e+00 1.952799987792968750e+01 4.794400024414062500e+01 3.618600082397460938e+01
5.000000000000000000e+00 1.339285671710968018e-01 6.742099761962890625e+01 4.965499877929687500e+01 2.761199951171875000e+01
1.600000000000000000e+01 2.366071492433547974e-01 6.711199951171875000e+01 4.710599899291992188e+01 3.037500000000000000e+01
1.200000000000000000e+01 5.089285969734191895e-01 6.354999923706054688e+01 4.794300079345703125e+01 3.126199913024902344e+01
1.400000000000000000e+01 5.357142686843872070e-01 6.158800125122070312e+01 5.015599822998046875e+01 2.889800071716308594e+01
2.200000000000000000e+01 7.053571343421936035e-01 5.789199829101562500e+01 5.111700057983398438e+01 2.902700042724609375e+01
1.300000000000000000e+01 6.696428656578063965e-01 5.571099853515625000e+01 5.205899810791015625e+01 2.603499984741210938e+01
2.200000000000000000e+01 7.276785969734191895e-01 5.209000015258789062e+01 5.320399856567382812e+01 2.625399971008300781e+01
1.200000000000000000e+01 6.607142686843872070e-01 4.946699905395507812e+01 5.316600036621093750e+01 2.353300094604492188e+01
3.000000000000000000e+00 6.294642686843872070e-01 4.585900115966796875e+01 5.447600173950195312e+01 2.365299987792968750e+01
0.000000000000000000e+00 5.758928656578063965e-01 4.315000152587890625e+01 5.227600097656250000e+01 2.180599975585937500e+01
2.200000000000000000e+01 3.705357015132904053e-01 4.065100097656250000e+01 5.513100051879882812e+01 2.149300003051757812e+01
1.000000000000000000e+00 1.919642835855484009e-01 4.276800155639648438e+01 5.700400161743164062e+01 1.880999946594238281e+01
9.000000000000000000e+00 2.857142984867095947e-01 4.495000076293945312e+01 5.387699890136718750e+01 1.824900054931640625e+01
1.700000000000000000e+01 2.589285671710968018e-01 4.809999847412109375e+01 5.599300003051757812e+01 1.879700088500976562e+01
1.600000000000000000e+01 3.660714328289031982e-01 5.093099975585937500e+01 5.636399841308593750e+01 2.136800003051757812e+01
0.000000000000000000e+00 4.955357015132904053e-01 4.965399932861328125e+01 5.794599914550781250e+01 2.467399978637695312e+01
1.100000000000000000e+01 3.125000000000000000e-01 5.183300018310546875e+01 6.105500030517578125e+01 2.547200012207031250e+01
2.000000000000000000e+00 3.258928656578063965e-01 5.272100067138671875e+01 6.231399917602539062e+01 2.911100006103515625e+01
2.200000000000000000e+01 6.250000000000000000e-01 5.149300003051757812e+01 5.915200042724609375e+01 3.081999969482421875e+01
0.000000000000000000e+00 6.428571343421936035e-01 5.274100112915039062e+01 5.929899978637695312e+01 3.446099853515625000e+01
1.400000000000000000e+01 7.678571343421936035e-01 5.404499816894531250e+01 5.627000045776367188e+01 3.629700088500976562e+01
2.200000000000000000e+01 7.098214030265808105e-01 5.883499908447265625e+01 5.236000061035156250e+01 3.947499847412109375e+01
1.500000000000000000e+01 6.875000000000000000e-01 5.907500076293945312e+01 5.030699920654296875e+01 4.265700149536132812e+01
1.000000000000000000e+00 5.401785969734191895e-01 6.164400100708007812e+01 4.789599990844726562e+01 4.418899917602539062e+01
1.300000000000000000e+01 5.312500000000000000e-01 6.033399963378906250e+01 4.527999877929687500e+01 4.672000122070312500e+01
0.000000000000000000e+00 2.544642984867095947e-01 6.220899963378906250e+01 4.560800170898437500e+01 5.000600051879882812e+01
0.000000000000000000e+00 1.026785746216773987e-01 6.335499954223632812e+01 4.293399810791015625e+01 5.240000152587890625e+01
3.000000000000000000e+00 8.928571641445159912e-02 6.073300170898437500e+01 4.374499893188476562e+01 5.504199981689453125e+01
3.000000000000000000e+00 3.303571343421936035e-01 5.816299819946289062e+01 4.348400115966796875e+01 5.209600067138671875e+01
1.800000000000000000e+01 3.794642984867095947e-01 5.772999954223632812e+01 4.723199844360351562e+01 5.153400039672851562e+01
1.900000000000000000e+01 6.071428656578063965e-01 5.738499832153320312e+01 4.874300003051757812e+01 4.795199966430664062e+01
7.000000000000000000e+00 4.196428656578063965e-01 6.013800048828125000e+01 5.139599990844726562e+01 4.758599853515625000e+01
1.600000000000000000e+01 4.866071343421936035e-01 5.980699920654296875e+01 5.392300033569335938e+01 4.464500045776367188e+01
1.500000000000000000e+01 2.946428656578063965e-01 6.316600036621093750e+01 5.473199844360351562e+01 4.292399978637695312e+01
0.000000000000000000e+00 3.482142984867095947e-01 6.226499938964843750e+01 5.634600067138671875e+01 3.949700164794921875e+01
1.700000000000000000e+01 4.598214328289031982e-01 5.928900146484375000e+01 5.839300155639648438e+01 3.810499954223632812e+01
9.000000000000000000e+00 3.616071343421936035e-01 5.824800109863281250e+01 6.041600036621093750e+01 3.529000091552734375e+01
1.300000000000000000e+01 4.464285671710968018e-01 5.602899932861328125e+01 6.049399948120117188e+01 3.234500122070312500e+01
1.800000000000000000e+01 4.151785671710968018e-01 5.598199844360351562e+01 5.947100067138671875e+01 2.850300025939941406e+01
1.700000000000000000e+01 1.562500000000000000e-01 5.760900115966796875e+01 6.132699966430664062e+01 2.561899948120117188e+01
7.000000000000000000e+00 6.250000000000000000e-02 5.624800109863281250e+01 6.265200042724609375e+01 2.237599945068359375e+01
1.700000000000000000e+01 1.116071417927742004e-01 5.686899948120117188e+01 5.909600067138671875e+01 2.110300064086914062e+01
9.000000000000000000e+00 3.571428656578063965e-01 5.470100021362304688e+01 5.768799972534179688e+01 2.382600021362304688e+01
7.000000000000000000e+00 4.330357015132904053e-01 5.761299896240234375e+01 5.592499923706054688e+01 2.564100074768066406e+01
1.200000000000000000e+01 4.419642984867095947e-01 5.964300155639648438e+01 5.623600006103515625e+01 2.882200050354003906e+01
9.000000000000000000e+00 1.428571492433547974e-01 6.609799957275390625e+01 5.589300155639648438e+01 3.165099906921386719e+01
1.200000000000000000e+01 3.169642984867095947e-01 6.435500335693359375e+01 5.452999877929687500e+01 3.469900131225585938e+01
1.800000000000000000e+01 2.053571492433547974e-01 6.723699951171875000e+01 5.229700088500976562e+01 3.572999954223632812e+01
1.800000000000000000e+01 4.464285820722579956e-02 7.070500183105468750e+01 5.146400070190429688e+01 3.431299972534179688e+01
7.000000000000000000e+00 2.232142910361289978e-02 7.163300323486328125e+01 4.787200164794921875e+01 3.326900100708007812e+01
7.000000000000000000e+00 1.339285727590322495e-02 7.384899902343750000e+01 4.749599838256835938e+01 3.633900070190429688e+01
7.000000000000000000e+00 5.803571268916130066e-02 7.110800170898437500e+01 4.847399902343750000e+01 3.885699844360351562e+01
1.500000000000000000e+01 2.098214328289031982e-01 6.843800354003906250e+01 4.627199935913085938e+01 3.719900131225585938e+01
2.200000000000000000e+01 1.383928507566452026e-01 6.930400085449218750e+01 4.306999969482421875e+01 3.914899826049804688e+01
7.000000000000000000e+00 2.187500000000000000e-01 6.740000152587890625e+01 4.003300094604492188e+01 4.045899963378906250e+01
9.000000000000000000e+00 3.750000000000000000e-01 6.427700042724609375e+01 4.050600051879882812e+01 4.261700057983398438e+01
1.100000000000000000e+01 6.562500000000000000e-01 6.057099914550781250e+01 4.138800048828125000e+01 4.236199951171875000e+01
2.000000000000000000e+01 7.589285969734191895e-01 5.957099914550781250e+01 4.471400070190429688e+01 4.079000091552734375e+01
1.300000000000000000e+01 8.839285969734191895e-01 5.642300033569335938e+01 4.684000015258789062e+01 4.002000045776367188e+01
2.200000000000000000e+01 9.107142686843872070e-01 5.546400070190429688e+01 4.979299926757812500e+01 3.772999954223632812e+01
7.000000000000000000e+00 9.330357313156127930e-01 5.221200180053710938e+01 5.167200088500976562e+01 3.852500152587890625e+01
1.100000000000000000e+01 9.196428656578063965e-01 5.077099990844726562e+01 5.373799896240234375e+01 3.559000015258789062e+01
3.000000000000000000e+00 8.258928656578063965e-01 4.822900009155273438e+01 5.647900009155273438e+01 3.642200088500976562e+01
1.800000000000000000e+01 8.348214030265808105e-01 4.580199813842773438e+01 5.606299972534179688e+01 3.346900177001953125e+01
1.300000000000000000e+01 7.455357313156127930e-01 4.254299926757812500e+01 5.758499908447265625e+01 3.493099975585937500e+01
1.700000000000000000e+01 5.848214030265808105e-01 4.413199996948242188e+01 6.101699829101562500e+01 3.510900115966796875e+01
2.000000000000000000e+01 5.625000000000000000e-01 4.508499908447265625e+01 6.071799850463867188e+01 3.137100028991699219e+01
1.900000000000000000e+01 5.178571343421936035e-01 4.147999954223632812e+01 5.997800064086914062e+01 3.018300056457519531e+01
1.300000000000000000e+01 3.348214328289031982e-01 3.985599899291992188e+01 6.265000152587890625e+01 3.231800079345703125e+01
0.000000000000000000e+00 1.696428507566452026e-01 4.190100097656250000e+01 6.538200378417968750e+01 3.052199935913085938e+01
1.200000000000000000e+01 1.473214328289031982e-01 4.050000000000000000e+01 6.423000335693359375e+01 2.722500038146972656e+01
9.000000000000000000e+00 8.482142537832260132e-02 3.702000045776367188e+01 6.477400207519531250e+01 2.876000022888183594e+01
1.100000000000000000e+01 2.678571343421936035e-01 3.658599853515625000e+01 6.096599960327148438e+01 2.901799964904785156e+01
1.700000000000000000e+01 4.062500000000000000e-01 3.557799911499023438e+01 5.903400039672851562e+01 3.222200012207031250e+01
1.600000000000000000e+01 6.741071343421936035e-01 3.702000045776367188e+01 5.546400070190429688e+01 3.263800048828125000e+01
1.500000000000000000e+01 7.544642686843872070e-01 3.608800125122070312e+01 5.228099822998046875e+01 3.454199981689453125e+01
7.000000000000000000e+00 8.794642686843872070e-01 4.195100021362304688e+01 5.368399810791015625e+01 3.829600143432617188e+01
0.000000000000000000e+00 9.821428656578063965e-01 4.734600067138671875e+01 5.008200073242187500e+01 3.522399902343750000e+01
7.000000000000000000e+00 9.910714030265808105e-01 4.964899826049804688e+01 4.813199996948242188e+01 3.747399902343750000e+01
2.200000000000000000e+01 9.732142686843872070e-01 5.248899841308593750e+01 4.596799850463867188e+01 3.624900054931640625e+01
2.200000000000000000e+01 9.642857313156127930e-01 5.429299926757812500e+01 4.362300109863281250e+01 3.866299819946289062e+01
1.500000000000000000e+01 8.660714030265808105e-01 5.700199890136718750e+01 4.104100036621093750e+01 3.786800003051757812e+01
1.800000000000000000e+01 6.964285969734191895e-01 5.985100173950195312e+01 3.880199813842773438e+01 3.890800094604492188e+01
0.000000000000000000e+00 5.580357313156127930e-01 6.296500015258789062e+01 3.984400177001953125e+01 3.710400009155273438e+01
2.000000000000000000e+00 2.901785671710968018e-01 6.588200378417968750e+01 3.790900039672851562e+01 3.558200073242187500e+01
3.000000000000000000e+00 2.410714328289031982e-01 6.494300079345703125e+01 3.445600128173828125e+01 3.677399826049804688e+01
1.700000000000000000e+01 9.821428358554840088e-02 6.646299743652343750e+01 3.243500137329101562e+01 3.389500045776367188e+01
9.000000000000000000e+00 3.125000000000000000e-02 6.943599700927734375e+01 3.492200088500976562e+01 3.359999847412109375e+01
1.600000000000000000e+01 7.142857462167739868e-02 6.966300201416015625e+01 3.853200149536132812e+01 3.243700027465820312e+01
1.000000000000000000e+00 2.142857164144515991e-01 6.692800140380859375e+01 3.957799911499023438e+01 3.013999938964843750e+01
1.000000000000000000e+00 2.991071343421936035e-01 6.564700317382812500e+01 4.300600051879882812e+01 2.883900070190429688e+01
2.000000000000000000e+01 5.803571343421936035e-01 6.195399856567382812e+01 4.401599884033203125e+01 2.905500030517578125e+01
1.800000000000000000e+01 6.205357313156127930e-01 5.988100051879882812e+01 4.614799880981445312e+01 2.663599967956542969e+01
1.100000000000000000e+01 8.169642686843872070e-01 5.668600082397460938e+01 4.661899948120117188e+01 2.849799919128417969e+01
0.000000000000000000e+00 8.080357313156127930e-01 5.396400070190429688e+01 4.756200027465820312e+01 2.600200080871582031e+01
0.000000000000000000e+00 9.017857313156127930e-01 5.072600173950195312e+01 4.871799850463867188e+01 2.765800094604492188e+01
1.200000000000000000e+01 8.482142686843872070e-01 4.759000015258789062e+01 4.913999938964843750e+01 2.555299949645996094e+01
1.200000000000000000e+01 8.437500000000000000e-01 4.488100051879882812e+01 5.150899887084960938e+01 2.709499931335449219e+01
1.700000000000000000e+01 7.812500000000000000e-01 4.113999938964843750e+01 5.193299865722656250e+01 2.687500000000000000e+01
1.600000000000000000e+01 7.366071343421936035e-01 3.863700103759765625e+01 5.318399810791015625e+01 2.943899917602539062e+01
2.000000000000000000e+01 7.767857313156127930e-01 3.677099990844726562e+01 4.994400024414062500e+01 2.998299980163574219e+01
1.700000000000000000e+01 8.750000000000000000e-01 3.971099853515625000e+01 4.763700103759765625e+01 2.925799942016601562e+01
2.000000000000000000e+01 9.419642686843872070e-01 4.350500106811523438e+01 4.744400024414062500e+01 2.922100067138671875e+01
1.700000000000000000e+01 9.464285969734191895e-01 4.629299926757812500e+01 4.504000091552734375e+01 2.807099914550781250e+01
1.800000000000000000e+01 9.687500000000000000e-01 4.994300079345703125e+01 4.468500137329101562e+01 2.913500022888183594e+01
1.800000000000000000e+01 8.705357313156127930e-01 5.256499862670898438e+01 4.263299942016601562e+01 2.730500030517578125e+01
0.000000000000000000e+00 8.035714030265808105e-01 5.623099899291992188e+01 4.214699935913085938e+01 2.795199966430664062e+01
2.200000000000000000e+01 6.026785969734191895e-01 5.854299926757812500e+01 4.145399856567382812e+01 2.513500022888183594e+01
2.200000000000000000e+01 4.776785671710968018e-01 6.154100036621093750e+01 3.965900039672851562e+01 2.660000038146972656e+01
1.800000000000000000e+01 1.785714328289031982e-01 6.502700042724609375e+01 3.997200012207031250e+01 2.496999931335449219e+01
2.000000000000000000e+00 3.571428731083869934e-02 6.828900146484375000e+01 3.814899826049804688e+01 2.563500022888183594e+01
1.600000000000000000e+01 4.464285913854837418e-03 7.176300048828125000e+01 3.983000183105468750e+01 2.557399940490722656e+01
