5.000000000000000000e+00 1.517857164144515991e-01 2.667700004577636719e+01 3.775899887084960938e+01 4.078499984741210938e+01
1.600000000000000000e+01 2.455357164144515991e-01 2.716500091552734375e+01 4.153900146484375000e+01 4.175699996948242188e+01
1.200000000000000000e+01 5.178571343421936035e-01 3.090500068664550781e+01 4.128799819946289062e+01 4.085599899291992188e+01
1.400000000000000000e+01 5.580357313156127930e-01 3.202199935913085938e+01 3.834799957275390625e+01 3.874100112915039062e+01
2.200000000000000000e+01 7.276785969734191895e-01 3.555799865722656250e+01 3.775199890136718750e+01 3.752500152587890625e+01
1.300000000000000000e+01 7.008928656578063965e-01 3.621699905395507812e+01 3.569599914550781250e+01 3.435599899291992188e+01
2.200000000000000000e+01 7.410714030265808105e-01 3.970600128173828125e+01 3.423699951171875000e+01 3.361100006103515625e+01
1.200000000000000000e+01 6.785714030265808105e-01 4.086999893188476562e+01 3.263999938964843750e+01 3.037299919128417969e+01
3.000000000000000000e+00 6.339285969734191895e-01 4.424399948120117188e+01 3.154199981689453125e+01 2.897599983215332031e+01
0.000000000000000000e+00 5.714285969734191895e-01 4.553699874877929688e+01 3.230199813842773438e+01 2.548900032043457031e+01
2.200000000000000000e+01 3.526785671710968018e-01 4.793799972534179688e+01 2.946500015258789062e+01 2.493000030517578125e+01
1.000000000000000000e+00 2.187500000000000000e-01 4.501300048828125000e+01 2.693899917602539062e+01 2.506500053405761719e+01
9.000000000000000000e+00 2.901785671710968018e-01 4.242800140380859375e+01 2.947800064086914062e+01 2.401600074768066406e+01
1.700000000000000000e+01 2.723214328289031982e-01 3.998199844360351562e+01 2.822900009155273438e+01 2.668099975585937500e+01
1.600000000000000000e+01 3.616071343421936035e-01 3.869800186157226562e+01 2.907099914550781250e+01 3.011300086975097656e+01
0.000000000000000000e+00 5.223214030265808105e-01 4.129600143432617188e+01 2.909099960327148438e+01 3.305500030517578125e+01
1.100000000000000000e+01 3.348214328289031982e-01 4.006100082397460938e+01 2.689699935913085938e+01 3.584600067138671875e+01
2.000000000000000000e+00 3.482142984867095947e-01 4.100899887084960938e+01 2.706100082397460938e+01 3.964699935913085938e+01
2.200000000000000000e+01 6.428571343421936035e-01 4.261000061035156250e+01 3.059700012207031250e+01 3.937300109863281250e+01
0.000000000000000000e+00 6.383928656578063965e-01 4.289599990844726562e+01 3.178700065612792969e+01 4.301499938964843750e+01
1.400000000000000000e+01 7.455357313156127930e-01 4.210800170898437500e+01 3.538100051879882812e+01 4.396500015258789062e+01
2.200000000000000000e+01 7.232142686843872070e-01 3.897399902343750000e+01 4.083800125122070312e+01 4.654100036621093750e+01
1.500000000000000000e+01 6.919642686843872070e-01 3.985699844360351562e+01 4.382500076293945312e+01 4.877500152587890625e+01
1.000000000000000000e+00 5.625000000000000000e-01 3.769900131225585938e+01 4.666199874877929688e+01 4.996400070190429688e+01
1.300000000000000000e+01 5.089285969734191895e-01 3.903200149536132812e+01 5.013199996948242188e+01 5.079899978637695312e+01
0.000000000000000000e+00 2.366071492433547974e-01 3.800799942016601562e+01 5.152099990844726562e+01 5.424300003051757812e+01
0.000000000000000000e+00 8.035714179277420044e-02 3.728799819946289062e+01 5.496200180053710938e+01 5.550400161743164062e+01
3.000000000000000000e+00 7.142857462167739868e-02 4.074200057983398438e+01 5.565299987792968750e+01 5.691400146484375000e+01
3.000000000000000000e+00 2.857142984867095947e-01 4.260900115966796875e+01 5.488899993896484375e+01 5.359400177001953125e+01
1.800000000000000000e+01 3.214285671710968018e-01 4.345299911499023438e+01 5.131700134277343750e+01 5.455899810791015625e+01
1.900000000000000000e+01 5.312500000000000000e-01 4.255500030517578125e+01 4.808399963378906250e+01 5.256999969482421875e+01
7.000000000000000000e+00 3.660714328289031982e-01 4.052600097656250000e+01 4.523300170898437500e+01 5.411700057983398438e+01
1.600000000000000000e+01 4.107142984867095947e-01 3.974399948120117188e+01 4.160300064086914062e+01 5.305899810791015625e+01
1.500000000000000000e+01 3.973214328289031982e-01 3.632600021362304688e+01 4.143000030517578125e+01 5.125999832153320312e+01
0.000000000000000000e+00 4.375000000000000000e-01 3.584999847412109375e+01 3.826699829101562500e+01 4.909000015258789062e+01
1.700000000000000000e+01 4.955357015132904053e-01 3.791500091552734375e+01 3.532400131225585938e+01 4.785100173950195312e+01
9.000000000000000000e+00 4.151785671710968018e-01 3.798600006103515625e+01 3.197800064086914062e+01 4.594100189208984375e+01
1.300000000000000000e+01 4.687500000000000000e-01 3.903699874877929688e+01 3.030400085449218750e+01 4.272100067138671875e+01
1.800000000000000000e+01 4.598214328289031982e-01 3.758399963378906250e+01 2.990900039672851562e+01 3.920899963378906250e+01
1.700000000000000000e+01 2.008928507566452026e-01 3.501499938964843750e+01 2.731399917602539062e+01 3.820999908447265625e+01
7.000000000000000000e+00 1.071428582072257996e-01 3.520600128173828125e+01 2.546299934387207031e+01 3.479299926757812500e+01
1.700000000000000000e+01 1.919642835855484009e-01 3.396300125122070312e+01 2.826399993896484375e+01 3.250600051879882812e+01
9.000000000000000000e+00 4.776785671710968018e-01 3.641299819946289062e+01 3.077700042724609375e+01 3.401900100708007812e+01
7.000000000000000000e+00 4.821428656578063965e-01 3.391500091552734375e+01 3.288899993896484375e+01 3.590800094604492188e+01
1.200000000000000000e+01 4.866071343421936035e-01 3.444599914550781250e+01 3.301599884033203125e+01 3.960599899291992188e+01
9.000000000000000000e+00 1.294642835855484009e-01 2.951899909973144531e+01 3.375400161743164062e+01 4.457899856567382812e+01
1.200000000000000000e+01 3.035714328289031982e-01 3.193799972534179688e+01 3.629499816894531250e+01 4.591400146484375000e+01
1.800000000000000000e+01 1.830357164144515991e-01 2.957900047302246094e+01 3.883900070190429688e+01 4.750699996948242188e+01
1.800000000000000000e+01 5.357142910361289978e-02 2.592799949645996094e+01 3.992699813842773438e+01 4.772600173950195312e+01
7.000000000000000000e+00 2.232142910361289978e-02 2.408499908447265625e+01 4.315999984741210938e+01 4.674700164794921875e+01
7.000000000000000000e+00 4.464285913854837418e-03 2.358900070190429688e+01 4.440700149536132812e+01 5.031999969482421875e+01
7.000000000000000000e+00 3.571428731083869934e-02 2.709399986267089844e+01 4.319699859619140625e+01 5.138499832153320312e+01
1.500000000000000000e+01 1.473214328289031982e-01 2.857200050354003906e+01 4.515100097656250000e+01 4.844100189208984375e+01
2.200000000000000000e+01 1.026785746216773987e-01 2.877700042724609375e+01 4.873400115966796875e+01 4.983000183105468750e+01
7.000000000000000000e+00 1.741071492433547974e-01 2.985899925231933594e+01 5.194400024414062500e+01 4.788800048828125000e+01
9.000000000000000000e+00 3.705357015132904053e-01 3.364599990844726562e+01 5.209199905395507812e+01 4.770800018310546875e+01
1.100000000000000000e+01 6.473214030265808105e-01 3.692399978637695312e+01 5.138399887084960938e+01 4.597399902343750000e+01
2.000000000000000000e+01 7.321428656578063965e-01 3.768199920654296875e+01 4.776100158691406250e+01 4.543500137329101562e+01
1.300000000000000000e+01 8.883928656578063965e-01 4.071599960327148438e+01 4.574800109863281250e+01 4.422000122070312500e+01
2.200000000000000000e+01 9.107142686843872070e-01 4.075500106811523438e+01 4.230799865722656250e+01 4.281800079345703125e+01
7.000000000000000000e+00 9.285714030265808105e-01 4.412900161743164062e+01 4.052700042724609375e+01 4.327999877929687500e+01
1.100000000000000000e+01 9.241071343421936035e-01 4.472000122070312500e+01 3.741999816894531250e+01 4.129299926757812500e+01
3.000000000000000000e+00 8.348214030265808105e-01 4.745700073242187500e+01 3.497200012207031250e+01 4.179800033569335938e+01
1.800000000000000000e+01 8.660714030265808105e-01 4.833399963378906250e+01 3.432199859619140625e+01 3.814599990844726562e+01
1.300000000000000000e+01 7.678571343421936035e-01 5.187799835205078125e+01 3.308399963378906250e+01 3.908399963378906250e+01
1.700000000000000000e+01 6.071428656578063965e-01 5.068399810791015625e+01 2.994700050354003906e+01 4.101800155639648438e+01
2.000000000000000000e+01 5.892857313156127930e-01 4.863299942016601562e+01 2.879000091552734375e+01 3.790299987792968750e+01
1.900000000000000000e+01 5.758928656578063965e-01 5.161100006103515625e+01 2.901799964904785156e+01 3.540200042724609375e+01
1.300000000000000000e+01 3.883928656578063965e-01 5.409500122070312500e+01 2.748900032043457031e+01 3.787300109863281250e+01
0.000000000000000000e+00 2.410714328289031982e-01 5.165800094604492188e+01 2.453499984741210938e+01 3.858599853515625000e+01
1.200000000000000000e+01 1.875000000000000000e-01 5.154600143432617188e+01 2.370499992370605469e+01 3.492399978637695312e+01
9.000000000000000000e+00 1.205357164144515991e-01 5.541699981689453125e+01 2.389800071716308594e+01 3.456999969482421875e+01
1.100000000000000000e+01 3.125000000000000000e-01 5.551599884033203125e+01 2.726199913024902344e+01 3.286899948120117188e+01
1.700000000000000000e+01 4.553571343421936035e-01 5.761800003051757812e+01 3.016300010681152344e+01 3.424700164794921875e+01
1.600000000000000000e+01 7.053571343421936035e-01 5.560900115966796875e+01 3.349300003051757812e+01 3.409199905395507812e+01
1.500000000000000000e+01 7.901785969734191895e-01 5.679100036621093750e+01 3.704499816894531250e+01 3.368899917602539062e+01
7.000000000000000000e+00 8.973214030265808105e-01 5.363999938964843750e+01 3.804199981689453125e+01 3.977799987792968750e+01
0.000000000000000000e+00 9.866071343421936035e-01 4.712500000000000000e+01 4.066899871826171875e+01 3.768700027465820312e+01
7.000000000000000000e+00 9.910714030265808105e-01 4.558399963378906250e+01 4.355699920654296875e+01 3.975299835205078125e+01
2.200000000000000000e+01 9.732142686843872070e-01 4.261199951171875000e+01 4.593000030517578125e+01 3.898699951171875000e+01
2.200000000000000000e+01 9.375000000000000000e-01 4.118799972534179688e+01 4.881499862670898438e+01 4.091699981689453125e+01
1.500000000000000000e+01 8.303571343421936035e-01 3.754399871826171875e+01 5.010100173950195312e+01 4.034899902343750000e+01
1.800000000000000000e+01 6.651785969734191895e-01 3.499800109863281250e+01 5.211199951171875000e+01 4.224599838256835938e+01
0.000000000000000000e+00 5.044642686843872070e-01 3.163599967956542969e+01 5.029000091552734375e+01 4.261100006103515625e+01
2.000000000000000000e+00 2.276785671710968018e-01 2.803100013732910156e+01 5.151499938964843750e+01 4.306600189208984375e+01
3.000000000000000000e+00 1.339285671710968018e-01 2.842499923706054688e+01 5.531000137329101562e+01 4.301800155639648438e+01
1.700000000000000000e+01 2.678571455180644989e-02 2.511000061035156250e+01 5.649200057983398438e+01 4.154000091552734375e+01
9.000000000000000000e+00 1.785714365541934967e-02 2.320299911499023438e+01 5.322900009155273438e+01 4.225400161743164062e+01
1.600000000000000000e+01 6.250000000000000000e-02 2.385400009155273438e+01 4.942900085449218750e+01 4.238199996948242188e+01
1.000000000000000000e+00 1.607142835855484009e-01 2.554400062561035156e+01 4.794900131225585938e+01 3.932400131225585938e+01
1.000000000000000000e+00 2.812500000000000000e-01 2.677599906921386719e+01 4.453799819946289062e+01 3.831600189208984375e+01
2.000000000000000000e+01 5.446428656578063965e-01 3.039599990844726562e+01 4.417800140380859375e+01 3.723600006103515625e+01
1.800000000000000000e+01 6.294642686843872070e-01 3.183699989318847656e+01 4.153699874877929688e+01 3.509700012207031250e+01
1.100000000000000000e+01 8.169642686843872070e-01 3.559899902343750000e+01 4.161899948120117188e+01 3.483300018310546875e+01
0.000000000000000000e+00 8.080357313156127930e-01 3.685800170898437500e+01 3.952899932861328125e+01 3.192799949645996094e+01
0.000000000000000000e+00 9.062500000000000000e-01 4.062099838256835938e+01 3.874200057983398438e+01 3.201800155639648438e+01
1.200000000000000000e+01 8.392857313156127930e-01 4.293000030517578125e+01 3.675500106811523438e+01 2.966699981689453125e+01
1.200000000000000000e+01 8.616071343421936035e-01 4.629700088500976562e+01 3.535499954223632812e+01 3.099900054931640625e+01
1.700000000000000000e+01 7.767857313156127930e-01 4.943700027465820312e+01 3.448899841308593750e+01 2.891799926757812500e+01
1.600000000000000000e+01 7.142857313156127930e-01 5.316500091552734375e+01 3.398500061035156250e+01 2.983799934387207031e+01
2.000000000000000000e+01 7.991071343421936035e-01 5.445500183105468750e+01 3.751599884033203125e+01 2.915200042724609375e+01
1.700000000000000000e+01 9.017857313156127930e-01 5.102600097656250000e+01 3.921599960327148438e+01 2.888400077819824219e+01
2.000000000000000000e+01 9.687500000000000000e-01 4.771599960327148438e+01 3.996500015258789062e+01 3.053599929809570312e+01
1.700000000000000000e+01 9.419642686843872070e-01 4.443899917602539062e+01 4.156399917602539062e+01 2.919000053405761719e+01
1.800000000000000000e+01 9.598214030265808105e-01 4.142200088500976562e+01 4.283599853515625000e+01 3.118899917602539062e+01
1.800000000000000000e+01 8.571428656578063965e-01 3.804999923706054688e+01 4.429800033569335938e+01 2.996999931335449219e+01
0.000000000000000000e+00 8.125000000000000000e-01 3.550999832153320312e+01 4.563499832153320312e+01 3.233000183105468750e+01
2.200000000000000000e+01 6.250000000000000000e-01 3.196299934387207031e+01 4.515499877929687500e+01 3.144499969482421875e+01
2.200000000000000000e+01 4.732142984867095947e-01 2.939399909973144531e+01 4.693500137329101562e+01 3.350400161743164062e+01
1.800000000000000000e+01 1.964285671710968018e-01 2.571299934387207031e+01 4.626200103759765625e+01 3.362699890136718750e+01
2.000000000000000000e+00 4.910714179277420044e-02 2.254500007629394531e+01 4.787699890136718750e+01 3.503799819946289062e+01
1.600000000000000000e+01 8.928571827709674835e-03 1.988699913024902344e+01 4.554499816894531250e+01 3.643500137329101562e+01
5.000000000000000000e+00 1.562500000000000000e-01 6.700599670410156250e+01 4.999499893188476562e+01 2.762100028991699219e+01
1.600000000000000000e+01 2.633928656578063965e-01 6.713800048828125000e+01 4.783599853515625000e+01 3.088899993896484375e+01
1.200000000000000000e+01 5.133928656578063965e-01 6.346799850463867188e+01 4.891799926757812500e+01 3.127199935913085938e+01
1.400000000000000000e+01 5.267857313156127930e-01 6.169499969482421875e+01 5.073400115966796875e+01 2.851300048828125000e+01
2.200000000000000000e+01 6.964285969734191895e-01 5.793299865722656250e+01 5.148400115966796875e+01 2.854700088500976562e+01
1.300000000000000000e+01 6.517857313156127930e-01 5.580799865722656250e+01 5.213899993896484375e+01 2.542000007629394531e+01
2.200000000000000000e+01 7.098214030265808105e-01 5.224000167846679688e+01 5.346200180053710938e+01 2.585000038146972656e+01
1.200000000000000000e+01 6.607142686843872070e-01 4.940399932861328125e+01 5.312900161743164062e+01 2.326799964904785156e+01
3.000000000000000000e+00 6.205357313156127930e-01 4.587200164794921875e+01 5.448099899291992188e+01 2.326000022888183594e+01
0.000000000000000000e+00 5.491071343421936035e-01 4.309700012207031250e+01 5.258599853515625000e+01 2.166399955749511719e+01
2.200000000000000000e+01 4.017857015132904053e-01 4.058700180053710938e+01 5.543500137329101562e+01 2.186100006103515625e+01
1.000000000000000000e+00 2.098214328289031982e-01 4.234000015258789062e+01 5.767399978637695312e+01 1.932399940490722656e+01
9.000000000000000000e+00 2.544642984867095947e-01 4.443500137329101562e+01 5.486800003051757812e+01 1.777700042724609375e+01
1.700000000000000000e+01 2.500000000000000000e-01 4.781100082397460938e+01 5.652399826049804688e+01 1.854100036621093750e+01
1.600000000000000000e+01 3.437500000000000000e-01 5.094200134277343750e+01 5.657699966430664062e+01 2.084399986267089844e+01
0.000000000000000000e+00 5.000000000000000000e-01 5.011500167846679688e+01 5.816199874877929688e+01 2.442600059509277344e+01
1.100000000000000000e+01 3.080357015132904053e-01 5.205799865722656250e+01 6.129000091552734375e+01 2.544499969482421875e+01
2.000000000000000000e+00 3.169642984867095947e-01 5.234500122070312500e+01 6.297600173950195312e+01 2.909499931335449219e+01
2.200000000000000000e+01 6.160714030265808105e-01 5.145999908447265625e+01 5.967599868774414062e+01 3.081999969482421875e+01
0.000000000000000000e+00 6.562500000000000000e-01 5.338600158691406250e+01 5.911600112915039062e+01 3.412099838256835938e+01
1.400000000000000000e+01 7.633928656578063965e-01 5.470899963378906250e+01 5.607699966430664062e+01 3.568700027465820312e+01
2.200000000000000000e+01 7.187500000000000000e-01 5.885499954223632812e+01 5.217699813842773438e+01 3.943799972534179688e+01
1.500000000000000000e+01 6.875000000000000000e-01 5.933000183105468750e+01 5.042100143432617188e+01 4.282300186157226562e+01
1.000000000000000000e+00 5.982142686843872070e-01 6.143600082397460938e+01 4.749300003051757812e+01 4.399700164794921875e+01
1.300000000000000000e+01 5.535714030265808105e-01 6.039099884033203125e+01 4.493899917602539062e+01 4.668500137329101562e+01
0.000000000000000000e+00 2.767857015132904053e-01 6.275099945068359375e+01 4.520399856567382812e+01 4.969800186157226562e+01
0.000000000000000000e+00 9.821428358554840088e-02 6.429699707031250000e+01 4.244699859619140625e+01 5.186100006103515625e+01
3.000000000000000000e+00 9.375000000000000000e-02 6.158399963378906250e+01 4.292599868774414062e+01 5.449200057983398438e+01
3.000000000000000000e+00 3.303571343421936035e-01 5.876200103759765625e+01 4.293600082397460938e+01 5.184899902343750000e+01
1.800000000000000000e+01 3.928571343421936035e-01 5.818700027465820312e+01 4.673400115966796875e+01 5.158399963378906250e+01
1.900000000000000000e+01 6.026785969734191895e-01 5.780400085449218750e+01 4.846500015258789062e+01 4.811999893188476562e+01
7.000000000000000000e+00 4.241071343421936035e-01 6.052500152587890625e+01 5.115999984741210938e+01 4.786999893188476562e+01
1.600000000000000000e+01 4.419642984867095947e-01 6.085100173950195312e+01 5.385300064086914062e+01 4.510699844360351562e+01
1.500000000000000000e+01 3.839285671710968018e-01 6.334999847412109375e+01 5.303099822998046875e+01 4.233800125122070312e+01
0.000000000000000000e+00 4.330357015132904053e-01 6.258499908447265625e+01 5.517399978637695312e+01 3.925999832153320312e+01
1.700000000000000000e+01 4.910714328289031982e-01 6.004600143432617188e+01 5.749399948120117188e+01 3.758200073242187500e+01
9.000000000000000000e+00 4.196428656578063965e-01 5.914699935913085938e+01 5.949399948120117188e+01 3.457400131225585938e+01
1.300000000000000000e+01 4.642857015132904053e-01 5.624000167846679688e+01 6.042900085449218750e+01 3.214199829101562500e+01
1.800000000000000000e+01 4.062500000000000000e-01 5.606600189208984375e+01 5.981700134277343750e+01 2.841699981689453125e+01
1.700000000000000000e+01 1.428571492433547974e-01 5.767300033569335938e+01 6.188800048828125000e+01 2.563199996948242188e+01
7.000000000000000000e+00 7.589285820722579956e-02 5.608399963378906250e+01 6.254299926757812500e+01 2.206800079345703125e+01
1.700000000000000000e+01 1.160714253783226013e-01 5.684199905395507812e+01 5.912200164794921875e+01 2.075099945068359375e+01
9.000000000000000000e+00 3.571428656578063965e-01 5.494800186157226562e+01 5.741299819946289062e+01 2.364599990844726562e+01
7.000000000000000000e+00 3.750000000000000000e-01 5.815399932861328125e+01 5.596900177001953125e+01 2.488999938964843750e+01
1.200000000000000000e+01 3.794642984867095947e-01 6.012200164794921875e+01 5.654000091552734375e+01 2.812700080871582031e+01
9.000000000000000000e+00 1.116071417927742004e-01 6.631099700927734375e+01 5.699499893188476562e+01 3.126300048828125000e+01
1.200000000000000000e+01 2.991071343421936035e-01 6.434300231933593750e+01 5.556100082397460938e+01 3.425000000000000000e+01
1.800000000000000000e+01 1.785714328289031982e-01 6.739399719238281250e+01 5.361899948120117188e+01 3.532899856567382812e+01
1.800000000000000000e+01 4.464285820722579956e-02 7.087100219726562500e+01 5.279100036621093750e+01 3.414899826049804688e+01
7.000000000000000000e+00 3.125000000000000000e-02 7.204100036621093750e+01 4.930400085449218750e+01 3.328699874877929688e+01
7.000000000000000000e+00 0.000000000000000000e+00 7.452100372314453125e+01 4.939099884033203125e+01 3.610499954223632812e+01
7.000000000000000000e+00 4.017857089638710022e-02 7.155500030517578125e+01 5.034899902343750000e+01 3.848400115966796875e+01
1.500000000000000000e+01 1.651785671710968018e-01 6.912599945068359375e+01 4.769200134277343750e+01 3.725199890136718750e+01
2.200000000000000000e+01 1.250000000000000000e-01 6.975800323486328125e+01 4.444599914550781250e+01 3.940499877929687500e+01
7.000000000000000000e+00 2.321428507566452026e-01 6.784100341796875000e+01 4.126599884033203125e+01 4.013399887084960938e+01
9.000000000000000000e+00 4.285714328289031982e-01 6.462100219726562500e+01 4.200600051879882812e+01 4.224000167846679688e+01
1.100000000000000000e+01 6.741071343421936035e-01 6.084999847412109375e+01 4.195399856567382812e+01 4.217100143432617188e+01
2.000000000000000000e+01 7.544642686843872070e-01 5.989899826049804688e+01 4.505799865722656250e+01 4.037300109863281250e+01
1.300000000000000000e+01 8.794642686843872070e-01 5.677500152587890625e+01 4.703799819946289062e+01 4.017200088500976562e+01
2.200000000000000000e+01 9.151785969734191895e-01 5.557799911499023438e+01 4.970100021362304688e+01 3.765000152587890625e+01
7.000000000000000000e+00 9.330357313156127930e-01 5.249499893188476562e+01 5.187200164794921875e+01 3.833200073242187500e+01
1.100000000000000000e+01 9.196428656578063965e-01 5.120100021362304688e+01 5.381800079345703125e+01 3.518399810791015625e+01
3.000000000000000000e+00 8.258928656578063965e-01 4.878699874877929688e+01 5.671500015258789062e+01 3.589099884033203125e+01
1.800000000000000000e+01 8.482142686843872070e-01 4.616899871826171875e+01 5.595700073242187500e+01 3.327199935913085938e+01
1.300000000000000000e+01 7.723214030265808105e-01 4.348500061035156250e+01 5.772299957275390625e+01 3.538600158691406250e+01
1.700000000000000000e+01 6.116071343421936035e-01 4.523699951171875000e+01 6.119599914550781250e+01 3.496200180053710938e+01
2.000000000000000000e+01 5.848214030265808105e-01 4.536899948120117188e+01 6.071200180053710938e+01 3.126000022888183594e+01
1.900000000000000000e+01 5.401785969734191895e-01 4.164599990844726562e+01 6.036800003051757812e+01 3.107699966430664062e+01
1.300000000000000000e+01 3.392857015132904053e-01 4.109299850463867188e+01 6.342200088500976562e+01 3.339699935913085938e+01
0.000000000000000000e+00 2.232142835855484009e-01 4.327500152587890625e+01 6.545500183105468750e+01 3.099399948120117188e+01
1.200000000000000000e+01 2.053571492433547974e-01 4.127700042724609375e+01 6.412999725341796875e+01 2.784399986267089844e+01
9.000000000000000000e+00 1.383928507566452026e-01 3.770000076293945312e+01 6.420800018310546875e+01 2.929400062561035156e+01
1.100000000000000000e+01 3.258928656578063965e-01 3.707099914550781250e+01 6.047800064086914062e+01 2.909099960327148438e+01
1.700000000000000000e+01 4.508928656578063965e-01 3.552899932861328125e+01 5.863299942016601562e+01 3.207600021362304688e+01
1.600000000000000000e+01 6.696428656578063965e-01 3.865900039672851562e+01 5.761899948120117188e+01 3.420000076293945312e+01
1.500000000000000000e+01 7.500000000000000000e-01 3.733399963378906250e+01 5.416199874877929688e+01 3.524000167846679688e+01
7.000000000000000000e+00 8.839285969734191895e-01 4.280799865722656250e+01 5.397999954223632812e+01 3.921900177001953125e+01
0.000000000000000000e+00 9.821428656578063965e-01 4.749599838256835938e+01 5.016999816894531250e+01 3.520000076293945312e+01
7.000000000000000000e+00 9.955357313156127930e-01 4.983499908447265625e+01 4.806600189208984375e+01 3.744699859619140625e+01
2.200000000000000000e+01 9.776785969734191895e-01 5.264400100708007812e+01 4.562500000000000000e+01 3.631100082397460938e+01
2.200000000000000000e+01 9.553571343421936035e-01 5.456000137329101562e+01 4.326100158691406250e+01 3.893000030517578125e+01
1.500000000000000000e+01 8.526785969734191895e-01 5.748099899291992188e+01 4.100099945068359375e+01 3.774300003051757812e+01
1.800000000000000000e+01 6.830357313156127930e-01 6.047200012207031250e+01 3.904800033569335938e+01 3.891400146484375000e+01
0.000000000000000000e+00 5.669642686843872070e-01 6.335200119018554688e+01 4.045199966430664062e+01 3.689799880981445312e+01
2.000000000000000000e+00 2.946428656578063965e-01 6.658100128173828125e+01 3.882899856567382812e+01 3.585100173950195312e+01
3.000000000000000000e+00 2.589285671710968018e-01 6.559799957275390625e+01 3.543399810791015625e+01 3.751399993896484375e+01
1.700000000000000000e+01 8.928571641445159912e-02 6.740000152587890625e+01 3.311000061035156250e+01 3.486399841308593750e+01
9.000000000000000000e+00 5.803571268916130066e-02 6.998200225830078125e+01 3.583900070190429688e+01 3.420399856567382812e+01
1.600000000000000000e+01 8.482142537832260132e-02 7.001399993896484375e+01 3.959700012207031250e+01 3.333900070190429688e+01
1.000000000000000000e+00 2.142857164144515991e-01 6.752600097656250000e+01 4.060699844360351562e+01 3.064200019836425781e+01
1.000000000000000000e+00 2.678571343421936035e-01 6.653600311279296875e+01 4.375400161743164062e+01 2.875799942016601562e+01
2.000000000000000000e+01 5.357142686843872070e-01 6.279499816894531250e+01 4.467599868774414062e+01 2.871899986267089844e+01
1.800000000000000000e+01 5.937500000000000000e-01 6.045399856567382812e+01 4.669300079345703125e+01 2.655299949645996094e+01
1.100000000000000000e+01 7.946428656578063965e-01 5.686000061035156250e+01 4.663899993896484375e+01 2.807299995422363281e+01
0.000000000000000000e+00 8.035714030265808105e-01 5.392300033569335938e+01 4.770399856567382812e+01 2.589900016784667969e+01
0.000000000000000000e+00 8.928571343421936035e-01 5.069100189208984375e+01 4.893600082397460938e+01 2.728300094604492188e+01
1.200000000000000000e+01 8.214285969734191895e-01 4.761299896240234375e+01 4.961899948120117188e+01 2.522299957275390625e+01
1.200000000000000000e+01 8.437500000000000000e-01 4.495299911499023438e+01 5.159299850463867188e+01 2.716699981689453125e+01
1.700000000000000000e+01 7.366071343421936035e-01 4.130500030517578125e+01 5.241600036621093750e+01 2.648600006103515625e+01
1.600000000000000000e+01 7.589285969734191895e-01 3.910900115966796875e+01 5.330899810791015625e+01 2.952700042724609375e+01
2.000000000000000000e+01 7.857142686843872070e-01 3.723199844360351562e+01 5.004000091552734375e+01 2.989299964904785156e+01
1.700000000000000000e+01 8.750000000000000000e-01 4.006100082397460938e+01 4.783599853515625000e+01 2.874900054931640625e+01
2.000000000000000000e+01 9.642857313156127930e-01 4.372100067138671875e+01 4.761100006103515625e+01 2.947100067138671875e+01
1.700000000000000000e+01 9.464285969734191895e-01 4.620299911499023438e+01 4.502899932861328125e+01 2.798299980163574219e+01
1.800000000000000000e+01 9.508928656578063965e-01 5.001499938964843750e+01 4.487500000000000000e+01 2.853300094604492188e+01
1.800000000000000000e+01 8.705357313156127930e-01 5.263700103759765625e+01 4.263999938964843750e+01 2.694599914550781250e+01
0.000000000000000000e+00 7.812500000000000000e-01 5.638000106811523438e+01 4.218700027465820312e+01 2.764699935913085938e+01
2.200000000000000000e+01 5.803571343421936035e-01 5.919100189208984375e+01 4.147399902343750000e+01 2.518199920654296875e+01
2.200000000000000000e+01 4.464285671710968018e-01 6.226900100708007812e+01 3.997999954223632812e+01 2.684199905395507812e+01
1.800000000000000000e+01 1.696428507566452026e-01 6.572899627685546875e+01 4.032199859619140625e+01 2.521599960327148438e+01
2.000000000000000000e+00 6.696428358554840088e-02 6.911799621582031250e+01 3.945199966430664062e+01 2.661000061035156250e+01
1.600000000000000000e+01 1.339285727590322495e-02 7.199299621582031250e+01 4.213700103759765625e+01 2.682399940490722656e+01
