1 1 14 0 0.0119760479041916 0 0 29.002 56.803 42.644
1 2 18 0 0.11377245508982048 0 0 30.954 53.594 43.192
1 3 7 0 0.3053892215568862 0 0 31.772 51.661 39.975
1 4 20 0 0.5808383233532934 0 0 33.160 48.084 40.068
1 5 13 0 0.7365269461077844 0 0 35.004 46.714 37.095
1 6 12 0 0.9221556886227544 0 0 34.369 42.985 37.188
1 7 22 0 0.9520958083832335 0 0 36.046 40.715 34.679
1 8 22 0 0.9880239520958084 0 0 34.759 37.280 33.817
1 9 22 0 0.9700598802395209 0 0 37.526 34.961 32.878
1 10 9 0 0.9281437125748503 0 0 37.801 31.263 31.924
1 11 0 0 0.7844311377245509 0 0 37.935 28.936 28.929
1 12 9 0 0.6227544910179641 0 0 35.337 28.701 26.213
1 13 9 0 0.5748502994011976 0 0 32.044 26.993 26.702
1 14 22 0 0.8143712574850299 0 0 31.651 27.810 30.390
1 15 9 0 0.8383233532934131 0 0 28.996 30.496 29.953
1 16 13 0 0.9401197604790419 0 0 30.926 33.647 30.655
1 17 17 0 0.844311377245509 0 0 28.511 35.819 28.726
1 18 0 0 0.8083832335329342 0 0 25.621 33.785 30.041
1 19 12 0 0.9041916167664671 0 0 26.218 34.580 33.709
1 20 18 0 0.874251497005988 0 0 26.385 38.216 32.846
1 21 11 0 0.6467065868263473 0 0 23.334 38.345 30.636
1 22 6 0 0.6167664670658684 0 0 21.558 36.313 33.299
1 23 12 0 0.718562874251497 0 0 22.634 38.977 35.821
1 24 11 0 0.5149700598802396 0 0 21.371 42.010 33.947
1 25 6 0 0.2934131736526946 0 0 18.528 40.835 31.705
1 26 2 0 0.29940119760479034 0 0 17.273 37.952 33.815
1 27 10 0 0.24550898203592808 0 0 17.406 35.677 30.821
1 28 15 0 0.33532934131736525 0 0 19.392 33.060 29.011
1 29 22 0 0.3652694610778443 0 0 21.365 34.484 26.136
1 30 3 0 0.10179640718562877 0 0 20.168 33.770 22.677
1 31 7 0 0.08383233532934131 0 0 22.888 34.922 20.304
1 32 20 0 0.16167664670658677 0 0 26.536 35.083 20.197
1 33 3 0 0.21556886227544902 0 0 28.086 38.545 20.399
1 34 16 0 0.34730538922155685 0 0 31.758 39.406 21.024
1 35 18 0 0.46706586826347307 0 0 30.830 42.023 23.680
1 36 11 0 0.3532934131736526 0 0 33.858 44.142 22.984
1 37 7 0 0.16766467065868274 0 0 32.575 47.674 23.613
1 38 3 0 0.2694610778443114 0 0 29.145 46.676 24.807
1 39 17 0 0.39520958083832336 0 0 28.336 47.615 28.427
1 40 20 0 0.5449101796407185 0 0 26.369 45.439 30.838
1 41 1 0 0.49101796407185627 0 0 25.604 47.102 34.115
1 42 13 0 0.3772455089820359 0 0 23.243 47.698 37.009
1 43 6 0 0.19161676646706582 0 0 23.194 49.531 40.312
1 44 22 0 0.2335329341317366 0 0 22.830 47.330 43.414
1 45 22 0 0.11976047904191622 0 0 22.600 47.550 47.186
1 46 11 0 0.19760479041916168 0 0 25.572 45.877 48.891
1 47 3 0 0.04790419161676651 0 0 25.579 46.297 52.652
1 48 9 0 0.0 0 0 24.038 49.684 53.022
1 49 7 0 0.02395209580838331 0 0 25.649 51.280 49.974
1 50 18 0 0.041916167664670656 0 0 24.427 51.649 46.381
1 51 5 0 0.18562874251497008 0 0 27.001 50.559 43.768
1 52 12 0 0.32335329341317365 0 0 27.212 50.318 39.990
1 53 12 0 0.6047904191616766 0 0 28.414 46.965 38.820
1 54 3 0 0.6706586826347305 0 0 30.384 47.011 35.613
1 55 11 0 0.8562874251497006 0 0 30.970 43.800 33.775
1 56 12 0 0.8502994011976048 0 0 33.828 43.119 31.335
1 57 3 0 0.8682634730538922 0 0 33.380 40.055 29.131
1 58 18 0 0.8323353293413174 0 0 36.281 38.003 27.892
1 59 0 0 0.6347305389221557 0 0 35.747 36.336 24.534
1 60 9 0 0.41916167664670656 0 0 37.292 34.473 21.716
1 61 6 0 0.27544910179640725 0 0 40.087 31.874 21.392
1 62 7 0 0.09580838323353291 0 0 41.994 34.113 19.015
1 63 7 0 0.03592814371257491 0 0 45.751 33.846 19.014
1 64 20 0 0.017964071856287345 0 0 46.756 37.456 18.979
1 65 17 0 0.08982035928143717 0 0 44.614 39.835 21.054
1 66 0 0 0.13173652694610782 0 0 45.306 42.693 23.296
1 67 14 0 0.37125748502994016 0 0 41.857 42.765 24.792
1 68 1 0 0.5508982035928144 0 0 42.480 40.147 27.524
1 69 3 0 0.4011976047904191 0 0 45.278 42.384 28.794
1 70 6 0 0.3892215568862275 0 0 43.169 45.477 28.782
1 71 20 0 0.658682634730539 0 0 40.480 43.790 30.865
1 72 14 0 0.6646706586826348 0 0 43.128 42.359 33.187
1 73 1 0 0.437125748502994 0 0 44.511 45.791 33.788
1 74 18 0 0.5089820359281436 0 0 41.069 47.326 34.101
1 75 9 0 0.7664670658682635 0 0 40.170 44.416 36.445
1 76 7 0 0.6766467065868262 0 0 39.218 45.713 39.872
1 77 9 0 0.8802395209580838 0 0 37.583 42.305 40.399
1 78 15 0 0.9640718562874252 0 0 37.725 38.934 38.728
1 79 12 0 0.9940119760479041 0 0 35.128 36.235 38.190
1 80 5 0 0.9820359281437125 0 0 36.780 33.000 37.150
1 81 22 0 0.9760479041916168 0 0 34.337 30.614 35.496
1 82 15 0 0.8922155688622755 0 0 34.414 26.961 35.106
1 83 0 0 0.7245508982035929 0 0 31.975 24.223 34.372
1 84 11 0 0.5209580838323353 0 0 31.304 21.341 36.743
1 85 2 0 0.281437125748503 0 0 30.827 18.908 33.937
1 86 2 0 0.38323353293413165 0 0 33.967 19.991 32.102
1 87 18 0 0.25149700598802394 0 0 37.231 18.773 33.393
1 88 13 0 0.3293413173652695 0 0 39.453 20.916 31.274
1 89 17 0 0.6107784431137725 0 0 37.803 24.090 32.418
1 90 15 0 0.5868263473053892 0 0 38.763 23.254 35.993
1 91 7 0 0.4251497005988024 0 0 42.403 22.765 35.083
1 92 3 0 0.5568862275449102 0 0 42.579 25.923 32.932
1 93 11 0 0.7724550898203593 0 0 41.994 28.033 36.019
1 94 10 0 0.5029940119760479 0 0 45.665 27.434 36.721
1 95 10 0 0.4850299401197605 0 0 46.557 29.268 33.535
1 96 20 0 0.7604790419161677 0 0 44.042 32.017 34.189
1 97 1 0 0.688622754491018 0 0 45.230 32.673 37.690
1 98 7 0 0.4491017964071856 0 0 48.742 33.083 36.347
1 99 6 0 0.4970059880239521 0 0 47.731 35.428 33.598
1 100 11 0 0.6287425149700598 0 0 45.963 37.591 36.139
1 101 13 0 0.44311377245508976 0 0 48.710 37.274 38.642
1 102 1 0 0.17964071856287422 0 0 51.444 38.577 36.317
1 103 22 0 0.28742514970059885 0 0 49.372 41.475 34.989
1 104 13 0 0.3413173652694611 0 0 48.398 42.475 38.527
1 105 3 0 0.10778443113772451 0 0 51.938 41.881 39.772
1 106 17 0 0.13772455089820357 0 0 50.419 40.522 42.890
1 107 7 0 0.2574850299401197 0 0 49.022 37.321 44.395
1 108 3 0 0.35928143712574856 0 0 46.356 39.155 46.402
1 109 22 0 0.5988023952095809 0 0 43.808 39.501 43.741
1 110 16 0 0.7784431137724551 0 0 40.169 39.724 44.664
1 111 14 0 0.9101796407185628 0 0 38.726 36.680 42.960
1 112 22 0 0.9461077844311377 0 0 35.771 34.328 43.154
1 113 12 0 0.9341317365269461 0 0 35.741 30.826 41.741
1 114 22 0 0.9580838323353293 0 0 32.518 30.199 39.902
1 115 9 0 0.8622754491017964 0 0 31.283 26.843 38.734
1 116 2 0 0.8263473053892215 0 0 28.512 26.942 36.208
1 117 13 0 0.562874251497006 0 0 26.199 24.280 34.852
1 118 5 0 0.4610778443113772 0 0 25.465 22.897 38.321
1 119 3 0 0.15568862275449102 0 0 22.333 21.294 37.146
1 120 12 0 0.053892215568862256 0 0 22.810 17.721 38.113
1 121 16 0 0.029940119760479056 0 0 24.249 16.354 41.374
1 122 17 0 0.0059880239520957446 0 0 26.430 13.860 39.496
1 123 1 0 0.07784431137724557 0 0 29.235 16.062 38.249
1 124 18 0 0.0718562874251496 0 0 32.440 15.479 36.248
1 125 22 0 0.20958083832335328 0 0 34.372 17.694 38.543
1 126 3 0 0.12574850299401197 0 0 33.696 16.790 42.192
1 127 18 0 0.17365269461077848 0 0 32.421 19.228 44.791
1 128 13 0 0.06586826347305386 0 0 35.310 18.281 47.002
1 129 6 0 0.14371257485029942 0 0 37.758 18.990 44.232
1 130 0 0 0.47904191616766467 0 0 36.413 22.464 43.730
1 131 6 0 0.3173652694610779 0 0 36.647 22.905 47.484
1 132 3 0 0.14970059880239517 0 0 40.298 21.765 47.267
1 133 12 0 0.43113772455089827 0 0 41.042 24.298 44.531
1 134 0 0 0.5329341317365269 0 0 39.458 27.017 46.572
1 135 1 0 0.22754491017964074 0 0 41.734 26.484 49.564
1 136 17 0 0.221556886227545 0 0 44.647 26.244 47.174
1 137 20 0 0.4730538922155688 0 0 44.169 29.758 45.918
1 138 9 0 0.40718562874251496 0 0 42.636 31.349 48.979
1 139 11 0 0.652694610778443 0 0 39.344 32.127 47.325
1 140 16 0 0.7065868263473054 0 0 35.721 31.162 47.576
1 141 15 0 0.7544910179640718 0 0 34.086 28.397 45.581
1 142 11 0 0.8023952095808383 0 0 30.516 28.972 44.714
1 143 7 0 0.7005988023952096 0 0 28.275 26.647 42.652
1 144 18 0 0.7964071856287425 0 0 26.037 28.464 40.243
1 145 17 0 0.6826347305389222 0 0 24.149 27.961 37.043
1 146 0 0 0.6946107784431137 0 0 23.452 30.172 34.014
1 147 13 0 0.4131736526946108 0 0 20.462 28.293 32.601
1 148 18 0 0.26347305389221565 0 0 18.287 27.885 35.643
1 149 1 0 0.45508982035928147 0 0 19.213 31.311 37.005
1 150 6 0 0.5269461077844311 0 0 21.028 29.897 40.043
1 151 9 0 0.6407185628742516 0 0 23.099 32.044 42.415
1 152 22 0 0.8203592814371258 0 0 24.243 34.484 39.835
1 153 3 0 0.7425149700598803 0 0 23.749 37.728 41.848
1 154 3 0 0.7125748502994012 0 0 25.270 36.128 44.886
1 155 0 0 0.8982035928143712 0 0 28.607 35.404 43.269
1 156 15 0 0.9161676646706587 0 0 28.847 38.872 41.872
1 157 20 0 0.7485029940119761 0 0 27.963 40.250 45.257
1 158 18 0 0.7904191616766467 0 0 30.615 38.015 46.895
1 159 12 0 0.8862275449101796 0 0 33.278 39.282 44.534
1 160 22 0 0.7305389221556886 0 0 32.461 42.924 45.327
1 161 1 0 0.5389221556886228 0 0 32.469 42.041 48.992
1 162 7 0 0.592814371257485 0 0 35.967 40.693 48.580
1 163 11 0 0.5688622754491017 0 0 36.853 43.915 46.691
1 164 1 0 0.31137724550898194 0 0 35.622 45.947 49.542
1 165 13 0 0.20359281437125742 0 0 37.573 43.935 52.008
1 166 10 0 0.23952095808383234 0 0 40.719 44.328 49.964
1 167 13 0 0.059880239520958 0 0 43.106 47.204 50.013
