5.000000000000000000e+00 1.473214328289031982e-01 2.655599975585937500e+01 3.761500167846679688e+01 4.074800109863281250e+01
1.600000000000000000e+01 2.276785671710968018e-01 2.695700073242187500e+01 4.130199813842773438e+01 4.172000122070312500e+01
1.200000000000000000e+01 5.000000000000000000e-01 3.066500091552734375e+01 4.105400085449218750e+01 4.139300155639648438e+01
1.400000000000000000e+01 5.401785969734191895e-01 3.195000076293945312e+01 3.820100021362304688e+01 3.897100067138671875e+01
2.200000000000000000e+01 7.098214030265808105e-01 3.538800048828125000e+01 3.744100189208984375e+01 3.733200073242187500e+01
1.300000000000000000e+01 6.785714030265808105e-01 3.582400131225585938e+01 3.565800094604492188e+01 3.403300094604492188e+01
2.200000000000000000e+01 7.321428656578063965e-01 3.928900146484375000e+01 3.418799972534179688e+01 3.355400085449218750e+01
1.200000000000000000e+01 6.741071343421936035e-01 4.079700088500976562e+01 3.277199935913085938e+01 3.025099945068359375e+01
3.000000000000000000e+00 6.473214030265808105e-01 4.409000015258789062e+01 3.145700073242187500e+01 2.918700027465820312e+01
0.000000000000000000e+00 6.071428656578063965e-01 4.542599868774414062e+01 3.298300170898437500e+01 2.583099937438964844e+01
2.200000000000000000e+01 3.928571343421936035e-01 4.765900039672851562e+01 2.997999954223632812e+01 2.490800094604492188e+01
1.000000000000000000e+00 2.232142835855484009e-01 4.480300140380859375e+01 2.753300094604492188e+01 2.429899978637695312e+01
9.000000000000000000e+00 3.303571343421936035e-01 4.230400085449218750e+01 3.046400070190429688e+01 2.406100082397460938e+01
1.700000000000000000e+01 2.857142984867095947e-01 3.977999877929687500e+01 2.886700057983398438e+01 2.643899917602539062e+01
1.600000000000000000e+01 3.705357015132904053e-01 3.845299911499023438e+01 2.929700088500976562e+01 3.002599906921386719e+01
0.000000000000000000e+00 5.357142686843872070e-01 4.099800109863281250e+01 2.926799964904785156e+01 3.285800170898437500e+01
1.100000000000000000e+01 3.169642984867095947e-01 3.980500030517578125e+01 2.678599929809570312e+01 3.562300109863281250e+01
2.000000000000000000e+00 3.571428656578063965e-01 4.104499816894531250e+01 2.717499923706054688e+01 3.924300003051757812e+01
2.200000000000000000e+01 6.562500000000000000e-01 4.254600143432617188e+01 3.067300033569335938e+01 3.900400161743164062e+01
0.000000000000000000e+00 6.517857313156127930e-01 4.266600036621093750e+01 3.169899940490722656e+01 4.262799835205078125e+01
1.400000000000000000e+01 7.410714030265808105e-01 4.205500030517578125e+01 3.520000076293945312e+01 4.375799942016601562e+01
2.200000000000000000e+01 7.187500000000000000e-01 3.941899871826171875e+01 4.053499984741210938e+01 4.697900009155273438e+01
1.500000000000000000e+01 6.830357313156127930e-01 3.979000091552734375e+01 4.367300033569335938e+01 4.909000015258789062e+01
1.000000000000000000e+00 5.625000000000000000e-01 3.785499954223632812e+01 4.671599960327148438e+01 4.993399810791015625e+01
1.300000000000000000e+01 5.312500000000000000e-01 3.931000137329101562e+01 5.014699935913085938e+01 5.084099960327148438e+01
0.000000000000000000e+00 2.455357164144515991e-01 3.822399902343750000e+01 5.123899841308593750e+01 5.430199813842773438e+01
0.000000000000000000e+00 8.482142537832260132e-02 3.761999893188476562e+01 5.484700012207031250e+01 5.543000030517578125e+01
3.000000000000000000e+00 7.589285820722579956e-02 4.107699966430664062e+01 5.563700103759765625e+01 5.693899917602539062e+01
3.000000000000000000e+00 2.901785671710968018e-01 4.254600143432617188e+01 5.449900054931640625e+01 5.354399871826171875e+01
1.800000000000000000e+01 3.080357015132904053e-01 4.345500183105468750e+01 5.099000167846679688e+01 5.484600067138671875e+01
1.900000000000000000e+01 5.267857313156127930e-01 4.253400039672851562e+01 4.785499954223632812e+01 5.279299926757812500e+01
7.000000000000000000e+00 3.348214328289031982e-01 4.034400177001953125e+01 4.531299972534179688e+01 5.458100128173828125e+01
1.600000000000000000e+01 3.794642984867095947e-01 3.965299987792968750e+01 4.161899948120117188e+01 5.336899948120117188e+01
1.500000000000000000e+01 3.660714328289031982e-01 3.630199813842773438e+01 4.148099899291992188e+01 5.143999862670898438e+01
0.000000000000000000e+00 3.526785671710968018e-01 3.597299957275390625e+01 3.788499832153320312e+01 5.002500152587890625e+01
1.700000000000000000e+01 4.910714328289031982e-01 3.809500122070312500e+01 3.528900146484375000e+01 4.804999923706054688e+01
9.000000000000000000e+00 4.151785671710968018e-01 3.788800048828125000e+01 3.215499877929687500e+01 4.606600189208984375e+01
1.300000000000000000e+01 4.821428656578063965e-01 3.918999862670898438e+01 3.032299995422363281e+01 4.283599853515625000e+01
1.800000000000000000e+01 4.776785671710968018e-01 3.752399826049804688e+01 3.011300086975097656e+01 3.929999923706054688e+01
1.700000000000000000e+01 2.098214328289031982e-01 3.504700088500976562e+01 2.734499931335449219e+01 3.824499893188476562e+01
7.000000000000000000e+00 8.928571641445159912e-02 3.486600112915039062e+01 2.502400016784667969e+01 3.510100173950195312e+01
1.700000000000000000e+01 1.607142835855484009e-01 3.343299865722656250e+01 2.780200004577636719e+01 3.289599990844726562e+01
9.000000000000000000e+00 4.419642984867095947e-01 3.622299957275390625e+01 3.026799964904785156e+01 3.409000015258789062e+01
7.000000000000000000e+00 4.508928656578063965e-01 3.377700042724609375e+01 3.233000183105468750e+01 3.624499893188476562e+01
1.200000000000000000e+01 4.553571343421936035e-01 3.407300186157226562e+01 3.288199996948242188e+01 4.002999877929687500e+01
9.000000000000000000e+00 1.205357164144515991e-01 2.964999961853027344e+01 3.373500061035156250e+01 4.531000137329101562e+01
1.200000000000000000e+01 3.035714328289031982e-01 3.196599960327148438e+01 3.673199844360351562e+01 4.627600097656250000e+01
1.800000000000000000e+01 1.741071492433547974e-01 2.936199951171875000e+01 3.919800186157226562e+01 4.780099868774414062e+01
1.800000000000000000e+01 4.910714179277420044e-02 2.560600090026855469e+01 4.008200073242187500e+01 4.809600067138671875e+01
7.000000000000000000e+00 3.125000000000000000e-02 2.390299987792968750e+01 4.320000076293945312e+01 4.662599945068359375e+01
7.000000000000000000e+00 4.464285913854837418e-03 2.330500030517578125e+01 4.492900085449218750e+01 4.999399948120117188e+01
7.000000000000000000e+00 3.571428731083869934e-02 2.668799972534179688e+01 4.381700134277343750e+01 5.145399856567382812e+01
1.500000000000000000e+01 1.517857164144515991e-01 2.850099945068359375e+01 4.542800140380859375e+01 4.856399917602539062e+01
2.200000000000000000e+01 9.375000000000000000e-02 2.846699905395507812e+01 4.906200027465820312e+01 4.971500015258789062e+01
7.000000000000000000e+00 2.053571492433547974e-01 3.005699920654296875e+01 5.201100158691406250e+01 4.784500122070312500e+01
9.000000000000000000e+00 4.107142984867095947e-01 3.388299942016601562e+01 5.175500106811523438e+01 4.770399856567382812e+01
1.100000000000000000e+01 6.607142686843872070e-01 3.706100082397460938e+01 5.111399841308593750e+01 4.588499832153320312e+01
2.000000000000000000e+01 7.500000000000000000e-01 3.761500167846679688e+01 4.744200134277343750e+01 4.518099975585937500e+01
1.300000000000000000e+01 8.883928656578063965e-01 4.060499954223632812e+01 4.547299957275390625e+01 4.410400009155273438e+01
2.200000000000000000e+01 9.107142686843872070e-01 4.081900024414062500e+01 4.183399963378906250e+01 4.271200180053710938e+01
7.000000000000000000e+00 9.285714030265808105e-01 4.422399902343750000e+01 4.030500030517578125e+01 4.331399917602539062e+01
1.100000000000000000e+01 9.241071343421936035e-01 4.450600051879882812e+01 3.739799880981445312e+01 4.092800140380859375e+01
3.000000000000000000e+00 8.348214030265808105e-01 4.732699966430664062e+01 3.481800079345703125e+01 4.152899932861328125e+01
1.800000000000000000e+01 8.705357313156127930e-01 4.836800003051757812e+01 3.458200073242187500e+01 3.797000122070312500e+01
1.300000000000000000e+01 7.812500000000000000e-01 5.195399856567382812e+01 3.327799987792968750e+01 3.848300170898437500e+01
1.700000000000000000e+01 6.294642686843872070e-01 5.059199905395507812e+01 3.031200027465820312e+01 4.056200027465820312e+01
2.000000000000000000e+01 6.160714030265808105e-01 4.818600082397460938e+01 2.922299957275390625e+01 3.772100067138671875e+01
1.900000000000000000e+01 5.714285969734191895e-01 5.120700073242187500e+01 2.895700073242187500e+01 3.515000152587890625e+01
1.300000000000000000e+01 4.196428656578063965e-01 5.363700103759765625e+01 2.754100036621093750e+01 3.781800079345703125e+01
0.000000000000000000e+00 2.589285671710968018e-01 5.121699905395507812e+01 2.463999938964843750e+01 3.836899948120117188e+01
1.200000000000000000e+01 1.875000000000000000e-01 5.179000091552734375e+01 2.360099983215332031e+01 3.462900161743164062e+01
9.000000000000000000e+00 1.294642835855484009e-01 5.562599945068359375e+01 2.404700088500976562e+01 3.475299835205078125e+01
1.100000000000000000e+01 3.125000000000000000e-01 5.564599990844726562e+01 2.743099975585937500e+01 3.277299880981445312e+01
1.700000000000000000e+01 4.687500000000000000e-01 5.760900115966796875e+01 3.031100082397460938e+01 3.439300155639648438e+01
1.600000000000000000e+01 7.008928656578063965e-01 5.557799911499023438e+01 3.351499938964843750e+01 3.347499847412109375e+01
1.500000000000000000e+01 7.767857313156127930e-01 5.699399948120117188e+01 3.706600189208984375e+01 3.345100021362304688e+01
7.000000000000000000e+00 8.839285969734191895e-01 5.390599822998046875e+01 3.777099990844726562e+01 3.926100158691406250e+01
0.000000000000000000e+00 9.910714030265808105e-01 4.723400115966796875e+01 4.080400085449218750e+01 3.769400024414062500e+01
7.000000000000000000e+00 9.866071343421936035e-01 4.541899871826171875e+01 4.322100067138671875e+01 3.998799896240234375e+01
2.200000000000000000e+01 9.776785969734191895e-01 4.243399810791015625e+01 4.525299835205078125e+01 3.865900039672851562e+01
2.200000000000000000e+01 9.598214030265808105e-01 4.104700088500976562e+01 4.811600112915039062e+01 4.055099868774414062e+01
1.500000000000000000e+01 8.392857313156127930e-01 3.760499954223632812e+01 4.987200164794921875e+01 4.025699996948242188e+01
1.800000000000000000e+01 6.651785969734191895e-01 3.486199951171875000e+01 5.172100067138671875e+01 4.219800186157226562e+01
0.000000000000000000e+00 5.178571343421936035e-01 3.148600006103515625e+01 5.011800003051757812e+01 4.269800186157226562e+01
2.000000000000000000e+00 2.321428507566452026e-01 2.785199928283691406e+01 5.121500015258789062e+01 4.275899887084960938e+01
3.000000000000000000e+00 1.383928507566452026e-01 2.812500000000000000e+01 5.506900024414062500e+01 4.257099914550781250e+01
1.700000000000000000e+01 2.678571455180644989e-02 2.478300094604492188e+01 5.660300064086914062e+01 4.160300064086914062e+01
9.000000000000000000e+00 1.785714365541934967e-02 2.318400001525878906e+01 5.323699951171875000e+01 4.241299819946289062e+01
1.600000000000000000e+01 6.696428358554840088e-02 2.377300071716308594e+01 4.938299942016601562e+01 4.209099960327148438e+01
1.000000000000000000e+00 1.785714328289031982e-01 2.549500083923339844e+01 4.779499816894531250e+01 3.916799926757812500e+01
1.000000000000000000e+00 2.678571343421936035e-01 2.678400039672851562e+01 4.445199966430664062e+01 3.810200119018554688e+01
2.000000000000000000e+01 5.535714030265808105e-01 3.050099945068359375e+01 4.397399902343750000e+01 3.733300018310546875e+01
1.800000000000000000e+01 6.250000000000000000e-01 3.180500030517578125e+01 4.121699905395507812e+01 3.508900070190429688e+01
1.100000000000000000e+01 8.169642686843872070e-01 3.560300064086914062e+01 4.164099884033203125e+01 3.498600006103515625e+01
0.000000000000000000e+00 8.125000000000000000e-01 3.705300140380859375e+01 3.941500091552734375e+01 3.229700088500976562e+01
0.000000000000000000e+00 9.062500000000000000e-01 4.073699951171875000e+01 3.845800018310546875e+01 3.233399963378906250e+01
1.200000000000000000e+01 8.482142686843872070e-01 4.297299957275390625e+01 3.692100143432617188e+01 2.963699913024902344e+01
1.200000000000000000e+01 8.571428656578063965e-01 4.610699844360351562e+01 3.532099914550781250e+01 3.102599906921386719e+01
1.700000000000000000e+01 8.035714030265808105e-01 4.928599929809570312e+01 3.480599975585937500e+01 2.911100006103515625e+01
1.600000000000000000e+01 7.232142686843872070e-01 5.286999893188476562e+01 3.381900024414062500e+01 3.011000061035156250e+01
2.000000000000000000e+01 7.991071343421936035e-01 5.428900146484375000e+01 3.725000000000000000e+01 2.918700027465820312e+01
1.700000000000000000e+01 8.928571343421936035e-01 5.109500122070312500e+01 3.925600051879882812e+01 2.881599998474121094e+01
2.000000000000000000e+01 9.642857313156127930e-01 4.763199996948242188e+01 3.996400070190429688e+01 3.024699974060058594e+01
1.700000000000000000e+01 9.419642686843872070e-01 4.440800094604492188e+01 4.179600143432617188e+01 2.889599990844726562e+01
1.800000000000000000e+01 9.553571343421936035e-01 4.138800048828125000e+01 4.297399902343750000e+01 3.093099975585937500e+01
1.800000000000000000e+01 8.526785969734191895e-01 3.781900024414062500e+01 4.412300109863281250e+01 3.006299972534179688e+01
0.000000000000000000e+00 8.080357313156127930e-01 3.527399826049804688e+01 4.542599868774414062e+01 3.240800094604492188e+01
2.200000000000000000e+01 6.026785969734191895e-01 3.157799911499023438e+01 4.521900177001953125e+01 3.155500030517578125e+01
2.200000000000000000e+01 4.285714328289031982e-01 2.888500022888183594e+01 4.714199829101562500e+01 3.336999893188476562e+01
1.800000000000000000e+01 1.696428507566452026e-01 2.529899978637695312e+01 4.586600112915039062e+01 3.328200149536132812e+01
2.000000000000000000e+00 5.357142910361289978e-02 2.239599990844726562e+01 4.748300170898437500e+01 3.490800094604492188e+01
1.600000000000000000e+01 8.928571827709674835e-03 1.985899925231933594e+01 4.546300125122070312e+01 3.702299880981445312e+01
5.000000000000000000e+00 1.160714253783226013e-01 6.775900268554687500e+01 5.058300018310546875e+01 2.768400001525878906e+01
1.600000000000000000e+01 2.366071492433547974e-01 6.755500030517578125e+01 4.800000000000000000e+01 3.057799911499023438e+01
1.200000000000000000e+01 4.955357015132904053e-01 6.386700057983398438e+01 4.909600067138671875e+01 3.107500076293945312e+01
1.400000000000000000e+01 5.223214030265808105e-01 6.195500183105468750e+01 5.091099929809570312e+01 2.836499977111816406e+01
2.200000000000000000e+01 6.875000000000000000e-01 5.808700180053710938e+01 5.139699935913085938e+01 2.848200035095214844e+01
1.300000000000000000e+01 6.383928656578063965e-01 5.617399978637695312e+01 5.220199966430664062e+01 2.531900024414062500e+01
2.200000000000000000e+01 7.142857313156127930e-01 5.246799850463867188e+01 5.330599975585937500e+01 2.598999977111816406e+01
1.200000000000000000e+01 6.339285969734191895e-01 4.974599838256835938e+01 5.363000106811523438e+01 2.315500068664550781e+01
3.000000000000000000e+00 6.205357313156127930e-01 4.601699829101562500e+01 5.450600051879882812e+01 2.337199974060058594e+01
0.000000000000000000e+00 5.446428656578063965e-01 4.308900070190429688e+01 5.274499893188476562e+01 2.164299964904785156e+01
2.200000000000000000e+01 3.616071343421936035e-01 4.074399948120117188e+01 5.578499984741210938e+01 2.164299964904785156e+01
1.000000000000000000e+00 1.919642835855484009e-01 4.233599853515625000e+01 5.809199905395507812e+01 1.907399940490722656e+01
9.000000000000000000e+00 2.544642984867095947e-01 4.442499923706054688e+01 5.508700180053710938e+01 1.786800003051757812e+01
1.700000000000000000e+01 2.633928656578063965e-01 4.780799865722656250e+01 5.652199935913085938e+01 1.864399909973144531e+01
1.600000000000000000e+01 3.392857015132904053e-01 5.086600112915039062e+01 5.666099929809570312e+01 2.101000022888183594e+01
0.000000000000000000e+00 5.133928656578063965e-01 5.007899856567382812e+01 5.812400054931640625e+01 2.440099906921386719e+01
1.100000000000000000e+01 2.767857015132904053e-01 5.185200119018554688e+01 6.163000106811523438e+01 2.500499916076660156e+01
2.000000000000000000e+00 3.214285671710968018e-01 5.265700149536132812e+01 6.256299972534179688e+01 2.868499946594238281e+01
2.200000000000000000e+01 6.116071343421936035e-01 5.139699935913085938e+01 5.961500167846679688e+01 3.076499938964843750e+01
0.000000000000000000e+00 6.428571343421936035e-01 5.298799896240234375e+01 5.953499984741210938e+01 3.419100189208984375e+01
1.400000000000000000e+01 7.455357313156127930e-01 5.457500076293945312e+01 5.633200073242187500e+01 3.570500183105468750e+01
2.200000000000000000e+01 7.276785969734191895e-01 5.882199859619140625e+01 5.220899963378906250e+01 3.914899826049804688e+01
1.500000000000000000e+01 6.919642686843872070e-01 5.940499877929687500e+01 5.026300048828125000e+01 4.244400024414062500e+01
1.000000000000000000e+00 5.848214030265808105e-01 6.161800003051757812e+01 4.746099853515625000e+01 4.394100189208984375e+01
1.300000000000000000e+01 5.669642686843872070e-01 6.019900131225585938e+01 4.516799926757812500e+01 4.671400070190429688e+01
0.000000000000000000e+00 2.723214328289031982e-01 6.263899993896484375e+01 4.526300048828125000e+01 4.969200134277343750e+01
0.000000000000000000e+00 9.821428358554840088e-02 6.392200088500976562e+01 4.271900177001953125e+01 5.229100036621093750e+01
3.000000000000000000e+00 1.071428582072257996e-01 6.110499954223632812e+01 4.340299987792968750e+01 5.479000091552734375e+01
3.000000000000000000e+00 3.437500000000000000e-01 5.874000167846679688e+01 4.339400100708007812e+01 5.163000106811523438e+01
1.800000000000000000e+01 3.750000000000000000e-01 5.850199890136718750e+01 4.715999984741210938e+01 5.146300125122070312e+01
1.900000000000000000e+01 5.982142686843872070e-01 5.800199890136718750e+01 4.867900085449218750e+01 4.796500015258789062e+01
7.000000000000000000e+00 4.062500000000000000e-01 6.099000167846679688e+01 5.114599990844726562e+01 4.757899856567382812e+01
1.600000000000000000e+01 4.732142984867095947e-01 6.064899826049804688e+01 5.388600158691406250e+01 4.468899917602539062e+01
1.500000000000000000e+01 4.241071343421936035e-01 6.321699905395507812e+01 5.308499908447265625e+01 4.184400177001953125e+01
0.000000000000000000e+00 4.464285671710968018e-01 6.231800079345703125e+01 5.550799942016601562e+01 3.908200073242187500e+01
1.700000000000000000e+01 5.044642686843872070e-01 5.963000106811523438e+01 5.781100082397460938e+01 3.752600097656250000e+01
9.000000000000000000e+00 3.883928656578063965e-01 5.895199966430664062e+01 5.991199874877929688e+01 3.445700073242187500e+01
1.300000000000000000e+01 4.598214328289031982e-01 5.625999832153320312e+01 6.039500045776367188e+01 3.184499931335449219e+01
1.800000000000000000e+01 4.375000000000000000e-01 5.579800033569335938e+01 5.950400161743164062e+01 2.811000061035156250e+01
1.700000000000000000e+01 1.651785671710968018e-01 5.780899810791015625e+01 6.123400115966796875e+01 2.532399940490722656e+01
7.000000000000000000e+00 8.035714179277420044e-02 5.597399902343750000e+01 6.213499832153320312e+01 2.210099983215332031e+01
1.700000000000000000e+01 1.339285671710968018e-01 5.641600036621093750e+01 5.863700103759765625e+01 2.053000068664550781e+01
9.000000000000000000e+00 4.017857015132904053e-01 5.470899963378906250e+01 5.712200164794921875e+01 2.371400070190429688e+01
7.000000000000000000e+00 3.839285671710968018e-01 5.811199951171875000e+01 5.606499862670898438e+01 2.504400062561035156e+01
1.200000000000000000e+01 3.973214328289031982e-01 6.010400009155273438e+01 5.641400146484375000e+01 2.828899955749511719e+01
9.000000000000000000e+00 1.116071417927742004e-01 6.669999694824218750e+01 5.657699966430664062e+01 3.096899986267089844e+01
1.200000000000000000e+01 2.991071343421936035e-01 6.459500122070312500e+01 5.518399810791015625e+01 3.385200119018554688e+01
1.800000000000000000e+01 1.830357164144515991e-01 6.767199707031250000e+01 5.333499908447265625e+01 3.527099990844726562e+01
1.800000000000000000e+01 4.017857089638710022e-02 7.132299804687500000e+01 5.271200180053710938e+01 3.416899871826171875e+01
7.000000000000000000e+00 2.232142910361289978e-02 7.262999725341796875e+01 4.922200012207031250e+01 3.322000122070312500e+01
7.000000000000000000e+00 0.000000000000000000e+00 7.500000000000000000e+01 4.949000167846679688e+01 3.626699829101562500e+01
7.000000000000000000e+00 4.464285820722579956e-02 7.195700073242187500e+01 5.015999984741210938e+01 3.846099853515625000e+01
1.500000000000000000e+01 1.562500000000000000e-01 6.944699859619140625e+01 4.752199935913085938e+01 3.706299972534179688e+01
2.200000000000000000e+01 1.250000000000000000e-01 6.982700347900390625e+01 4.430699920654296875e+01 3.910499954223632812e+01
7.000000000000000000e+00 2.142857164144515991e-01 6.803800201416015625e+01 4.119100189208984375e+01 4.041600036621093750e+01
9.000000000000000000e+00 4.330357015132904053e-01 6.465499877929687500e+01 4.212799835205078125e+01 4.214799880981445312e+01
1.100000000000000000e+01 6.696428656578063965e-01 6.084099960327148438e+01 4.222999954223632812e+01 4.217599868774414062e+01
2.000000000000000000e+01 7.589285969734191895e-01 5.985699844360351562e+01 4.539199829101562500e+01 4.039400100708007812e+01
1.300000000000000000e+01 8.973214030265808105e-01 5.646900177001953125e+01 4.700299835205078125e+01 3.992499923706054688e+01
2.200000000000000000e+01 9.196428656578063965e-01 5.540700149536132812e+01 4.986100006103515625e+01 3.761899948120117188e+01
7.000000000000000000e+00 9.330357313156127930e-01 5.241299819946289062e+01 5.208399963378906250e+01 3.859199905395507812e+01
1.100000000000000000e+01 9.151785969734191895e-01 5.108800125122070312e+01 5.384400177001953125e+01 3.549300003051757812e+01
3.000000000000000000e+00 8.303571343421936035e-01 4.859299850463867188e+01 5.670100021362304688e+01 3.602099990844726562e+01
1.800000000000000000e+01 8.437500000000000000e-01 4.599499893188476562e+01 5.608499908447265625e+01 3.321599960327148438e+01
1.300000000000000000e+01 7.544642686843872070e-01 4.349499893188476562e+01 5.788999938964843750e+01 3.541400146484375000e+01
1.700000000000000000e+01 5.937500000000000000e-01 4.510300064086914062e+01 6.128699874877929688e+01 3.509400177001953125e+01
2.000000000000000000e+01 5.892857313156127930e-01 4.556399917602539062e+01 6.074399948120117188e+01 3.124699974060058594e+01
1.900000000000000000e+01 5.491071343421936035e-01 4.177799987792968750e+01 6.017599868774414062e+01 3.109700012207031250e+01
1.300000000000000000e+01 3.482142984867095947e-01 4.121699905395507812e+01 6.323400115966796875e+01 3.338899993896484375e+01
0.000000000000000000e+00 2.410714328289031982e-01 4.341699981689453125e+01 6.535099792480468750e+01 3.096100044250488281e+01
1.200000000000000000e+01 2.187500000000000000e-01 4.156399917602539062e+01 6.401200103759765625e+01 2.783499908447265625e+01
9.000000000000000000e+00 1.428571492433547974e-01 3.824399948120117188e+01 6.460199737548828125e+01 2.959499931335449219e+01
1.100000000000000000e+01 3.258928656578063965e-01 3.738299942016601562e+01 6.087099838256835938e+01 2.974699974060058594e+01
1.700000000000000000e+01 4.866071343421936035e-01 3.607500076293945312e+01 5.866500091552734375e+01 3.265299987792968750e+01
1.600000000000000000e+01 7.053571343421936035e-01 3.884899902343750000e+01 5.656800079345703125e+01 3.435200119018554688e+01
1.500000000000000000e+01 7.678571343421936035e-01 3.708200073242187500e+01 5.330099868774414062e+01 3.524599838256835938e+01
7.000000000000000000e+00 9.017857313156127930e-01 4.245199966430664062e+01 5.351200103759765625e+01 3.927999877929687500e+01
0.000000000000000000e+00 9.821428656578063965e-01 4.756499862670898438e+01 5.016199874877929688e+01 3.510800170898437500e+01
7.000000000000000000e+00 9.955357313156127930e-01 4.997399902343750000e+01 4.803699874877929688e+01 3.728799819946289062e+01
2.200000000000000000e+01 9.732142686843872070e-01 5.269900131225585938e+01 4.582199859619140625e+01 3.581700134277343750e+01
2.200000000000000000e+01 9.687500000000000000e-01 5.434500122070312500e+01 4.357799911499023438e+01 3.860599899291992188e+01
1.500000000000000000e+01 8.660714030265808105e-01 5.726699829101562500e+01 4.113999938964843750e+01 3.768000030517578125e+01
1.800000000000000000e+01 6.964285969734191895e-01 6.033100128173828125e+01 3.944900131225585938e+01 3.914099884033203125e+01
0.000000000000000000e+00 5.758928656578063965e-01 6.323099899291992188e+01 4.079299926757812500e+01 3.697499847412109375e+01
2.000000000000000000e+00 2.946428656578063965e-01 6.648400115966796875e+01 3.893399810791015625e+01 3.625899887084960938e+01
3.000000000000000000e+00 2.812500000000000000e-01 6.521399688720703125e+01 3.561500167846679688e+01 3.779000091552734375e+01
1.700000000000000000e+01 1.026785746216773987e-01 6.742299652099609375e+01 3.352199935913085938e+01 3.532600021362304688e+01
9.000000000000000000e+00 6.250000000000000000e-02 7.037500000000000000e+01 3.606299972534179688e+01 3.501100158691406250e+01
1.600000000000000000e+01 7.142857462167739868e-02 7.082700347900390625e+01 3.961999893188476562e+01 3.368099975585937500e+01
1.000000000000000000e+00 1.964285671710968018e-01 6.811299896240234375e+01 4.054499816894531250e+01 3.107399940490722656e+01
1.000000000000000000e+00 2.500000000000000000e-01 6.707700347900390625e+01 4.383800125122070312e+01 2.924799919128417969e+01
2.000000000000000000e+01 5.089285969734191895e-01 6.345999908447265625e+01 4.479499816894531250e+01 2.889500045776367188e+01
1.800000000000000000e+01 5.580357313156127930e-01 6.090700149536132812e+01 4.654899978637695312e+01 2.667600059509277344e+01
1.100000000000000000e+01 7.723214030265808105e-01 5.723099899291992188e+01 4.657799911499023438e+01 2.799900054931640625e+01
0.000000000000000000e+00 7.901785969734191895e-01 5.435200119018554688e+01 4.765299987792968750e+01 2.587500000000000000e+01
0.000000000000000000e+00 8.794642686843872070e-01 5.109500122070312500e+01 4.907199859619140625e+01 2.725499916076660156e+01
1.200000000000000000e+01 8.214285969734191895e-01 4.785499954223632812e+01 4.977299880981445312e+01 2.533799934387207031e+01
1.200000000000000000e+01 8.258928656578063965e-01 4.511600112915039062e+01 5.202500152587890625e+01 2.690099906921386719e+01
1.700000000000000000e+01 7.633928656578063965e-01 4.131900024414062500e+01 5.243299865722656250e+01 2.681699943542480469e+01
1.600000000000000000e+01 7.366071343421936035e-01 3.860400009155273438e+01 5.339300155639648438e+01 2.947800064086914062e+01
2.000000000000000000e+01 7.946428656578063965e-01 3.697700119018554688e+01 4.999700164794921875e+01 3.054100036621093750e+01
1.700000000000000000e+01 8.750000000000000000e-01 3.985800170898437500e+01 4.771599960327148438e+01 2.904199981689453125e+01
2.000000000000000000e+01 9.375000000000000000e-01 4.363199996948242188e+01 4.784000015258789062e+01 2.879899978637695312e+01
1.700000000000000000e+01 9.464285969734191895e-01 4.639500045776367188e+01 4.546300125122070312e+01 2.776499938964843750e+01
1.800000000000000000e+01 9.508928656578063965e-01 5.019100189208984375e+01 4.499200057983398438e+01 2.849500083923339844e+01
1.800000000000000000e+01 8.616071343421936035e-01 5.291099929809570312e+01 4.261800003051757812e+01 2.715099906921386719e+01
0.000000000000000000e+00 7.857142686843872070e-01 5.654999923706054688e+01 4.225099945068359375e+01 2.785799980163574219e+01
2.200000000000000000e+01 5.803571343421936035e-01 5.932300186157226562e+01 4.165000152587890625e+01 2.546299934387207031e+01
2.200000000000000000e+01 4.642857015132904053e-01 6.229700088500976562e+01 4.019300079345703125e+01 2.729599952697753906e+01
1.800000000000000000e+01 2.008928507566452026e-01 6.591400146484375000e+01 4.018500137329101562e+01 2.586100006103515625e+01
2.000000000000000000e+00 5.803571268916130066e-02 6.946099853515625000e+01 3.907600021362304688e+01 2.662299919128417969e+01
1.600000000000000000e+01 1.339285727590322495e-02 7.245500183105468750e+01 4.152799987792968750e+01 2.700600051879882812e+01
