5.000000000000000000e+00 9.375000000000000000e-02 2.504500007629394531e+01 3.897499847412109375e+01 4.093399810791015625e+01
1.600000000000000000e+01 2.366071492433547974e-01 2.693300056457519531e+01 4.233300018310546875e+01 4.111800003051757812e+01
1.200000000000000000e+01 5.044642686843872070e-01 3.059499931335449219e+01 4.112200164794921875e+01 4.111600112915039062e+01
1.400000000000000000e+01 5.357142686843872070e-01 3.159300041198730469e+01 3.817300033569335938e+01 3.879999923706054688e+01
2.200000000000000000e+01 7.008928656578063965e-01 3.493700027465820312e+01 3.724000167846679688e+01 3.738100051879882812e+01
1.300000000000000000e+01 6.696428656578063965e-01 3.551300048828125000e+01 3.547299957275390625e+01 3.390299987792968750e+01
2.200000000000000000e+01 7.366071343421936035e-01 3.908900070190429688e+01 3.435100173950195312e+01 3.332400131225585938e+01
1.200000000000000000e+01 6.830357313156127930e-01 4.027299880981445312e+01 3.309799957275390625e+01 2.984600067138671875e+01
3.000000000000000000e+00 6.250000000000000000e-01 4.355799865722656250e+01 3.118499946594238281e+01 2.887899971008300781e+01
0.000000000000000000e+00 6.071428656578063965e-01 4.517599868774414062e+01 3.270500183105468750e+01 2.573800086975097656e+01
2.200000000000000000e+01 4.017857015132904053e-01 4.754299926757812500e+01 2.981599998474121094e+01 2.493000030517578125e+01
1.000000000000000000e+00 2.276785671710968018e-01 4.493099975585937500e+01 2.711300086975097656e+01 2.479899978637695312e+01
9.000000000000000000e+00 2.723214328289031982e-01 4.211500167846679688e+01 2.933399963378906250e+01 2.375600051879882812e+01
1.700000000000000000e+01 2.767857015132904053e-01 3.966400146484375000e+01 2.844700050354003906e+01 2.645100021362304688e+01
1.600000000000000000e+01 3.571428656578063965e-01 3.820500183105468750e+01 2.924399948120117188e+01 3.007299995422363281e+01
0.000000000000000000e+00 5.089285969734191895e-01 4.083399963378906250e+01 2.896199989318847656e+01 3.281100082397460938e+01
1.100000000000000000e+01 3.214285671710968018e-01 3.975099945068359375e+01 2.662700080871582031e+01 3.570999908447265625e+01
2.000000000000000000e+00 3.616071343421936035e-01 4.065900039672851562e+01 2.735099983215332031e+01 3.931800079345703125e+01
2.200000000000000000e+01 6.473214030265808105e-01 4.244800186157226562e+01 3.062500000000000000e+01 3.881100082397460938e+01
0.000000000000000000e+00 6.741071343421936035e-01 4.257899856567382812e+01 3.198999977111816406e+01 4.243700027465820312e+01
1.400000000000000000e+01 7.633928656578063965e-01 4.187799835205078125e+01 3.547000122070312500e+01 4.365299987792968750e+01
2.200000000000000000e+01 7.142857313156127930e-01 3.863800048828125000e+01 4.089400100708007812e+01 4.645700073242187500e+01
1.500000000000000000e+01 6.875000000000000000e-01 3.974800109863281250e+01 4.363899993896484375e+01 4.883800125122070312e+01
1.000000000000000000e+00 5.892857313156127930e-01 3.824599838256835938e+01 4.704800033569335938e+01 4.961199951171875000e+01
1.300000000000000000e+01 5.580357313156127930e-01 4.015399932861328125e+01 5.036399841308593750e+01 5.020299911499023438e+01
0.000000000000000000e+00 2.901785671710968018e-01 3.947999954223632812e+01 5.189500045776367188e+01 5.361199951171875000e+01
0.000000000000000000e+00 1.339285671710968018e-01 3.901200103759765625e+01 5.565499877929687500e+01 5.432199859619140625e+01
3.000000000000000000e+00 1.205357164144515991e-01 4.260499954223632812e+01 5.598400115966796875e+01 5.561999893188476562e+01
3.000000000000000000e+00 3.437500000000000000e-01 4.383100128173828125e+01 5.438299942016601562e+01 5.238199996948242188e+01
1.800000000000000000e+01 3.839285671710968018e-01 4.464899826049804688e+01 5.089400100708007812e+01 5.382400131225585938e+01
1.900000000000000000e+01 5.625000000000000000e-01 4.333200073242187500e+01 4.773899841308593750e+01 5.200500106811523438e+01
7.000000000000000000e+00 3.928571343421936035e-01 4.093099975585937500e+01 4.547800064086914062e+01 5.386199951171875000e+01
1.600000000000000000e+01 4.151785671710968018e-01 4.012099838256835938e+01 4.177999877929687500e+01 5.319800186157226562e+01
1.500000000000000000e+01 3.348214328289031982e-01 3.658900070190429688e+01 4.113000106811523438e+01 5.191400146484375000e+01
0.000000000000000000e+00 3.750000000000000000e-01 3.595399856567382812e+01 3.799399948120117188e+01 4.966500091552734375e+01
1.700000000000000000e+01 4.866071343421936035e-01 3.796400070190429688e+01 3.518600082397460938e+01 4.799100112915039062e+01
9.000000000000000000e+00 4.553571343421936035e-01 3.772299957275390625e+01 3.222399902343750000e+01 4.554000091552734375e+01
1.300000000000000000e+01 4.776785671710968018e-01 3.886700057983398438e+01 3.037400054931640625e+01 4.248899841308593750e+01
1.800000000000000000e+01 4.687500000000000000e-01 3.727299880981445312e+01 3.006399917602539062e+01 3.902299880981445312e+01
1.700000000000000000e+01 1.830357164144515991e-01 3.471599960327148438e+01 2.726300048828125000e+01 3.805500030517578125e+01
7.000000000000000000e+00 8.482142537832260132e-02 3.471400070190429688e+01 2.493899917602539062e+01 3.507600021362304688e+01
1.700000000000000000e+01 1.562500000000000000e-01 3.340599822998046875e+01 2.778599929809570312e+01 3.273799896240234375e+01
9.000000000000000000e+00 4.464285671710968018e-01 3.606399917602539062e+01 3.033900070190429688e+01 3.390700149536132812e+01
7.000000000000000000e+00 3.973214328289031982e-01 3.345100021362304688e+01 3.205599975585937500e+01 3.609199905395507812e+01
1.200000000000000000e+01 3.794642984867095947e-01 3.322800064086914062e+01 3.277799987792968750e+01 3.989099884033203125e+01
9.000000000000000000e+00 8.928571641445159912e-02 2.864800071716308594e+01 3.374800109863281250e+01 4.535900115966796875e+01
1.200000000000000000e+01 2.500000000000000000e-01 3.126399993896484375e+01 3.642499923706054688e+01 4.663800048828125000e+01
1.800000000000000000e+01 1.383928507566452026e-01 2.893600082397460938e+01 3.913800048828125000e+01 4.812500000000000000e+01
1.800000000000000000e+01 2.678571455180644989e-02 2.533300018310546875e+01 4.059000015258789062e+01 4.845600128173828125e+01
7.000000000000000000e+00 3.125000000000000000e-02 2.436599922180175781e+01 4.405099868774414062e+01 4.712500000000000000e+01
7.000000000000000000e+00 0.000000000000000000e+00 2.383099937438964844e+01 4.553400039672851562e+01 5.070399856567382812e+01
7.000000000000000000e+00 3.571428731083869934e-02 2.726199913024902344e+01 4.430199813842773438e+01 5.167800140380859375e+01
1.500000000000000000e+01 1.651785671710968018e-01 2.895599937438964844e+01 4.552500152587890625e+01 4.851499938964843750e+01
2.200000000000000000e+01 1.250000000000000000e-01 2.919199943542480469e+01 4.927700042724609375e+01 4.946799850463867188e+01
7.000000000000000000e+00 1.919642835855484009e-01 3.040800094604492188e+01 5.231399917602539062e+01 4.765299987792968750e+01
9.000000000000000000e+00 3.883928656578063965e-01 3.426300048828125000e+01 5.254299926757812500e+01 4.759600067138671875e+01
1.100000000000000000e+01 6.607142686843872070e-01 3.743399810791015625e+01 5.166999816894531250e+01 4.565100097656250000e+01
2.000000000000000000e+01 7.544642686843872070e-01 3.792900085449218750e+01 4.790599822998046875e+01 4.528699874877929688e+01
1.300000000000000000e+01 8.973214030265808105e-01 4.084899902343750000e+01 4.571900177001953125e+01 4.401599884033203125e+01
2.200000000000000000e+01 9.241071343421936035e-01 4.069599914550781250e+01 4.213499832153320312e+01 4.257099914550781250e+01
7.000000000000000000e+00 9.330357313156127930e-01 4.411500167846679688e+01 4.043000030517578125e+01 4.311700057983398438e+01
1.100000000000000000e+01 9.196428656578063965e-01 4.429299926757812500e+01 3.720800018310546875e+01 4.092200088500976562e+01
3.000000000000000000e+00 8.258928656578063965e-01 4.721900177001953125e+01 3.483300018310546875e+01 4.136100006103515625e+01
1.800000000000000000e+01 8.526785969734191895e-01 4.858200073242187500e+01 3.421799850463867188e+01 3.784600067138671875e+01
1.300000000000000000e+01 7.589285969734191895e-01 5.204600143432617188e+01 3.291600036621093750e+01 3.891600036621093750e+01
1.700000000000000000e+01 6.205357313156127930e-01 5.053799819946289062e+01 2.996299934387207031e+01 4.065999984741210938e+01
2.000000000000000000e+01 6.026785969734191895e-01 4.847399902343750000e+01 2.886300086975097656e+01 3.767499923706054688e+01
1.900000000000000000e+01 5.714285969734191895e-01 5.162400054931640625e+01 2.909099960327148438e+01 3.541400146484375000e+01
1.300000000000000000e+01 4.062500000000000000e-01 5.396200180053710938e+01 2.754000091552734375e+01 3.793199920654296875e+01
0.000000000000000000e+00 2.321428507566452026e-01 5.159899902343750000e+01 2.456800079345703125e+01 3.858800125122070312e+01
1.200000000000000000e+01 1.875000000000000000e-01 5.146300125122070312e+01 2.379400062561035156e+01 3.471099853515625000e+01
9.000000000000000000e+00 1.428571492433547974e-01 5.528200149536132812e+01 2.414200019836425781e+01 3.512200164794921875e+01
1.100000000000000000e+01 3.125000000000000000e-01 5.591799926757812500e+01 2.735000038146972656e+01 3.324800109863281250e+01
1.700000000000000000e+01 4.598214328289031982e-01 5.801900100708007812e+01 3.017300033569335938e+01 3.466699981689453125e+01
1.600000000000000000e+01 6.919642686843872070e-01 5.615900039672851562e+01 3.347800064086914062e+01 3.398500061035156250e+01
1.500000000000000000e+01 7.812500000000000000e-01 5.721900177001953125e+01 3.711700057983398438e+01 3.383100128173828125e+01
7.000000000000000000e+00 8.839285969734191895e-01 5.358300018310546875e+01 3.771699905395507812e+01 3.979999923706054688e+01
0.000000000000000000e+00 9.866071343421936035e-01 4.723799896240234375e+01 4.045299911499023438e+01 3.799399948120117188e+01
7.000000000000000000e+00 9.955357313156127930e-01 4.569200134277343750e+01 4.330400085449218750e+01 4.004100036621093750e+01
2.200000000000000000e+01 9.776785969734191895e-01 4.263100051879882812e+01 4.540800094604492188e+01 3.887699890136718750e+01
2.200000000000000000e+01 9.419642686843872070e-01 4.149200057983398438e+01 4.862799835205078125e+01 4.070299911499023438e+01
1.500000000000000000e+01 8.348214030265808105e-01 3.798400115966796875e+01 5.019599914550781250e+01 4.039799880981445312e+01
1.800000000000000000e+01 6.517857313156127930e-01 3.533499908447265625e+01 5.227700042724609375e+01 4.227500152587890625e+01
0.000000000000000000e+00 5.223214030265808105e-01 3.203799819946289062e+01 5.040999984741210938e+01 4.238100051879882812e+01
2.000000000000000000e+00 2.589285671710968018e-01 2.862000083923339844e+01 5.183399963378906250e+01 4.261899948120117188e+01
3.000000000000000000e+00 2.410714328289031982e-01 2.985300064086914062e+01 5.543199920654296875e+01 4.167900085449218750e+01
1.700000000000000000e+01 6.696428358554840088e-02 2.632799911499023438e+01 5.646599960327148438e+01 4.064899826049804688e+01
9.000000000000000000e+00 1.785714365541934967e-02 2.368000030517578125e+01 5.395800018310546875e+01 4.173699951171875000e+01
1.600000000000000000e+01 5.803571268916130066e-02 2.392600059509277344e+01 5.019100189208984375e+01 4.171799850463867188e+01
1.000000000000000000e+00 1.785714328289031982e-01 2.570999908447265625e+01 4.875000000000000000e+01 3.862300109863281250e+01
1.000000000000000000e+00 2.812500000000000000e-01 2.682399940490722656e+01 4.510300064086914062e+01 3.801599884033203125e+01
2.000000000000000000e+01 5.535714030265808105e-01 3.044599914550781250e+01 4.453300094604492188e+01 3.721599960327148438e+01
1.800000000000000000e+01 6.294642686843872070e-01 3.174699974060058594e+01 4.165599822998046875e+01 3.511299896240234375e+01
1.100000000000000000e+01 8.125000000000000000e-01 3.548300170898437500e+01 4.154000091552734375e+01 3.508800125122070312e+01
0.000000000000000000e+00 8.169642686843872070e-01 3.720000076293945312e+01 3.950899887084960938e+01 3.229299926757812500e+01
0.000000000000000000e+00 9.062500000000000000e-01 4.088600158691406250e+01 3.860100173950195312e+01 3.240200042724609375e+01
1.200000000000000000e+01 8.482142686843872070e-01 4.284099960327148438e+01 3.704199981689453125e+01 2.960499954223632812e+01
1.200000000000000000e+01 8.616071343421936035e-01 4.603099822998046875e+01 3.548899841308593750e+01 3.070999908447265625e+01
1.700000000000000000e+01 7.857142686843872070e-01 4.927999877929687500e+01 3.446799850463867188e+01 2.892600059509277344e+01
1.600000000000000000e+01 7.321428656578063965e-01 5.271500015258789062e+01 3.377700042724609375e+01 3.066399955749511719e+01
2.000000000000000000e+01 7.946428656578063965e-01 5.416400146484375000e+01 3.701900100708007812e+01 2.916200065612792969e+01
1.700000000000000000e+01 8.928571343421936035e-01 5.110100173950195312e+01 3.909600067138671875e+01 2.862199974060058594e+01
2.000000000000000000e+01 9.508928656578063965e-01 4.754600143432617188e+01 3.978599929809570312e+01 3.006299972534179688e+01
1.700000000000000000e+01 9.375000000000000000e-01 4.452399826049804688e+01 4.152399826049804688e+01 2.889599990844726562e+01
1.800000000000000000e+01 9.687500000000000000e-01 4.185499954223632812e+01 4.297299957275390625e+01 3.133900070190429688e+01
1.800000000000000000e+01 8.750000000000000000e-01 3.824100112915039062e+01 4.407199859619140625e+01 3.066200065612792969e+01
0.000000000000000000e+00 8.080357313156127930e-01 3.526599884033203125e+01 4.527899932861328125e+01 3.264400100708007812e+01
2.200000000000000000e+01 6.116071343421936035e-01 3.170999908447265625e+01 4.474499893188476562e+01 3.135600090026855469e+01
2.200000000000000000e+01 4.642857015132904053e-01 2.910700035095214844e+01 4.698300170898437500e+01 3.318299865722656250e+01
1.800000000000000000e+01 1.607142835855484009e-01 2.528400039672851562e+01 4.635800170898437500e+01 3.313999938964843750e+01
2.000000000000000000e+00 4.464285820722579956e-02 2.238800048828125000e+01 4.835200119018554688e+01 3.483399963378906250e+01
1.600000000000000000e+01 8.928571827709674835e-03 1.983699989318847656e+01 4.607699966430664062e+01 3.669100189208984375e+01
5.000000000000000000e+00 1.160714253783226013e-01 6.778299713134765625e+01 5.037200164794921875e+01 2.768899917602539062e+01
1.600000000000000000e+01 2.232142835855484009e-01 6.735500335693359375e+01 4.716199874877929688e+01 2.981999969482421875e+01
1.200000000000000000e+01 5.000000000000000000e-01 6.378699874877929688e+01 4.804899978637695312e+01 3.070400047302246094e+01
1.400000000000000000e+01 5.267857313156127930e-01 6.168600082397460938e+01 5.013499832153320312e+01 2.843000030517578125e+01
2.200000000000000000e+01 7.098214030265808105e-01 5.788199996948242188e+01 5.079600143432617188e+01 2.847599983215332031e+01
1.300000000000000000e+01 6.785714030265808105e-01 5.566999816894531250e+01 5.171699905395507812e+01 2.554700088500976562e+01
2.200000000000000000e+01 7.232142686843872070e-01 5.208100128173828125e+01 5.318299865722656250e+01 2.609799957275390625e+01
1.200000000000000000e+01 6.562500000000000000e-01 4.949700164794921875e+01 5.281499862670898438e+01 2.328599929809570312e+01
3.000000000000000000e+00 6.160714030265808105e-01 4.604600143432617188e+01 5.437099838256835938e+01 2.311700057983398438e+01
0.000000000000000000e+00 5.982142686843872070e-01 4.324599838256835938e+01 5.199800109863281250e+01 2.195499992370605469e+01
2.200000000000000000e+01 4.107142984867095947e-01 4.043799972534179688e+01 5.470299911499023438e+01 2.149399948120117188e+01
1.000000000000000000e+00 2.098214328289031982e-01 4.245100021362304688e+01 5.688199996948242188e+01 1.899600028991699219e+01
9.000000000000000000e+00 2.544642984867095947e-01 4.484799957275390625e+01 5.415499877929687500e+01 1.753499984741210938e+01
1.700000000000000000e+01 2.633928656578063965e-01 4.802500152587890625e+01 5.597499847412109375e+01 1.855500030517578125e+01
1.600000000000000000e+01 3.705357015132904053e-01 5.068099975585937500e+01 5.616999816894531250e+01 2.117200088500976562e+01
0.000000000000000000e+00 5.312500000000000000e-01 4.976800155639648438e+01 5.758499908447265625e+01 2.465399932861328125e+01
1.100000000000000000e+01 3.303571343421936035e-01 5.152799987792968750e+01 6.082699966430664062e+01 2.548800086975097656e+01
2.000000000000000000e+00 3.392857015132904053e-01 5.223199844360351562e+01 6.211700057983398438e+01 2.901799964904785156e+01
2.200000000000000000e+01 6.383928656578063965e-01 5.115200042724609375e+01 5.892100143432617188e+01 3.077599906921386719e+01
0.000000000000000000e+00 6.339285969734191895e-01 5.281200027465820312e+01 5.931499862670898438e+01 3.416999816894531250e+01
1.400000000000000000e+01 7.410714030265808105e-01 5.424100112915039062e+01 5.643399810791015625e+01 3.623300170898437500e+01
2.200000000000000000e+01 7.187500000000000000e-01 5.851599884033203125e+01 5.234999847412109375e+01 3.947000122070312500e+01
1.500000000000000000e+01 6.964285969734191895e-01 5.918500137329101562e+01 5.028900146484375000e+01 4.262500000000000000e+01
1.000000000000000000e+00 5.669642686843872070e-01 6.144400024414062500e+01 4.765599822998046875e+01 4.395299911499023438e+01
1.300000000000000000e+01 5.178571343421936035e-01 6.069300079345703125e+01 4.522999954223632812e+01 4.683200073242187500e+01
0.000000000000000000e+00 2.455357164144515991e-01 6.296799850463867188e+01 4.640299987792968750e+01 4.971200180053710938e+01
0.000000000000000000e+00 7.142857462167739868e-02 6.502200317382812500e+01 4.441299819946289062e+01 5.234899902343750000e+01
3.000000000000000000e+00 8.035714179277420044e-02 6.192499923706054688e+01 4.395299911499023438e+01 5.474200057983398438e+01
3.000000000000000000e+00 2.991071343421936035e-01 5.987799835205078125e+01 4.321400070190429688e+01 5.156299972534179688e+01
1.800000000000000000e+01 3.482142984867095947e-01 5.826699829101562500e+01 4.669200134277343750e+01 5.150699996948242188e+01
1.900000000000000000e+01 5.758928656578063965e-01 5.778099822998046875e+01 4.854899978637695312e+01 4.817699813842773438e+01
7.000000000000000000e+00 4.285714328289031982e-01 6.016299819946289062e+01 5.144699859619140625e+01 4.775999832153320312e+01
1.600000000000000000e+01 4.821428656578063965e-01 6.007600021362304688e+01 5.386600112915039062e+01 4.477199935913085938e+01
1.500000000000000000e+01 3.169642984867095947e-01 6.334099960327148438e+01 5.413600158691406250e+01 4.302999877929687500e+01
0.000000000000000000e+00 3.526785671710968018e-01 6.241699981689453125e+01 5.585300064086914062e+01 3.955300140380859375e+01
1.700000000000000000e+01 4.955357015132904053e-01 5.963999938964843750e+01 5.765100097656250000e+01 3.770600128173828125e+01
9.000000000000000000e+00 4.508928656578063965e-01 5.847499847412109375e+01 5.945299911499023438e+01 3.457400131225585938e+01
1.300000000000000000e+01 4.910714328289031982e-01 5.587099838256835938e+01 6.002600097656250000e+01 3.198600006103515625e+01
1.800000000000000000e+01 4.732142984867095947e-01 5.547999954223632812e+01 5.899300003051757812e+01 2.836300086975097656e+01
1.700000000000000000e+01 2.008928507566452026e-01 5.726399993896484375e+01 6.062300109863281250e+01 2.538100051879882812e+01
7.000000000000000000e+00 1.026785746216773987e-01 5.536299896240234375e+01 6.159099960327148438e+01 2.212100028991699219e+01
1.700000000000000000e+01 1.473214328289031982e-01 5.612900161743164062e+01 5.824599838256835938e+01 2.048800086975097656e+01
9.000000000000000000e+00 4.375000000000000000e-01 5.459000015258789062e+01 5.663000106811523438e+01 2.376199913024902344e+01
7.000000000000000000e+00 4.330357015132904053e-01 5.793700027465820312e+01 5.546599960327148438e+01 2.518899917602539062e+01
1.200000000000000000e+01 4.419642984867095947e-01 5.996400070190429688e+01 5.588899993896484375e+01 2.842300033569335938e+01
9.000000000000000000e+00 1.294642835855484009e-01 6.640299987792968750e+01 5.590599822998046875e+01 3.107999992370605469e+01
1.200000000000000000e+01 3.080357015132904053e-01 6.466300201416015625e+01 5.421599960327148438e+01 3.391199874877929688e+01
1.800000000000000000e+01 1.964285671710968018e-01 6.749099731445312500e+01 5.195199966430664062e+01 3.517200088500976562e+01
1.800000000000000000e+01 4.910714179277420044e-02 7.107199859619140625e+01 5.056999969482421875e+01 3.429700088500976562e+01
7.000000000000000000e+00 2.232142910361289978e-02 7.264299774169921875e+01 4.702700042724609375e+01 3.434000015258789062e+01
7.000000000000000000e+00 4.464285913854837418e-03 7.432800292968750000e+01 4.770199966430664062e+01 3.768600082397460938e+01
7.000000000000000000e+00 6.250000000000000000e-02 7.102600097656250000e+01 4.861000061035156250e+01 3.912699890136718750e+01
1.500000000000000000e+01 1.696428507566452026e-01 6.902999877929687500e+01 4.597399902343750000e+01 3.714500045776367188e+01
2.200000000000000000e+01 1.071428582072257996e-01 7.005300140380859375e+01 4.265999984741210938e+01 3.878900146484375000e+01
7.000000000000000000e+00 2.187500000000000000e-01 6.751999664306640625e+01 4.002500152587890625e+01 3.991999816894531250e+01
9.000000000000000000e+00 4.241071343421936035e-01 6.452799987792968750e+01 4.131999969482421875e+01 4.178099822998046875e+01
1.100000000000000000e+01 6.428571343421936035e-01 6.088999938964843750e+01 4.206200027465820312e+01 4.233800125122070312e+01
2.000000000000000000e+01 7.455357313156127930e-01 5.981399917602539062e+01 4.517900085449218750e+01 4.054299926757812500e+01
1.300000000000000000e+01 8.883928656578063965e-01 5.657500076293945312e+01 4.706600189208984375e+01 3.986999893188476562e+01
2.200000000000000000e+01 9.107142686843872070e-01 5.528499984741210938e+01 4.985300064086914062e+01 3.763999938964843750e+01
7.000000000000000000e+00 9.285714030265808105e-01 5.226800155639648438e+01 5.194100189208984375e+01 3.886899948120117188e+01
1.100000000000000000e+01 9.151785969734191895e-01 5.096200180053710938e+01 5.375899887084960938e+01 3.577500152587890625e+01
3.000000000000000000e+00 8.214285969734191895e-01 4.854999923706054688e+01 5.676300048828125000e+01 3.613100051879882812e+01
1.800000000000000000e+01 8.437500000000000000e-01 4.622900009155273438e+01 5.576399993896484375e+01 3.330699920654296875e+01
1.300000000000000000e+01 7.723214030265808105e-01 4.306399917602539062e+01 5.739199829101562500e+01 3.474599838256835938e+01
1.700000000000000000e+01 5.937500000000000000e-01 4.463299942016601562e+01 6.094400024414062500e+01 3.446799850463867188e+01
2.000000000000000000e+01 5.491071343421936035e-01 4.521699905395507812e+01 6.072700119018554688e+01 3.060700035095214844e+01
1.900000000000000000e+01 5.133928656578063965e-01 4.145800018310546875e+01 6.015200042724609375e+01 2.994799995422363281e+01
1.300000000000000000e+01 3.258928656578063965e-01 4.063100051879882812e+01 6.306200027465820312e+01 3.230099868774414062e+01
0.000000000000000000e+00 2.053571492433547974e-01 4.302099990844726562e+01 6.518099975585937500e+01 3.019799995422363281e+01
1.200000000000000000e+01 1.741071492433547974e-01 4.139599990844726562e+01 6.401999664306640625e+01 2.688899993896484375e+01
9.000000000000000000e+00 1.116071417927742004e-01 3.792699813842773438e+01 6.467099761962890625e+01 2.843899917602539062e+01
1.100000000000000000e+01 2.678571343421936035e-01 3.662400054931640625e+01 6.103599929809570312e+01 2.858399963378906250e+01
1.700000000000000000e+01 3.660714328289031982e-01 3.530799865722656250e+01 5.920600128173828125e+01 3.165299987792968750e+01
1.600000000000000000e+01 6.651785969734191895e-01 3.756700134277343750e+01 5.619699859619140625e+01 3.255099868774414062e+01
1.500000000000000000e+01 7.500000000000000000e-01 3.672999954223632812e+01 5.322000122070312500e+01 3.472100067138671875e+01
7.000000000000000000e+00 8.660714030265808105e-01 4.181000137329101562e+01 5.391299819946289062e+01 3.897800064086914062e+01
0.000000000000000000e+00 9.732142686843872070e-01 4.720399856567382812e+01 5.042399978637695312e+01 3.593500137329101562e+01
7.000000000000000000e+00 9.821428656578063965e-01 4.967800140380859375e+01 4.864099884033203125e+01 3.829700088500976562e+01
2.200000000000000000e+01 9.910714030265808105e-01 5.178799819946289062e+01 4.582099914550781250e+01 3.691600036621093750e+01
2.200000000000000000e+01 9.642857313156127930e-01 5.408000183105468750e+01 4.338199996948242188e+01 3.896099853515625000e+01
1.500000000000000000e+01 8.705357313156127930e-01 5.699499893188476562e+01 4.126499938964843750e+01 3.783900070190429688e+01
1.800000000000000000e+01 7.053571343421936035e-01 6.024100112915039062e+01 3.941299819946289062e+01 3.865100097656250000e+01
0.000000000000000000e+00 5.848214030265808105e-01 6.292100143432617188e+01 4.047399902343750000e+01 3.614400100708007812e+01
2.000000000000000000e+00 3.035714328289031982e-01 6.619200134277343750e+01 3.853900146484375000e+01 3.523199844360351562e+01
3.000000000000000000e+00 2.946428656578063965e-01 6.500000000000000000e+01 3.539300155639648438e+01 3.716500091552734375e+01
1.700000000000000000e+01 9.821428358554840088e-02 6.708000183105468750e+01 3.279600143432617188e+01 3.513600158691406250e+01
9.000000000000000000e+00 5.357142910361289978e-02 6.954100036621093750e+01 3.520800018310546875e+01 3.357199859619140625e+01
1.600000000000000000e+01 7.589285820722579956e-02 6.993499755859375000e+01 3.871799850463867188e+01 3.227700042724609375e+01
1.000000000000000000e+00 2.142857164144515991e-01 6.696600341796875000e+01 3.990800094604492188e+01 3.009099960327148438e+01
1.000000000000000000e+00 2.857142984867095947e-01 6.578399658203125000e+01 4.285699844360351562e+01 2.805100059509277344e+01
2.000000000000000000e+01 5.446428656578063965e-01 6.208900070190429688e+01 4.359600067138671875e+01 2.844700050354003906e+01
1.800000000000000000e+01 5.803571343421936035e-01 6.007199859619140625e+01 4.562699890136718750e+01 2.598500061035156250e+01
1.100000000000000000e+01 7.901785969734191895e-01 5.658000183105468750e+01 4.634099960327148438e+01 2.749300003051757812e+01
0.000000000000000000e+00 7.991071343421936035e-01 5.356600189208984375e+01 4.755599975585937500e+01 2.556500053405761719e+01
0.000000000000000000e+00 9.017857313156127930e-01 5.062099838256835938e+01 4.878499984741210938e+01 2.762800025939941406e+01
1.200000000000000000e+01 8.392857313156127930e-01 4.745399856567382812e+01 4.927700042724609375e+01 2.572200012207031250e+01
1.200000000000000000e+01 8.303571343421936035e-01 4.488399887084960938e+01 5.179399871826171875e+01 2.723500061035156250e+01
1.700000000000000000e+01 7.678571343421936035e-01 4.107799911499023438e+01 5.205199813842773438e+01 2.675399971008300781e+01
1.600000000000000000e+01 7.276785969734191895e-01 3.863800048828125000e+01 5.355500030517578125e+01 2.937500000000000000e+01
2.000000000000000000e+01 8.035714030265808105e-01 3.718199920654296875e+01 5.010699844360351562e+01 3.052099990844726562e+01
1.700000000000000000e+01 8.794642686843872070e-01 3.991400146484375000e+01 4.778200149536132812e+01 2.916600036621093750e+01
2.000000000000000000e+01 9.464285969734191895e-01 4.372900009155273438e+01 4.757500076293945312e+01 2.929999923706054688e+01
1.700000000000000000e+01 9.553571343421936035e-01 4.638100051879882812e+01 4.508399963378906250e+01 2.823600006103515625e+01
1.800000000000000000e+01 9.598214030265808105e-01 5.016299819946289062e+01 4.459700012207031250e+01 2.892900085449218750e+01
1.800000000000000000e+01 8.571428656578063965e-01 5.243600082397460938e+01 4.248799896240234375e+01 2.681100082397460938e+01
0.000000000000000000e+00 7.767857313156127930e-01 5.624100112915039062e+01 4.169100189208984375e+01 2.730800056457519531e+01
2.200000000000000000e+01 5.401785969734191895e-01 5.870999908447265625e+01 4.052299880981445312e+01 2.463999938964843750e+01
2.200000000000000000e+01 4.196428656578063965e-01 6.184799957275390625e+01 3.897100067138671875e+01 2.621999931335449219e+01
1.800000000000000000e+01 1.517857164144515991e-01 6.535399627685546875e+01 3.888299942016601562e+01 2.475699996948242188e+01
2.000000000000000000e+00 4.017857089638710022e-02 6.894999694824218750e+01 3.799200057983398438e+01 2.597599983215332031e+01
1.600000000000000000e+01 1.339285727590322495e-02 7.133599853515625000e+01 4.109400177001953125e+01 2.567600059509277344e+01
