1 1 14 0 0.0059880239520957446 0 0 15.544 33.601 28.023
1 2 18 0 0.09580838323353291 0 0 18.564 35.077 29.741
1 3 7 0 0.28742514970059885 0 0 21.773 36.003 28.020
1 4 20 0 0.5688622754491017 0 0 24.873 36.758 30.016
1 5 13 0 0.6946107784431137 0 0 27.842 38.571 28.627
1 6 12 0 0.9041916167664671 0 0 30.809 37.216 30.485
1 7 22 0 0.9520958083832335 0 0 34.365 38.533 30.098
1 8 22 0 0.9820359281437125 0 0 36.910 35.860 30.980
1 9 22 0 0.9760479041916168 0 0 39.846 37.777 32.351
1 10 9 0 0.9281437125748503 0 0 43.445 37.066 33.119
1 11 0 0 0.8023952095808383 0 0 47.181 37.343 32.433
1 12 9 0 0.5988023952095809 0 0 49.495 35.329 30.220
1 13 9 0 0.5508982035928144 0 0 49.993 31.558 30.635
1 14 22 0 0.8203592814371258 0 0 46.897 31.050 32.828
1 15 9 0 0.8323353293413174 0 0 44.779 28.908 30.563
1 16 13 0 0.9401197604790419 0 0 41.873 31.324 30.344
1 17 17 0 0.8622754491017964 0 0 41.024 30.263 26.836
1 18 0 0 0.7964071856287425 0 0 41.072 26.579 27.764
1 19 12 0 0.9101796407185628 0 0 38.787 27.219 30.716
1 20 18 0 0.9161676646706587 0 0 36.319 28.960 28.445
1 21 11 0 0.718562874251497 0 0 36.513 26.504 25.615
1 22 6 0 0.652694610778443 0 0 36.224 23.646 28.106
1 23 12 0 0.7604790419161677 0 0 32.934 25.180 29.124
1 24 11 0 0.592814371257485 0 0 31.889 25.975 25.537
1 25 6 0 0.3413173652694611 0 0 32.781 22.894 23.530
1 26 2 0 0.31137724550898194 0 0 33.274 20.278 26.238
1 27 10 0 0.3053892215568862 0 0 36.961 20.072 25.450
1 28 15 0 0.38323353293413165 0 0 40.280 21.790 24.802
1 29 22 0 0.14371257485029942 0 0 41.839 22.196 21.342
1 30 3 0 0.03592814371257491 0 0 44.725 20.677 19.550
1 31 7 0 0.029940119760479056 0 0 46.384 23.641 17.982
1 32 20 0 0.08383233532934131 0 0 46.940 27.255 18.873
1 33 3 0 0.11377245508982048 0 0 44.379 29.521 17.368
1 34 16 0 0.16766467065868274 0 0 44.539 33.097 18.120
1 35 18 0 0.39520958083832336 0 0 41.146 34.363 19.148
1 36 11 0 0.17365269461077848 0 0 40.249 37.465 17.197
1 37 7 0 0.20958083832335328 0 0 36.580 38.540 17.475
1 38 3 0 0.33532934131736525 0 0 35.331 35.035 18.181
1 39 17 0 0.3652694610778443 0 0 31.805 34.208 19.171
1 40 20 0 0.5389221556886228 0 0 31.597 31.658 21.869
1 41 1 0 0.4970059880239521 0 0 28.234 30.799 23.294
1 42 13 0 0.4610778443113772 0 0 26.955 27.983 25.326
1 43 6 0 0.21556886227544902 0 0 23.437 27.068 26.289
1 44 22 0 0.29940119760479034 0 0 23.520 25.646 29.831
1 45 22 0 0.12574850299401197 0 0 20.803 24.960 32.356
1 46 11 0 0.221556886227545 0 0 21.529 26.581 35.666
1 47 3 0 0.053892215568862256 0 0 19.443 25.656 38.696
1 48 9 0 0.0 0 0 16.481 24.649 36.551
1 49 7 0 0.02395209580838331 0 0 16.594 27.773 34.456
1 50 18 0 0.059880239520958 0 0 18.323 27.962 31.127
1 51 5 0 0.2574850299401197 0 0 21.117 30.372 30.524
1 52 12 0 0.35928143712574856 0 0 22.827 31.629 27.476
1 53 12 0 0.6407185628742516 0 0 26.455 32.185 28.289
1 54 3 0 0.6467065868263473 0 0 28.301 34.460 25.920
1 55 11 0 0.8562874251497006 0 0 31.969 34.394 26.674
1 56 12 0 0.844311377245509 0 0 34.584 36.856 25.579
1 57 3 0 0.8682634730538922 0 0 38.001 35.313 25.573
1 58 18 0 0.8383233532934131 0 0 40.701 37.928 26.259
1 59 0 0 0.5808383233532934 0 0 42.768 38.130 23.088
1 60 9 0 0.34730538922155685 0 0 46.013 39.764 21.996
1 61 6 0 0.281437125748503 0 0 47.742 42.276 24.153
1 62 7 0 0.5149700598802396 0 0 46.340 42.704 27.648
1 63 7 0 0.2335329341317366 0 0 47.289 46.352 27.392
1 64 20 0 0.14970059880239517 0 0 44.920 49.291 27.883
1 65 17 0 0.10179640718562877 0 0 42.685 49.884 24.950
1 66 0 0 0.06586826347305386 0 0 39.290 51.202 24.002
1 67 14 0 0.18562874251497008 0 0 38.423 47.648 22.968
1 68 1 0 0.4850299401197605 0 0 39.567 46.265 26.257
1 69 3 0 0.3892215568862275 0 0 37.278 48.696 28.039
1 70 6 0 0.2934131736526946 0 0 34.282 48.164 25.729
1 71 20 0 0.562874251497006 0 0 34.391 44.402 26.203
1 72 14 0 0.7065868263473054 0 0 34.434 44.665 29.995
1 73 1 0 0.44311377245508976 0 0 31.920 47.488 29.839
1 74 18 0 0.45508982035928147 0 0 29.587 45.273 27.854
1 75 9 0 0.7305389221556886 0 0 30.476 42.629 30.369
1 76 7 0 0.6766467065868262 0 0 27.966 41.789 32.982
1 77 9 0 0.8862275449101796 0 0 30.224 39.459 34.976
1 78 15 0 0.9640718562874252 0 0 33.805 38.382 35.247
1 79 12 0 0.9940119760479041 0 0 35.705 35.204 35.768
1 80 5 0 0.9880239520958084 0 0 39.217 36.003 36.853
1 81 22 0 0.9700598802395209 0 0 41.903 33.523 35.988
1 82 15 0 0.8802395209580838 0 0 45.357 33.101 37.477
1 83 0 0 0.7365269461077844 0 0 47.504 30.010 37.382
1 84 11 0 0.5089820359281436 0 0 48.750 28.559 40.654
1 85 2 0 0.25149700598802394 0 0 52.223 27.980 39.202
1 86 2 0 0.37125748502994016 0 0 52.581 31.607 38.153
1 87 18 0 0.24550898203592808 0 0 52.887 34.188 40.967
1 88 13 0 0.3173652694610779 0 0 52.812 37.224 38.601
1 89 17 0 0.6287425149700598 0 0 49.382 36.357 37.246
1 90 15 0 0.6167664670658684 0 0 48.176 36.037 40.809
1 91 7 0 0.43113772455089827 0 0 49.336 39.568 41.517
1 92 3 0 0.5748502994011976 0 0 47.967 40.886 38.305
1 93 11 0 0.7844311377245509 0 0 44.520 40.198 39.762
1 94 10 0 0.5329341317365269 0 0 44.499 43.635 41.428
1 95 10 0 0.5029940119760479 0 0 45.268 45.519 38.169
1 96 20 0 0.7724550898203593 0 0 42.455 43.670 36.357
1 97 1 0 0.7125748502994012 0 0 40.121 44.325 39.303
1 98 7 0 0.4251497005988024 0 0 41.004 48.033 38.915
1 99 6 0 0.5209580838323353 0 0 40.123 47.871 35.261
1 100 11 0 0.658682634730539 0 0 36.807 46.164 36.058
1 101 13 0 0.41916167664670656 0 0 35.893 48.688 38.716
1 102 1 0 0.20359281437125742 0 0 36.633 51.589 36.388
1 103 22 0 0.3293413173652695 0 0 34.663 50.369 33.415
1 104 13 0 0.3772455089820359 0 0 31.613 49.101 35.259
1 105 3 0 0.10778443113772451 0 0 31.067 51.956 37.711
1 106 17 0 0.15568862275449102 0 0 31.169 49.867 40.852
1 107 7 0 0.23952095808383234 0 0 33.846 48.597 43.255
1 108 3 0 0.4011976047904191 0 0 31.952 45.431 43.971
1 109 22 0 0.6047904191616766 0 0 31.073 43.525 40.884
1 110 16 0 0.7904191616766467 0 0 30.074 40.071 39.943
1 111 14 0 0.9221556886227544 0 0 33.424 38.291 39.856
1 112 22 0 0.9461077844311377 0 0 34.589 34.838 40.593
1 113 12 0 0.9341317365269461 0 0 38.239 34.078 41.251
1 114 22 0 0.9580838323353293 0 0 39.433 30.877 39.577
1 115 9 0 0.8502994011976048 0 0 42.742 29.180 40.304
1 116 2 0 0.8263473053892215 0 0 43.703 27.125 37.270
1 117 13 0 0.5449101796407185 0 0 46.067 24.203 37.110
1 118 5 0 0.437125748502994 0 0 45.082 22.796 40.420
1 119 3 0 0.16167664670658677 0 0 45.856 19.256 39.506
1 120 12 0 0.07784431137724557 0 0 49.615 19.886 39.601
1 121 16 0 0.0119760479041916 0 0 51.323 18.812 42.775
1 122 17 0 0.017964071856287345 0 0 53.234 22.046 43.612
1 123 1 0 0.08982035928143717 0 0 51.767 25.508 43.786
1 124 18 0 0.041916167664670656 0 0 54.055 28.501 43.968
1 125 22 0 0.19161676646706582 0 0 51.126 30.799 44.729
1 126 3 0 0.11976047904191622 0 0 49.709 30.770 48.272
1 127 18 0 0.17964071856287422 0 0 46.184 29.555 48.950
1 128 13 0 0.0718562874251496 0 0 46.006 31.521 52.167
1 129 6 0 0.13173652694610782 0 0 46.735 34.744 50.391
1 130 0 0 0.4491017964071856 0 0 44.377 33.776 47.559
1 131 6 0 0.3532934131736526 0 0 41.456 33.135 49.920
1 132 3 0 0.13772455089820357 0 0 42.225 36.357 51.790
1 133 12 0 0.40718562874251496 0 0 42.314 38.186 48.429
1 134 0 0 0.5568862275449102 0 0 39.032 36.547 47.578
1 135 1 0 0.26347305389221565 0 0 37.623 37.589 50.905
1 136 17 0 0.19760479041916168 0 0 38.973 41.095 50.520
1 137 20 0 0.47904191616766467 0 0 37.215 41.470 47.212
1 138 9 0 0.4131736526946108 0 0 34.192 39.522 48.579
1 139 11 0 0.6646706586826348 0 0 34.206 37.029 45.740
1 140 16 0 0.7544910179640718 0 0 34.074 33.262 45.263
1 141 15 0 0.7664670658682635 0 0 37.139 31.164 45.169
1 142 11 0 0.8143712574850299 0 0 37.275 28.255 42.864
1 143 7 0 0.688622754491018 0 0 40.074 25.770 42.328
1 144 18 0 0.7425149700598803 0 0 40.196 24.156 38.963
1 145 17 0 0.6347305389221557 0 0 42.114 22.559 36.194
1 146 0 0 0.7485029940119761 0 0 40.638 23.396 32.847
1 147 13 0 0.46706586826347307 0 0 42.302 20.668 30.762
1 148 18 0 0.2694610778443114 0 0 41.382 17.841 33.050
1 149 1 0 0.4730538922155688 0 0 37.996 19.360 33.923
1 150 6 0 0.49101796407185627 0 0 38.422 19.804 37.620
1 151 9 0 0.6107784431137725 0 0 35.771 22.149 39.042
1 152 22 0 0.8083832335329342 0 0 35.126 23.948 35.792
1 153 3 0 0.6826347305389222 0 0 31.361 23.768 35.764
1 154 3 0 0.6706586826347305 0 0 31.024 24.966 39.315
1 155 0 0 0.8922155688622755 0 0 33.038 28.120 38.562
1 156 15 0 0.8982035928143712 0 0 30.752 29.091 35.772
1 157 20 0 0.7005988023952096 0 0 27.547 28.152 37.630
1 158 18 0 0.7784431137724551 0 0 28.869 30.227 40.504
1 159 12 0 0.874251497005988 0 0 29.345 33.272 38.310
1 160 22 0 0.7245508982035929 0 0 25.898 32.960 36.783
1 161 1 0 0.5269461077844311 0 0 24.590 32.578 40.338
1 162 7 0 0.6227544910179641 0 0 26.529 35.681 41.418
1 163 11 0 0.5868263473053892 0 0 25.113 37.588 38.418
1 164 1 0 0.32335329341317365 0 0 21.707 36.531 39.485
1 165 13 0 0.22754491017964074 0 0 22.525 37.517 43.070
1 166 10 0 0.27544910179640725 0 0 23.959 40.971 42.286
1 167 13 0 0.04790419161676651 0 0 21.669 43.924 42.663
