5.000000000000000000e+00 1.250000000000000000e-01 2.604199981689453125e+01 3.810599899291992188e+01 4.112200164794921875e+01
1.600000000000000000e+01 2.366071492433547974e-01 2.685799980163574219e+01 4.178300094604492188e+01 4.176499938964843750e+01
1.200000000000000000e+01 4.866071343421936035e-01 3.053800010681152344e+01 4.104399871826171875e+01 4.121500015258789062e+01
1.400000000000000000e+01 5.401785969734191895e-01 3.183200073242187500e+01 3.839300155639648438e+01 3.871200180053710938e+01
2.200000000000000000e+01 7.142857313156127930e-01 3.538999938964843750e+01 3.743999862670898438e+01 3.754700088500976562e+01
1.300000000000000000e+01 6.785714030265808105e-01 3.582199859619140625e+01 3.551100158691406250e+01 3.420199966430664062e+01
2.200000000000000000e+01 7.276785969734191895e-01 3.949700164794921875e+01 3.409799957275390625e+01 3.337400054931640625e+01
1.200000000000000000e+01 6.696428656578063965e-01 4.079700088500976562e+01 3.267800140380859375e+01 3.007399940490722656e+01
3.000000000000000000e+00 6.250000000000000000e-01 4.426399993896484375e+01 3.128599929809570312e+01 2.899200057983398438e+01
0.000000000000000000e+00 5.669642686843872070e-01 4.606499862670898438e+01 3.205400085449218750e+01 2.572999954223632812e+01
2.200000000000000000e+01 3.348214328289031982e-01 4.828599929809570312e+01 2.879299926757812500e+01 2.537299919128417969e+01
1.000000000000000000e+00 2.008928507566452026e-01 4.525600051879882812e+01 2.641099929809570312e+01 2.528800010681152344e+01
9.000000000000000000e+00 2.767857015132904053e-01 4.268600082397460938e+01 2.916799926757812500e+01 2.431500053405761719e+01
1.700000000000000000e+01 2.723214328289031982e-01 4.008100128173828125e+01 2.819899940490722656e+01 2.697800064086914062e+01
1.600000000000000000e+01 3.571428656578063965e-01 3.873799896240234375e+01 2.888100051879882812e+01 3.054400062561035156e+01
0.000000000000000000e+00 5.267857313156127930e-01 4.144400024414062500e+01 2.905200004577636719e+01 3.329700088500976562e+01
1.100000000000000000e+01 3.303571343421936035e-01 4.054100036621093750e+01 2.661400032043457031e+01 3.617699813842773438e+01
2.000000000000000000e+00 3.482142984867095947e-01 4.154800033569335938e+01 2.702499961853027344e+01 3.979700088500976562e+01
2.200000000000000000e+01 6.473214030265808105e-01 4.316799926757812500e+01 3.056900024414062500e+01 3.972900009155273438e+01
0.000000000000000000e+00 6.741071343421936035e-01 4.323799896240234375e+01 3.225099945068359375e+01 4.316500091552734375e+01
1.400000000000000000e+01 7.857142686843872070e-01 4.230400085449218750e+01 3.578099822998046875e+01 4.392100143432617188e+01
2.200000000000000000e+01 7.366071343421936035e-01 3.907400131225585938e+01 4.120800018310546875e+01 4.643999862670898438e+01
1.500000000000000000e+01 7.053571343421936035e-01 4.017900085449218750e+01 4.407899856567382812e+01 4.861600112915039062e+01
1.000000000000000000e+00 5.848214030265808105e-01 3.801699829101562500e+01 4.712099838256835938e+01 4.976200103759765625e+01
1.300000000000000000e+01 5.446428656578063965e-01 3.977999877929687500e+01 5.045100021362304688e+01 5.047000122070312500e+01
0.000000000000000000e+00 2.544642984867095947e-01 3.875000000000000000e+01 5.188199996948242188e+01 5.400500106811523438e+01
0.000000000000000000e+00 9.375000000000000000e-02 3.822800064086914062e+01 5.548300170898437500e+01 5.506299972534179688e+01
3.000000000000000000e+00 8.482142537832260132e-02 4.179299926757812500e+01 5.594800186157226562e+01 5.642100143432617188e+01
3.000000000000000000e+00 3.214285671710968018e-01 4.318500137329101562e+01 5.446500015258789062e+01 5.306399917602539062e+01
1.800000000000000000e+01 3.169642984867095947e-01 4.405899810791015625e+01 5.115900039672851562e+01 5.469800186157226562e+01
1.900000000000000000e+01 5.312500000000000000e-01 4.331800079345703125e+01 4.804999923706054688e+01 5.252399826049804688e+01
7.000000000000000000e+00 3.616071343421936035e-01 4.083200073242187500e+01 4.564599990844726562e+01 5.413999938964843750e+01
1.600000000000000000e+01 4.642857015132904053e-01 4.012699890136718750e+01 4.216400146484375000e+01 5.268199920654296875e+01
1.500000000000000000e+01 3.883928656578063965e-01 3.654999923706054688e+01 4.175400161743164062e+01 5.138299942016601562e+01
0.000000000000000000e+00 4.330357015132904053e-01 3.611500167846679688e+01 3.854800033569335938e+01 4.938399887084960938e+01
1.700000000000000000e+01 5.223214030265808105e-01 3.812799835205078125e+01 3.569900131225585938e+01 4.772100067138671875e+01
9.000000000000000000e+00 4.553571343421936035e-01 3.807799911499023438e+01 3.248400115966796875e+01 4.564099884033203125e+01
1.300000000000000000e+01 4.955357015132904053e-01 3.940599822998046875e+01 3.051199913024902344e+01 4.284000015258789062e+01
1.800000000000000000e+01 4.732142984867095947e-01 3.804299926757812500e+01 2.980599975585937500e+01 3.934700012207031250e+01
1.700000000000000000e+01 2.276785671710968018e-01 3.559000015258789062e+01 2.715399932861328125e+01 3.867399978637695312e+01
7.000000000000000000e+00 9.821428358554840088e-02 3.547399902343750000e+01 2.501099967956542969e+01 3.533599853515625000e+01
1.700000000000000000e+01 1.741071492433547974e-01 3.371699905395507812e+01 2.775399971008300781e+01 3.332799911499023438e+01
9.000000000000000000e+00 4.241071343421936035e-01 3.661800003051757812e+01 3.007900047302246094e+01 3.427399826049804688e+01
7.000000000000000000e+00 4.375000000000000000e-01 3.428699874877929688e+01 3.197599983215332031e+01 3.651900100708007812e+01
1.200000000000000000e+01 4.196428656578063965e-01 3.393000030517578125e+01 3.284999847412109375e+01 4.010499954223632812e+01
9.000000000000000000e+00 1.116071417927742004e-01 2.936300086975097656e+01 3.382899856567382812e+01 4.540800094604492188e+01
1.200000000000000000e+01 2.857142984867095947e-01 3.163899993896484375e+01 3.687699890136718750e+01 4.615200042724609375e+01
1.800000000000000000e+01 1.696428507566452026e-01 2.897100067138671875e+01 3.929600143432617188e+01 4.744400024414062500e+01
1.800000000000000000e+01 4.464285820722579956e-02 2.515999984741210938e+01 4.035699844360351562e+01 4.763899993896484375e+01
7.000000000000000000e+00 2.678571455180644989e-02 2.360600090026855469e+01 4.379100036621093750e+01 4.678499984741210938e+01
7.000000000000000000e+00 0.000000000000000000e+00 2.303800010681152344e+01 4.485800170898437500e+01 5.045800018310546875e+01
7.000000000000000000e+00 3.125000000000000000e-02 2.654800033569335938e+01 4.384799957275390625e+01 5.176800155639648438e+01
1.500000000000000000e+01 1.294642835855484009e-01 2.822900009155273438e+01 4.544800186157226562e+01 4.875000000000000000e+01
2.200000000000000000e+01 1.071428582072257996e-01 2.890800094604492188e+01 4.908700180053710938e+01 4.983100128173828125e+01
7.000000000000000000e+00 1.919642835855484009e-01 2.979599952697753906e+01 5.217399978637695312e+01 4.769100189208984375e+01
9.000000000000000000e+00 3.750000000000000000e-01 3.368199920654296875e+01 5.213000106811523438e+01 4.755099868774414062e+01
1.100000000000000000e+01 6.517857313156127930e-01 3.697800064086914062e+01 5.163899993896484375e+01 4.572299957275390625e+01
2.000000000000000000e+01 7.455357313156127930e-01 3.779700088500976562e+01 4.789799880981445312e+01 4.536500167846679688e+01
1.300000000000000000e+01 8.928571343421936035e-01 4.097999954223632812e+01 4.624399948120117188e+01 4.410699844360351562e+01
2.200000000000000000e+01 9.196428656578063965e-01 4.093999862670898438e+01 4.264099884033203125e+01 4.259899902343750000e+01
7.000000000000000000e+00 9.375000000000000000e-01 4.426699829101562500e+01 4.072900009155273438e+01 4.296599960327148438e+01
1.100000000000000000e+01 9.241071343421936035e-01 4.461299896240234375e+01 3.758399963378906250e+01 4.088000106811523438e+01
3.000000000000000000e+00 8.392857313156127930e-01 4.747900009155273438e+01 3.506399917602539062e+01 4.171900177001953125e+01
1.800000000000000000e+01 8.660714030265808105e-01 4.808499908447265625e+01 3.441500091552734375e+01 3.794900131225585938e+01
1.300000000000000000e+01 7.901785969734191895e-01 5.176399993896484375e+01 3.318099975585937500e+01 3.836399841308593750e+01
1.700000000000000000e+01 6.205357313156127930e-01 5.084199905395507812e+01 3.028899955749511719e+01 4.070700073242187500e+01
2.000000000000000000e+01 6.026785969734191895e-01 4.866099929809570312e+01 2.906699943542480469e+01 3.786500167846679688e+01
1.900000000000000000e+01 5.803571343421936035e-01 5.166899871826171875e+01 2.918799972534179688e+01 3.545500183105468750e+01
1.300000000000000000e+01 4.062500000000000000e-01 5.402600097656250000e+01 2.781500053405761719e+01 3.816500091552734375e+01
0.000000000000000000e+00 2.589285671710968018e-01 5.153599929809570312e+01 2.491900062561035156e+01 3.847600173950195312e+01
1.200000000000000000e+01 2.321428507566452026e-01 5.208300018310546875e+01 2.425900077819824219e+01 3.475600051879882812e+01
9.000000000000000000e+00 1.383928507566452026e-01 5.589699935913085938e+01 2.436100006103515625e+01 3.522600173950195312e+01
1.100000000000000000e+01 3.125000000000000000e-01 5.620000076293945312e+01 2.771500015258789062e+01 3.344499969482421875e+01
1.700000000000000000e+01 4.910714328289031982e-01 5.793500137329101562e+01 3.088999938964843750e+01 3.458100128173828125e+01
1.600000000000000000e+01 6.919642686843872070e-01 5.588700103759765625e+01 3.392200088500976562e+01 3.319100189208984375e+01
1.500000000000000000e+01 8.035714030265808105e-01 5.676100158691406250e+01 3.763199996948242188e+01 3.293600082397460938e+01
7.000000000000000000e+00 9.062500000000000000e-01 5.348300170898437500e+01 3.815399932861328125e+01 3.918199920654296875e+01
0.000000000000000000e+00 9.866071343421936035e-01 4.687400054931640625e+01 4.056299972534179688e+01 3.745500183105468750e+01
7.000000000000000000e+00 9.910714030265808105e-01 4.556600189208984375e+01 4.354600143432617188e+01 3.954499816894531250e+01
2.200000000000000000e+01 9.732142686843872070e-01 4.271699905395507812e+01 4.590599822998046875e+01 3.878400039672851562e+01
2.200000000000000000e+01 9.330357313156127930e-01 4.081100082397460938e+01 4.854600143432617188e+01 4.074300003051757812e+01
1.500000000000000000e+01 8.258928656578063965e-01 3.734500122070312500e+01 5.009899902343750000e+01 3.999200057983398438e+01
1.800000000000000000e+01 6.607142686843872070e-01 3.471200180053710938e+01 5.215800094604492188e+01 4.170299911499023438e+01
0.000000000000000000e+00 4.821428656578063965e-01 3.148299980163574219e+01 5.046500015258789062e+01 4.280799865722656250e+01
2.000000000000000000e+00 2.232142835855484009e-01 2.779199981689453125e+01 5.112900161743164062e+01 4.340200042724609375e+01
3.000000000000000000e+00 1.205357164144515991e-01 2.775600051879882812e+01 5.491799926757812500e+01 4.317599868774414062e+01
1.700000000000000000e+01 2.232142910361289978e-02 2.404500007629394531e+01 5.621599960327148438e+01 4.288399887084960938e+01
9.000000000000000000e+00 1.785714365541934967e-02 2.241500091552734375e+01 5.259600067138671875e+01 4.303200149536132812e+01
1.600000000000000000e+01 6.250000000000000000e-02 2.340900039672851562e+01 4.885400009155273438e+01 4.242300033569335938e+01
1.000000000000000000e+00 1.875000000000000000e-01 2.553199958801269531e+01 4.773899841308593750e+01 3.938000106811523438e+01
1.000000000000000000e+00 2.678571343421936035e-01 2.672999954223632812e+01 4.424599838256835938e+01 3.829499816894531250e+01
2.000000000000000000e+01 5.625000000000000000e-01 3.048500061035156250e+01 4.413800048828125000e+01 3.733900070190429688e+01
1.800000000000000000e+01 6.428571343421936035e-01 3.210200119018554688e+01 4.155199813842773438e+01 3.497399902343750000e+01
1.100000000000000000e+01 8.169642686843872070e-01 3.591299819946289062e+01 4.142599868774414062e+01 3.500899887084960938e+01
0.000000000000000000e+00 8.125000000000000000e-01 3.711299896240234375e+01 3.923600006103515625e+01 3.208200073242187500e+01
0.000000000000000000e+00 9.017857313156127930e-01 4.095500183105468750e+01 3.857400131225585938e+01 3.219499969482421875e+01
1.200000000000000000e+01 8.482142686843872070e-01 4.316699981689453125e+01 3.684000015258789062e+01 2.958699989318847656e+01
1.200000000000000000e+01 8.437500000000000000e-01 4.641999816894531250e+01 3.515599822998046875e+01 3.071400070190429688e+01
1.700000000000000000e+01 7.589285969734191895e-01 4.941600036621093750e+01 3.466899871826171875e+01 2.827700042724609375e+01
1.600000000000000000e+01 7.098214030265808105e-01 5.318099975585937500e+01 3.408700180053710938e+01 2.933200073242187500e+01
2.000000000000000000e+01 7.812500000000000000e-01 5.449300003051757812e+01 3.757799911499023438e+01 2.828400039672851562e+01
1.700000000000000000e+01 8.839285969734191895e-01 5.122200012207031250e+01 3.947000122070312500e+01 2.845299911499023438e+01
2.000000000000000000e+01 9.598214030265808105e-01 4.784700012207031250e+01 3.999700164794921875e+01 3.028499984741210938e+01
1.700000000000000000e+01 9.464285969734191895e-01 4.471599960327148438e+01 4.162900161743164062e+01 2.893600082397460938e+01
1.800000000000000000e+01 9.642857313156127930e-01 4.184500122070312500e+01 4.275600051879882812e+01 3.111599922180175781e+01
1.800000000000000000e+01 8.616071343421936035e-01 3.840100097656250000e+01 4.387099838256835938e+01 2.994300079345703125e+01
0.000000000000000000e+00 8.080357313156127930e-01 3.549100112915039062e+01 4.517900085449218750e+01 3.209400177001953125e+01
2.200000000000000000e+01 5.982142686843872070e-01 3.177700042724609375e+01 4.496599960327148438e+01 3.134900093078613281e+01
2.200000000000000000e+01 4.508928656578063965e-01 2.913800048828125000e+01 4.671099853515625000e+01 3.347299957275390625e+01
1.800000000000000000e+01 1.964285671710968018e-01 2.540900039672851562e+01 4.626599884033203125e+01 3.369499969482421875e+01
2.000000000000000000e+00 5.357142910361289978e-02 2.239599990844726562e+01 4.760100173950195312e+01 3.563199996948242188e+01
1.600000000000000000e+01 8.928571827709674835e-03 1.963100051879882812e+01 4.520999908447265625e+01 3.668500137329101562e+01
5.000000000000000000e+00 8.035714179277420044e-02 6.869200134277343750e+01 5.060599899291992188e+01 2.756399917602539062e+01
1.600000000000000000e+01 2.142857164144515991e-01 6.782199859619140625e+01 4.777199935913085938e+01 3.012599945068359375e+01
1.200000000000000000e+01 4.598214328289031982e-01 6.415000152587890625e+01 4.861600112915039062e+01 3.040399932861328125e+01
1.400000000000000000e+01 5.089285969734191895e-01 6.192100143432617188e+01 5.063700103759765625e+01 2.811199951171875000e+01
2.200000000000000000e+01 6.875000000000000000e-01 5.809400177001953125e+01 5.129000091552734375e+01 2.840600013732910156e+01
1.300000000000000000e+01 6.294642686843872070e-01 5.604800033569335938e+01 5.240299987792968750e+01 2.540399932861328125e+01
2.200000000000000000e+01 7.187500000000000000e-01 5.240599822998046875e+01 5.345899963378906250e+01 2.604700088500976562e+01
1.200000000000000000e+01 6.651785969734191895e-01 4.959000015258789062e+01 5.324200057983398438e+01 2.337999916076660156e+01
3.000000000000000000e+00 6.071428656578063965e-01 4.616500091552734375e+01 5.500299835205078125e+01 2.346800041198730469e+01
0.000000000000000000e+00 5.535714030265808105e-01 4.358499908447265625e+01 5.290399932861328125e+01 2.165999984741210938e+01
2.200000000000000000e+01 3.794642984867095947e-01 4.077899932861328125e+01 5.559199905395507812e+01 2.177099990844726562e+01
1.000000000000000000e+00 2.187500000000000000e-01 4.265299987792968750e+01 5.802700042724609375e+01 1.951099967956542969e+01
9.000000000000000000e+00 2.633928656578063965e-01 4.471799850463867188e+01 5.511500167846679688e+01 1.820700073242187500e+01
1.700000000000000000e+01 2.455357164144515991e-01 4.806700134277343750e+01 5.678900146484375000e+01 1.887999916076660156e+01
1.600000000000000000e+01 3.705357015132904053e-01 5.094699859619140625e+01 5.658499908447265625e+01 2.147900009155273438e+01
0.000000000000000000e+00 5.044642686843872070e-01 5.006999969482421875e+01 5.828300094604492188e+01 2.470499992370605469e+01
1.100000000000000000e+01 2.991071343421936035e-01 5.194699859619140625e+01 6.143299865722656250e+01 2.544099998474121094e+01
2.000000000000000000e+00 3.080357015132904053e-01 5.276800155639648438e+01 6.275099945068359375e+01 2.894400024414062500e+01
2.200000000000000000e+01 6.160714030265808105e-01 5.171300125122070312e+01 5.962799835205078125e+01 3.095499992370605469e+01
0.000000000000000000e+00 6.383928656578063965e-01 5.326300048828125000e+01 5.948899841308593750e+01 3.447999954223632812e+01
1.400000000000000000e+01 7.500000000000000000e-01 5.454800033569335938e+01 5.620800018310546875e+01 3.580500030517578125e+01
2.200000000000000000e+01 7.232142686843872070e-01 5.861700057983398438e+01 5.227600097656250000e+01 3.941799926757812500e+01
1.500000000000000000e+01 6.964285969734191895e-01 5.911899948120117188e+01 5.011299896240234375e+01 4.258800125122070312e+01
1.000000000000000000e+00 6.116071343421936035e-01 6.128200149536132812e+01 4.724000167846679688e+01 4.383200073242187500e+01
1.300000000000000000e+01 5.892857313156127930e-01 5.998799896240234375e+01 4.480199813842773438e+01 4.650899887084960938e+01
0.000000000000000000e+00 3.035714328289031982e-01 6.191199874877929688e+01 4.467200088500976562e+01 4.978499984741210938e+01
0.000000000000000000e+00 1.651785671710968018e-01 6.270800018310546875e+01 4.150299835205078125e+01 5.172700119018554688e+01
3.000000000000000000e+00 1.562500000000000000e-01 5.990999984741210938e+01 4.219400024414062500e+01 5.425299835205078125e+01
3.000000000000000000e+00 4.464285671710968018e-01 5.742200088500976562e+01 4.236500167846679688e+01 5.125500106811523438e+01
1.800000000000000000e+01 4.776785671710968018e-01 5.740900039672851562e+01 4.629899978637695312e+01 5.102000045776367188e+01
1.900000000000000000e+01 6.339285969734191895e-01 5.740000152587890625e+01 4.840599822998046875e+01 4.769499969482421875e+01
7.000000000000000000e+00 4.017857015132904053e-01 6.052199935913085938e+01 5.064400100708007812e+01 4.812699890136718750e+01
1.600000000000000000e+01 4.285714328289031982e-01 6.072200012207031250e+01 5.361999893188476562e+01 4.552399826049804688e+01
1.500000000000000000e+01 3.973214328289031982e-01 6.293299865722656250e+01 5.307099914550781250e+01 4.252000045776367188e+01
0.000000000000000000e+00 4.107142984867095947e-01 6.227500152587890625e+01 5.561899948120117188e+01 3.963199996948242188e+01
1.700000000000000000e+01 5.000000000000000000e-01 5.947100067138671875e+01 5.787599945068359375e+01 3.837799835205078125e+01
9.000000000000000000e+00 3.839285671710968018e-01 5.887799835205078125e+01 5.992300033569335938e+01 3.522399902343750000e+01
1.300000000000000000e+01 4.687500000000000000e-01 5.642200088500976562e+01 6.035699844360351562e+01 3.248099899291992188e+01
1.800000000000000000e+01 3.928571343421936035e-01 5.611100006103515625e+01 5.987099838256835938e+01 2.867799949645996094e+01
1.700000000000000000e+01 1.517857164144515991e-01 5.766500091552734375e+01 6.175899887084960938e+01 2.568300056457519531e+01
7.000000000000000000e+00 7.142857462167739868e-02 5.618199920654296875e+01 6.322499847412109375e+01 2.259300041198730469e+01
1.700000000000000000e+01 1.026785746216773987e-01 5.717200088500976562e+01 5.978300094604492188e+01 2.113800048828125000e+01
9.000000000000000000e+00 3.392857015132904053e-01 5.502099990844726562e+01 5.825999832153320312e+01 2.400399971008300781e+01
7.000000000000000000e+00 3.660714328289031982e-01 5.804999923706054688e+01 5.641699981689453125e+01 2.532299995422363281e+01
1.200000000000000000e+01 3.526785671710968018e-01 6.039400100708007812e+01 5.678699874877929688e+01 2.839599990844726562e+01
9.000000000000000000e+00 1.160714253783226013e-01 6.661000061035156250e+01 5.668199920654296875e+01 3.182500076293945312e+01
1.200000000000000000e+01 2.901785671710968018e-01 6.476899719238281250e+01 5.490700149536132812e+01 3.462400054931640625e+01
1.800000000000000000e+01 1.830357164144515991e-01 6.790599822998046875e+01 5.286000061035156250e+01 3.558100128173828125e+01
1.800000000000000000e+01 5.803571268916130066e-02 7.114199829101562500e+01 5.171599960327148438e+01 3.377600097656250000e+01
7.000000000000000000e+00 4.017857089638710022e-02 7.228500366210937500e+01 4.814699935913085938e+01 3.292100143432617188e+01
7.000000000000000000e+00 4.464285913854837418e-03 7.510700225830078125e+01 4.818600082397460938e+01 3.554000091552734375e+01
7.000000000000000000e+00 3.571428731083869934e-02 7.242900085449218750e+01 4.922999954223632812e+01 3.798099899291992188e+01
1.500000000000000000e+01 1.473214328289031982e-01 6.942800140380859375e+01 4.692100143432617188e+01 3.724200057983398438e+01
2.200000000000000000e+01 1.339285671710968018e-01 6.967900085449218750e+01 4.380099868774414062e+01 3.939199829101562500e+01
7.000000000000000000e+00 2.410714328289031982e-01 6.759899902343750000e+01 4.084799957275390625e+01 4.069599914550781250e+01
9.000000000000000000e+00 4.419642984867095947e-01 6.423400115966796875e+01 4.155699920654296875e+01 4.233399963378906250e+01
1.100000000000000000e+01 6.830357313156127930e-01 6.052399826049804688e+01 4.179399871826171875e+01 4.192699813842773438e+01
2.000000000000000000e+01 7.767857313156127930e-01 5.962900161743164062e+01 4.511399841308593750e+01 4.051100158691406250e+01
1.300000000000000000e+01 8.973214030265808105e-01 5.629999923706054688e+01 4.699200057983398438e+01 4.019400024414062500e+01
2.200000000000000000e+01 9.151785969734191895e-01 5.520399856567382812e+01 4.971699905395507812e+01 3.778799819946289062e+01
7.000000000000000000e+00 9.285714030265808105e-01 5.223799896240234375e+01 5.194900131225585938e+01 3.853699874877929688e+01
1.100000000000000000e+01 9.107142686843872070e-01 5.100500106811523438e+01 5.394800186157226562e+01 3.531800079345703125e+01
3.000000000000000000e+00 8.214285969734191895e-01 4.855099868774414062e+01 5.689400100708007812e+01 3.592800140380859375e+01
1.800000000000000000e+01 8.348214030265808105e-01 4.583399963378906250e+01 5.618999862670898438e+01 3.337099838256835938e+01
1.300000000000000000e+01 7.321428656578063965e-01 4.337099838256835938e+01 5.822299957275390625e+01 3.548199844360351562e+01
1.700000000000000000e+01 5.758928656578063965e-01 4.518399810791015625e+01 6.155699920654296875e+01 3.486999893188476562e+01
2.000000000000000000e+01 5.714285969734191895e-01 4.531499862670898438e+01 6.088600158691406250e+01 3.108499908447265625e+01
1.900000000000000000e+01 5.580357313156127930e-01 4.157300186157226562e+01 6.004600143432617188e+01 3.072900009155273438e+01
1.300000000000000000e+01 3.437500000000000000e-01 4.016899871826171875e+01 6.290499877929687500e+01 3.286399841308593750e+01
0.000000000000000000e+00 2.053571492433547974e-01 4.222900009155273438e+01 6.543900299072265625e+01 3.069400024414062500e+01
1.200000000000000000e+01 1.785714328289031982e-01 4.034299850463867188e+01 6.432199859619140625e+01 2.761100006103515625e+01
9.000000000000000000e+00 1.428571492433547974e-01 3.706000137329101562e+01 6.399100112915039062e+01 2.947500038146972656e+01
1.100000000000000000e+01 3.258928656578063965e-01 3.710499954223632812e+01 6.035900115966796875e+01 2.901000022888183594e+01
1.700000000000000000e+01 5.133928656578063965e-01 3.581900024414062500e+01 5.759099960327148438e+01 3.125399971008300781e+01
1.600000000000000000e+01 6.562500000000000000e-01 3.814899826049804688e+01 5.743199920654296875e+01 3.434299850463867188e+01
1.500000000000000000e+01 7.410714030265808105e-01 3.680500030517578125e+01 5.378599929809570312e+01 3.515000152587890625e+01
7.000000000000000000e+00 8.794642686843872070e-01 4.215800094604492188e+01 5.386600112915039062e+01 3.911399841308593750e+01
0.000000000000000000e+00 9.776785969734191895e-01 4.715999984741210938e+01 5.027000045776367188e+01 3.550299835205078125e+01
7.000000000000000000e+00 9.955357313156127930e-01 4.940299987792968750e+01 4.810300064086914062e+01 3.754700088500976562e+01
2.200000000000000000e+01 9.821428656578063965e-01 5.225000000000000000e+01 4.596900177001953125e+01 3.627199935913085938e+01
2.200000000000000000e+01 9.687500000000000000e-01 5.414300155639648438e+01 4.362799835205078125e+01 3.865599822998046875e+01
1.500000000000000000e+01 8.750000000000000000e-01 5.705199813842773438e+01 4.132500076293945312e+01 3.750299835205078125e+01
1.800000000000000000e+01 7.008928656578063965e-01 6.016500091552734375e+01 3.938399887084960938e+01 3.859799957275390625e+01
0.000000000000000000e+00 5.937500000000000000e-01 6.302099990844726562e+01 4.072100067138671875e+01 3.655099868774414062e+01
2.000000000000000000e+00 2.946428656578063965e-01 6.645999908447265625e+01 3.908100128173828125e+01 3.583800125122070312e+01
3.000000000000000000e+00 2.812500000000000000e-01 6.518299865722656250e+01 3.561999893188476562e+01 3.720999908447265625e+01
1.700000000000000000e+01 8.928571641445159912e-02 6.739600372314453125e+01 3.327600097656250000e+01 3.493999862670898438e+01
9.000000000000000000e+00 6.696428358554840088e-02 7.006199645996093750e+01 3.597200012207031250e+01 3.490100097656250000e+01
1.600000000000000000e+01 7.589285820722579956e-02 7.051300048828125000e+01 3.929000091552734375e+01 3.299599838256835938e+01
1.000000000000000000e+00 2.098214328289031982e-01 6.767099761962890625e+01 4.050500106811523438e+01 3.072699928283691406e+01
1.000000000000000000e+00 2.500000000000000000e-01 6.669599914550781250e+01 4.353900146484375000e+01 2.876399993896484375e+01
2.000000000000000000e+01 5.178571343421936035e-01 6.304000091552734375e+01 4.454800033569335938e+01 2.847500038146972656e+01
1.800000000000000000e+01 5.491071343421936035e-01 6.079899978637695312e+01 4.657400131225585938e+01 2.621699905395507812e+01
1.100000000000000000e+01 7.544642686843872070e-01 5.719499969482421875e+01 4.685699844360351562e+01 2.757200050354003906e+01
0.000000000000000000e+00 7.946428656578063965e-01 5.412200164794921875e+01 4.802299880981445312e+01 2.572200012207031250e+01
0.000000000000000000e+00 8.883928656578063965e-01 5.102500152587890625e+01 4.923500061035156250e+01 2.750300025939941406e+01
1.200000000000000000e+01 8.303571343421936035e-01 4.786999893188476562e+01 4.946799850463867188e+01 2.551000022888183594e+01
1.200000000000000000e+01 8.526785969734191895e-01 4.520100021362304688e+01 5.159099960327148438e+01 2.719400024414062500e+01
1.700000000000000000e+01 7.633928656578063965e-01 4.158100128173828125e+01 5.244400024414062500e+01 2.669799995422363281e+01
1.600000000000000000e+01 7.678571343421936035e-01 3.906600189208984375e+01 5.321599960327148438e+01 2.960499954223632812e+01
2.000000000000000000e+01 7.991071343421936035e-01 3.720500183105468750e+01 4.984999847412109375e+01 3.017200088500976562e+01
1.700000000000000000e+01 8.705357313156127930e-01 3.988700103759765625e+01 4.752600097656250000e+01 2.889599990844726562e+01
2.000000000000000000e+01 9.508928656578063965e-01 4.361899948120117188e+01 4.760400009155273438e+01 2.916500091552734375e+01
1.700000000000000000e+01 9.419642686843872070e-01 4.638100051879882812e+01 4.529499816894531250e+01 2.777400016784667969e+01
1.800000000000000000e+01 9.553571343421936035e-01 5.014500045776367188e+01 4.504700088500976562e+01 2.856699943542480469e+01
1.800000000000000000e+01 8.571428656578063965e-01 5.304199981689453125e+01 4.311899948120117188e+01 2.710899925231933594e+01
0.000000000000000000e+00 7.723214030265808105e-01 5.681100082397460938e+01 4.249000167846679688e+01 2.739800071716308594e+01
2.200000000000000000e+01 5.357142686843872070e-01 5.940000152587890625e+01 4.170500183105468750e+01 2.475300025939941406e+01
2.200000000000000000e+01 4.151785671710968018e-01 6.227299880981445312e+01 4.001300048828125000e+01 2.645999908447265625e+01
1.800000000000000000e+01 1.607142835855484009e-01 6.593599700927734375e+01 4.012699890136718750e+01 2.520599937438964844e+01
2.000000000000000000e+00 4.910714179277420044e-02 6.938899993896484375e+01 3.903699874877929688e+01 2.626799964904785156e+01
1.600000000000000000e+01 1.339285727590322495e-02 7.242400360107421875e+01 4.151200103759765625e+01 2.656999969482421875e+01
