5.000000000000000000e+00 1.116071417927742004e-01 2.596500015258789062e+01 3.883599853515625000e+01 4.205300140380859375e+01
1.600000000000000000e+01 2.410714328289031982e-01 2.718700027465820312e+01 4.240800094604492188e+01 4.164799880981445312e+01
1.200000000000000000e+01 5.000000000000000000e-01 3.078400039672851562e+01 4.125999832153320312e+01 4.104100036621093750e+01
1.400000000000000000e+01 5.625000000000000000e-01 3.193600082397460938e+01 3.862599945068359375e+01 3.851100158691406250e+01
2.200000000000000000e+01 7.187500000000000000e-01 3.543299865722656250e+01 3.751800155639648438e+01 3.750400161743164062e+01
1.300000000000000000e+01 6.741071343421936035e-01 3.598300170898437500e+01 3.524499893188476562e+01 3.444200134277343750e+01
2.200000000000000000e+01 7.410714030265808105e-01 3.956200027465820312e+01 3.398899841308593750e+01 3.366799926757812500e+01
1.200000000000000000e+01 6.517857313156127930e-01 4.047399902343750000e+01 3.245600128173828125e+01 3.028499984741210938e+01
3.000000000000000000e+00 5.937500000000000000e-01 4.365399932861328125e+01 3.101199913024902344e+01 2.861800003051757812e+01
0.000000000000000000e+00 5.535714030265808105e-01 4.476100158691406250e+01 3.241199874877929688e+01 2.521100044250488281e+01
2.200000000000000000e+01 3.437500000000000000e-01 4.697900009155273438e+01 2.932799911499023438e+01 2.457999992370605469e+01
1.000000000000000000e+00 2.053571492433547974e-01 4.458000183105468750e+01 2.649300003051757812e+01 2.535199928283691406e+01
9.000000000000000000e+00 2.500000000000000000e-01 4.176399993896484375e+01 2.884000015258789062e+01 2.430599975585937500e+01
1.700000000000000000e+01 2.232142835855484009e-01 3.971500015258789062e+01 2.730400085449218750e+01 2.710799980163574219e+01
1.600000000000000000e+01 3.303571343421936035e-01 3.850299835205078125e+01 2.834199905395507812e+01 3.049399948120117188e+01
0.000000000000000000e+00 5.044642686843872070e-01 4.128499984741210938e+01 2.879500007629394531e+01 3.309500122070312500e+01
1.100000000000000000e+01 3.169642984867095947e-01 4.007899856567382812e+01 2.667700004577636719e+01 3.597900009155273438e+01
2.000000000000000000e+00 3.392857015132904053e-01 4.133200073242187500e+01 2.675699996948242188e+01 3.967300033569335938e+01
2.200000000000000000e+01 6.339285969734191895e-01 4.288399887084960938e+01 3.021699905395507812e+01 3.965000152587890625e+01
0.000000000000000000e+00 6.562500000000000000e-01 4.274499893188476562e+01 3.211999893188476562e+01 4.287200164794921875e+01
1.400000000000000000e+01 7.812500000000000000e-01 4.190100097656250000e+01 3.578400039672851562e+01 4.341799926757812500e+01
2.200000000000000000e+01 7.544642686843872070e-01 3.946400070190429688e+01 4.122700119018554688e+01 4.633900070190429688e+01
1.500000000000000000e+01 7.053571343421936035e-01 4.029600143432617188e+01 4.434000015258789062e+01 4.841699981689453125e+01
1.000000000000000000e+00 5.803571343421936035e-01 3.796799850463867188e+01 4.725500106811523438e+01 4.951399993896484375e+01
1.300000000000000000e+01 5.267857313156127930e-01 3.942499923706054688e+01 5.080699920654296875e+01 5.014699935913085938e+01
0.000000000000000000e+00 2.767857015132904053e-01 3.956600189208984375e+01 5.229899978637695312e+01 5.370100021362304688e+01
0.000000000000000000e+00 8.482142537832260132e-02 3.912799835205078125e+01 5.586199951171875000e+01 5.499300003051757812e+01
3.000000000000000000e+00 1.428571492433547974e-01 4.297499847412109375e+01 5.646099853515625000e+01 5.496099853515625000e+01
3.000000000000000000e+00 3.883928656578063965e-01 4.329199981689453125e+01 5.484500122070312500e+01 5.154600143432617188e+01
1.800000000000000000e+01 4.419642984867095947e-01 4.439899826049804688e+01 5.143600082397460938e+01 5.296300125122070312e+01
1.900000000000000000e+01 5.982142686843872070e-01 4.313399887084960938e+01 4.804999923706054688e+01 5.147200012207031250e+01
7.000000000000000000e+00 3.928571343421936035e-01 4.100400161743164062e+01 4.584299850463867188e+01 5.376599884033203125e+01
1.600000000000000000e+01 4.241071343421936035e-01 4.026200103759765625e+01 4.220199966430664062e+01 5.295899963378906250e+01
1.500000000000000000e+01 4.062500000000000000e-01 3.684999847412109375e+01 4.194300079345703125e+01 5.134500122070312500e+01
0.000000000000000000e+00 4.553571343421936035e-01 3.638800048828125000e+01 3.863999938964843750e+01 4.920800018310546875e+01
1.700000000000000000e+01 5.089285969734191895e-01 3.842399978637695312e+01 3.562599945068359375e+01 4.788199996948242188e+01
9.000000000000000000e+00 4.285714328289031982e-01 3.829299926757812500e+01 3.226800155639648438e+01 4.600799942016601562e+01
1.300000000000000000e+01 4.910714328289031982e-01 3.923500061035156250e+01 3.057099914550781250e+01 4.279999923706054688e+01
1.800000000000000000e+01 4.464285671710968018e-01 3.773300170898437500e+01 2.981100082397460938e+01 3.940000152587890625e+01
1.700000000000000000e+01 1.830357164144515991e-01 3.494300079345703125e+01 2.717700004577636719e+01 3.864899826049804688e+01
7.000000000000000000e+00 6.696428358554840088e-02 3.446500015258789062e+01 2.477899932861328125e+01 3.558200073242187500e+01
1.700000000000000000e+01 1.607142835855484009e-01 3.358399963378906250e+01 2.774600028991699219e+01 3.320199966430664062e+01
9.000000000000000000e+00 4.151785671710968018e-01 3.647600173950195312e+01 2.991600036621093750e+01 3.420100021362304688e+01
7.000000000000000000e+00 4.598214328289031982e-01 3.436000061035156250e+01 3.215900039672851562e+01 3.647299957275390625e+01
1.200000000000000000e+01 4.508928656578063965e-01 3.426399993896484375e+01 3.284199905395507812e+01 4.011199951171875000e+01
9.000000000000000000e+00 1.473214328289031982e-01 2.969700050354003906e+01 3.425299835205078125e+01 4.521099853515625000e+01
1.200000000000000000e+01 3.258928656578063965e-01 3.218899917602539062e+01 3.702299880981445312e+01 4.591299819946289062e+01
1.800000000000000000e+01 1.919642835855484009e-01 2.974600028991699219e+01 3.939799880981445312e+01 4.756700134277343750e+01
1.800000000000000000e+01 4.910714179277420044e-02 2.603300094604492188e+01 4.044100189208984375e+01 4.817699813842773438e+01
7.000000000000000000e+00 2.678571455180644989e-02 2.432500076293945312e+01 4.375600051879882812e+01 4.721099853515625000e+01
7.000000000000000000e+00 4.464285913854837418e-03 2.394300079345703125e+01 4.471200180053710938e+01 5.081000137329101562e+01
7.000000000000000000e+00 3.571428731083869934e-02 2.763599967956542969e+01 4.413299942016601562e+01 5.166699981689453125e+01
1.500000000000000000e+01 1.741071492433547974e-01 2.902199935913085938e+01 4.554299926757812500e+01 4.843799972534179688e+01
2.200000000000000000e+01 9.821428358554840088e-02 2.887400054931640625e+01 4.920199966430664062e+01 4.953200149536132812e+01
7.000000000000000000e+00 1.696428507566452026e-01 2.984300041198730469e+01 5.240999984741210938e+01 4.757699966430664062e+01
9.000000000000000000e+00 3.482142984867095947e-01 3.365299987792968750e+01 5.288000106811523438e+01 4.733200073242187500e+01
1.100000000000000000e+01 6.383928656578063965e-01 3.686999893188476562e+01 5.168199920654296875e+01 4.564500045776367188e+01
2.000000000000000000e+01 7.723214030265808105e-01 3.781600189208984375e+01 4.787400054931640625e+01 4.499700164794921875e+01
1.300000000000000000e+01 9.017857313156127930e-01 4.067100143432617188e+01 4.571599960327148438e+01 4.360100173950195312e+01
2.200000000000000000e+01 9.196428656578063965e-01 4.081299972534179688e+01 4.215399932861328125e+01 4.235400009155273438e+01
7.000000000000000000e+00 9.464285969734191895e-01 4.426599884033203125e+01 4.077099990844726562e+01 4.246900177001953125e+01
1.100000000000000000e+01 9.241071343421936035e-01 4.471699905395507812e+01 3.751599884033203125e+01 4.055199813842773438e+01
3.000000000000000000e+00 8.392857313156127930e-01 4.738199996948242188e+01 3.478400039672851562e+01 4.137699890136718750e+01
1.800000000000000000e+01 8.526785969734191895e-01 4.838499832153320312e+01 3.393799972534179688e+01 3.780500030517578125e+01
1.300000000000000000e+01 7.678571343421936035e-01 5.204299926757812500e+01 3.295600128173828125e+01 3.865399932861328125e+01
1.700000000000000000e+01 6.116071343421936035e-01 5.065399932861328125e+01 3.002400016784667969e+01 4.054899978637695312e+01
2.000000000000000000e+01 6.026785969734191895e-01 4.853099822998046875e+01 2.901099967956542969e+01 3.755400085449218750e+01
1.900000000000000000e+01 5.714285969734191895e-01 5.142599868774414062e+01 2.893899917602539062e+01 3.491400146484375000e+01
1.300000000000000000e+01 3.571428656578063965e-01 5.373300170898437500e+01 2.707399940490722656e+01 3.735100173950195312e+01
0.000000000000000000e+00 2.366071492433547974e-01 5.088299942016601562e+01 2.448299980163574219e+01 3.813499832153320312e+01
1.200000000000000000e+01 2.142857164144515991e-01 5.086600112915039062e+01 2.394700050354003906e+01 3.428499984741210938e+01
9.000000000000000000e+00 1.294642835855484009e-01 5.476699829101562500e+01 2.365699958801269531e+01 3.430799865722656250e+01
1.100000000000000000e+01 2.991071343421936035e-01 5.512200164794921875e+01 2.700799942016601562e+01 3.236299896240234375e+01
1.700000000000000000e+01 4.107142984867095947e-01 5.754299926757812500e+01 2.986800003051757812e+01 3.320700073242187500e+01
1.600000000000000000e+01 6.830357313156127930e-01 5.567399978637695312e+01 3.313800048828125000e+01 3.420000076293945312e+01
1.500000000000000000e+01 7.767857313156127930e-01 5.704800033569335938e+01 3.663800048828125000e+01 3.440900039672851562e+01
7.000000000000000000e+00 8.973214030265808105e-01 5.349900054931640625e+01 3.802000045776367188e+01 3.955599975585937500e+01
0.000000000000000000e+00 9.866071343421936035e-01 4.707799911499023438e+01 4.012900161743164062e+01 3.687200164794921875e+01
7.000000000000000000e+00 9.955357313156127930e-01 4.543799972534179688e+01 4.302899932861328125e+01 3.870299911499023438e+01
2.200000000000000000e+01 9.776785969734191895e-01 4.250500106811523438e+01 4.545500183105468750e+01 3.835100173950195312e+01
2.200000000000000000e+01 9.553571343421936035e-01 4.152000045776367188e+01 4.860900115966796875e+01 4.028200149536132812e+01
1.500000000000000000e+01 8.437500000000000000e-01 3.807400131225585938e+01 5.035900115966796875e+01 4.017100143432617188e+01
1.800000000000000000e+01 6.607142686843872070e-01 3.540000152587890625e+01 5.273699951171875000e+01 4.175899887084960938e+01
0.000000000000000000e+00 5.178571343421936035e-01 3.224200057983398438e+01 5.072700119018554688e+01 4.224300003051757812e+01
2.000000000000000000e+00 2.544642984867095947e-01 2.871899986267089844e+01 5.217399978637695312e+01 4.211199951171875000e+01
3.000000000000000000e+00 2.455357164144515991e-01 3.017099952697753906e+01 5.566699981689453125e+01 4.142900085449218750e+01
1.700000000000000000e+01 8.035714179277420044e-02 2.708799934387207031e+01 5.660900115966796875e+01 3.943999862670898438e+01
9.000000000000000000e+00 3.125000000000000000e-02 2.456299972534179688e+01 5.464099884033203125e+01 4.144599914550781250e+01
1.600000000000000000e+01 5.357142910361289978e-02 2.394300079345703125e+01 5.090299987792968750e+01 4.178900146484375000e+01
1.000000000000000000e+00 1.651785671710968018e-01 2.555599975585937500e+01 4.859099960327148438e+01 3.906900024414062500e+01
1.000000000000000000e+00 2.633928656578063965e-01 2.676099967956542969e+01 4.504299926757812500e+01 3.867599868774414062e+01
2.000000000000000000e+01 5.401785969734191895e-01 3.034399986267089844e+01 4.444800186157226562e+01 3.743899917602539062e+01
1.800000000000000000e+01 6.428571343421936035e-01 3.199500083923339844e+01 4.164500045776367188e+01 3.537200164794921875e+01
1.100000000000000000e+01 8.125000000000000000e-01 3.583900070190429688e+01 4.124700164794921875e+01 3.486000061035156250e+01
0.000000000000000000e+00 7.946428656578063965e-01 3.712099838256835938e+01 3.925199890136718750e+01 3.190299987792968750e+01
0.000000000000000000e+00 8.883928656578063965e-01 4.081900024414062500e+01 3.829499816894531250e+01 3.191300010681152344e+01
1.200000000000000000e+01 8.169642686843872070e-01 4.248600006103515625e+01 3.656999969482421875e+01 2.896800041198730469e+01
1.200000000000000000e+01 8.303571343421936035e-01 4.594900131225585938e+01 3.528799819946289062e+01 2.973399925231933594e+01
1.700000000000000000e+01 7.321428656578063965e-01 4.920800018310546875e+01 3.422200012207031250e+01 2.789100074768066406e+01
1.600000000000000000e+01 7.008928656578063965e-01 5.258599853515625000e+01 3.343399810791015625e+01 2.962899971008300781e+01
2.000000000000000000e+01 7.901785969734191895e-01 5.388299942016601562e+01 3.704499816894531250e+01 2.902300071716308594e+01
1.700000000000000000e+01 8.928571343421936035e-01 5.048899841308593750e+01 3.899000167846679688e+01 2.874900054931640625e+01
2.000000000000000000e+01 9.508928656578063965e-01 4.704100036621093750e+01 3.978499984741210938e+01 3.006399917602539062e+01
1.700000000000000000e+01 9.285714030265808105e-01 4.399000167846679688e+01 4.142100143432617188e+01 2.842799949645996094e+01
1.800000000000000000e+01 9.598214030265808105e-01 4.156200027465820312e+01 4.259700012207031250e+01 3.102300071716308594e+01
1.800000000000000000e+01 8.616071343421936035e-01 3.821099853515625000e+01 4.366999816894531250e+01 3.000099945068359375e+01
0.000000000000000000e+00 8.035714030265808105e-01 3.554199981689453125e+01 4.500600051879882812e+01 3.233499908447265625e+01
2.200000000000000000e+01 6.205357313156127930e-01 3.180599975585937500e+01 4.510100173950195312e+01 3.164200019836425781e+01
2.200000000000000000e+01 4.732142984867095947e-01 2.942399978637695312e+01 4.713999938964843750e+01 3.360400009155273438e+01
1.800000000000000000e+01 1.964285671710968018e-01 2.576199913024902344e+01 4.634199905395507812e+01 3.373799896240234375e+01
2.000000000000000000e+00 5.803571268916130066e-02 2.320299911499023438e+01 4.910499954223632812e+01 3.466899871826171875e+01
1.600000000000000000e+01 8.928571827709674835e-03 1.991600036621093750e+01 4.765100097656250000e+01 3.617200088500976562e+01
5.000000000000000000e+00 1.250000000000000000e-01 6.786100006103515625e+01 4.881299972534179688e+01 2.753899955749511719e+01
1.600000000000000000e+01 2.276785671710968018e-01 6.753299713134765625e+01 4.677600097656250000e+01 3.078899955749511719e+01
1.200000000000000000e+01 4.955357015132904053e-01 6.382099914550781250e+01 4.790499877929687500e+01 3.139299964904785156e+01
1.400000000000000000e+01 5.669642686843872070e-01 6.149700164794921875e+01 5.005400085449218750e+01 2.940299987792968750e+01
2.200000000000000000e+01 7.098214030265808105e-01 5.784600067138671875e+01 5.117699813842773438e+01 2.951700019836425781e+01
1.300000000000000000e+01 6.919642686843872070e-01 5.568700027465820312e+01 5.195800018310546875e+01 2.654299926757812500e+01
2.200000000000000000e+01 7.455357313156127930e-01 5.207500076293945312e+01 5.327799987792968750e+01 2.676199913024902344e+01
1.200000000000000000e+01 6.785714030265808105e-01 4.960100173950195312e+01 5.305599975585937500e+01 2.386199951171875000e+01
3.000000000000000000e+00 6.294642686843872070e-01 4.605899810791015625e+01 5.433700180053710938e+01 2.345000076293945312e+01
0.000000000000000000e+00 5.892857313156127930e-01 4.326399993896484375e+01 5.216799926757812500e+01 2.200099945068359375e+01
2.200000000000000000e+01 3.839285671710968018e-01 4.066699981689453125e+01 5.485599899291992188e+01 2.147800064086914062e+01
1.000000000000000000e+00 2.187500000000000000e-01 4.292300033569335938e+01 5.681399917602539062e+01 1.900799942016601562e+01
9.000000000000000000e+00 2.857142984867095947e-01 4.485200119018554688e+01 5.374000167846679688e+01 1.785199928283691406e+01
1.700000000000000000e+01 2.812500000000000000e-01 4.830599975585937500e+01 5.527399826049804688e+01 1.851499938964843750e+01
1.600000000000000000e+01 3.750000000000000000e-01 5.093000030517578125e+01 5.593799972534179688e+01 2.126099967956542969e+01
0.000000000000000000e+00 5.133928656578063965e-01 4.975199890136718750e+01 5.751499938964843750e+01 2.457099914550781250e+01
1.100000000000000000e+01 3.214285671710968018e-01 5.183599853515625000e+01 6.063499832153320312e+01 2.529899978637695312e+01
2.000000000000000000e+00 3.080357015132904053e-01 5.272299957275390625e+01 6.240499877929687500e+01 2.864399909973144531e+01
2.200000000000000000e+01 6.160714030265808105e-01 5.102199935913085938e+01 5.951699829101562500e+01 3.071400070190429688e+01
0.000000000000000000e+00 6.250000000000000000e-01 5.264300155639648438e+01 5.966400146484375000e+01 3.411600112915039062e+01
1.400000000000000000e+01 7.500000000000000000e-01 5.399200057983398438e+01 5.648400115966796875e+01 3.592300033569335938e+01
2.200000000000000000e+01 7.232142686843872070e-01 5.852199935913085938e+01 5.233300018310546875e+01 3.915599822998046875e+01
1.500000000000000000e+01 6.875000000000000000e-01 5.915100097656250000e+01 5.039799880981445312e+01 4.247700119018554688e+01
1.000000000000000000e+00 5.580357313156127930e-01 6.185800170898437500e+01 4.781800079345703125e+01 4.351300048828125000e+01
1.300000000000000000e+01 5.357142686843872070e-01 6.061700057983398438e+01 4.537200164794921875e+01 4.620399856567382812e+01
0.000000000000000000e+00 2.589285671710968018e-01 6.282899856567382812e+01 4.559899902343750000e+01 4.934899902343750000e+01
0.000000000000000000e+00 1.160714253783226013e-01 6.368600082397460938e+01 4.271500015258789062e+01 5.163199996948242188e+01
3.000000000000000000e+00 8.928571641445159912e-02 6.113800048828125000e+01 4.356200027465820312e+01 5.438800048828125000e+01
3.000000000000000000e+00 3.526785671710968018e-01 5.873600006103515625e+01 4.359899902343750000e+01 5.127899932861328125e+01
1.800000000000000000e+01 3.660714328289031982e-01 5.838199996948242188e+01 4.745299911499023438e+01 5.119699859619140625e+01
1.900000000000000000e+01 5.848214030265808105e-01 5.792800140380859375e+01 4.892300033569335938e+01 4.773400115966796875e+01
7.000000000000000000e+00 3.973214328289031982e-01 6.060699844360351562e+01 5.154600143432617188e+01 4.732099914550781250e+01
1.600000000000000000e+01 4.866071343421936035e-01 5.993399810791015625e+01 5.403599929809570312e+01 4.440100097656250000e+01
1.500000000000000000e+01 3.035714328289031982e-01 6.327399826049804688e+01 5.447700119018554688e+01 4.253599929809570312e+01
0.000000000000000000e+00 3.794642984867095947e-01 6.219100189208984375e+01 5.580599975585937500e+01 3.920500183105468750e+01
1.700000000000000000e+01 4.821428656578063965e-01 5.920299911499023438e+01 5.792599868774414062e+01 3.770800018310546875e+01
9.000000000000000000e+00 3.705357015132904053e-01 5.818099975585937500e+01 6.016400146484375000e+01 3.479499816894531250e+01
1.300000000000000000e+01 4.776785671710968018e-01 5.574800109863281250e+01 6.017900085449218750e+01 3.182699966430664062e+01
1.800000000000000000e+01 4.642857015132904053e-01 5.557300186157226562e+01 5.887599945068359375e+01 2.823200035095214844e+01
1.700000000000000000e+01 1.875000000000000000e-01 5.766899871826171875e+01 6.069200134277343750e+01 2.556299972534179688e+01
7.000000000000000000e+00 7.589285820722579956e-02 5.605799865722656250e+01 6.164599990844726562e+01 2.222299957275390625e+01
1.700000000000000000e+01 1.071428582072257996e-01 5.752999877929687500e+01 5.843700027465820312e+01 2.081299972534179688e+01
9.000000000000000000e+00 3.616071343421936035e-01 5.525500106811523438e+01 5.678300094604492188e+01 2.354999923706054688e+01
7.000000000000000000e+00 4.687500000000000000e-01 5.773600006103515625e+01 5.554499816894531250e+01 2.603199958801269531e+01
1.200000000000000000e+01 4.196428656578063965e-01 6.011700057983398438e+01 5.607099914550781250e+01 2.894799995422363281e+01
9.000000000000000000e+00 1.339285671710968018e-01 6.629100036621093750e+01 5.622100067138671875e+01 3.208100128173828125e+01
1.200000000000000000e+01 3.125000000000000000e-01 6.456999969482421875e+01 5.410699844360351562e+01 3.469900131225585938e+01
1.800000000000000000e+01 1.785714328289031982e-01 6.765899658203125000e+01 5.212099838256835938e+01 3.562200164794921875e+01
1.800000000000000000e+01 4.464285820722579956e-02 7.108999633789062500e+01 5.131700134277343750e+01 3.449399948120117188e+01
7.000000000000000000e+00 2.232142910361289978e-02 7.272499847412109375e+01 4.798099899291992188e+01 3.345600128173828125e+01
7.000000000000000000e+00 0.000000000000000000e+00 7.524500274658203125e+01 4.745399856567382812e+01 3.628900146484375000e+01
7.000000000000000000e+00 1.785714365541934967e-02 7.265799713134765625e+01 4.877899932861328125e+01 3.861199951171875000e+01
1.500000000000000000e+01 1.205357164144515991e-01 6.983699798583984375e+01 4.656700134277343750e+01 3.755799865722656250e+01
2.200000000000000000e+01 1.383928507566452026e-01 6.930100250244140625e+01 4.330099868774414062e+01 3.967300033569335938e+01
7.000000000000000000e+00 2.321428507566452026e-01 6.723600006103515625e+01 4.022000122070312500e+01 4.027399826049804688e+01
9.000000000000000000e+00 4.330357015132904053e-01 6.383599853515625000e+01 4.029299926757812500e+01 4.218399810791015625e+01
1.100000000000000000e+01 6.696428656578063965e-01 6.030099868774414062e+01 4.161600112915039062e+01 4.234600067138671875e+01
2.000000000000000000e+01 7.633928656578063965e-01 5.955099868774414062e+01 4.495600128173828125e+01 4.076599884033203125e+01
1.300000000000000000e+01 8.839285969734191895e-01 5.640499877929687500e+01 4.689500045776367188e+01 3.987500000000000000e+01
2.200000000000000000e+01 9.062500000000000000e-01 5.550500106811523438e+01 4.968399810791015625e+01 3.740499877929687500e+01
7.000000000000000000e+00 9.330357313156127930e-01 5.228400039672851562e+01 5.166099929809570312e+01 3.813499832153320312e+01
1.100000000000000000e+01 9.107142686843872070e-01 5.084299850463867188e+01 5.384400177001953125e+01 3.529199981689453125e+01
3.000000000000000000e+00 8.258928656578063965e-01 4.833800125122070312e+01 5.663100051879882812e+01 3.622200012207031250e+01
1.800000000000000000e+01 8.348214030265808105e-01 4.541999816894531250e+01 5.618999862670898438e+01 3.362900161743164062e+01
1.300000000000000000e+01 7.142857313156127930e-01 4.256999969482421875e+01 5.813199996948242188e+01 3.531700134277343750e+01
1.700000000000000000e+01 5.758928656578063965e-01 4.451399993896484375e+01 6.126800155639648438e+01 3.494800186157226562e+01
2.000000000000000000e+01 5.312500000000000000e-01 4.484799957275390625e+01 6.093099975585937500e+01 3.107500076293945312e+01
1.900000000000000000e+01 5.223214030265808105e-01 4.115900039672851562e+01 5.999599838256835938e+01 3.050499916076660156e+01
1.300000000000000000e+01 3.348214328289031982e-01 4.003599929809570312e+01 6.287300109863281250e+01 3.285800170898437500e+01
0.000000000000000000e+00 2.008928507566452026e-01 4.232199859619140625e+01 6.537599945068359375e+01 3.119099998474121094e+01
1.200000000000000000e+01 1.517857164144515991e-01 4.040599822998046875e+01 6.466100311279296875e+01 2.791200065612792969e+01
9.000000000000000000e+00 9.375000000000000000e-02 3.699300003051757812e+01 6.470300292968750000e+01 2.975799942016601562e+01
1.100000000000000000e+01 2.678571343421936035e-01 3.613299942016601562e+01 6.105899810791015625e+01 2.962400054931640625e+01
1.700000000000000000e+01 4.017857015132904053e-01 3.520399856567382812e+01 5.900500106811523438e+01 3.276200103759765625e+01
1.600000000000000000e+01 6.651785969734191895e-01 3.694499969482421875e+01 5.561399841308593750e+01 3.278499984741210938e+01
1.500000000000000000e+01 7.366071343421936035e-01 3.586700057983398438e+01 5.253200149536132812e+01 3.463800048828125000e+01
7.000000000000000000e+00 8.750000000000000000e-01 4.138999938964843750e+01 5.360900115966796875e+01 3.810699844360351562e+01
0.000000000000000000e+00 9.732142686843872070e-01 4.728200149536132812e+01 5.011899948120117188e+01 3.533900070190429688e+01
7.000000000000000000e+00 9.910714030265808105e-01 4.968600082397460938e+01 4.820600128173828125e+01 3.749000167846679688e+01
2.200000000000000000e+01 9.821428656578063965e-01 5.222299957275390625e+01 4.563700103759765625e+01 3.616899871826171875e+01
2.200000000000000000e+01 9.642857313156127930e-01 5.408700180053710938e+01 4.351200103759765625e+01 3.876200103759765625e+01
1.500000000000000000e+01 8.705357313156127930e-01 5.687400054931640625e+01 4.103599929809570312e+01 3.802500152587890625e+01
1.800000000000000000e+01 6.964285969734191895e-01 6.008499908447265625e+01 3.923799896240234375e+01 3.884999847412109375e+01
0.000000000000000000e+00 5.491071343421936035e-01 6.328400039672851562e+01 4.029800033569335938e+01 3.700000000000000000e+01
2.000000000000000000e+00 2.946428656578063965e-01 6.596600341796875000e+01 3.782500076293945312e+01 3.583800125122070312e+01
3.000000000000000000e+00 2.901785671710968018e-01 6.438400268554687500e+01 3.450299835205078125e+01 3.694400024414062500e+01
1.700000000000000000e+01 1.026785746216773987e-01 6.643099975585937500e+01 3.251599884033203125e+01 3.435100173950195312e+01
9.000000000000000000e+00 6.250000000000000000e-02 6.927200317382812500e+01 3.510200119018554688e+01 3.434799957275390625e+01
1.600000000000000000e+01 7.142857462167739868e-02 6.951300048828125000e+01 3.854100036621093750e+01 3.259299850463867188e+01
1.000000000000000000e+00 2.098214328289031982e-01 6.695700073242187500e+01 3.943500137329101562e+01 2.998999977111816406e+01
1.000000000000000000e+00 2.723214328289031982e-01 6.605100250244140625e+01 4.283700180053710938e+01 2.837599945068359375e+01
2.000000000000000000e+01 5.446428656578063965e-01 6.252799987792968750e+01 4.363000106811523438e+01 2.939999961853027344e+01
1.800000000000000000e+01 6.473214030265808105e-01 6.000500106811523438e+01 4.591600036621093750e+01 2.757699966430664062e+01
1.100000000000000000e+01 8.214285969734191895e-01 5.654700088500976562e+01 4.642100143432617188e+01 2.901899909973144531e+01
0.000000000000000000e+00 8.080357313156127930e-01 5.393600082397460938e+01 4.775999832153320312e+01 2.660099983215332031e+01
0.000000000000000000e+00 9.151785969734191895e-01 5.043700027465820312e+01 4.878499984741210938e+01 2.806200027465820312e+01
1.200000000000000000e+01 8.571428656578063965e-01 4.742599868774414062e+01 4.937500000000000000e+01 2.575799942016601562e+01
1.200000000000000000e+01 8.482142686843872070e-01 4.451399993896484375e+01 5.149100112915039062e+01 2.725200080871582031e+01
1.700000000000000000e+01 7.589285969734191895e-01 4.079299926757812500e+01 5.220100021362304688e+01 2.693099975585937500e+01
1.600000000000000000e+01 7.276785969734191895e-01 3.801399993896484375e+01 5.312900161743164062e+01 2.949699974060058594e+01
2.000000000000000000e+01 7.857142686843872070e-01 3.683399963378906250e+01 4.959600067138671875e+01 2.999799919128417969e+01
1.700000000000000000e+01 8.660714030265808105e-01 3.982699966430664062e+01 4.749000167846679688e+01 2.869499969482421875e+01
2.000000000000000000e+01 9.419642686843872070e-01 4.359299850463867188e+01 4.733499908447265625e+01 2.884399986267089844e+01
1.700000000000000000e+01 9.375000000000000000e-01 4.621200180053710938e+01 4.502399826049804688e+01 2.759099960327148438e+01
1.800000000000000000e+01 9.687500000000000000e-01 4.964899826049804688e+01 4.466199874877929688e+01 2.912500000000000000e+01
1.800000000000000000e+01 8.794642686843872070e-01 5.250000000000000000e+01 4.243799972534179688e+01 2.776499938964843750e+01
0.000000000000000000e+00 7.991071343421936035e-01 5.614799880981445312e+01 4.198300170898437500e+01 2.836499977111816406e+01
2.200000000000000000e+01 6.071428656578063965e-01 5.854999923706054688e+01 4.168600082397460938e+01 2.536700057983398438e+01
2.200000000000000000e+01 4.375000000000000000e-01 6.183499908447265625e+01 4.015299987792968750e+01 2.624900054931640625e+01
1.800000000000000000e+01 1.562500000000000000e-01 6.530000305175781250e+01 3.974100112915039062e+01 2.444799995422363281e+01
2.000000000000000000e+00 4.017857089638710022e-02 6.871700286865234375e+01 3.832899856567382812e+01 2.544700050354003906e+01
1.600000000000000000e+01 1.339285727590322495e-02 7.162400054931640625e+01 4.070800018310546875e+01 2.613699913024902344e+01
