5.000000000000000000e+00 1.160714253783226013e-01 2.605100059509277344e+01 3.886700057983398438e+01 4.271699905395507812e+01
1.600000000000000000e+01 2.723214328289031982e-01 2.748800086975097656e+01 4.238800048828125000e+01 4.166899871826171875e+01
1.200000000000000000e+01 5.178571343421936035e-01 3.109799957275390625e+01 4.138999938964843750e+01 4.120600128173828125e+01
1.400000000000000000e+01 5.357142686843872070e-01 3.164699935913085938e+01 3.857099914550781250e+01 3.874800109863281250e+01
2.200000000000000000e+01 7.053571343421936035e-01 3.514099884033203125e+01 3.746200180053710938e+01 3.793899917602539062e+01
1.300000000000000000e+01 6.651785969734191895e-01 3.582799911499023438e+01 3.538299942016601562e+01 3.472900009155273438e+01
2.200000000000000000e+01 7.276785969734191895e-01 3.938499832153320312e+01 3.397200012207031250e+01 3.382600021362304688e+01
1.200000000000000000e+01 6.562500000000000000e-01 4.039599990844726562e+01 3.249399948120117188e+01 3.043199920654296875e+01
3.000000000000000000e+00 5.982142686843872070e-01 4.355099868774414062e+01 3.092900085449218750e+01 2.880400085449218750e+01
0.000000000000000000e+00 6.250000000000000000e-01 4.486299896240234375e+01 3.295999908447265625e+01 2.591600036621093750e+01
2.200000000000000000e+01 4.017857015132904053e-01 4.731299972534179688e+01 3.024900054931640625e+01 2.466799926757812500e+01
1.000000000000000000e+00 2.276785671710968018e-01 4.484799957275390625e+01 2.733900070190429688e+01 2.466399955749511719e+01
9.000000000000000000e+00 2.589285671710968018e-01 4.161700057983398438e+01 2.924900054931640625e+01 2.393700027465820312e+01
1.700000000000000000e+01 2.633928656578063965e-01 3.988899993896484375e+01 2.795599937438964844e+01 2.700200080871582031e+01
1.600000000000000000e+01 3.482142984867095947e-01 3.863499832153320312e+01 2.866200065612792969e+01 3.044799995422363281e+01
0.000000000000000000e+00 5.044642686843872070e-01 4.125699996948242188e+01 2.878899955749511719e+01 3.330899810791015625e+01
1.100000000000000000e+01 3.169642984867095947e-01 4.009600067138671875e+01 2.661599922180175781e+01 3.622299957275390625e+01
2.000000000000000000e+00 3.348214328289031982e-01 4.101100158691406250e+01 2.696599960327148438e+01 3.991699981689453125e+01
2.200000000000000000e+01 6.428571343421936035e-01 4.299000167846679688e+01 3.020700073242187500e+01 3.931299972534179688e+01
0.000000000000000000e+00 6.473214030265808105e-01 4.248699951171875000e+01 3.184199905395507812e+01 4.274300003051757812e+01
1.400000000000000000e+01 7.633928656578063965e-01 4.189099884033203125e+01 3.550400161743164062e+01 4.353799819946289062e+01
2.200000000000000000e+01 7.410714030265808105e-01 3.938000106811523438e+01 4.115599822998046875e+01 4.638399887084960938e+01
1.500000000000000000e+01 7.008928656578063965e-01 4.016699981689453125e+01 4.424000167846679688e+01 4.854299926757812500e+01
1.000000000000000000e+00 6.026785969734191895e-01 3.827600097656250000e+01 4.748799896240234375e+01 4.943500137329101562e+01
1.300000000000000000e+01 5.089285969734191895e-01 3.950500106811523438e+01 5.097100067138671875e+01 5.049100112915039062e+01
0.000000000000000000e+00 2.366071492433547974e-01 3.903699874877929688e+01 5.228200149536132812e+01 5.395600128173828125e+01
0.000000000000000000e+00 8.482142537832260132e-02 3.830899810791015625e+01 5.596599960327148438e+01 5.483499908447265625e+01
3.000000000000000000e+00 1.071428582072257996e-01 4.206100082397460938e+01 5.697200012207031250e+01 5.501499938964843750e+01
3.000000000000000000e+00 3.571428656578063965e-01 4.275500106811523438e+01 5.514400100708007812e+01 5.171599960327148438e+01
1.800000000000000000e+01 3.973214328289031982e-01 4.406299972534179688e+01 5.182899856567382812e+01 5.330799865722656250e+01
1.900000000000000000e+01 6.071428656578063965e-01 4.337799835205078125e+01 4.858900070190429688e+01 5.142300033569335938e+01
7.000000000000000000e+00 4.062500000000000000e-01 4.116699981689453125e+01 4.618700027465820312e+01 5.366199874877929688e+01
1.600000000000000000e+01 4.821428656578063965e-01 4.067499923706054688e+01 4.253699874877929688e+01 5.247600173950195312e+01
1.500000000000000000e+01 4.375000000000000000e-01 3.722399902343750000e+01 4.173699951171875000e+01 5.125999832153320312e+01
0.000000000000000000e+00 4.508928656578063965e-01 3.647800064086914062e+01 3.843399810791015625e+01 4.948699951171875000e+01
1.700000000000000000e+01 4.955357015132904053e-01 3.830199813842773438e+01 3.534999847412109375e+01 4.800299835205078125e+01
9.000000000000000000e+00 4.642857015132904053e-01 3.745199966430664062e+01 3.267599868774414062e+01 4.542599868774414062e+01
1.300000000000000000e+01 4.732142984867095947e-01 3.879399871826171875e+01 3.045499992370605469e+01 4.268399810791015625e+01
1.800000000000000000e+01 4.285714328289031982e-01 3.750099945068359375e+01 2.952000045776367188e+01 3.918700027465820312e+01
1.700000000000000000e+01 1.651785671710968018e-01 3.468700027465820312e+01 2.706599998474121094e+01 3.865800094604492188e+01
7.000000000000000000e+00 6.696428358554840088e-02 3.409999847412109375e+01 2.466300010681152344e+01 3.568299865722656250e+01
1.700000000000000000e+01 1.294642835855484009e-01 3.313700103759765625e+01 2.729299926757812500e+01 3.300999832153320312e+01
9.000000000000000000e+00 3.750000000000000000e-01 3.590999984741210938e+01 2.981900024414062500e+01 3.398400115966796875e+01
7.000000000000000000e+00 3.839285671710968018e-01 3.356200027465820312e+01 3.177099990844726562e+01 3.613700103759765625e+01
1.200000000000000000e+01 3.928571343421936035e-01 3.342800140380859375e+01 3.266400146484375000e+01 3.983200073242187500e+01
9.000000000000000000e+00 1.205357164144515991e-01 2.890800094604492188e+01 3.431200027465820312e+01 4.486000061035156250e+01
1.200000000000000000e+01 2.946428656578063965e-01 3.176600074768066406e+01 3.659199905395507812e+01 4.582500076293945312e+01
1.800000000000000000e+01 1.830357164144515991e-01 2.975499916076660156e+01 3.901699829101562500e+01 4.776800155639648438e+01
1.800000000000000000e+01 5.357142910361289978e-02 2.620700073242187500e+01 4.053900146484375000e+01 4.804399871826171875e+01
7.000000000000000000e+00 3.571428731083869934e-02 2.460300064086914062e+01 4.395700073242187500e+01 4.700199890136718750e+01
7.000000000000000000e+00 8.928571827709674835e-03 2.405500030517578125e+01 4.457199859619140625e+01 5.062599945068359375e+01
7.000000000000000000e+00 4.464285820722579956e-02 2.782200050354003906e+01 4.424100112915039062e+01 5.152899932861328125e+01
1.500000000000000000e+01 2.053571492433547974e-01 2.921100044250488281e+01 4.539199829101562500e+01 4.802999877929687500e+01
2.200000000000000000e+01 1.428571492433547974e-01 2.864999961853027344e+01 4.919100189208984375e+01 4.841500091552734375e+01
7.000000000000000000e+00 1.785714328289031982e-01 2.983900070190429688e+01 5.257699966430664062e+01 4.697700119018554688e+01
9.000000000000000000e+00 3.526785671710968018e-01 3.379100036621093750e+01 5.324200057983398438e+01 4.707199859619140625e+01
1.100000000000000000e+01 6.517857313156127930e-01 3.702299880981445312e+01 5.182899856567382812e+01 4.542699813842773438e+01
2.000000000000000000e+01 7.589285969734191895e-01 3.791699981689453125e+01 4.811299896240234375e+01 4.503699874877929688e+01
1.300000000000000000e+01 8.928571343421936035e-01 4.084899902343750000e+01 4.619100189208984375e+01 4.379199981689453125e+01
2.200000000000000000e+01 9.241071343421936035e-01 4.104299926757812500e+01 4.258100128173828125e+01 4.261299896240234375e+01
7.000000000000000000e+00 9.330357313156127930e-01 4.425600051879882812e+01 4.058300018310546875e+01 4.279100036621093750e+01
1.100000000000000000e+01 9.107142686843872070e-01 4.447299957275390625e+01 3.726200103759765625e+01 4.106700134277343750e+01
3.000000000000000000e+00 8.258928656578063965e-01 4.723300170898437500e+01 3.460699844360351562e+01 4.168099975585937500e+01
1.800000000000000000e+01 8.303571343421936035e-01 4.826599884033203125e+01 3.345999908447265625e+01 3.816099929809570312e+01
1.300000000000000000e+01 7.232142686843872070e-01 5.186700057983398438e+01 3.238600158691406250e+01 3.913199996948242188e+01
1.700000000000000000e+01 5.580357313156127930e-01 5.036299896240234375e+01 2.921199989318847656e+01 4.058900070190429688e+01
2.000000000000000000e+01 5.669642686843872070e-01 4.849100112915039062e+01 2.844000053405761719e+01 3.732400131225585938e+01
1.900000000000000000e+01 5.491071343421936035e-01 5.155699920654296875e+01 2.883300018310546875e+01 3.497399902343750000e+01
1.300000000000000000e+01 3.392857015132904053e-01 5.388399887084960938e+01 2.687299919128417969e+01 3.734700012207031250e+01
0.000000000000000000e+00 2.142857164144515991e-01 5.135400009155273438e+01 2.405900001525878906e+01 3.780699920654296875e+01
1.200000000000000000e+01 1.875000000000000000e-01 5.140800094604492188e+01 2.371999931335449219e+01 3.400000000000000000e+01
9.000000000000000000e+00 1.116071417927742004e-01 5.514199829101562500e+01 2.352300071716308594e+01 3.457799911499023438e+01
1.100000000000000000e+01 2.857142984867095947e-01 5.568600082397460938e+01 2.680400085449218750e+01 3.269100189208984375e+01
1.700000000000000000e+01 4.151785671710968018e-01 5.761199951171875000e+01 2.985000038146972656e+01 3.369699859619140625e+01
1.600000000000000000e+01 6.830357313156127930e-01 5.534799957275390625e+01 3.302099990844726562e+01 3.417300033569335938e+01
1.500000000000000000e+01 7.812500000000000000e-01 5.658200073242187500e+01 3.661299896240234375e+01 3.424300003051757812e+01
7.000000000000000000e+00 8.750000000000000000e-01 5.340999984741210938e+01 3.748699951171875000e+01 3.981399917602539062e+01
0.000000000000000000e+00 9.732142686843872070e-01 4.684400177001953125e+01 3.974800109863281250e+01 3.743600082397460938e+01
7.000000000000000000e+00 9.955357313156127930e-01 4.527999877929687500e+01 4.285800170898437500e+01 3.875600051879882812e+01
2.200000000000000000e+01 9.776785969734191895e-01 4.232899856567382812e+01 4.527099990844726562e+01 3.806000137329101562e+01
2.200000000000000000e+01 9.553571343421936035e-01 4.140800094604492188e+01 4.840200042724609375e+01 4.013100051879882812e+01
1.500000000000000000e+01 8.571428656578063965e-01 3.806999969482421875e+01 5.025999832153320312e+01 3.992300033569335938e+01
1.800000000000000000e+01 6.607142686843872070e-01 3.547999954223632812e+01 5.242699813842773438e+01 4.168999862670898438e+01
0.000000000000000000e+00 5.312500000000000000e-01 3.220100021362304688e+01 5.037699890136718750e+01 4.209299850463867188e+01
2.000000000000000000e+00 2.678571343421936035e-01 2.874200057983398438e+01 5.203900146484375000e+01 4.208000183105468750e+01
3.000000000000000000e+00 2.410714328289031982e-01 2.998299980163574219e+01 5.563199996948242188e+01 4.122999954223632812e+01
1.700000000000000000e+01 7.589285820722579956e-02 2.687199974060058594e+01 5.704899978637695312e+01 3.948799896240234375e+01
9.000000000000000000e+00 3.125000000000000000e-02 2.449900054931640625e+01 5.461600112915039062e+01 4.111000061035156250e+01
1.600000000000000000e+01 5.803571268916130066e-02 2.428499984741210938e+01 5.074300003051757812e+01 4.177000045776367188e+01
1.000000000000000000e+00 1.741071492433547974e-01 2.577899932861328125e+01 4.862599945068359375e+01 3.902899932861328125e+01
1.000000000000000000e+00 2.767857015132904053e-01 2.674399948120117188e+01 4.501699829101562500e+01 3.833599853515625000e+01
2.000000000000000000e+01 5.401785969734191895e-01 3.022400093078613281e+01 4.426800155639648438e+01 3.695700073242187500e+01
1.800000000000000000e+01 6.116071343421936035e-01 3.158900070190429688e+01 4.125000000000000000e+01 3.504800033569335938e+01
1.100000000000000000e+01 8.035714030265808105e-01 3.544499969482421875e+01 4.125699996948242188e+01 3.497499847412109375e+01
0.000000000000000000e+00 8.169642686843872070e-01 3.734199905395507812e+01 3.906800079345703125e+01 3.259400177001953125e+01
0.000000000000000000e+00 9.196428656578063965e-01 4.115900039672851562e+01 3.840900039672851562e+01 3.296900177001953125e+01
1.200000000000000000e+01 8.526785969734191895e-01 4.267300033569335938e+01 3.677500152587890625e+01 2.985199928283691406e+01
1.200000000000000000e+01 8.392857313156127930e-01 4.591500091552734375e+01 3.500899887084960938e+01 3.063500022888183594e+01
1.700000000000000000e+01 7.678571343421936035e-01 4.926300048828125000e+01 3.428200149536132812e+01 2.880900001525878906e+01
1.600000000000000000e+01 7.142857313156127930e-01 5.278599929809570312e+01 3.364699935913085938e+01 3.030699920654296875e+01
2.000000000000000000e+01 7.901785969734191895e-01 5.423600006103515625e+01 3.709400177001953125e+01 2.929899978637695312e+01
1.700000000000000000e+01 9.017857313156127930e-01 5.081600189208984375e+01 3.895899963378906250e+01 2.921100044250488281e+01
2.000000000000000000e+01 9.508928656578063965e-01 4.736199951171875000e+01 3.964899826049804688e+01 3.032799911499023438e+01
1.700000000000000000e+01 9.375000000000000000e-01 4.429700088500976562e+01 4.152399826049804688e+01 2.904899978637695312e+01
1.800000000000000000e+01 9.598214030265808105e-01 4.154199981689453125e+01 4.262799835205078125e+01 3.151300048828125000e+01
1.800000000000000000e+01 8.616071343421936035e-01 3.805899810791015625e+01 4.363700103759765625e+01 3.044300079345703125e+01
0.000000000000000000e+00 7.946428656578063965e-01 3.513399887084960938e+01 4.506800079345703125e+01 3.236700057983398438e+01
2.200000000000000000e+01 5.937500000000000000e-01 3.150200080871582031e+01 4.483100128173828125e+01 3.146699905395507812e+01
2.200000000000000000e+01 4.553571343421936035e-01 2.920499992370605469e+01 4.738600158691406250e+01 3.319900131225585938e+01
1.800000000000000000e+01 1.919642835855484009e-01 2.561000061035156250e+01 4.584099960327148438e+01 3.350899887084960938e+01
2.000000000000000000e+00 4.910714179277420044e-02 2.285899925231933594e+01 4.843500137329101562e+01 3.437900161743164062e+01
1.600000000000000000e+01 4.464285913854837418e-03 1.987899971008300781e+01 4.707400131225585938e+01 3.650899887084960938e+01
5.000000000000000000e+00 1.250000000000000000e-01 6.778700256347656250e+01 4.945500183105468750e+01 2.757999992370605469e+01
1.600000000000000000e+01 2.187500000000000000e-01 6.761000061035156250e+01 4.698400115966796875e+01 3.050000000000000000e+01
1.200000000000000000e+01 4.776785671710968018e-01 6.409799957275390625e+01 4.793500137329101562e+01 3.147200012207031250e+01
1.400000000000000000e+01 5.267857313156127930e-01 6.177700042724609375e+01 5.023699951171875000e+01 2.922999954223632812e+01
2.200000000000000000e+01 7.098214030265808105e-01 5.799700164794921875e+01 5.113199996948242188e+01 2.951000022888183594e+01
1.300000000000000000e+01 6.741071343421936035e-01 5.588000106811523438e+01 5.193299865722656250e+01 2.633900070190429688e+01
2.200000000000000000e+01 7.321428656578063965e-01 5.236299896240234375e+01 5.309999847412109375e+01 2.647299957275390625e+01
1.200000000000000000e+01 6.696428656578063965e-01 4.981800079345703125e+01 5.280300140380859375e+01 2.370899963378906250e+01
3.000000000000000000e+00 6.160714030265808105e-01 4.642699813842773438e+01 5.461100006103515625e+01 2.336400032043457031e+01
0.000000000000000000e+00 5.848214030265808105e-01 4.364599990844726562e+01 5.239599990844726562e+01 2.191300010681152344e+01
2.200000000000000000e+01 4.330357015132904053e-01 4.105899810791015625e+01 5.523099899291992188e+01 2.200000000000000000e+01
1.000000000000000000e+00 2.232142835855484009e-01 4.303599929809570312e+01 5.727899932861328125e+01 1.937899971008300781e+01
9.000000000000000000e+00 2.455357164144515991e-01 4.488000106811523438e+01 5.425000000000000000e+01 1.776799964904785156e+01
1.700000000000000000e+01 2.544642984867095947e-01 4.847999954223632812e+01 5.534199905395507812e+01 1.827499961853027344e+01
1.600000000000000000e+01 3.616071343421936035e-01 5.119800186157226562e+01 5.600799942016601562e+01 2.096199989318847656e+01
0.000000000000000000e+00 5.000000000000000000e-01 5.021300125122070312e+01 5.761399841308593750e+01 2.433699989318847656e+01
1.100000000000000000e+01 3.125000000000000000e-01 5.197100067138671875e+01 6.086100006103515625e+01 2.536100006103515625e+01
2.000000000000000000e+00 3.303571343421936035e-01 5.224200057983398438e+01 6.231999969482421875e+01 2.876600074768066406e+01
2.200000000000000000e+01 6.339285969734191895e-01 5.130300140380859375e+01 5.922000122070312500e+01 3.076399993896484375e+01
0.000000000000000000e+00 6.383928656578063965e-01 5.268600082397460938e+01 5.954899978637695312e+01 3.433499908447265625e+01
1.400000000000000000e+01 7.500000000000000000e-01 5.411700057983398438e+01 5.642499923706054688e+01 3.586399841308593750e+01
2.200000000000000000e+01 7.187500000000000000e-01 5.862799835205078125e+01 5.225999832153320312e+01 3.892399978637695312e+01
1.500000000000000000e+01 6.964285969734191895e-01 5.893199920654296875e+01 5.028799819946289062e+01 4.234600067138671875e+01
1.000000000000000000e+00 5.803571343421936035e-01 6.143999862670898438e+01 4.764300155639648438e+01 4.364300155639648438e+01
1.300000000000000000e+01 5.625000000000000000e-01 6.038600158691406250e+01 4.513100051879882812e+01 4.624800109863281250e+01
0.000000000000000000e+00 2.812500000000000000e-01 6.263700103759765625e+01 4.511299896240234375e+01 4.935599899291992188e+01
0.000000000000000000e+00 1.026785746216773987e-01 6.396400070190429688e+01 4.247999954223632812e+01 5.158700180053710938e+01
3.000000000000000000e+00 8.928571641445159912e-02 6.159799957275390625e+01 4.330199813842773438e+01 5.427399826049804688e+01
3.000000000000000000e+00 3.214285671710968018e-01 5.890399932861328125e+01 4.307500076293945312e+01 5.166099929809570312e+01
1.800000000000000000e+01 3.660714328289031982e-01 5.840299987792968750e+01 4.693399810791015625e+01 5.137200164794921875e+01
1.900000000000000000e+01 5.892857313156127930e-01 5.777999877929687500e+01 4.847800064086914062e+01 4.794699859619140625e+01
7.000000000000000000e+00 4.464285671710968018e-01 6.030099868774414062e+01 5.126300048828125000e+01 4.720999908447265625e+01
1.600000000000000000e+01 5.133928656578063965e-01 5.950999832153320312e+01 5.375999832153320312e+01 4.437200164794921875e+01
1.500000000000000000e+01 3.258928656578063965e-01 6.285900115966796875e+01 5.454800033569335938e+01 4.266500091552734375e+01
0.000000000000000000e+00 3.883928656578063965e-01 6.216199874877929688e+01 5.603400039672851562e+01 3.914899826049804688e+01
1.700000000000000000e+01 4.910714328289031982e-01 5.918399810791015625e+01 5.790800094604492188e+01 3.771099853515625000e+01
9.000000000000000000e+00 3.705357015132904053e-01 5.859700012207031250e+01 6.006800079345703125e+01 3.466299819946289062e+01
1.300000000000000000e+01 4.598214328289031982e-01 5.601100158691406250e+01 6.042200088500976562e+01 3.193400001525878906e+01
1.800000000000000000e+01 4.241071343421936035e-01 5.584299850463867188e+01 5.928200149536132812e+01 2.823900032043457031e+01
1.700000000000000000e+01 1.696428507566452026e-01 5.736299896240234375e+01 6.104499816894531250e+01 2.524799919128417969e+01
7.000000000000000000e+00 8.035714179277420044e-02 5.587699890136718750e+01 6.176300048828125000e+01 2.176600074768066406e+01
1.700000000000000000e+01 1.562500000000000000e-01 5.688000106811523438e+01 5.826399993896484375e+01 2.076799964904785156e+01
9.000000000000000000e+00 3.794642984867095947e-01 5.485200119018554688e+01 5.713800048828125000e+01 2.375200080871582031e+01
7.000000000000000000e+00 4.107142984867095947e-01 5.790499877929687500e+01 5.583100128173828125e+01 2.551700019836425781e+01
1.200000000000000000e+01 4.196428656578063965e-01 5.981000137329101562e+01 5.630699920654296875e+01 2.878700065612792969e+01
9.000000000000000000e+00 1.517857164144515991e-01 6.615899658203125000e+01 5.621699905395507812e+01 3.166500091552734375e+01
1.200000000000000000e+01 3.080357015132904053e-01 6.465599822998046875e+01 5.400600051879882812e+01 3.444800186157226562e+01
1.800000000000000000e+01 1.607142835855484009e-01 6.795200347900390625e+01 5.237699890136718750e+01 3.532300186157226562e+01
1.800000000000000000e+01 2.678571455180644989e-02 7.133300018310546875e+01 5.180799865722656250e+01 3.358700180053710938e+01
7.000000000000000000e+00 2.232142910361289978e-02 7.266999816894531250e+01 4.845600128173828125e+01 3.225400161743164062e+01
7.000000000000000000e+00 0.000000000000000000e+00 7.519799804687500000e+01 4.763199996948242188e+01 3.502399826049804688e+01
7.000000000000000000e+00 1.785714365541934967e-02 7.290399932861328125e+01 4.913000106811523438e+01 3.776800155639648438e+01
1.500000000000000000e+01 9.821428358554840088e-02 7.009500122070312500e+01 4.665999984741210938e+01 3.679199981689453125e+01
2.200000000000000000e+01 1.339285671710968018e-01 6.963200378417968750e+01 4.377000045776367188e+01 3.919599914550781250e+01
7.000000000000000000e+00 2.321428507566452026e-01 6.744599914550781250e+01 4.079899978637695312e+01 4.018399810791015625e+01
9.000000000000000000e+00 4.419642984867095947e-01 6.407900238037109375e+01 4.114899826049804688e+01 4.203499984741210938e+01
1.100000000000000000e+01 6.785714030265808105e-01 6.023199844360351562e+01 4.149900054931640625e+01 4.210900115966796875e+01
2.000000000000000000e+01 7.767857313156127930e-01 5.925799942016601562e+01 4.486399841308593750e+01 4.053499984741210938e+01
1.300000000000000000e+01 8.839285969734191895e-01 5.627700042724609375e+01 4.695600128173828125e+01 3.997999954223632812e+01
2.200000000000000000e+01 9.151785969734191895e-01 5.523699951171875000e+01 4.961299896240234375e+01 3.742399978637695312e+01
7.000000000000000000e+00 9.285714030265808105e-01 5.222100067138671875e+01 5.181200027465820312e+01 3.841500091552734375e+01
1.100000000000000000e+01 9.062500000000000000e-01 5.088800048828125000e+01 5.380599975585937500e+01 3.552399826049804688e+01
3.000000000000000000e+00 8.214285969734191895e-01 4.854600143432617188e+01 5.672700119018554688e+01 3.625400161743164062e+01
1.800000000000000000e+01 8.348214030265808105e-01 4.594200134277343750e+01 5.612900161743164062e+01 3.348400115966796875e+01
1.300000000000000000e+01 7.455357313156127930e-01 4.276800155639648438e+01 5.763800048828125000e+01 3.512799835205078125e+01
1.700000000000000000e+01 5.714285969734191895e-01 4.431800079345703125e+01 6.125400161743164062e+01 3.506200027465820312e+01
2.000000000000000000e+01 5.535714030265808105e-01 4.520299911499023438e+01 6.088199996948242188e+01 3.127199935913085938e+01
1.900000000000000000e+01 5.223214030265808105e-01 4.145700073242187500e+01 6.015900039672851562e+01 3.032999992370605469e+01
1.300000000000000000e+01 3.437500000000000000e-01 4.020999908447265625e+01 6.269100189208984375e+01 3.307799911499023438e+01
0.000000000000000000e+00 2.008928507566452026e-01 4.218999862670898438e+01 6.545300292968750000e+01 3.155200004577636719e+01
1.200000000000000000e+01 1.473214328289031982e-01 4.034400177001953125e+01 6.503900146484375000e+01 2.821400070190429688e+01
9.000000000000000000e+00 9.375000000000000000e-02 3.701100158691406250e+01 6.489700317382812500e+01 3.010300064086914062e+01
1.100000000000000000e+01 2.901785671710968018e-01 3.681800079345703125e+01 6.116199874877929688e+01 2.986700057983398438e+01
1.700000000000000000e+01 4.687500000000000000e-01 3.577899932861328125e+01 5.883700180053710938e+01 3.279999923706054688e+01
1.600000000000000000e+01 6.875000000000000000e-01 3.743199920654296875e+01 5.528900146484375000e+01 3.284899902343750000e+01
1.500000000000000000e+01 7.544642686843872070e-01 3.619900131225585938e+01 5.236999893188476562e+01 3.474599838256835938e+01
7.000000000000000000e+00 8.705357313156127930e-01 4.151499938964843750e+01 5.361600112915039062e+01 3.814699935913085938e+01
0.000000000000000000e+00 9.821428656578063965e-01 4.726699829101562500e+01 4.995299911499023438e+01 3.580599975585937500e+01
7.000000000000000000e+00 9.910714030265808105e-01 4.955099868774414062e+01 4.793000030517578125e+01 3.804800033569335938e+01
2.200000000000000000e+01 9.866071343421936035e-01 5.207500076293945312e+01 4.541600036621093750e+01 3.665399932861328125e+01
2.200000000000000000e+01 9.642857313156127930e-01 5.387900161743164062e+01 4.316899871826171875e+01 3.908800125122070312e+01
1.500000000000000000e+01 8.660714030265808105e-01 5.666999816894531250e+01 4.082699966430664062e+01 3.794800186157226562e+01
1.800000000000000000e+01 6.919642686843872070e-01 5.999200057983398438e+01 3.904199981689453125e+01 3.860900115966796875e+01
0.000000000000000000e+00 5.758928656578063965e-01 6.302700042724609375e+01 4.046599960327148438e+01 3.679499816894531250e+01
2.000000000000000000e+00 2.991071343421936035e-01 6.604599761962890625e+01 3.836800003051757812e+01 3.565399932861328125e+01
3.000000000000000000e+00 3.035714328289031982e-01 6.439800262451171875e+01 3.524399948120117188e+01 3.692900085449218750e+01
1.700000000000000000e+01 1.383928507566452026e-01 6.616100311279296875e+01 3.261899948120117188e+01 3.474700164794921875e+01
9.000000000000000000e+00 6.250000000000000000e-02 6.911499786376953125e+01 3.507199859619140625e+01 3.419599914550781250e+01
1.600000000000000000e+01 7.142857462167739868e-02 6.987999725341796875e+01 3.841999816894531250e+01 3.232199859619140625e+01
1.000000000000000000e+00 2.098214328289031982e-01 6.705699920654296875e+01 3.991099929809570312e+01 3.007399940490722656e+01
1.000000000000000000e+00 2.500000000000000000e-01 6.609700012207031250e+01 4.304800033569335938e+01 2.811300086975097656e+01
2.000000000000000000e+01 5.446428656578063965e-01 6.256800079345703125e+01 4.395600128173828125e+01 2.923900032043457031e+01
1.800000000000000000e+01 6.294642686843872070e-01 6.022299957275390625e+01 4.611800003051757812e+01 2.716799926757812500e+01
1.100000000000000000e+01 8.080357313156127930e-01 5.672100067138671875e+01 4.656700134277343750e+01 2.875099945068359375e+01
0.000000000000000000e+00 7.991071343421936035e-01 5.413100051879882812e+01 4.751800155639648438e+01 2.609799957275390625e+01
0.000000000000000000e+00 8.973214030265808105e-01 5.093199920654296875e+01 4.880300140380859375e+01 2.781599998474121094e+01
1.200000000000000000e+01 8.437500000000000000e-01 4.776699829101562500e+01 4.931499862670898438e+01 2.560799980163574219e+01
1.200000000000000000e+01 8.482142686843872070e-01 4.522299957275390625e+01 5.177700042724609375e+01 2.723600006103515625e+01
1.700000000000000000e+01 7.723214030265808105e-01 4.149200057983398438e+01 5.243999862670898438e+01 2.691799926757812500e+01
1.600000000000000000e+01 7.366071343421936035e-01 3.882500076293945312e+01 5.334299850463867188e+01 2.946299934387207031e+01
2.000000000000000000e+01 7.857142686843872070e-01 3.715900039672851562e+01 4.982400131225585938e+01 2.995499992370605469e+01
1.700000000000000000e+01 8.883928656578063965e-01 4.016299819946289062e+01 4.763999938964843750e+01 2.933200073242187500e+01
2.000000000000000000e+01 9.464285969734191895e-01 4.381200027465820312e+01 4.742900085449218750e+01 2.909300041198730469e+01
1.700000000000000000e+01 9.419642686843872070e-01 4.629600143432617188e+01 4.483800125122070312e+01 2.780200004577636719e+01
1.800000000000000000e+01 9.687500000000000000e-01 4.983499908447265625e+01 4.457199859619140625e+01 2.906999969482421875e+01
1.800000000000000000e+01 8.794642686843872070e-01 5.255300140380859375e+01 4.247600173950195312e+01 2.750900077819824219e+01
0.000000000000000000e+00 8.125000000000000000e-01 5.607899856567382812e+01 4.190599822998046875e+01 2.843000030517578125e+01
2.200000000000000000e+01 6.205357313156127930e-01 5.868199920654296875e+01 4.163700103759765625e+01 2.565800094604492188e+01
2.200000000000000000e+01 4.866071343421936035e-01 6.142499923706054688e+01 3.956800079345703125e+01 2.697999954223632812e+01
1.800000000000000000e+01 1.964285671710968018e-01 6.471800231933593750e+01 3.939400100708007812e+01 2.487899971008300781e+01
2.000000000000000000e+00 4.017857089638710022e-02 6.828700256347656250e+01 3.822600173950195312e+01 2.508799934387207031e+01
1.600000000000000000e+01 1.339285727590322495e-02 7.104799652099609375e+01 4.080899810791015625e+01 2.579100036621093750e+01
