1 1 14 0 0.02395209580838331 0 0 23.105 46.058 53.980
1 2 18 0 0.10778443113772451 0 0 24.309 42.679 52.609
1 3 7 0 0.3293413173652695 0 0 27.084 43.370 50.125
1 4 20 0 0.5808383233532934 0 0 27.992 40.900 47.442
1 5 13 0 0.7544910179640718 0 0 31.440 40.951 45.833
1 6 12 0 0.9221556886227544 0 0 30.758 39.348 42.430
1 7 22 0 0.9580838323353293 0 0 33.737 38.526 40.234
1 8 22 0 0.9880239520958084 0 0 33.606 38.343 36.485
1 9 22 0 0.9700598802395209 0 0 36.107 35.799 35.072
1 10 9 0 0.9281437125748503 0 0 36.947 34.784 31.536
1 11 0 0 0.7844311377245509 0 0 38.922 35.533 28.365
1 12 9 0 0.658682634730539 0 0 39.545 38.829 26.724
1 13 9 0 0.6047904191616766 0 0 36.607 38.912 24.337
1 14 22 0 0.8263473053892215 0 0 33.753 37.461 26.300
1 15 9 0 0.8562874251497006 0 0 32.065 40.674 27.584
1 16 13 0 0.9461077844311377 0 0 33.559 41.042 31.064
1 17 17 0 0.8323353293413174 0 0 32.831 44.772 31.230
1 18 0 0 0.8083832335329342 0 0 29.813 44.369 28.975
1 19 12 0 0.9101796407185628 0 0 27.639 42.663 31.578
1 20 18 0 0.8502994011976048 0 0 28.541 45.004 34.320
1 21 11 0 0.6287425149700598 0 0 27.964 48.141 32.302
1 22 6 0 0.5868263473053892 0 0 24.885 46.747 30.696
1 23 12 0 0.6646706586826348 0 0 23.296 45.970 34.115
1 24 11 0 0.5209580838323353 0 0 24.347 49.038 35.991
1 25 6 0 0.28742514970059885 0 0 24.515 51.989 33.562
1 26 2 0 0.26347305389221565 0 0 22.278 50.407 31.052
1 27 10 0 0.18562874251497008 0 0 24.106 51.016 27.701
1 28 15 0 0.3173652694610779 0 0 26.160 48.766 25.446
1 29 22 0 0.34730538922155685 0 0 29.700 49.749 25.912
1 30 3 0 0.13173652694610782 0 0 32.188 50.669 23.202
1 31 7 0 0.14371257485029942 0 0 34.996 51.452 25.616
1 32 20 0 0.31137724550898194 0 0 37.614 49.174 27.077
1 33 3 0 0.281437125748503 0 0 39.910 49.822 29.977
1 34 16 0 0.38323353293413165 0 0 41.560 47.877 32.729
1 35 18 0 0.45508982035928147 0 0 38.960 49.054 35.207
1 36 11 0 0.27544910179640725 0 0 41.456 49.649 37.913
1 37 7 0 0.08982035928143717 0 0 40.561 53.321 38.520
1 38 3 0 0.19760479041916168 0 0 36.756 52.958 38.569
1 39 17 0 0.39520958083832336 0 0 34.212 50.924 40.512
1 40 20 0 0.5329341317365269 0 0 30.687 49.726 39.920
1 41 1 0 0.4850299401197605 0 0 28.000 49.045 42.441
1 42 13 0 0.437125748502994 0 0 24.277 48.370 42.047
1 43 6 0 0.20359281437125742 0 0 21.260 48.355 44.401
1 44 22 0 0.2335329341317366 0 0 18.878 45.439 43.856
1 45 22 0 0.10179640718562877 0 0 15.870 43.803 45.435
1 46 11 0 0.21556886227544902 0 0 16.541 40.091 45.130
1 47 3 0 0.053892215568862256 0 0 13.888 37.780 46.489
1 48 9 0 0.0059880239520957446 0 0 12.114 40.554 48.331
1 49 7 0 0.029940119760479056 0 0 15.328 41.698 50.028
1 50 18 0 0.04790419161676651 0 0 17.306 44.826 49.377
1 51 5 0 0.14970059880239517 0 0 20.984 44.123 49.002
1 52 12 0 0.3532934131736526 0 0 23.986 45.567 47.262
1 53 12 0 0.592814371257485 0 0 25.976 44.206 44.400
1 54 3 0 0.6706586826347305 0 0 29.664 45.105 43.944
1 55 11 0 0.8622754491017964 0 0 30.766 43.914 40.546
1 56 12 0 0.874251497005988 0 0 34.492 43.193 40.162
1 57 3 0 0.8682634730538922 0 0 36.355 43.559 36.926
1 58 18 0 0.8383233532934131 0 0 39.134 41.287 35.872
1 59 0 0 0.6407185628742516 0 0 41.846 42.471 33.586
1 60 9 0 0.3892215568862275 0 0 45.453 42.139 32.421
1 61 6 0 0.2574850299401197 0 0 47.349 39.142 30.939
1 62 7 0 0.059880239520958 0 0 50.825 39.630 32.180
1 63 7 0 0.041916167664670656 0 0 52.565 37.381 34.641
1 64 20 0 0.0 0 0 54.422 40.375 35.972
1 65 17 0 0.0119760479041916 0 0 52.926 42.148 38.919
1 66 0 0 0.12574850299401197 0 0 49.605 40.560 38.360
1 67 14 0 0.33532934131736525 0 0 46.242 41.456 39.883
1 68 1 0 0.4970059880239521 0 0 45.019 37.915 39.376
1 69 3 0 0.4011976047904191 0 0 44.950 36.537 42.877
1 70 6 0 0.40718562874251496 0 0 43.541 39.800 44.332
1 71 20 0 0.688622754491018 0 0 40.345 39.376 42.415
1 72 14 0 0.6826347305389222 0 0 39.914 35.801 43.612
1 73 1 0 0.44311377245508976 0 0 40.663 36.675 47.212
1 74 18 0 0.5269461077844311 0 0 38.276 39.666 47.266
1 75 9 0 0.7724550898203593 0 0 35.548 37.817 45.505
1 76 7 0 0.7005988023952096 0 0 32.688 36.061 47.299
1 77 9 0 0.8802395209580838 0 0 31.249 34.388 44.247
1 78 15 0 0.9640718562874252 0 0 32.453 34.089 40.691
1 79 12 0 0.9940119760479041 0 0 30.750 34.663 37.372
1 80 5 0 0.9820359281437125 0 0 32.530 32.598 34.692
1 81 22 0 0.9760479041916168 0 0 31.855 34.153 31.372
1 82 15 0 0.8922155688622755 0 0 32.492 32.374 28.044
1 83 0 0 0.7485029940119761 0 0 31.519 33.444 24.539
1 84 11 0 0.5089820359281436 0 0 29.741 31.193 22.048
1 85 2 0 0.3053892215568862 0 0 31.936 32.178 19.206
1 86 2 0 0.3772455089820359 0 0 35.249 31.488 20.957
1 87 18 0 0.2934131736526946 0 0 36.492 27.976 21.689
1 88 13 0 0.37125748502994016 0 0 39.397 28.799 23.868
1 89 17 0 0.6467065868263473 0 0 37.226 31.016 25.967
1 90 15 0 0.6227544910179641 0 0 35.281 27.952 26.991
1 91 7 0 0.49101796407185627 0 0 38.291 25.985 27.989
1 92 3 0 0.6167664670658684 0 0 39.655 28.773 30.074
1 93 11 0 0.8143712574850299 0 0 36.909 28.386 32.647
1 94 10 0 0.562874251497006 0 0 38.625 25.158 33.676
1 95 10 0 0.5149700598802396 0 0 41.951 26.928 34.123
1 96 20 0 0.7365269461077844 0 0 40.361 29.674 36.123
1 97 1 0 0.7125748502994012 0 0 38.253 27.403 38.261
1 98 7 0 0.43113772455089827 0 0 41.512 25.866 39.520
1 99 6 0 0.5029940119760479 0 0 42.768 29.323 40.410
1 100 11 0 0.5988023952095809 0 0 39.895 30.284 42.561
1 101 13 0 0.4251497005988024 0 0 39.768 26.880 44.093
1 102 1 0 0.17365269461077848 0 0 43.318 27.067 45.343
1 103 22 0 0.24550898203592808 0 0 42.768 30.524 46.819
1 104 13 0 0.29940119760479034 0 0 39.556 29.664 48.601
1 105 3 0 0.09580838323353291 0 0 40.647 26.037 49.240
1 106 17 0 0.15568862275449102 0 0 37.416 24.430 48.165
1 107 7 0 0.25149700598802394 0 0 35.764 22.864 45.176
1 108 3 0 0.3652694610778443 0 0 32.468 24.177 46.375
1 109 22 0 0.5748502994011976 0 0 32.569 27.977 45.980
1 110 16 0 0.7784431137724551 0 0 29.748 29.919 44.436
1 111 14 0 0.8982035928143712 0 0 30.075 29.801 40.672
1 112 22 0 0.9401197604790419 0 0 27.992 30.237 37.574
1 113 12 0 0.9341317365269461 0 0 28.711 29.670 33.910
1 114 22 0 0.9520958083832335 0 0 27.616 32.434 31.626
1 115 9 0 0.844311377245509 0 0 27.311 32.003 27.892
1 116 2 0 0.8203592814371258 0 0 27.116 35.254 26.108
1 117 13 0 0.5568862275449102 0 0 26.837 36.520 22.527
1 118 5 0 0.4131736526946108 0 0 23.856 34.330 21.762
1 119 3 0 0.13772455089820357 0 0 22.159 36.652 19.216
1 120 12 0 0.07784431137724557 0 0 24.698 35.438 16.638
1 121 16 0 0.017964071856287345 0 0 23.574 32.696 14.212
1 122 17 0 0.03592814371257491 0 0 26.130 29.990 15.037
1 123 1 0 0.11976047904191622 0 0 27.297 28.373 18.230
1 124 18 0 0.08383233532934131 0 0 30.894 27.424 17.684
1 125 22 0 0.23952095808383234 0 0 31.264 26.404 21.320
1 126 3 0 0.11377245508982048 0 0 29.358 23.130 21.387
1 127 18 0 0.17964071856287422 0 0 26.367 23.295 23.663
1 128 13 0 0.0718562874251496 0 0 26.449 19.838 25.166
1 129 6 0 0.16766467065868274 0 0 29.994 20.540 26.332
1 130 0 0 0.46706586826347307 0 0 28.645 23.450 28.289
1 131 6 0 0.32335329341317365 0 0 26.008 21.332 29.919
1 132 3 0 0.16167664670658677 0 0 28.719 18.742 30.855
1 133 12 0 0.4610778443113772 0 0 30.670 21.677 32.307
1 134 0 0 0.5389221556886228 0 0 27.632 22.901 34.243
1 135 1 0 0.22754491017964074 0 0 27.149 19.356 35.406
1 136 17 0 0.221556886227545 0 0 30.713 18.760 36.543
1 137 20 0 0.47904191616766467 0 0 30.923 21.844 38.791
1 138 9 0 0.41916167664670656 0 0 27.226 21.864 39.941
1 139 11 0 0.6766467065868262 0 0 26.809 25.308 38.416
1 140 16 0 0.718562874251497 0 0 23.984 27.045 36.483
1 141 15 0 0.7664670658682635 0 0 24.429 27.752 32.803
1 142 11 0 0.8023952095808383 0 0 22.775 31.005 31.815
1 143 7 0 0.7065868263473054 0 0 22.621 32.189 28.248
1 144 18 0 0.7425149700598803 0 0 22.792 35.878 27.591
1 145 17 0 0.5449101796407185 0 0 22.805 38.236 24.619
1 146 0 0 0.6107784431137725 0 0 24.543 41.384 25.793
1 147 13 0 0.35928143712574856 0 0 23.413 43.426 22.794
1 148 18 0 0.19161676646706582 0 0 19.660 42.939 23.294
1 149 1 0 0.4491017964071856 0 0 20.100 42.502 27.054
1 150 6 0 0.4730538922155688 0 0 18.849 38.941 27.410
1 151 9 0 0.652694610778443 0 0 19.489 37.291 30.746
1 152 22 0 0.7964071856287425 0 0 21.824 39.874 32.000
1 153 3 0 0.7245508982035929 0 0 20.178 40.495 35.388
1 154 3 0 0.6946107784431137 0 0 19.102 36.863 35.650
1 155 0 0 0.9041916167664671 0 0 22.777 35.904 35.444
1 156 15 0 0.9161676646706587 0 0 23.847 38.324 38.210
1 157 20 0 0.7604790419161677 0 0 20.949 37.328 40.445
1 158 18 0 0.7904191616766467 0 0 21.651 33.636 39.898
1 159 12 0 0.8862275449101796 0 0 25.039 34.007 41.511
1 160 22 0 0.7305389221556886 0 0 23.556 35.997 44.373
1 161 1 0 0.5508982035928144 0 0 21.512 32.946 44.815
1 162 7 0 0.6347305389221557 0 0 24.566 30.657 44.837
1 163 11 0 0.5688622754491017 0 0 26.099 32.780 47.617
1 164 1 0 0.3413173652694611 0 0 22.877 32.806 49.589
1 165 13 0 0.20958083832335328 0 0 22.520 29.082 49.403
1 166 10 0 0.2694610778443114 0 0 26.186 28.539 50.078
1 167 13 0 0.06586826347305386 0 0 27.255 28.223 53.670
