5.000000000000000000e+00 1.428571492433547974e-01 2.624600028991699219e+01 3.798600006103515625e+01 4.077500152587890625e+01
1.600000000000000000e+01 2.276785671710968018e-01 2.700300025939941406e+01 4.170600128173828125e+01 4.142399978637695312e+01
1.200000000000000000e+01 5.000000000000000000e-01 3.066799926757812500e+01 4.105199813842773438e+01 4.088999938964843750e+01
1.400000000000000000e+01 5.535714030265808105e-01 3.191399955749511719e+01 3.836899948120117188e+01 3.843700027465820312e+01
2.200000000000000000e+01 7.232142686843872070e-01 3.551699829101562500e+01 3.781999969482421875e+01 3.739799880981445312e+01
1.300000000000000000e+01 6.964285969734191895e-01 3.622900009155273438e+01 3.547100067138671875e+01 3.439199829101562500e+01
2.200000000000000000e+01 7.500000000000000000e-01 3.979600143432617188e+01 3.430300140380859375e+01 3.381200027465820312e+01
1.200000000000000000e+01 6.696428656578063965e-01 4.093899917602539062e+01 3.246300125122070312e+01 3.063999938964843750e+01
3.000000000000000000e+00 6.116071343421936035e-01 4.428599929809570312e+01 3.087599945068359375e+01 2.928199958801269531e+01
0.000000000000000000e+00 5.625000000000000000e-01 4.525899887084960938e+01 3.206200027465820312e+01 2.591200065612792969e+01
2.200000000000000000e+01 3.437500000000000000e-01 4.775199890136718750e+01 2.920400047302246094e+01 2.506699943542480469e+01
1.000000000000000000e+00 2.053571492433547974e-01 4.486899948120117188e+01 2.658600044250488281e+01 2.529999923706054688e+01
9.000000000000000000e+00 2.767857015132904053e-01 4.203200149536132812e+01 2.899600028991699219e+01 2.431399917602539062e+01
1.700000000000000000e+01 2.723214328289031982e-01 4.006700134277343750e+01 2.788100051879882812e+01 2.723500061035156250e+01
1.600000000000000000e+01 3.928571343421936035e-01 3.897100067138671875e+01 2.903000068664550781e+01 3.074399948120117188e+01
0.000000000000000000e+00 5.312500000000000000e-01 4.154899978637695312e+01 2.893400001525878906e+01 3.355099868774414062e+01
1.100000000000000000e+01 3.258928656578063965e-01 4.073600006103515625e+01 2.665399932861328125e+01 3.647900009155273438e+01
2.000000000000000000e+00 3.705357015132904053e-01 4.139300155639648438e+01 2.738100051879882812e+01 4.011199951171875000e+01
2.200000000000000000e+01 6.562500000000000000e-01 4.312799835205078125e+01 3.082200050354003906e+01 3.970100021362304688e+01
0.000000000000000000e+00 6.651785969734191895e-01 4.340399932861328125e+01 3.227899932861328125e+01 4.337699890136718750e+01
1.400000000000000000e+01 7.723214030265808105e-01 4.198099899291992188e+01 3.583599853515625000e+01 4.388800048828125000e+01
2.200000000000000000e+01 7.098214030265808105e-01 3.881100082397460938e+01 4.113000106811523438e+01 4.665499877929687500e+01
1.500000000000000000e+01 6.785714030265808105e-01 3.952700042724609375e+01 4.395700073242187500e+01 4.903799819946289062e+01
1.000000000000000000e+00 5.491071343421936035e-01 3.725000000000000000e+01 4.696099853515625000e+01 4.968000030517578125e+01
1.300000000000000000e+01 5.223214030265808105e-01 3.880500030517578125e+01 5.048199844360351562e+01 5.045600128173828125e+01
0.000000000000000000e+00 2.455357164144515991e-01 3.836999893188476562e+01 5.147100067138671875e+01 5.414899826049804688e+01
0.000000000000000000e+00 8.482142537832260132e-02 3.747000122070312500e+01 5.487200164794921875e+01 5.551200103759765625e+01
3.000000000000000000e+00 8.035714179277420044e-02 4.103400039672851562e+01 5.536600112915039062e+01 5.677099990844726562e+01
3.000000000000000000e+00 2.946428656578063965e-01 4.207099914550781250e+01 5.486299896240234375e+01 5.305899810791015625e+01
1.800000000000000000e+01 3.794642984867095947e-01 4.336800003051757812e+01 5.130300140380859375e+01 5.374700164794921875e+01
1.900000000000000000e+01 5.714285969734191895e-01 4.264400100708007812e+01 4.795399856567382812e+01 5.194400024414062500e+01
7.000000000000000000e+00 3.571428656578063965e-01 4.017200088500976562e+01 4.580400085449218750e+01 5.406499862670898438e+01
1.600000000000000000e+01 4.017857015132904053e-01 3.931900024414062500e+01 4.219400024414062500e+01 5.289199829101562500e+01
1.500000000000000000e+01 3.660714328289031982e-01 3.590800094604492188e+01 4.165700149536132812e+01 5.120700073242187500e+01
0.000000000000000000e+00 3.750000000000000000e-01 3.563000106811523438e+01 3.814699935913085938e+01 4.958499908447265625e+01
1.700000000000000000e+01 5.089285969734191895e-01 3.782799911499023438e+01 3.561600112915039062e+01 4.766999816894531250e+01
9.000000000000000000e+00 4.241071343421936035e-01 3.792699813842773438e+01 3.233000183105468750e+01 4.588899993896484375e+01
1.300000000000000000e+01 4.732142984867095947e-01 3.965900039672851562e+01 3.029899978637695312e+01 4.325799942016601562e+01
1.800000000000000000e+01 4.866071343421936035e-01 3.821900177001953125e+01 2.997999954223632812e+01 3.968999862670898438e+01
1.700000000000000000e+01 2.187500000000000000e-01 3.547800064086914062e+01 2.750399971008300781e+01 3.883300018310546875e+01
7.000000000000000000e+00 9.821428358554840088e-02 3.561600112915039062e+01 2.487899971008300781e+01 3.590399932861328125e+01
1.700000000000000000e+01 1.562500000000000000e-01 3.408000183105468750e+01 2.737700080871582031e+01 3.338999938964843750e+01
9.000000000000000000e+00 4.375000000000000000e-01 3.656000137329101562e+01 3.009300041198730469e+01 3.485200119018554688e+01
7.000000000000000000e+00 4.285714328289031982e-01 3.394200134277343750e+01 3.222200012207031250e+01 3.652000045776367188e+01
1.200000000000000000e+01 4.642857015132904053e-01 3.418000030517578125e+01 3.308000183105468750e+01 4.026399993896484375e+01
9.000000000000000000e+00 1.071428582072257996e-01 2.911899948120117188e+01 3.379800033569335938e+01 4.507500076293945312e+01
1.200000000000000000e+01 2.901785671710968018e-01 3.172200012207031250e+01 3.636000061035156250e+01 4.632300186157226562e+01
1.800000000000000000e+01 1.473214328289031982e-01 2.902499961853027344e+01 3.870500183105468750e+01 4.768700027465820312e+01
1.800000000000000000e+01 4.017857089638710022e-02 2.527199935913085938e+01 3.940900039672851562e+01 4.805199813842773438e+01
7.000000000000000000e+00 1.339285727590322495e-02 2.318400001525878906e+01 4.258900070190429688e+01 4.726300048828125000e+01
7.000000000000000000e+00 0.000000000000000000e+00 2.278899955749511719e+01 4.349300003051757812e+01 5.093399810791015625e+01
7.000000000000000000e+00 3.571428731083869934e-02 2.660700035095214844e+01 4.346099853515625000e+01 5.156299972534179688e+01
1.500000000000000000e+01 1.160714253783226013e-01 2.770899963378906250e+01 4.512200164794921875e+01 4.822600173950195312e+01
2.200000000000000000e+01 9.375000000000000000e-02 2.797400093078613281e+01 4.880099868774414062e+01 4.904600143432617188e+01
7.000000000000000000e+00 1.651785671710968018e-01 2.909399986267089844e+01 5.185100173950195312e+01 4.690900039672851562e+01
9.000000000000000000e+00 3.526785671710968018e-01 3.295100021362304688e+01 5.275999832153320312e+01 4.669699859619140625e+01
1.100000000000000000e+01 6.383928656578063965e-01 3.633300018310546875e+01 5.138100051879882812e+01 4.557300186157226562e+01
2.000000000000000000e+01 7.366071343421936035e-01 3.737200164794921875e+01 4.781399917602539062e+01 4.510300064086914062e+01
1.300000000000000000e+01 8.705357313156127930e-01 4.075299835205078125e+01 4.609099960327148438e+01 4.455500030517578125e+01
2.200000000000000000e+01 9.062500000000000000e-01 4.072600173950195312e+01 4.255199813842773438e+01 4.316299819946289062e+01
7.000000000000000000e+00 9.285714030265808105e-01 4.415499877929687500e+01 4.081999969482421875e+01 4.363199996948242188e+01
1.100000000000000000e+01 9.241071343421936035e-01 4.472000122070312500e+01 3.775799942016601562e+01 4.133100128173828125e+01
3.000000000000000000e+00 8.392857313156127930e-01 4.758100128173828125e+01 3.530099868774414062e+01 4.190900039672851562e+01
1.800000000000000000e+01 8.794642686843872070e-01 4.854299926757812500e+01 3.493000030517578125e+01 3.821599960327148438e+01
1.300000000000000000e+01 7.857142686843872070e-01 5.209600067138671875e+01 3.360800170898437500e+01 3.870399856567382812e+01
1.700000000000000000e+01 6.294642686843872070e-01 5.107099914550781250e+01 3.035099983215332031e+01 4.047100067138671875e+01
2.000000000000000000e+01 6.026785969734191895e-01 4.895700073242187500e+01 2.903199958801269531e+01 3.751100158691406250e+01
1.900000000000000000e+01 5.803571343421936035e-01 5.172000122070312500e+01 2.922800064086914062e+01 3.491099929809570312e+01
1.300000000000000000e+01 4.062500000000000000e-01 5.405599975585937500e+01 2.776399993896484375e+01 3.755199813842773438e+01
0.000000000000000000e+00 2.500000000000000000e-01 5.186299896240234375e+01 2.471400070190429688e+01 3.829499816894531250e+01
1.200000000000000000e+01 2.098214328289031982e-01 5.215399932861328125e+01 2.417900085449218750e+01 3.460599899291992188e+01
9.000000000000000000e+00 1.741071492433547974e-01 5.591600036621093750e+01 2.484199905395507812e+01 3.473600006103515625e+01
1.100000000000000000e+01 3.169642984867095947e-01 5.586800003051757812e+01 2.767799949645996094e+01 3.230199813842773438e+01
1.700000000000000000e+01 4.776785671710968018e-01 5.784400177001953125e+01 3.077899932861328125e+01 3.355300140380859375e+01
1.600000000000000000e+01 7.053571343421936035e-01 5.577500152587890625e+01 3.387300109863281250e+01 3.332199859619140625e+01
1.500000000000000000e+01 8.035714030265808105e-01 5.669499969482421875e+01 3.755400085449218750e+01 3.317699813842773438e+01
7.000000000000000000e+00 8.928571343421936035e-01 5.389400100708007812e+01 3.818999862670898438e+01 3.937599945068359375e+01
0.000000000000000000e+00 9.910714030265808105e-01 4.734400177001953125e+01 4.116899871826171875e+01 3.811100006103515625e+01
7.000000000000000000e+00 9.866071343421936035e-01 4.544200134277343750e+01 4.377000045776367188e+01 4.019699859619140625e+01
2.200000000000000000e+01 9.732142686843872070e-01 4.243099975585937500e+01 4.601800155639648438e+01 3.938100051879882812e+01
2.200000000000000000e+01 9.330357313156127930e-01 4.122900009155273438e+01 4.906499862670898438e+01 4.121200180053710938e+01
1.500000000000000000e+01 8.258928656578063965e-01 3.764799880981445312e+01 5.043999862670898438e+01 4.036299896240234375e+01
1.800000000000000000e+01 6.428571343421936035e-01 3.464599990844726562e+01 5.241099929809570312e+01 4.197700119018554688e+01
0.000000000000000000e+00 5.178571343421936035e-01 3.148500061035156250e+01 5.032099914550781250e+01 4.192800140380859375e+01
2.000000000000000000e+00 2.232142835855484009e-01 2.770299911499023438e+01 5.097499847412109375e+01 4.234899902343750000e+01
3.000000000000000000e+00 1.517857164144515991e-01 2.808900070190429688e+01 5.473699951171875000e+01 4.263999938964843750e+01
1.700000000000000000e+01 2.678571455180644989e-02 2.486800003051757812e+01 5.669300079345703125e+01 4.201699829101562500e+01
9.000000000000000000e+00 2.232142910361289978e-02 2.302400016784667969e+01 5.354600143432617188e+01 4.079700088500976562e+01
1.600000000000000000e+01 6.696428358554840088e-02 2.393799972534179688e+01 4.971699905395507812e+01 4.150699996948242188e+01
1.000000000000000000e+00 1.607142835855484009e-01 2.529800033569335938e+01 4.790000152587890625e+01 3.846799850463867188e+01
1.000000000000000000e+00 2.678571343421936035e-01 2.661100006103515625e+01 4.419499969482421875e+01 3.802399826049804688e+01
2.000000000000000000e+01 5.401785969734191895e-01 3.021299934387207031e+01 4.397600173950195312e+01 3.702999877929687500e+01
1.800000000000000000e+01 6.205357313156127930e-01 3.171199989318847656e+01 4.125199890136718750e+01 3.494200134277343750e+01
1.100000000000000000e+01 8.169642686843872070e-01 3.554899978637695312e+01 4.148600006103515625e+01 3.462200164794921875e+01
0.000000000000000000e+00 7.946428656578063965e-01 3.691400146484375000e+01 3.943899917602539062e+01 3.165299987792968750e+01
0.000000000000000000e+00 8.973214030265808105e-01 4.055899810791015625e+01 3.880199813842773438e+01 3.196199989318847656e+01
1.200000000000000000e+01 8.526785969734191895e-01 4.300699996948242188e+01 3.692200088500976562e+01 2.974399948120117188e+01
1.200000000000000000e+01 8.482142686843872070e-01 4.636800003051757812e+01 3.535499954223632812e+01 3.061400032043457031e+01
1.700000000000000000e+01 7.544642686843872070e-01 4.940399932861328125e+01 3.444499969482421875e+01 2.859700012207031250e+01
1.600000000000000000e+01 7.142857313156127930e-01 5.303499984741210938e+01 3.400999832153320312e+01 2.990399932861328125e+01
2.000000000000000000e+01 7.991071343421936035e-01 5.423400115966796875e+01 3.764099884033203125e+01 2.895599937438964844e+01
1.700000000000000000e+01 9.107142686843872070e-01 5.083100128173828125e+01 3.929299926757812500e+01 2.915399932861328125e+01
2.000000000000000000e+01 9.687500000000000000e-01 4.759199905395507812e+01 4.022700119018554688e+01 3.073699951171875000e+01
1.700000000000000000e+01 9.598214030265808105e-01 4.448600006103515625e+01 4.190599822998046875e+01 2.969300079345703125e+01
1.800000000000000000e+01 9.553571343421936035e-01 4.130300140380859375e+01 4.293600082397460938e+01 3.164699935913085938e+01
1.800000000000000000e+01 8.616071343421936035e-01 3.797499847412109375e+01 4.434799957275390625e+01 3.036400032043457031e+01
0.000000000000000000e+00 8.080357313156127930e-01 3.524900054931640625e+01 4.528900146484375000e+01 3.277299880981445312e+01
2.200000000000000000e+01 5.982142686843872070e-01 3.173999977111816406e+01 4.479199981689453125e+01 3.136300086975097656e+01
2.200000000000000000e+01 4.196428656578063965e-01 2.896599960327148438e+01 4.663499832153320312e+01 3.321699905395507812e+01
1.800000000000000000e+01 1.830357164144515991e-01 2.539399909973144531e+01 4.527199935913085938e+01 3.295999908447265625e+01
2.000000000000000000e+00 4.464285820722579956e-02 2.222200012207031250e+01 4.703599929809570312e+01 3.442399978637695312e+01
1.600000000000000000e+01 4.464285913854837418e-03 1.961400032043457031e+01 4.544200134277343750e+01 3.688499832153320312e+01
5.000000000000000000e+00 1.383928507566452026e-01 6.751100158691406250e+01 5.077600097656250000e+01 2.780500030517578125e+01
1.600000000000000000e+01 2.366071492433547974e-01 6.730500030517578125e+01 4.788700103759765625e+01 3.038199996948242188e+01
1.200000000000000000e+01 5.044642686843872070e-01 6.373799896240234375e+01 4.871300125122070312e+01 3.110700035095214844e+01
1.400000000000000000e+01 5.133928656578063965e-01 6.196400070190429688e+01 5.069900131225585938e+01 2.841200065612792969e+01
2.200000000000000000e+01 6.875000000000000000e-01 5.827000045776367188e+01 5.167300033569335938e+01 2.852899932861328125e+01
1.300000000000000000e+01 6.517857313156127930e-01 5.591999816894531250e+01 5.224800109863281250e+01 2.553800010681152344e+01
2.200000000000000000e+01 7.187500000000000000e-01 5.245399856567382812e+01 5.362799835205078125e+01 2.641099929809570312e+01
1.200000000000000000e+01 6.741071343421936035e-01 4.965599822998046875e+01 5.355699920654296875e+01 2.390800094604492188e+01
3.000000000000000000e+00 6.250000000000000000e-01 4.620100021362304688e+01 5.503300094604492188e+01 2.375300025939941406e+01
0.000000000000000000e+00 5.848214030265808105e-01 4.333399963378906250e+01 5.289899826049804688e+01 2.226600074768066406e+01
2.200000000000000000e+01 4.553571343421936035e-01 4.061600112915039062e+01 5.549700164794921875e+01 2.253400039672851562e+01
1.000000000000000000e+00 2.410714328289031982e-01 4.246099853515625000e+01 5.742200088500976562e+01 1.981100082397460938e+01
9.000000000000000000e+00 3.080357015132904053e-01 4.460300064086914062e+01 5.440100097656250000e+01 1.877300071716308594e+01
1.700000000000000000e+01 2.589285671710968018e-01 4.808300018310546875e+01 5.631299972534179688e+01 1.872599983215332031e+01
1.600000000000000000e+01 3.392857015132904053e-01 5.111299896240234375e+01 5.675400161743164062e+01 2.113800048828125000e+01
0.000000000000000000e+00 4.955357015132904053e-01 5.041400146484375000e+01 5.815499877929687500e+01 2.463100051879882812e+01
1.100000000000000000e+01 3.035714328289031982e-01 5.229399871826171875e+01 6.136600112915039062e+01 2.571100044250488281e+01
2.000000000000000000e+00 3.214285671710968018e-01 5.277600097656250000e+01 6.269599914550781250e+01 2.932200050354003906e+01
2.200000000000000000e+01 6.339285969734191895e-01 5.158900070190429688e+01 5.938899993896484375e+01 3.104800033569335938e+01
0.000000000000000000e+00 6.473214030265808105e-01 5.354999923706054688e+01 5.924000167846679688e+01 3.431499862670898438e+01
1.400000000000000000e+01 7.678571343421936035e-01 5.470199966430664062e+01 5.599800109863281250e+01 3.611999893188476562e+01
2.200000000000000000e+01 7.276785969734191895e-01 5.869699859619140625e+01 5.200099945068359375e+01 3.958300018310546875e+01
1.500000000000000000e+01 7.008928656578063965e-01 5.911500167846679688e+01 5.024900054931640625e+01 4.298300170898437500e+01
1.000000000000000000e+00 5.758928656578063965e-01 6.169300079345703125e+01 4.761199951171875000e+01 4.389599990844726562e+01
1.300000000000000000e+01 5.357142686843872070e-01 6.090000152587890625e+01 4.503900146484375000e+01 4.663700103759765625e+01
0.000000000000000000e+00 2.544642984867095947e-01 6.304499816894531250e+01 4.514699935913085938e+01 4.984899902343750000e+01
0.000000000000000000e+00 8.928571641445159912e-02 6.424700164794921875e+01 4.233300018310546875e+01 5.216600036621093750e+01
3.000000000000000000e+00 1.205357164144515991e-01 6.105500030517578125e+01 4.240299987792968750e+01 5.427299880981445312e+01
3.000000000000000000e+00 3.616071343421936035e-01 5.883800125122070312e+01 4.205699920654296875e+01 5.110800170898437500e+01
1.800000000000000000e+01 4.687500000000000000e-01 5.765100097656250000e+01 4.569100189208984375e+01 5.097600173950195312e+01
1.900000000000000000e+01 6.160714030265808105e-01 5.754199981689453125e+01 4.829800033569335938e+01 4.809199905395507812e+01
7.000000000000000000e+00 4.330357015132904053e-01 6.026499938964843750e+01 5.100299835205078125e+01 4.785499954223632812e+01
1.600000000000000000e+01 4.419642984867095947e-01 6.084799957275390625e+01 5.375899887084960938e+01 4.513100051879882812e+01
1.500000000000000000e+01 4.151785671710968018e-01 6.319900131225585938e+01 5.265499877929687500e+01 4.225899887084960938e+01
0.000000000000000000e+00 4.508928656578063965e-01 6.254700088500976562e+01 5.487699890136718750e+01 3.929199981689453125e+01
1.700000000000000000e+01 4.910714328289031982e-01 6.002500152587890625e+01 5.731800079345703125e+01 3.794800186157226562e+01
9.000000000000000000e+00 4.598214328289031982e-01 5.932199859619140625e+01 5.868500137329101562e+01 3.451599884033203125e+01
1.300000000000000000e+01 4.821428656578063965e-01 5.674200057983398438e+01 5.971400070190429688e+01 3.187700080871582031e+01
1.800000000000000000e+01 4.464285671710968018e-01 5.644200134277343750e+01 5.893000030517578125e+01 2.817300033569335938e+01
1.700000000000000000e+01 1.696428507566452026e-01 5.809199905395507812e+01 6.118000030517578125e+01 2.557200050354003906e+01
7.000000000000000000e+00 7.142857462167739868e-02 5.629899978637695312e+01 6.251499938964843750e+01 2.247699928283691406e+01
1.700000000000000000e+01 1.026785746216773987e-01 5.651499938964843750e+01 5.936999893188476562e+01 2.034499931335449219e+01
9.000000000000000000e+00 3.482142984867095947e-01 5.499000167846679688e+01 5.723500061035156250e+01 2.320299911499023438e+01
7.000000000000000000e+00 3.348214328289031982e-01 5.841199874877929688e+01 5.577700042724609375e+01 2.430999946594238281e+01
1.200000000000000000e+01 3.839285671710968018e-01 6.019499969482421875e+01 5.612300109863281250e+01 2.770700073242187500e+01
9.000000000000000000e+00 1.294642835855484009e-01 6.628800201416015625e+01 5.643999862670898438e+01 3.089900016784667969e+01
1.200000000000000000e+01 3.125000000000000000e-01 6.429100036621093750e+01 5.499800109863281250e+01 3.394800186157226562e+01
1.800000000000000000e+01 1.964285671710968018e-01 6.740499877929687500e+01 5.317300033569335938e+01 3.508800125122070312e+01
1.800000000000000000e+01 5.357142910361289978e-02 7.104299926757812500e+01 5.241600036621093750e+01 3.402799987792968750e+01
7.000000000000000000e+00 3.125000000000000000e-02 7.258699798583984375e+01 4.900099945068359375e+01 3.300000000000000000e+01
7.000000000000000000e+00 8.928571827709674835e-03 7.436199951171875000e+01 4.845899963378906250e+01 3.638399887084960938e+01
7.000000000000000000e+00 5.803571268916130066e-02 7.145400238037109375e+01 4.976800155639648438e+01 3.849200057983398438e+01
1.500000000000000000e+01 1.919642835855484009e-01 6.902300262451171875e+01 4.715800094604492188e+01 3.699200057983398438e+01
2.200000000000000000e+01 1.250000000000000000e-01 6.992199707031250000e+01 4.372100067138671875e+01 3.845700073242187500e+01
7.000000000000000000e+00 2.142857164144515991e-01 6.787999725341796875e+01 4.086100006103515625e+01 4.011100006103515625e+01
9.000000000000000000e+00 3.883928656578063965e-01 6.487200164794921875e+01 4.170500183105468750e+01 4.224200057983398438e+01
1.100000000000000000e+01 6.607142686843872070e-01 6.102199935913085938e+01 4.201399993896484375e+01 4.190900039672851562e+01
2.000000000000000000e+01 7.455357313156127930e-01 5.992900085449218750e+01 4.525199890136718750e+01 4.038100051879882812e+01
1.300000000000000000e+01 8.839285969734191895e-01 5.650000000000000000e+01 4.684999847412109375e+01 4.051699829101562500e+01
2.200000000000000000e+01 9.151785969734191895e-01 5.534299850463867188e+01 4.960800170898437500e+01 3.816899871826171875e+01
7.000000000000000000e+00 9.375000000000000000e-01 5.214599990844726562e+01 5.166999816894531250e+01 3.877399826049804688e+01
1.100000000000000000e+01 9.196428656578063965e-01 5.099499893188476562e+01 5.377999877929687500e+01 3.570399856567382812e+01
3.000000000000000000e+00 8.214285969734191895e-01 4.883700180053710938e+01 5.695000076293945312e+01 3.614400100708007812e+01
1.800000000000000000e+01 8.348214030265808105e-01 4.610400009155273438e+01 5.611700057983398438e+01 3.355599975585937500e+01
1.300000000000000000e+01 7.410714030265808105e-01 4.357600021362304688e+01 5.809500122070312500e+01 3.560200119018554688e+01
1.700000000000000000e+01 6.071428656578063965e-01 4.568199920654296875e+01 6.119499969482421875e+01 3.520999908447265625e+01
2.000000000000000000e+01 5.937500000000000000e-01 4.593799972534179688e+01 6.065200042724609375e+01 3.142200088500976562e+01
1.900000000000000000e+01 5.580357313156127930e-01 4.222200012207031250e+01 6.031499862670898438e+01 3.112400054931640625e+01
1.300000000000000000e+01 3.303571343421936035e-01 4.161199951171875000e+01 6.353499984741210938e+01 3.317599868774414062e+01
0.000000000000000000e+00 2.321428507566452026e-01 4.415999984741210938e+01 6.533799743652343750e+01 3.096699905395507812e+01
1.200000000000000000e+01 1.875000000000000000e-01 4.207300186157226562e+01 6.479900360107421875e+01 2.777899932861328125e+01
9.000000000000000000e+00 1.339285671710968018e-01 3.859400177001953125e+01 6.504000091552734375e+01 2.933799934387207031e+01
1.100000000000000000e+01 2.991071343421936035e-01 3.775699996948242188e+01 6.143299865722656250e+01 2.930299949645996094e+01
1.700000000000000000e+01 3.973214328289031982e-01 3.591899871826171875e+01 5.953499984741210938e+01 3.218999862670898438e+01
1.600000000000000000e+01 6.830357313156127930e-01 3.807300186157226562e+01 5.677500152587890625e+01 3.385400009155273438e+01
1.500000000000000000e+01 7.321428656578063965e-01 3.656600189208984375e+01 5.351499938964843750e+01 3.522600173950195312e+01
7.000000000000000000e+00 8.750000000000000000e-01 4.234400177001953125e+01 5.396500015258789062e+01 3.927799987792968750e+01
0.000000000000000000e+00 9.821428656578063965e-01 4.742800140380859375e+01 5.015000152587890625e+01 3.547299957275390625e+01
7.000000000000000000e+00 9.955357313156127930e-01 5.004600143432617188e+01 4.796599960327148438e+01 3.695999908447265625e+01
2.200000000000000000e+01 9.776785969734191895e-01 5.297999954223632812e+01 4.564400100708007812e+01 3.606000137329101562e+01
2.200000000000000000e+01 9.508928656578063965e-01 5.474000167846679688e+01 4.347700119018554688e+01 3.864699935913085938e+01
1.500000000000000000e+01 8.571428656578063965e-01 5.752899932861328125e+01 4.119499969482421875e+01 3.739400100708007812e+01
1.800000000000000000e+01 6.919642686843872070e-01 6.061500167846679688e+01 3.939199829101562500e+01 3.886399841308593750e+01
0.000000000000000000e+00 5.446428656578063965e-01 6.353300094604492188e+01 4.050999832153320312e+01 3.675099945068359375e+01
2.000000000000000000e+00 2.857142984867095947e-01 6.676799774169921875e+01 3.873600006103515625e+01 3.546200180053710938e+01
3.000000000000000000e+00 2.812500000000000000e-01 6.545899963378906250e+01 3.546699905395507812e+01 3.697600173950195312e+01
1.700000000000000000e+01 1.116071417927742004e-01 6.685800170898437500e+01 3.309400177001953125e+01 3.431499862670898438e+01
9.000000000000000000e+00 6.250000000000000000e-02 6.960700225830078125e+01 3.550699996948242188e+01 3.346699905395507812e+01
1.600000000000000000e+01 7.589285820722579956e-02 7.013400268554687500e+01 3.917399978637695312e+01 3.271799850463867188e+01
1.000000000000000000e+00 2.008928507566452026e-01 6.760299682617187500e+01 4.066299819946289062e+01 3.023999977111816406e+01
1.000000000000000000e+00 2.633928656578063965e-01 6.663700103759765625e+01 4.413199996948242188e+01 2.887100028991699219e+01
2.000000000000000000e+01 5.267857313156127930e-01 6.286000061035156250e+01 4.471799850463867188e+01 2.856599998474121094e+01
1.800000000000000000e+01 5.892857313156127930e-01 6.032099914550781250e+01 4.657500076293945312e+01 2.639599990844726562e+01
1.100000000000000000e+01 7.767857313156127930e-01 5.698500061035156250e+01 4.696699905395507812e+01 2.799600028991699219e+01
0.000000000000000000e+00 7.901785969734191895e-01 5.402399826049804688e+01 4.809299850463867188e+01 2.599099922180175781e+01
0.000000000000000000e+00 9.017857313156127930e-01 5.077199935913085938e+01 4.909600067138671875e+01 2.772500038146972656e+01
1.200000000000000000e+01 8.303571343421936035e-01 4.760100173950195312e+01 4.977299880981445312e+01 2.559099960327148438e+01
1.200000000000000000e+01 8.437500000000000000e-01 4.504700088500976562e+01 5.191799926757812500e+01 2.744700050354003906e+01
1.700000000000000000e+01 7.633928656578063965e-01 4.121300125122070312e+01 5.250699996948242188e+01 2.702199935913085938e+01
1.600000000000000000e+01 7.589285969734191895e-01 3.897700119018554688e+01 5.345999908447265625e+01 3.003400039672851562e+01
2.000000000000000000e+01 8.125000000000000000e-01 3.723899841308593750e+01 5.007300186157226562e+01 3.064599990844726562e+01
1.700000000000000000e+01 8.883928656578063965e-01 4.009199905395507812e+01 4.782899856567382812e+01 2.944499969482421875e+01
2.000000000000000000e+01 9.464285969734191895e-01 4.382899856567382812e+01 4.788800048828125000e+01 2.933399963378906250e+01
1.700000000000000000e+01 9.419642686843872070e-01 4.631200027465820312e+01 4.535900115966796875e+01 2.789100074768066406e+01
1.800000000000000000e+01 9.642857313156127930e-01 4.991400146484375000e+01 4.503799819946289062e+01 2.895400047302246094e+01
1.800000000000000000e+01 8.660714030265808105e-01 5.265900039672851562e+01 4.319300079345703125e+01 2.710899925231933594e+01
0.000000000000000000e+00 7.812500000000000000e-01 5.633000183105468750e+01 4.253300094604492188e+01 2.751199913024902344e+01
2.200000000000000000e+01 5.669642686843872070e-01 5.917800140380859375e+01 4.192499923706054688e+01 2.502199935913085938e+01
2.200000000000000000e+01 4.107142984867095947e-01 6.240800094604492188e+01 4.034899902343750000e+01 2.638400077819824219e+01
1.800000000000000000e+01 1.785714328289031982e-01 6.562999725341796875e+01 4.147200012207031250e+01 2.454000091552734375e+01
2.000000000000000000e+00 4.910714179277420044e-02 6.925499725341796875e+01 4.052700042724609375e+01 2.513699913024902344e+01
1.600000000000000000e+01 1.785714365541934967e-02 7.180400085449218750e+01 4.252199935913085938e+01 2.731599998474121094e+01
