5.000000000000000000e+00 1.339285671710968018e-01 2.663100051879882812e+01 3.887300109863281250e+01 4.275600051879882812e+01
1.600000000000000000e+01 2.544642984867095947e-01 2.728599929809570312e+01 4.233100128173828125e+01 4.132500076293945312e+01
1.200000000000000000e+01 5.178571343421936035e-01 3.088100051879882812e+01 4.125400161743164062e+01 4.047999954223632812e+01
1.400000000000000000e+01 5.000000000000000000e-01 3.120199966430664062e+01 3.814799880981445312e+01 3.829999923706054688e+01
2.200000000000000000e+01 6.875000000000000000e-01 3.480699920654296875e+01 3.725199890136718750e+01 3.720199966430664062e+01
1.300000000000000000e+01 6.562500000000000000e-01 3.561100006103515625e+01 3.519300079345703125e+01 3.406499862670898438e+01
2.200000000000000000e+01 7.276785969734191895e-01 3.927000045776367188e+01 3.401699829101562500e+01 3.340299987792968750e+01
1.200000000000000000e+01 6.517857313156127930e-01 4.039400100708007812e+01 3.268099975585937500e+01 2.995499992370605469e+01
3.000000000000000000e+00 6.205357313156127930e-01 4.360300064086914062e+01 3.113899993896484375e+01 2.874799919128417969e+01
0.000000000000000000e+00 5.669642686843872070e-01 4.480300140380859375e+01 3.247000122070312500e+01 2.530200004577636719e+01
2.200000000000000000e+01 3.616071343421936035e-01 4.739699935913085938e+01 2.961800003051757812e+01 2.486100006103515625e+01
1.000000000000000000e+00 2.142857164144515991e-01 4.468000030517578125e+01 2.689699935913085938e+01 2.515999984741210938e+01
9.000000000000000000e+00 2.500000000000000000e-01 4.180199813842773438e+01 2.912899971008300781e+01 2.384900093078613281e+01
1.700000000000000000e+01 2.410714328289031982e-01 3.966699981689453125e+01 2.798999977111816406e+01 2.672500038146972656e+01
1.600000000000000000e+01 3.482142984867095947e-01 3.863000106811523438e+01 2.886300086975097656e+01 3.028599929809570312e+01
0.000000000000000000e+00 5.089285969734191895e-01 4.126399993896484375e+01 2.898900032043457031e+01 3.309099960327148438e+01
1.100000000000000000e+01 3.169642984867095947e-01 3.989599990844726562e+01 2.669799995422363281e+01 3.586000061035156250e+01
2.000000000000000000e+00 3.258928656578063965e-01 4.103699874877929688e+01 2.684099960327148438e+01 3.952199935913085938e+01
2.200000000000000000e+01 6.339285969734191895e-01 4.273099899291992188e+01 3.028700065612792969e+01 3.919200134277343750e+01
0.000000000000000000e+00 6.473214030265808105e-01 4.279499816894531250e+01 3.177899932861328125e+01 4.269499969482421875e+01
1.400000000000000000e+01 7.500000000000000000e-01 4.171300125122070312e+01 3.535400009155273438e+01 4.341699981689453125e+01
2.200000000000000000e+01 7.366071343421936035e-01 3.950500106811523438e+01 4.083300018310546875e+01 4.664099884033203125e+01
1.500000000000000000e+01 7.053571343421936035e-01 4.009500122070312500e+01 4.400000000000000000e+01 4.861600112915039062e+01
1.000000000000000000e+00 5.892857313156127930e-01 3.803599929809570312e+01 4.713399887084960938e+01 4.949599838256835938e+01
1.300000000000000000e+01 5.580357313156127930e-01 3.970399856567382812e+01 5.051399993896484375e+01 4.995899963378906250e+01
0.000000000000000000e+00 2.812500000000000000e-01 3.917499923706054688e+01 5.220600128173828125e+01 5.325600051879882812e+01
0.000000000000000000e+00 1.383928507566452026e-01 3.872700119018554688e+01 5.591199874877929688e+01 5.368099975585937500e+01
3.000000000000000000e+00 1.205357164144515991e-01 4.228900146484375000e+01 5.653499984741210938e+01 5.499700164794921875e+01
3.000000000000000000e+00 3.750000000000000000e-01 4.362300109863281250e+01 5.472800064086914062e+01 5.192399978637695312e+01
1.800000000000000000e+01 3.883928656578063965e-01 4.433300018310546875e+01 5.131000137329101562e+01 5.364099884033203125e+01
1.900000000000000000e+01 5.714285969734191895e-01 4.310599899291992188e+01 4.808200073242187500e+01 5.194100189208984375e+01
7.000000000000000000e+00 4.107142984867095947e-01 4.073400115966796875e+01 4.575799942016601562e+01 5.372499847412109375e+01
1.600000000000000000e+01 4.598214328289031982e-01 4.034000015258789062e+01 4.207500076293945312e+01 5.274800109863281250e+01
1.500000000000000000e+01 4.241071343421936035e-01 3.690999984741210938e+01 4.180300140380859375e+01 5.127000045776367188e+01
0.000000000000000000e+00 4.642857015132904053e-01 3.650299835205078125e+01 3.859999847412109375e+01 4.942200088500976562e+01
1.700000000000000000e+01 5.044642686843872070e-01 3.822100067138671875e+01 3.561700057983398438e+01 4.780599975585937500e+01
9.000000000000000000e+00 4.285714328289031982e-01 3.779600143432617188e+01 3.227500152587890625e+01 4.589599990844726562e+01
1.300000000000000000e+01 4.866071343421936035e-01 3.889099884033203125e+01 3.043499946594238281e+01 4.276499938964843750e+01
1.800000000000000000e+01 4.508928656578063965e-01 3.741899871826171875e+01 2.981900024414062500e+01 3.930500030517578125e+01
1.700000000000000000e+01 1.741071492433547974e-01 3.483000183105468750e+01 2.715399932861328125e+01 3.882500076293945312e+01
7.000000000000000000e+00 6.696428358554840088e-02 3.448400115966796875e+01 2.475099945068359375e+01 3.586800003051757812e+01
1.700000000000000000e+01 1.116071417927742004e-01 3.309400177001953125e+01 2.727499961853027344e+01 3.331499862670898438e+01
9.000000000000000000e+00 3.437500000000000000e-01 3.612200164794921875e+01 2.944899940490722656e+01 3.405099868774414062e+01
7.000000000000000000e+00 4.330357015132904053e-01 3.394800186157226562e+01 3.197400093078613281e+01 3.598899841308593750e+01
1.200000000000000000e+01 4.151785671710968018e-01 3.375199890136718750e+01 3.256200027465820312e+01 3.982400131225585938e+01
9.000000000000000000e+00 1.294642835855484009e-01 2.929400062561035156e+01 3.435499954223632812e+01 4.459099960327148438e+01
1.200000000000000000e+01 3.214285671710968018e-01 3.200799942016601562e+01 3.695000076293945312e+01 4.546099853515625000e+01
1.800000000000000000e+01 2.098214328289031982e-01 2.981100082397460938e+01 3.956999969482421875e+01 4.732199859619140625e+01
1.800000000000000000e+01 5.357142910361289978e-02 2.629999923706054688e+01 4.104399871826171875e+01 4.768099975585937500e+01
7.000000000000000000e+00 4.464285820722579956e-02 2.506100082397460938e+01 4.454899978637695312e+01 4.677199935913085938e+01
7.000000000000000000e+00 8.928571827709674835e-03 2.451000022888183594e+01 4.521599960327148438e+01 5.047000122070312500e+01
7.000000000000000000e+00 4.910714179277420044e-02 2.822299957275390625e+01 4.476200103759765625e+01 5.120899963378906250e+01
1.500000000000000000e+01 2.232142835855484009e-01 2.949799919128417969e+01 4.612500000000000000e+01 4.786899948120117188e+01
2.200000000000000000e+01 9.821428358554840088e-02 2.866900062561035156e+01 4.977000045776367188e+01 4.871699905395507812e+01
7.000000000000000000e+00 1.875000000000000000e-01 3.014500045776367188e+01 5.281000137329101562e+01 4.693099975585937500e+01
9.000000000000000000e+00 3.928571343421936035e-01 3.395399856567382812e+01 5.302000045776367188e+01 4.688000106811523438e+01
1.100000000000000000e+01 6.651785969734191895e-01 3.711600112915039062e+01 5.159600067138671875e+01 4.531200027465820312e+01
2.000000000000000000e+01 7.410714030265808105e-01 3.758000183105468750e+01 4.779600143432617188e+01 4.502399826049804688e+01
1.300000000000000000e+01 8.883928656578063965e-01 4.045600128173828125e+01 4.579899978637695312e+01 4.384199905395507812e+01
2.200000000000000000e+01 9.241071343421936035e-01 4.088800048828125000e+01 4.218700027465820312e+01 4.266400146484375000e+01
7.000000000000000000e+00 9.330357313156127930e-01 4.418199920654296875e+01 4.044200134277343750e+01 4.284600067138671875e+01
1.100000000000000000e+01 9.151785969734191895e-01 4.473799896240234375e+01 3.709999847412109375e+01 4.094599914550781250e+01
3.000000000000000000e+00 8.258928656578063965e-01 4.768600082397460938e+01 3.455500030517578125e+01 4.138499832153320312e+01
1.800000000000000000e+01 8.437500000000000000e-01 4.832199859619140625e+01 3.375999832153320312e+01 3.762200164794921875e+01
1.300000000000000000e+01 7.633928656578063965e-01 5.198899841308593750e+01 3.312900161743164062e+01 3.872000122070312500e+01
1.700000000000000000e+01 5.982142686843872070e-01 5.102899932861328125e+01 2.985300064086914062e+01 4.057400131225585938e+01
2.000000000000000000e+01 6.071428656578063965e-01 4.868999862670898438e+01 2.902700042724609375e+01 3.749800109863281250e+01
1.900000000000000000e+01 5.758928656578063965e-01 5.135800170898437500e+01 2.899699974060058594e+01 3.481399917602539062e+01
1.300000000000000000e+01 3.794642984867095947e-01 5.383800125122070312e+01 2.729800033569335938e+01 3.715499877929687500e+01
0.000000000000000000e+00 2.276785671710968018e-01 5.150899887084960938e+01 2.431900024414062500e+01 3.752500152587890625e+01
1.200000000000000000e+01 1.785714328289031982e-01 5.150500106811523438e+01 2.386700057983398438e+01 3.364899826049804688e+01
9.000000000000000000e+00 1.250000000000000000e-01 5.526100158691406250e+01 2.411499977111816406e+01 3.363100051879882812e+01
1.100000000000000000e+01 3.035714328289031982e-01 5.568399810791015625e+01 2.747599983215332031e+01 3.185799980163574219e+01
1.700000000000000000e+01 4.464285671710968018e-01 5.766899871826171875e+01 3.014999961853027344e+01 3.376699829101562500e+01
1.600000000000000000e+01 6.919642686843872070e-01 5.558000183105468750e+01 3.335800170898437500e+01 3.372100067138671875e+01
1.500000000000000000e+01 8.035714030265808105e-01 5.658100128173828125e+01 3.705799865722656250e+01 3.412900161743164062e+01
7.000000000000000000e+00 8.839285969734191895e-01 5.362599945068359375e+01 3.811700057983398438e+01 4.015700149536132812e+01
0.000000000000000000e+00 9.776785969734191895e-01 4.740299987792968750e+01 3.998799896240234375e+01 3.766899871826171875e+01
7.000000000000000000e+00 9.955357313156127930e-01 4.590299987792968750e+01 4.294900131225585938e+01 3.969300079345703125e+01
2.200000000000000000e+01 9.866071343421936035e-01 4.300799942016601562e+01 4.534799957275390625e+01 3.881800079345703125e+01
2.200000000000000000e+01 9.553571343421936035e-01 4.171799850463867188e+01 4.854800033569335938e+01 4.052600097656250000e+01
1.500000000000000000e+01 8.616071343421936035e-01 3.831900024414062500e+01 5.013600158691406250e+01 3.992900085449218750e+01
1.800000000000000000e+01 6.830357313156127930e-01 3.588399887084960938e+01 5.247600173950195312e+01 4.158599853515625000e+01
0.000000000000000000e+00 5.401785969734191895e-01 3.246200180053710938e+01 5.095000076293945312e+01 4.206900024414062500e+01
2.000000000000000000e+00 2.723214328289031982e-01 2.902400016784667969e+01 5.258300018310546875e+01 4.205199813842773438e+01
3.000000000000000000e+00 2.366071492433547974e-01 3.034499931335449219e+01 5.610200119018554688e+01 4.121900177001953125e+01
1.700000000000000000e+01 8.928571641445159912e-02 2.741600036621093750e+01 5.709299850463867188e+01 3.889500045776367188e+01
9.000000000000000000e+00 3.125000000000000000e-02 2.488800048828125000e+01 5.518000030517578125e+01 4.108499908447265625e+01
1.600000000000000000e+01 6.250000000000000000e-02 2.472200012207031250e+01 5.136899948120117188e+01 4.168399810791015625e+01
1.000000000000000000e+00 1.651785671710968018e-01 2.582500076293945312e+01 4.902899932861328125e+01 3.878099822998046875e+01
1.000000000000000000e+00 2.678571343421936035e-01 2.667600059509277344e+01 4.531600189208984375e+01 3.853900146484375000e+01
2.000000000000000000e+01 5.133928656578063965e-01 2.992700004577636719e+01 4.415399932861328125e+01 3.692300033569335938e+01
1.800000000000000000e+01 6.116071343421936035e-01 3.154299926757812500e+01 4.129499816894531250e+01 3.499100112915039062e+01
1.100000000000000000e+01 7.946428656578063965e-01 3.520800018310546875e+01 4.117900085449218750e+01 3.459700012207031250e+01
0.000000000000000000e+00 7.901785969734191895e-01 3.679000091552734375e+01 3.901599884033203125e+01 3.184000015258789062e+01
0.000000000000000000e+00 8.973214030265808105e-01 4.061299896240234375e+01 3.843500137329101562e+01 3.230300140380859375e+01
1.200000000000000000e+01 8.392857313156127930e-01 4.277299880981445312e+01 3.675199890136718750e+01 2.953400039672851562e+01
1.200000000000000000e+01 8.348214030265808105e-01 4.613199996948242188e+01 3.503400039672851562e+01 3.026700019836425781e+01
1.700000000000000000e+01 7.589285969734191895e-01 4.941099929809570312e+01 3.444499969482421875e+01 2.837599945068359375e+01
1.600000000000000000e+01 7.142857313156127930e-01 5.285599899291992188e+01 3.363000106811523438e+01 2.996899986267089844e+01
2.000000000000000000e+01 8.080357313156127930e-01 5.411899948120117188e+01 3.716299819946289062e+01 2.945999908447265625e+01
1.700000000000000000e+01 9.017857313156127930e-01 5.083200073242187500e+01 3.907500076293945312e+01 2.916300010681152344e+01
2.000000000000000000e+01 9.642857313156127930e-01 4.742200088500976562e+01 3.985900115966796875e+01 3.060000038146972656e+01
1.700000000000000000e+01 9.598214030265808105e-01 4.439899826049804688e+01 4.184400177001953125e+01 2.950300025939941406e+01
1.800000000000000000e+01 9.508928656578063965e-01 4.122299957275390625e+01 4.246799850463867188e+01 3.147800064086914062e+01
1.800000000000000000e+01 8.571428656578063965e-01 3.784000015258789062e+01 4.379999923706054688e+01 3.040999984741210938e+01
0.000000000000000000e+00 7.857142686843872070e-01 3.495000076293945312e+01 4.517800140380859375e+01 3.259700012207031250e+01
2.200000000000000000e+01 5.848214030265808105e-01 3.123200035095214844e+01 4.512200164794921875e+01 3.161000061035156250e+01
2.200000000000000000e+01 4.017857015132904053e-01 2.862299919128417969e+01 4.725400161743164062e+01 3.352399826049804688e+01
1.800000000000000000e+01 1.517857164144515991e-01 2.492099952697753906e+01 4.636600112915039062e+01 3.411500167846679688e+01
2.000000000000000000e+00 2.678571455180644989e-02 2.228899955749511719e+01 4.892200088500976562e+01 3.525999832153320312e+01
1.600000000000000000e+01 4.464285913854837418e-03 1.956500053405761719e+01 4.657899856567382812e+01 3.662500000000000000e+01
5.000000000000000000e+00 1.026785746216773987e-01 6.802200317382812500e+01 4.877700042724609375e+01 2.770700073242187500e+01
1.600000000000000000e+01 2.633928656578063965e-01 6.701499938964843750e+01 4.682699966430664062e+01 3.093600082397460938e+01
1.200000000000000000e+01 5.223214030265808105e-01 6.336299896240234375e+01 4.784099960327148438e+01 3.140999984741210938e+01
1.400000000000000000e+01 5.625000000000000000e-01 6.139400100708007812e+01 5.026900100708007812e+01 2.924300003051757812e+01
2.200000000000000000e+01 7.187500000000000000e-01 5.766600036621093750e+01 5.120700073242187500e+01 2.927099990844726562e+01
1.300000000000000000e+01 6.964285969734191895e-01 5.539899826049804688e+01 5.176300048828125000e+01 2.623999977111816406e+01
2.200000000000000000e+01 7.544642686843872070e-01 5.178799819946289062e+01 5.303300094604492188e+01 2.665699958801269531e+01
1.200000000000000000e+01 6.696428656578063965e-01 4.932199859619140625e+01 5.320600128173828125e+01 2.365399932861328125e+01
3.000000000000000000e+00 6.294642686843872070e-01 4.560699844360351562e+01 5.400600051879882812e+01 2.331699943542480469e+01
0.000000000000000000e+00 5.535714030265808105e-01 4.299900054931640625e+01 5.193000030517578125e+01 2.141799926757812500e+01
2.200000000000000000e+01 3.705357015132904053e-01 4.054000091552734375e+01 5.483900070190429688e+01 2.127300071716308594e+01
1.000000000000000000e+00 2.053571492433547974e-01 4.249100112915039062e+01 5.710800170898437500e+01 1.904999923706054688e+01
9.000000000000000000e+00 2.455357164144515991e-01 4.435300064086914062e+01 5.416099929809570312e+01 1.766200065612792969e+01
1.700000000000000000e+01 2.589285671710968018e-01 4.768999862670898438e+01 5.581600189208984375e+01 1.851000022888183594e+01
1.600000000000000000e+01 3.303571343421936035e-01 5.075000000000000000e+01 5.616400146484375000e+01 2.078199958801269531e+01
0.000000000000000000e+00 4.955357015132904053e-01 4.982699966430664062e+01 5.765499877929687500e+01 2.418700027465820312e+01
1.100000000000000000e+01 3.080357015132904053e-01 5.136700057983398438e+01 6.102700042724609375e+01 2.513299942016601562e+01
2.000000000000000000e+00 3.392857015132904053e-01 5.203599929809570312e+01 6.209700012207031250e+01 2.887899971008300781e+01
2.200000000000000000e+01 6.383928656578063965e-01 5.097600173950195312e+01 5.905300140380859375e+01 3.087400054931640625e+01
0.000000000000000000e+00 6.428571343421936035e-01 5.271699905395507812e+01 5.926100158691406250e+01 3.430099868774414062e+01
1.400000000000000000e+01 7.455357313156127930e-01 5.426200103759765625e+01 5.622999954223632812e+01 3.623600006103515625e+01
2.200000000000000000e+01 7.098214030265808105e-01 5.884899902343750000e+01 5.221400070190429688e+01 3.950000000000000000e+01
1.500000000000000000e+01 6.785714030265808105e-01 5.914400100708007812e+01 5.044300079345703125e+01 4.286000061035156250e+01
1.000000000000000000e+00 5.267857313156127930e-01 6.185900115966796875e+01 4.785100173950195312e+01 4.426800155639648438e+01
1.300000000000000000e+01 5.312500000000000000e-01 6.056499862670898438e+01 4.524900054931640625e+01 4.660499954223632812e+01
0.000000000000000000e+00 2.321428507566452026e-01 6.299200057983398438e+01 4.525500106811523438e+01 4.954399871826171875e+01
0.000000000000000000e+00 8.035714179277420044e-02 6.420400238037109375e+01 4.278400039672851562e+01 5.210300064086914062e+01
3.000000000000000000e+00 7.589285820722579956e-02 6.171400070190429688e+01 4.390700149536132812e+01 5.481700134277343750e+01
3.000000000000000000e+00 2.991071343421936035e-01 5.890000152587890625e+01 4.336899948120117188e+01 5.222100067138671875e+01
1.800000000000000000e+01 3.348214328289031982e-01 5.844300079345703125e+01 4.710200119018554688e+01 5.148199844360351562e+01
1.900000000000000000e+01 5.446428656578063965e-01 5.821099853515625000e+01 4.878300094604492188e+01 4.811800003051757812e+01
7.000000000000000000e+00 3.571428656578063965e-01 6.093199920654296875e+01 5.132899856567382812e+01 4.761500167846679688e+01
1.600000000000000000e+01 4.687500000000000000e-01 6.027000045776367188e+01 5.394100189208984375e+01 4.493700027465820312e+01
1.500000000000000000e+01 2.946428656578063965e-01 6.324599838256835938e+01 5.489599990844726562e+01 4.279000091552734375e+01
0.000000000000000000e+00 4.062500000000000000e-01 6.209400177001953125e+01 5.594100189208984375e+01 3.928900146484375000e+01
1.700000000000000000e+01 4.553571343421936035e-01 5.946099853515625000e+01 5.833700180053710938e+01 3.778699874877929688e+01
9.000000000000000000e+00 3.839285671710968018e-01 5.852099990844726562e+01 5.997700119018554688e+01 3.451599884033203125e+01
1.300000000000000000e+01 4.821428656578063965e-01 5.591699981689453125e+01 6.008100128173828125e+01 3.168199920654296875e+01
1.800000000000000000e+01 4.776785671710968018e-01 5.523099899291992188e+01 5.894300079345703125e+01 2.798299980163574219e+01
1.700000000000000000e+01 2.008928507566452026e-01 5.697999954223632812e+01 6.054600143432617188e+01 2.512599945068359375e+01
7.000000000000000000e+00 8.482142537832260132e-02 5.538399887084960938e+01 6.146799850463867188e+01 2.171400070190429688e+01
1.700000000000000000e+01 1.562500000000000000e-01 5.586500167846679688e+01 5.777700042724609375e+01 2.029899978637695312e+01
9.000000000000000000e+00 4.375000000000000000e-01 5.448199844360351562e+01 5.652899932861328125e+01 2.364900016784667969e+01
7.000000000000000000e+00 4.419642984867095947e-01 5.778900146484375000e+01 5.558000183105468750e+01 2.534600067138671875e+01
1.200000000000000000e+01 4.196428656578063965e-01 5.979800033569335938e+01 5.637400054931640625e+01 2.857699966430664062e+01
9.000000000000000000e+00 1.607142835855484009e-01 6.568699645996093750e+01 5.602099990844726562e+01 3.190500068664550781e+01
1.200000000000000000e+01 3.526785671710968018e-01 6.410700225830078125e+01 5.359000015258789062e+01 3.436999893188476562e+01
1.800000000000000000e+01 1.964285671710968018e-01 6.746199798583984375e+01 5.204199981689453125e+01 3.526699829101562500e+01
1.800000000000000000e+01 4.017857089638710022e-02 7.094400024414062500e+01 5.105400085449218750e+01 3.415900039672851562e+01
7.000000000000000000e+00 1.339285727590322495e-02 7.316899871826171875e+01 4.792399978637695312e+01 3.365800094604492188e+01
7.000000000000000000e+00 0.000000000000000000e+00 7.501000213623046875e+01 4.863199996948242188e+01 3.687799835205078125e+01
7.000000000000000000e+00 2.232142910361289978e-02 7.195099639892578125e+01 4.910599899291992188e+01 3.917699813842773438e+01
1.500000000000000000e+01 1.071428582072257996e-01 6.980599975585937500e+01 4.633200073242187500e+01 3.776900100708007812e+01
2.200000000000000000e+01 9.375000000000000000e-02 6.980599975585937500e+01 4.343500137329101562e+01 4.018199920654296875e+01
7.000000000000000000e+00 1.919642835855484009e-01 6.768399810791015625e+01 4.034299850463867188e+01 4.078099822998046875e+01
9.000000000000000000e+00 3.973214328289031982e-01 6.434300231933593750e+01 4.088800048828125000e+01 4.257600021362304688e+01
1.100000000000000000e+01 6.607142686843872070e-01 6.067699813842773438e+01 4.186299896240234375e+01 4.221799850463867188e+01
2.000000000000000000e+01 7.321428656578063965e-01 5.988999938964843750e+01 4.530899810791015625e+01 4.104700088500976562e+01
1.300000000000000000e+01 8.705357313156127930e-01 5.650000000000000000e+01 4.700099945068359375e+01 4.055799865722656250e+01
2.200000000000000000e+01 9.107142686843872070e-01 5.547499847412109375e+01 4.950199890136718750e+01 3.781800079345703125e+01
7.000000000000000000e+00 9.285714030265808105e-01 5.246400070190429688e+01 5.171200180053710938e+01 3.899900054931640625e+01
1.100000000000000000e+01 9.196428656578063965e-01 5.089599990844726562e+01 5.370500183105468750e+01 3.606700134277343750e+01
3.000000000000000000e+00 8.214285969734191895e-01 4.858499908447265625e+01 5.672000122070312500e+01 3.626800155639648438e+01
1.800000000000000000e+01 8.660714030265808105e-01 4.629399871826171875e+01 5.541400146484375000e+01 3.343500137329101562e+01
1.300000000000000000e+01 7.723214030265808105e-01 4.304499816894531250e+01 5.726900100708007812e+01 3.459400177001953125e+01
1.700000000000000000e+01 6.160714030265808105e-01 4.459899902343750000e+01 6.075099945068359375e+01 3.461500167846679688e+01
2.000000000000000000e+01 5.937500000000000000e-01 4.542399978637695312e+01 6.036000061035156250e+01 3.084199905395507812e+01
1.900000000000000000e+01 5.357142686843872070e-01 4.163100051879882812e+01 5.994599914550781250e+01 3.020299911499023438e+01
1.300000000000000000e+01 3.660714328289031982e-01 4.065900039672851562e+01 6.251800155639648438e+01 3.276300048828125000e+01
0.000000000000000000e+00 1.830357164144515991e-01 4.248799896240234375e+01 6.552400207519531250e+01 3.113100051879882812e+01
1.200000000000000000e+01 1.428571492433547974e-01 4.049100112915039062e+01 6.468900299072265625e+01 2.789599990844726562e+01
9.000000000000000000e+00 1.160714253783226013e-01 3.714300155639648438e+01 6.439900207519531250e+01 2.987599945068359375e+01
1.100000000000000000e+01 3.125000000000000000e-01 3.675699996948242188e+01 6.068199920654296875e+01 3.015900039672851562e+01
1.700000000000000000e+01 4.910714328289031982e-01 3.606100082397460938e+01 5.877399826049804688e+01 3.341600036621093750e+01
1.600000000000000000e+01 7.008928656578063965e-01 3.754999923706054688e+01 5.529399871826171875e+01 3.271900177001953125e+01
1.500000000000000000e+01 7.767857313156127930e-01 3.665100097656250000e+01 5.230199813842773438e+01 3.485100173950195312e+01
7.000000000000000000e+00 8.928571343421936035e-01 4.208900070190429688e+01 5.357899856567382812e+01 3.847700119018554688e+01
0.000000000000000000e+00 9.821428656578063965e-01 4.772800064086914062e+01 5.001300048828125000e+01 3.566500091552734375e+01
7.000000000000000000e+00 9.910714030265808105e-01 4.996099853515625000e+01 4.813899993896484375e+01 3.807600021362304688e+01
2.200000000000000000e+01 9.732142686843872070e-01 5.259600067138671875e+01 4.577299880981445312e+01 3.645399856567382812e+01
2.200000000000000000e+01 9.464285969734191895e-01 5.453499984741210938e+01 4.356900024414062500e+01 3.900000000000000000e+01
1.500000000000000000e+01 8.526785969734191895e-01 5.725699996948242188e+01 4.101599884033203125e+01 3.816600036621093750e+01
1.800000000000000000e+01 6.741071343421936035e-01 6.035599899291992188e+01 3.890900039672851562e+01 3.918600082397460938e+01
0.000000000000000000e+00 5.491071343421936035e-01 6.314199829101562500e+01 4.006100082397460938e+01 3.707400131225585938e+01
2.000000000000000000e+00 2.857142984867095947e-01 6.594799804687500000e+01 3.775799942016601562e+01 3.585200119018554688e+01
3.000000000000000000e+00 2.767857015132904053e-01 6.459899902343750000e+01 3.435100173950195312e+01 3.694400024414062500e+01
1.700000000000000000e+01 1.473214328289031982e-01 6.563400268554687500e+01 3.264699935913085938e+01 3.371400070190429688e+01
9.000000000000000000e+00 5.803571268916130066e-02 6.880500030517578125e+01 3.478699874877929688e+01 3.382600021362304688e+01
1.600000000000000000e+01 7.142857462167739868e-02 6.961799621582031250e+01 3.825000000000000000e+01 3.229499816894531250e+01
1.000000000000000000e+00 2.187500000000000000e-01 6.675499725341796875e+01 3.947999954223632812e+01 3.003199958801269531e+01
1.000000000000000000e+00 2.901785671710968018e-01 6.569400024414062500e+01 4.288600158691406250e+01 2.865299987792968750e+01
2.000000000000000000e+01 5.803571343421936035e-01 6.207899856567382812e+01 4.372700119018554688e+01 2.912700080871582031e+01
1.800000000000000000e+01 6.250000000000000000e-01 6.001300048828125000e+01 4.614300155639648438e+01 2.702899932861328125e+01
1.100000000000000000e+01 8.169642686843872070e-01 5.652500152587890625e+01 4.658599853515625000e+01 2.855400085449218750e+01
0.000000000000000000e+00 8.125000000000000000e-01 5.373699951171875000e+01 4.749499893188476562e+01 2.612400054931640625e+01
0.000000000000000000e+00 9.062500000000000000e-01 5.027600097656250000e+01 4.835499954223632812e+01 2.748299980163574219e+01
1.200000000000000000e+01 8.303571343421936035e-01 4.720399856567382812e+01 4.926399993896484375e+01 2.529199981689453125e+01
1.200000000000000000e+01 8.482142686843872070e-01 4.474200057983398438e+01 5.150600051879882812e+01 2.725099945068359375e+01
1.700000000000000000e+01 7.678571343421936035e-01 4.094100189208984375e+01 5.187500000000000000e+01 2.690900039672851562e+01
1.600000000000000000e+01 7.232142686843872070e-01 3.821799850463867188e+01 5.300899887084960938e+01 2.927899932861328125e+01
2.000000000000000000e+01 7.812500000000000000e-01 3.668999862670898438e+01 4.959999847412109375e+01 3.024399948120117188e+01
1.700000000000000000e+01 8.750000000000000000e-01 3.971400070190429688e+01 4.732699966430664062e+01 2.933900070190429688e+01
2.000000000000000000e+01 9.419642686843872070e-01 4.346400070190429688e+01 4.738700103759765625e+01 2.926600074768066406e+01
1.700000000000000000e+01 9.375000000000000000e-01 4.609199905395507812e+01 4.503799819946289062e+01 2.784799957275390625e+01
1.800000000000000000e+01 9.687500000000000000e-01 4.966899871826171875e+01 4.470700073242187500e+01 2.902899932861328125e+01
1.800000000000000000e+01 8.794642686843872070e-01 5.254399871826171875e+01 4.247000122070312500e+01 2.768899917602539062e+01
0.000000000000000000e+00 7.991071343421936035e-01 5.625000000000000000e+01 4.196200180053710938e+01 2.803300094604492188e+01
2.200000000000000000e+01 6.026785969734191895e-01 5.841999816894531250e+01 4.166500091552734375e+01 2.494000053405761719e+01
2.200000000000000000e+01 4.732142984867095947e-01 6.157400131225585938e+01 3.999000167846679688e+01 2.623200035095214844e+01
1.800000000000000000e+01 1.696428507566452026e-01 6.506800079345703125e+01 4.021200180053710938e+01 2.456900024414062500e+01
2.000000000000000000e+00 3.571428731083869934e-02 6.866100311279296875e+01 3.891899871826171875e+01 2.504199981689453125e+01
1.600000000000000000e+01 1.785714365541934967e-02 7.122299957275390625e+01 4.153799819946289062e+01 2.652300071716308594e+01
