5.000000000000000000e+00 1.160714253783226013e-01 2.626399993896484375e+01 3.711899948120117188e+01 4.100099945068359375e+01
1.600000000000000000e+01 2.053571492433547974e-01 2.657699966430664062e+01 4.101200103759765625e+01 4.156299972534179688e+01
1.200000000000000000e+01 4.776785671710968018e-01 3.049200057983398438e+01 4.075799942016601562e+01 4.123899841308593750e+01
1.400000000000000000e+01 5.357142686843872070e-01 3.181399917602539062e+01 3.808700180053710938e+01 3.870800018310546875e+01
2.200000000000000000e+01 7.142857313156127930e-01 3.542699813842773438e+01 3.735599899291992188e+01 3.798600006103515625e+01
1.300000000000000000e+01 6.875000000000000000e-01 3.617399978637695312e+01 3.532699966430664062e+01 3.490200042724609375e+01
2.200000000000000000e+01 7.410714030265808105e-01 3.969599914550781250e+01 3.419800186157226562e+01 3.399200057983398438e+01
1.200000000000000000e+01 6.785714030265808105e-01 4.084500122070312500e+01 3.283300018310546875e+01 3.051300048828125000e+01
3.000000000000000000e+00 6.160714030265808105e-01 4.402399826049804688e+01 3.123299980163574219e+01 2.905699920654296875e+01
0.000000000000000000e+00 5.669642686843872070e-01 4.535900115966796875e+01 3.213800048828125000e+01 2.559700012207031250e+01
2.200000000000000000e+01 3.348214328289031982e-01 4.766699981689453125e+01 2.910099983215332031e+01 2.513400077819824219e+01
1.000000000000000000e+00 2.098214328289031982e-01 4.469400024414062500e+01 2.663800048828125000e+01 2.509600067138671875e+01
9.000000000000000000e+00 2.991071343421936035e-01 4.233800125122070312e+01 2.956299972534179688e+01 2.406200027465820312e+01
1.700000000000000000e+01 2.812500000000000000e-01 3.993199920654296875e+01 2.848699951171875000e+01 2.669400024414062500e+01
1.600000000000000000e+01 4.062500000000000000e-01 3.901599884033203125e+01 2.926300048828125000e+01 3.047200012207031250e+01
0.000000000000000000e+00 5.580357313156127930e-01 4.159999847412109375e+01 2.942200088500976562e+01 3.326800155639648438e+01
1.100000000000000000e+01 3.437500000000000000e-01 4.081900024414062500e+01 2.687599945068359375e+01 3.598600006103515625e+01
2.000000000000000000e+00 4.285714328289031982e-01 4.176800155639648438e+01 2.761300086975097656e+01 3.966799926757812500e+01
2.200000000000000000e+01 6.741071343421936035e-01 4.315100097656250000e+01 3.112000083923339844e+01 3.966999816894531250e+01
0.000000000000000000e+00 6.651785969734191895e-01 4.327299880981445312e+01 3.239500045776367188e+01 4.327700042724609375e+01
1.400000000000000000e+01 7.544642686843872070e-01 4.221200180053710938e+01 3.579899978637695312e+01 4.431800079345703125e+01
2.200000000000000000e+01 7.187500000000000000e-01 3.897700119018554688e+01 4.105899810791015625e+01 4.697900009155273438e+01
1.500000000000000000e+01 6.517857313156127930e-01 3.907400131225585938e+01 4.420100021362304688e+01 4.924499893188476562e+01
1.000000000000000000e+00 5.178571343421936035e-01 3.705300140380859375e+01 4.737099838256835938e+01 5.005699920654296875e+01
1.300000000000000000e+01 5.223214030265808105e-01 3.883300018310546875e+01 5.071400070190429688e+01 5.027700042724609375e+01
0.000000000000000000e+00 2.455357164144515991e-01 3.806100082397460938e+01 5.213499832153320312e+01 5.369599914550781250e+01
0.000000000000000000e+00 7.589285820722579956e-02 3.715900039672851562e+01 5.559199905395507812e+01 5.531100082397460938e+01
3.000000000000000000e+00 8.482142537832260132e-02 4.097299957275390625e+01 5.628499984741210938e+01 5.609799957275390625e+01
3.000000000000000000e+00 3.125000000000000000e-01 4.180500030517578125e+01 5.532799911499023438e+01 5.249499893188476562e+01
1.800000000000000000e+01 3.883928656578063965e-01 4.331900024414062500e+01 5.188100051879882812e+01 5.339300155639648438e+01
1.900000000000000000e+01 5.625000000000000000e-01 4.247999954223632812e+01 4.832600021362304688e+01 5.206999969482421875e+01
7.000000000000000000e+00 3.303571343421936035e-01 3.979199981689453125e+01 4.634400177001953125e+01 5.414500045776367188e+01
1.600000000000000000e+01 3.660714328289031982e-01 3.915000152587890625e+01 4.259600067138671875e+01 5.329499816894531250e+01
1.500000000000000000e+01 3.482142984867095947e-01 3.587400054931640625e+01 4.180199813842773438e+01 5.139400100708007812e+01
0.000000000000000000e+00 3.928571343421936035e-01 3.561999893188476562e+01 3.840599822998046875e+01 4.950500106811523438e+01
1.700000000000000000e+01 5.000000000000000000e-01 3.789500045776367188e+01 3.564500045776367188e+01 4.805300140380859375e+01
9.000000000000000000e+00 4.508928656578063965e-01 3.817300033569335938e+01 3.244100189208984375e+01 4.609400177001953125e+01
1.300000000000000000e+01 5.089285969734191895e-01 3.976599884033203125e+01 3.064599990844726562e+01 4.313800048828125000e+01
1.800000000000000000e+01 5.044642686843872070e-01 3.804399871826171875e+01 3.027099990844726562e+01 3.975299835205078125e+01
1.700000000000000000e+01 2.232142835855484009e-01 3.603300094604492188e+01 2.715500068664550781e+01 3.875299835205078125e+01
7.000000000000000000e+00 1.026785746216773987e-01 3.622800064086914062e+01 2.477199935913085938e+01 3.573300170898437500e+01
1.700000000000000000e+01 1.517857164144515991e-01 3.418700027465820312e+01 2.698100090026855469e+01 3.323500061035156250e+01
9.000000000000000000e+00 4.151785671710968018e-01 3.632799911499023438e+01 3.004299926757812500e+01 3.436100006103515625e+01
7.000000000000000000e+00 4.241071343421936035e-01 3.395899963378906250e+01 3.199600028991699219e+01 3.668500137329101562e+01
1.200000000000000000e+01 4.598214328289031982e-01 3.440599822998046875e+01 3.275600051879882812e+01 4.048099899291992188e+01
9.000000000000000000e+00 1.250000000000000000e-01 2.959099960327148438e+01 3.374499893188476562e+01 4.529199981689453125e+01
1.200000000000000000e+01 2.946428656578063965e-01 3.168700027465820312e+01 3.672000122070312500e+01 4.625099945068359375e+01
1.800000000000000000e+01 1.607142835855484009e-01 2.894000053405761719e+01 3.893999862670898438e+01 4.754399871826171875e+01
1.800000000000000000e+01 2.678571455180644989e-02 2.509099960327148438e+01 3.960400009155273438e+01 4.807400131225585938e+01
7.000000000000000000e+00 1.785714365541934967e-02 2.316200065612792969e+01 4.291199874877929688e+01 4.709600067138671875e+01
7.000000000000000000e+00 0.000000000000000000e+00 2.288500022888183594e+01 4.421300125122070312e+01 5.069599914550781250e+01
7.000000000000000000e+00 3.125000000000000000e-02 2.661400032043457031e+01 4.357199859619140625e+01 5.130400085449218750e+01
1.500000000000000000e+01 1.383928507566452026e-01 2.783499908447265625e+01 4.489899826049804688e+01 4.805099868774414062e+01
2.200000000000000000e+01 8.928571641445159912e-02 2.773900032043457031e+01 4.860100173950195312e+01 4.903599929809570312e+01
7.000000000000000000e+00 1.785714328289031982e-01 2.926799964904785156e+01 5.154000091552734375e+01 4.725500106811523438e+01
9.000000000000000000e+00 3.392857015132904053e-01 3.303599929809570312e+01 5.213999938964843750e+01 4.727299880981445312e+01
1.100000000000000000e+01 6.339285969734191895e-01 3.645299911499023438e+01 5.168899917602539062e+01 4.567599868774414062e+01
2.000000000000000000e+01 7.232142686843872070e-01 3.734999847412109375e+01 4.795800018310546875e+01 4.554000091552734375e+01
1.300000000000000000e+01 8.660714030265808105e-01 4.056399917602539062e+01 4.604800033569335938e+01 4.456900024414062500e+01
2.200000000000000000e+01 9.107142686843872070e-01 4.073300170898437500e+01 4.253900146484375000e+01 4.314199829101562500e+01
7.000000000000000000e+00 9.241071343421936035e-01 4.415599822998046875e+01 4.083100128173828125e+01 4.375999832153320312e+01
1.100000000000000000e+01 9.285714030265808105e-01 4.478599929809570312e+01 3.808200073242187500e+01 4.118399810791015625e+01
3.000000000000000000e+00 8.571428656578063965e-01 4.762099838256835938e+01 3.558700180053710938e+01 4.153499984741210938e+01
1.800000000000000000e+01 8.750000000000000000e-01 4.820100021362304688e+01 3.466899871826171875e+01 3.788700103759765625e+01
1.300000000000000000e+01 7.946428656578063965e-01 5.185100173950195312e+01 3.338399887084960938e+01 3.825500106811523438e+01
1.700000000000000000e+01 6.383928656578063965e-01 5.068899917602539062e+01 3.060899925231933594e+01 4.058000183105468750e+01
2.000000000000000000e+01 6.116071343421936035e-01 4.832099914550781250e+01 2.929100036621093750e+01 3.783599853515625000e+01
1.900000000000000000e+01 5.848214030265808105e-01 5.120999908447265625e+01 2.920400047302246094e+01 3.519499969482421875e+01
1.300000000000000000e+01 4.196428656578063965e-01 5.377000045776367188e+01 2.769000053405761719e+01 3.773300170898437500e+01
0.000000000000000000e+00 2.723214328289031982e-01 5.100799942016601562e+01 2.504199981689453125e+01 3.834600067138671875e+01
1.200000000000000000e+01 2.187500000000000000e-01 5.131999969482421875e+01 2.422599983215332031e+01 3.468000030517578125e+01
9.000000000000000000e+00 1.562500000000000000e-01 5.513100051879882812e+01 2.407999992370605469e+01 3.512500000000000000e+01
1.100000000000000000e+01 3.080357015132904053e-01 5.567800140380859375e+01 2.722500038146972656e+01 3.309600067138671875e+01
1.700000000000000000e+01 4.821428656578063965e-01 5.747800064086914062e+01 3.040299987792968750e+01 3.439500045776367188e+01
1.600000000000000000e+01 7.008928656578063965e-01 5.582899856567382812e+01 3.359600067138671875e+01 3.324800109863281250e+01
1.500000000000000000e+01 7.901785969734191895e-01 5.685699844360351562e+01 3.716600036621093750e+01 3.288499832153320312e+01
7.000000000000000000e+00 8.973214030265808105e-01 5.368700027465820312e+01 3.784899902343750000e+01 3.879999923706054688e+01
0.000000000000000000e+00 9.910714030265808105e-01 4.721200180053710938e+01 4.097800064086914062e+01 3.774000167846679688e+01
7.000000000000000000e+00 9.866071343421936035e-01 4.536600112915039062e+01 4.353099822998046875e+01 3.986700057983398438e+01
2.200000000000000000e+01 9.732142686843872070e-01 4.234899902343750000e+01 4.585300064086914062e+01 3.927899932861328125e+01
2.200000000000000000e+01 9.330357313156127930e-01 4.123799896240234375e+01 4.889400100708007812e+01 4.129999923706054688e+01
1.500000000000000000e+01 8.258928656578063965e-01 3.802099990844726562e+01 5.073099899291992188e+01 4.053499984741210938e+01
1.800000000000000000e+01 6.473214030265808105e-01 3.481700134277343750e+01 5.240000152587890625e+01 4.200299835205078125e+01
0.000000000000000000e+00 5.401785969734191895e-01 3.197599983215332031e+01 4.992800140380859375e+01 4.210100173950195312e+01
2.000000000000000000e+00 2.633928656578063965e-01 2.823500061035156250e+01 5.072499847412109375e+01 4.224399948120117188e+01
3.000000000000000000e+00 1.741071492433547974e-01 2.835199928283691406e+01 5.452000045776367188e+01 4.265999984741210938e+01
1.700000000000000000e+01 3.571428731083869934e-02 2.501700019836425781e+01 5.642200088500976562e+01 4.189799880981445312e+01
9.000000000000000000e+00 2.232142910361289978e-02 2.307900047302246094e+01 5.322800064086914062e+01 4.095899963378906250e+01
1.600000000000000000e+01 7.142857462167739868e-02 2.402099990844726562e+01 4.952600097656250000e+01 4.130199813842773438e+01
1.000000000000000000e+00 2.008928507566452026e-01 2.578599929809570312e+01 4.783300018310546875e+01 3.846900177001953125e+01
1.000000000000000000e+00 2.544642984867095947e-01 2.658099937438964844e+01 4.410499954223632812e+01 3.785599899291992188e+01
2.000000000000000000e+01 5.491071343421936035e-01 3.036800003051757812e+01 4.389400100708007812e+01 3.734099960327148438e+01
1.800000000000000000e+01 6.205357313156127930e-01 3.189100074768066406e+01 4.119400024414062500e+01 3.509400177001953125e+01
1.100000000000000000e+01 8.125000000000000000e-01 3.575600051879882812e+01 4.118199920654296875e+01 3.525299835205078125e+01
0.000000000000000000e+00 8.080357313156127930e-01 3.718000030517578125e+01 3.933900070190429688e+01 3.224800109863281250e+01
0.000000000000000000e+00 9.062500000000000000e-01 4.092100143432617188e+01 3.854600143432617188e+01 3.234099960327148438e+01
1.200000000000000000e+01 8.348214030265808105e-01 4.290999984741210938e+01 3.676599884033203125e+01 2.964200019836425781e+01
1.200000000000000000e+01 8.303571343421936035e-01 4.631200027465820312e+01 3.516400146484375000e+01 3.058099937438964844e+01
1.700000000000000000e+01 7.455357313156127930e-01 4.923500061035156250e+01 3.432400131225585938e+01 2.843300056457519531e+01
1.600000000000000000e+01 7.053571343421936035e-01 5.307099914550781250e+01 3.366400146484375000e+01 2.914900016784667969e+01
2.000000000000000000e+01 7.767857313156127930e-01 5.416799926757812500e+01 3.727600097656250000e+01 2.835499954223632812e+01
1.700000000000000000e+01 8.883928656578063965e-01 5.095899963378906250e+01 3.929700088500976562e+01 2.873900032043457031e+01
2.000000000000000000e+01 9.598214030265808105e-01 4.761800003051757812e+01 3.984299850463867188e+01 3.037800025939941406e+01
1.700000000000000000e+01 9.419642686843872070e-01 4.447100067138671875e+01 4.162900161743164062e+01 2.917499923706054688e+01
1.800000000000000000e+01 9.687500000000000000e-01 4.180199813842773438e+01 4.262300109863281250e+01 3.170800018310546875e+01
1.800000000000000000e+01 8.794642686843872070e-01 3.838299942016601562e+01 4.398799896240234375e+01 3.067399978637695312e+01
0.000000000000000000e+00 8.169642686843872070e-01 3.562300109863281250e+01 4.520299911499023438e+01 3.300600051879882812e+01
2.200000000000000000e+01 6.250000000000000000e-01 3.212099838256835938e+01 4.463000106811523438e+01 3.156299972534179688e+01
2.200000000000000000e+01 4.732142984867095947e-01 2.930100059509277344e+01 4.668000030517578125e+01 3.314300155639648438e+01
1.800000000000000000e+01 1.875000000000000000e-01 2.557399940490722656e+01 4.606999969482421875e+01 3.295600128173828125e+01
2.000000000000000000e+00 6.250000000000000000e-02 2.266900062561035156e+01 4.782500076293945312e+01 3.466699981689453125e+01
1.600000000000000000e+01 8.928571827709674835e-03 1.992200088500976562e+01 4.583900070190429688e+01 3.652099990844726562e+01
5.000000000000000000e+00 1.205357164144515991e-01 6.776100158691406250e+01 5.093799972534179688e+01 2.785000038146972656e+01
1.600000000000000000e+01 2.321428507566452026e-01 6.734899902343750000e+01 4.791199874877929688e+01 3.010899925231933594e+01
1.200000000000000000e+01 4.866071343421936035e-01 6.381700134277343750e+01 4.914400100708007812e+01 3.087000083923339844e+01
1.400000000000000000e+01 4.955357015132904053e-01 6.203200149536132812e+01 5.104600143432617188e+01 2.815699958801269531e+01
2.200000000000000000e+01 6.919642686843872070e-01 5.818299865722656250e+01 5.148799896240234375e+01 2.855299949645996094e+01
1.300000000000000000e+01 6.562500000000000000e-01 5.581800079345703125e+01 5.248300170898437500e+01 2.581699943542480469e+01
2.200000000000000000e+01 7.366071343421936035e-01 5.223799896240234375e+01 5.346500015258789062e+01 2.660799980163574219e+01
1.200000000000000000e+01 6.830357313156127930e-01 4.953099822998046875e+01 5.316899871826171875e+01 2.386899948120117188e+01
3.000000000000000000e+00 6.428571343421936035e-01 4.595299911499023438e+01 5.440299987792968750e+01 2.380900001525878906e+01
0.000000000000000000e+00 5.892857313156127930e-01 4.308499908447265625e+01 5.257799911499023438e+01 2.219400024414062500e+01
2.200000000000000000e+01 4.464285671710968018e-01 4.083100128173828125e+01 5.565399932861328125e+01 2.239800071716308594e+01
1.000000000000000000e+00 2.142857164144515991e-01 4.224399948120117188e+01 5.784500122070312500e+01 1.956699943542480469e+01
9.000000000000000000e+00 2.767857015132904053e-01 4.452600097656250000e+01 5.493000030517578125e+01 1.840099906921386719e+01
1.700000000000000000e+01 2.589285671710968018e-01 4.752299880981445312e+01 5.706999969482421875e+01 1.926799964904785156e+01
1.600000000000000000e+01 3.571428656578063965e-01 5.076399993896484375e+01 5.688499832153320312e+01 2.149399948120117188e+01
0.000000000000000000e+00 5.267857313156127930e-01 5.002099990844726562e+01 5.807899856567382812e+01 2.508099937438964844e+01
1.100000000000000000e+01 3.169642984867095947e-01 5.200199890136718750e+01 6.126100158691406250e+01 2.545400047302246094e+01
2.000000000000000000e+00 3.214285671710968018e-01 5.312500000000000000e+01 6.257799911499023438e+01 2.885899925231933594e+01
2.200000000000000000e+01 6.026785969734191895e-01 5.153300094604492188e+01 5.992699813842773438e+01 3.120100021362304688e+01
0.000000000000000000e+00 6.294642686843872070e-01 5.334000015258789062e+01 5.958700180053710938e+01 3.462799835205078125e+01
1.400000000000000000e+01 7.678571343421936035e-01 5.458300018310546875e+01 5.608000183105468750e+01 3.591299819946289062e+01
2.200000000000000000e+01 7.321428656578063965e-01 5.880699920654296875e+01 5.193700027465820312e+01 3.930599975585937500e+01
1.500000000000000000e+01 7.098214030265808105e-01 5.898099899291992188e+01 5.020100021362304688e+01 4.268799972534179688e+01
1.000000000000000000e+00 6.071428656578063965e-01 6.124700164794921875e+01 4.735699844360351562e+01 4.400899887084960938e+01
1.300000000000000000e+01 5.803571343421936035e-01 6.010800170898437500e+01 4.490399932861328125e+01 4.673500061035156250e+01
0.000000000000000000e+00 2.857142984867095947e-01 6.256700134277343750e+01 4.483700180053710938e+01 4.962400054931640625e+01
0.000000000000000000e+00 9.821428358554840088e-02 6.416100311279296875e+01 4.222900009155273438e+01 5.205400085449218750e+01
3.000000000000000000e+00 1.071428582072257996e-01 6.113600158691406250e+01 4.231299972534179688e+01 5.433000183105468750e+01
3.000000000000000000e+00 3.526785671710968018e-01 5.865999984741210938e+01 4.250400161743164062e+01 5.137699890136718750e+01
1.800000000000000000e+01 3.750000000000000000e-01 5.814599990844726562e+01 4.639799880981445312e+01 5.172700119018554688e+01
1.900000000000000000e+01 5.982142686843872070e-01 5.753499984741210938e+01 4.827399826049804688e+01 4.836000061035156250e+01
7.000000000000000000e+00 4.375000000000000000e-01 6.029600143432617188e+01 5.094900131225585938e+01 4.799599838256835938e+01
1.600000000000000000e+01 4.553571343421936035e-01 6.088000106811523438e+01 5.352899932861328125e+01 4.516999816894531250e+01
1.500000000000000000e+01 3.973214328289031982e-01 6.333900070190429688e+01 5.259999847412109375e+01 4.245500183105468750e+01
0.000000000000000000e+00 4.330357015132904053e-01 6.269699859619140625e+01 5.492200088500976562e+01 3.947600173950195312e+01
1.700000000000000000e+01 4.910714328289031982e-01 6.016199874877929688e+01 5.731100082397460938e+01 3.801699829101562500e+01
9.000000000000000000e+00 4.419642984867095947e-01 5.909199905395507812e+01 5.925600051879882812e+01 3.483700180053710938e+01
1.300000000000000000e+01 4.642857015132904053e-01 5.656600189208984375e+01 6.037400054931640625e+01 3.231999969482421875e+01
1.800000000000000000e+01 4.687500000000000000e-01 5.613600158691406250e+01 5.918999862670898438e+01 2.873500061035156250e+01
1.700000000000000000e+01 1.964285671710968018e-01 5.753400039672851562e+01 6.122700119018554688e+01 2.580800056457519531e+01
7.000000000000000000e+00 8.035714179277420044e-02 5.596400070190429688e+01 6.259700012207031250e+01 2.263599967956542969e+01
1.700000000000000000e+01 1.294642835855484009e-01 5.664899826049804688e+01 5.934000015258789062e+01 2.100799942016601562e+01
9.000000000000000000e+00 3.705357015132904053e-01 5.484400177001953125e+01 5.750999832153320312e+01 2.391699981689453125e+01
7.000000000000000000e+00 3.839285671710968018e-01 5.811399841308593750e+01 5.591500091552734375e+01 2.506699943542480469e+01
1.200000000000000000e+01 4.107142984867095947e-01 5.988700103759765625e+01 5.642100143432617188e+01 2.837500000000000000e+01
9.000000000000000000e+00 1.428571492433547974e-01 6.628500366210937500e+01 5.634199905395507812e+01 3.103800010681152344e+01
1.200000000000000000e+01 2.901785671710968018e-01 6.485299682617187500e+01 5.509099960327148438e+01 3.429899978637695312e+01
1.800000000000000000e+01 1.696428507566452026e-01 6.787699890136718750e+01 5.294800186157226562e+01 3.544499969482421875e+01
1.800000000000000000e+01 4.910714179277420044e-02 7.133999633789062500e+01 5.201300048828125000e+01 3.433200073242187500e+01
7.000000000000000000e+00 4.017857089638710022e-02 7.227100372314453125e+01 4.842300033569335938e+01 3.317100143432617188e+01
7.000000000000000000e+00 4.464285913854837418e-03 7.444899749755859375e+01 4.811299896240234375e+01 3.630500030517578125e+01
7.000000000000000000e+00 5.803571268916130066e-02 7.165000152587890625e+01 4.925099945068359375e+01 3.872399902343750000e+01
1.500000000000000000e+01 1.919642835855484009e-01 6.904199981689453125e+01 4.688700103759765625e+01 3.695100021362304688e+01
2.200000000000000000e+01 1.116071417927742004e-01 6.998600006103515625e+01 4.374800109863281250e+01 3.887699890136718750e+01
7.000000000000000000e+00 2.276785671710968018e-01 6.772499847412109375e+01 4.091600036621093750e+01 3.999700164794921875e+01
9.000000000000000000e+00 4.017857015132904053e-01 6.459400177001953125e+01 4.108100128173828125e+01 4.216799926757812500e+01
1.100000000000000000e+01 6.696428656578063965e-01 6.084799957275390625e+01 4.201200103759765625e+01 4.177600097656250000e+01
2.000000000000000000e+01 7.500000000000000000e-01 6.002700042724609375e+01 4.523699951171875000e+01 4.005199813842773438e+01
1.300000000000000000e+01 8.928571343421936035e-01 5.651300048828125000e+01 4.674599838256835938e+01 3.987799835205078125e+01
2.200000000000000000e+01 9.151785969734191895e-01 5.549200057983398438e+01 4.979000091552734375e+01 3.777799987792968750e+01
7.000000000000000000e+00 9.375000000000000000e-01 5.237200164794921875e+01 5.171099853515625000e+01 3.858000183105468750e+01
1.100000000000000000e+01 9.196428656578063965e-01 5.080300140380859375e+01 5.384400177001953125e+01 3.595800018310546875e+01
3.000000000000000000e+00 8.214285969734191895e-01 4.838199996948242188e+01 5.689500045776367188e+01 3.648699951171875000e+01
1.800000000000000000e+01 8.392857313156127930e-01 4.578699874877929688e+01 5.612200164794921875e+01 3.373699951171875000e+01
1.300000000000000000e+01 7.276785969734191895e-01 4.337799835205078125e+01 5.835100173950195312e+01 3.559799957275390625e+01
1.700000000000000000e+01 5.758928656578063965e-01 4.522900009155273438e+01 6.161999893188476562e+01 3.506399917602539062e+01
2.000000000000000000e+01 5.937500000000000000e-01 4.568000030517578125e+01 6.070399856567382812e+01 3.139399909973144531e+01
1.900000000000000000e+01 5.535714030265808105e-01 4.191299819946289062e+01 6.028400039672851562e+01 3.086800003051757812e+01
1.300000000000000000e+01 3.258928656578063965e-01 4.109799957275390625e+01 6.344300079345703125e+01 3.294800186157226562e+01
0.000000000000000000e+00 2.366071492433547974e-01 4.377600097656250000e+01 6.538800048828125000e+01 3.110899925231933594e+01
1.200000000000000000e+01 1.830357164144515991e-01 4.195600128173828125e+01 6.466200256347656250e+01 2.780900001525878906e+01
9.000000000000000000e+00 1.339285671710968018e-01 3.836500167846679688e+01 6.485600280761718750e+01 2.917000007629394531e+01
1.100000000000000000e+01 3.035714328289031982e-01 3.765900039672851562e+01 6.114899826049804688e+01 2.882099914550781250e+01
1.700000000000000000e+01 3.794642984867095947e-01 3.579000091552734375e+01 5.965200042724609375e+01 3.189299964904785156e+01
1.600000000000000000e+01 6.607142686843872070e-01 3.822200012207031250e+01 5.717200088500976562e+01 3.356700134277343750e+01
1.500000000000000000e+01 7.589285969734191895e-01 3.730400085449218750e+01 5.383800125122070312e+01 3.513600158691406250e+01
7.000000000000000000e+00 8.705357313156127930e-01 4.254299926757812500e+01 5.423300170898437500e+01 3.923500061035156250e+01
0.000000000000000000e+00 9.821428656578063965e-01 4.721400070190429688e+01 5.023199844360351562e+01 3.539699935913085938e+01
7.000000000000000000e+00 9.955357313156127930e-01 4.969599914550781250e+01 4.763299942016601562e+01 3.689500045776367188e+01
2.200000000000000000e+01 9.776785969734191895e-01 5.277799987792968750e+01 4.571400070190429688e+01 3.578599929809570312e+01
2.200000000000000000e+01 9.553571343421936035e-01 5.463000106811523438e+01 4.329499816894531250e+01 3.822999954223632812e+01
1.500000000000000000e+01 8.482142686843872070e-01 5.765999984741210938e+01 4.124000167846679688e+01 3.694400024414062500e+01
1.800000000000000000e+01 6.964285969734191895e-01 6.058000183105468750e+01 3.925899887084960938e+01 3.827500152587890625e+01
0.000000000000000000e+00 5.312500000000000000e-01 6.385300064086914062e+01 4.080199813842773438e+01 3.671599960327148438e+01
2.000000000000000000e+00 2.678571343421936035e-01 6.677899932861328125e+01 3.861500167846679688e+01 3.552199935913085938e+01
3.000000000000000000e+00 2.500000000000000000e-01 6.554100036621093750e+01 3.521500015258789062e+01 3.648400115966796875e+01
1.700000000000000000e+01 9.375000000000000000e-02 6.751399993896484375e+01 3.335200119018554688e+01 3.379800033569335938e+01
9.000000000000000000e+00 5.357142910361289978e-02 7.040599822998046875e+01 3.588999938964843750e+01 3.356000137329101562e+01
1.600000000000000000e+01 6.696428358554840088e-02 7.068199920654296875e+01 3.960200119018554688e+01 3.257099914550781250e+01
1.000000000000000000e+00 1.651785671710968018e-01 6.825000000000000000e+01 4.092100143432617188e+01 2.986599922180175781e+01
1.000000000000000000e+00 2.410714328289031982e-01 6.674800109863281250e+01 4.413700103759765625e+01 2.845999908447265625e+01
2.000000000000000000e+01 5.133928656578063965e-01 6.289899826049804688e+01 4.440599822998046875e+01 2.855100059509277344e+01
1.800000000000000000e+01 5.714285969734191895e-01 6.073899841308593750e+01 4.662599945068359375e+01 2.646899986267089844e+01
1.100000000000000000e+01 7.857142686843872070e-01 5.740100097656250000e+01 4.684299850463867188e+01 2.830900001525878906e+01
0.000000000000000000e+00 7.991071343421936035e-01 5.447700119018554688e+01 4.814300155639648438e+01 2.628700065612792969e+01
0.000000000000000000e+00 9.017857313156127930e-01 5.092100143432617188e+01 4.876100158691406250e+01 2.762899971008300781e+01
1.200000000000000000e+01 8.437500000000000000e-01 4.766999816894531250e+01 4.957400131225585938e+01 2.580699920654296875e+01
1.200000000000000000e+01 8.526785969734191895e-01 4.488800048828125000e+01 5.151499938964843750e+01 2.742799949645996094e+01
1.700000000000000000e+01 7.812500000000000000e-01 4.112200164794921875e+01 5.218000030517578125e+01 2.716900062561035156e+01
1.600000000000000000e+01 7.633928656578063965e-01 3.876699829101562500e+01 5.315399932861328125e+01 2.993700027465820312e+01
2.000000000000000000e+01 8.035714030265808105e-01 3.715299987792968750e+01 4.970199966430664062e+01 3.065099906921386719e+01
1.700000000000000000e+01 8.839285969734191895e-01 3.983900070190429688e+01 4.729399871826171875e+01 2.919400024414062500e+01
2.000000000000000000e+01 9.508928656578063965e-01 4.363299942016601562e+01 4.731399917602539062e+01 2.938299942016601562e+01
1.700000000000000000e+01 9.464285969734191895e-01 4.663700103759765625e+01 4.523899841308593750e+01 2.801399993896484375e+01
1.800000000000000000e+01 9.642857313156127930e-01 5.026800155639648438e+01 4.502700042724609375e+01 2.904100036621093750e+01
1.800000000000000000e+01 8.616071343421936035e-01 5.305699920654296875e+01 4.302899932861328125e+01 2.718899917602539062e+01
0.000000000000000000e+00 7.723214030265808105e-01 5.684600067138671875e+01 4.239899826049804688e+01 2.760300064086914062e+01
2.200000000000000000e+01 5.446428656578063965e-01 5.955500030517578125e+01 4.208300018310546875e+01 2.489599990844726562e+01
2.200000000000000000e+01 3.616071343421936035e-01 6.268299865722656250e+01 4.040299987792968750e+01 2.598900032043457031e+01
1.800000000000000000e+01 1.473214328289031982e-01 6.615399932861328125e+01 4.084999847412109375e+01 2.448100090026855469e+01
2.000000000000000000e+00 4.464285820722579956e-02 6.973600006103515625e+01 4.014599990844726562e+01 2.563299942016601562e+01
1.600000000000000000e+01 1.339285727590322495e-02 7.210399627685546875e+01 4.294499969482421875e+01 2.662000083923339844e+01
