1 1 14 0 0.0059880239520957446 0 0 31.156 53.799 47.263
1 2 18 0 0.08982035928143717 0 0 34.184 51.725 46.319
1 3 7 0 0.2574850299401197 0 0 34.372 51.601 42.499
1 4 20 0 0.5568862275449102 0 0 35.680 48.726 40.546
1 5 13 0 0.688622754491018 0 0 36.901 48.496 37.026
1 6 12 0 0.9041916167664671 0 0 36.503 44.876 35.978
1 7 22 0 0.9580838323353293 0 0 37.381 43.388 32.696
1 8 22 0 0.9880239520958084 0 0 36.089 40.268 31.007
1 9 22 0 0.9700598802395209 0 0 38.355 38.706 28.440
1 10 9 0 0.9341317365269461 0 0 37.988 35.438 26.557
1 11 0 0 0.7784431137724551 0 0 38.473 34.037 23.096
1 12 9 0 0.5868263473053892 0 0 35.917 34.183 20.372
1 13 9 0 0.5808383233532934 0 0 32.698 32.424 21.382
1 14 22 0 0.7964071856287425 0 0 33.334 31.492 25.019
1 15 9 0 0.844311377245509 0 0 30.197 33.133 26.500
1 16 13 0 0.9401197604790419 0 0 31.713 36.294 27.856
1 17 17 0 0.8502994011976048 0 0 28.919 38.705 27.186
1 18 0 0 0.7724550898203593 0 0 26.241 36.305 28.404
1 19 12 0 0.8982035928143712 0 0 28.032 35.921 31.748
1 20 18 0 0.8922155688622755 0 0 28.046 39.629 32.447
1 21 11 0 0.6766467065868262 0 0 24.576 40.112 30.989
1 22 6 0 0.6047904191616766 0 0 23.255 37.506 33.402
1 23 12 0 0.6646706586826348 0 0 24.532 39.496 36.323
1 24 11 0 0.5209580838323353 0 0 23.124 42.715 34.887
1 25 6 0 0.31137724550898194 0 0 19.927 41.999 32.933
1 26 2 0 0.25149700598802394 0 0 19.081 38.726 34.535
1 27 10 0 0.15568862275449102 0 0 18.075 36.753 31.393
1 28 15 0 0.33532934131736525 0 0 20.291 34.932 28.885
1 29 22 0 0.21556886227544902 0 0 20.312 37.095 25.714
1 30 3 0 0.06586826347305386 0 0 19.914 36.095 22.150
1 31 7 0 0.08383233532934131 0 0 21.086 39.505 21.019
1 32 20 0 0.11377245508982048 0 0 24.290 39.929 19.002
1 33 3 0 0.19760479041916168 0 0 25.305 43.245 20.595
1 34 16 0 0.32335329341317365 0 0 28.822 44.382 20.113
1 35 18 0 0.4491017964071856 0 0 29.558 46.374 23.283
1 36 11 0 0.28742514970059885 0 0 31.750 49.098 21.994
1 37 7 0 0.16167664670658677 0 0 31.078 52.087 24.252
1 38 3 0 0.281437125748503 0 0 28.418 50.775 26.528
1 39 17 0 0.41916167664670656 0 0 28.460 50.138 30.158
1 40 20 0 0.5688622754491017 0 0 27.669 47.655 32.850
1 41 1 0 0.4251497005988024 0 0 27.121 49.199 36.265
1 42 13 0 0.45508982035928147 0 0 26.292 47.023 39.146
1 43 6 0 0.20359281437125742 0 0 25.828 48.215 42.707
1 44 22 0 0.2694610778443114 0 0 25.970 45.015 44.579
1 45 22 0 0.13173652694610782 0 0 26.803 43.546 47.988
1 46 11 0 0.2934131736526946 0 0 29.719 41.273 48.513
1 47 3 0 0.053892215568862256 0 0 30.303 40.615 52.190
1 48 9 0 0.0 0 0 28.275 43.312 53.908
1 49 7 0 0.029940119760479056 0 0 29.293 46.238 51.732
1 50 18 0 0.041916167664670656 0 0 27.908 47.762 48.621
1 51 5 0 0.24550898203592808 0 0 30.478 47.715 45.869
1 52 12 0 0.35928143712574856 0 0 30.040 49.224 42.497
1 53 12 0 0.6227544910179641 0 0 31.025 47.054 39.596
1 54 3 0 0.6347305389221557 0 0 31.903 48.765 36.344
1 55 11 0 0.8562874251497006 0 0 32.456 45.954 33.889
1 56 12 0 0.8383233532934131 0 0 34.322 46.645 30.672
1 57 3 0 0.8682634730538922 0 0 33.396 44.230 27.946
1 58 18 0 0.8023952095808383 0 0 35.234 43.084 24.813
1 59 0 0 0.5449101796407185 0 0 33.832 43.603 21.359
1 60 9 0 0.38323353293413165 0 0 34.517 41.887 18.034
1 61 6 0 0.3293413173652695 0 0 37.134 39.502 16.826
1 62 7 0 0.44311377245508976 0 0 40.204 38.748 18.843
1 63 7 0 0.22754491017964074 0 0 43.182 40.808 17.833
1 64 20 0 0.14970059880239517 0 0 45.701 43.257 19.111
1 65 17 0 0.11976047904191622 0 0 44.191 46.715 19.456
1 66 0 0 0.07784431137724557 0 0 44.871 50.015 21.198
1 67 14 0 0.20958083832335328 0 0 41.266 49.929 22.390
1 68 1 0 0.5089820359281436 0 0 41.489 46.495 23.937
1 69 3 0 0.40718562874251496 0 0 44.683 47.508 25.686
1 70 6 0 0.3532934131736526 0 0 43.177 50.701 26.942
1 71 20 0 0.592814371257485 0 0 40.309 48.860 28.495
1 72 14 0 0.7065868263473054 0 0 42.704 46.363 30.128
1 73 1 0 0.4730538922155688 0 0 44.989 49.000 31.607
1 74 18 0 0.49101796407185627 0 0 41.939 50.847 32.983
1 75 9 0 0.7365269461077844 0 0 41.032 47.520 34.555
1 76 7 0 0.6706586826347305 0 0 41.773 46.799 38.159
1 77 9 0 0.874251497005988 0 0 40.685 43.253 37.914
1 78 15 0 0.9640718562874252 0 0 40.507 40.644 35.187
1 79 12 0 0.9940119760479041 0 0 37.885 37.945 34.770
1 80 5 0 0.9820359281437125 0 0 39.348 35.410 32.323
1 81 22 0 0.9760479041916168 0 0 36.800 33.257 30.525
1 82 15 0 0.8802395209580838 0 0 37.102 29.926 28.724
1 83 0 0 0.718562874251497 0 0 34.596 27.268 27.568
1 84 11 0 0.5149700598802396 0 0 34.976 23.801 28.899
1 85 2 0 0.26347305389221565 0 0 34.346 22.090 25.547
1 86 2 0 0.3772455089820359 0 0 36.931 24.285 23.778
1 87 18 0 0.29940119760479034 0 0 40.563 23.540 24.458
1 88 13 0 0.37125748502994016 0 0 41.787 26.586 22.526
1 89 17 0 0.6467065868263473 0 0 40.026 29.066 24.720
1 90 15 0 0.6407185628742516 0 0 41.751 27.535 27.717
1 91 7 0 0.4970059880239521 0 0 45.169 28.174 26.252
1 92 3 0 0.658682634730539 0 0 44.010 31.682 25.521
1 93 11 0 0.8203592814371258 0 0 44.023 32.444 29.178
1 94 10 0 0.5748502994011976 0 0 47.755 32.417 28.812
1 95 10 0 0.5389221556886228 0 0 47.518 34.828 25.922
1 96 20 0 0.7844311377245509 0 0 45.232 37.173 27.772
1 97 1 0 0.7245508982035929 0 0 47.375 36.832 30.914
1 98 7 0 0.4610778443113772 0 0 50.452 37.826 29.028
1 99 6 0 0.5029940119760479 0 0 48.626 40.857 27.564
1 100 11 0 0.652694610778443 0 0 47.433 41.950 31.089
1 101 13 0 0.3892215568862275 0 0 50.976 41.594 32.137
1 102 1 0 0.17964071856287422 0 0 52.217 43.824 29.379
1 103 22 0 0.27544910179640725 0 0 49.849 46.664 30.033
1 104 13 0 0.34730538922155685 0 0 49.720 46.605 33.834
1 105 3 0 0.09580838323353291 0 0 53.394 45.917 34.600
1 106 17 0 0.18562874251497008 0 0 52.494 43.186 37.048
1 107 7 0 0.3413173652694611 0 0 52.094 39.376 36.964
1 108 3 0 0.3652694610778443 0 0 50.509 39.465 40.421
1 109 22 0 0.5988023952095809 0 0 47.166 40.854 39.198
1 110 16 0 0.7664670658682635 0 0 43.885 39.777 40.790
1 111 14 0 0.9161676646706587 0 0 42.351 37.463 38.261
1 112 22 0 0.9461077844311377 0 0 39.831 34.615 38.300
1 113 12 0 0.9281437125748503 0 0 39.854 31.577 35.933
1 114 22 0 0.9520958083832335 0 0 36.337 31.056 34.653
1 115 9 0 0.8622754491017964 0 0 35.093 27.945 32.886
1 116 2 0 0.8323353293413174 0 0 31.855 28.432 31.105
1 117 13 0 0.5508982035928144 0 0 29.116 26.081 29.921
1 118 5 0 0.4850299401197605 0 0 29.606 23.927 32.899
1 119 3 0 0.17365269461077848 0 0 26.189 22.372 33.594
1 120 12 0 0.04790419161676651 0 0 27.104 19.334 31.461
1 121 16 0 0.0119760479041916 0 0 29.132 16.404 32.618
1 122 17 0 0.02395209580838331 0 0 31.427 16.453 29.594
1 123 1 0 0.10179640718562877 0 0 34.298 18.717 28.732
1 124 18 0 0.059880239520958 0 0 37.257 18.789 26.468
1 125 22 0 0.221556886227545 0 0 39.557 20.708 28.854
1 126 3 0 0.0718562874251496 0 0 41.490 18.425 31.136
1 127 18 0 0.14371257485029942 0 0 40.413 19.515 34.624
1 128 13 0 0.03592814371257491 0 0 43.790 18.571 36.011
1 129 6 0 0.10778443113772451 0 0 45.401 20.721 33.392
1 130 0 0 0.4131736526946108 0 0 42.994 23.495 34.457
1 131 6 0 0.3053892215568862 0 0 44.056 23.068 38.027
1 132 3 0 0.13772455089820357 0 0 47.660 23.417 37.063
1 133 12 0 0.437125748502994 0 0 46.772 26.624 35.435
1 134 0 0 0.5269461077844311 0 0 44.850 27.723 38.509
1 135 1 0 0.23952095808383234 0 0 47.793 26.871 40.811
1 136 17 0 0.19161676646706582 0 0 50.522 28.251 38.619
1 137 20 0 0.43113772455089827 0 0 49.367 31.863 38.460
1 138 9 0 0.4011976047904191 0 0 47.670 31.416 41.828
1 139 11 0 0.6946107784431137 0 0 44.214 32.269 40.413
1 140 16 0 0.7305389221556886 0 0 41.020 30.660 41.429
1 141 15 0 0.7604790419161677 0 0 39.183 28.191 39.206
1 142 11 0 0.8263473053892215 0 0 35.418 28.860 39.026
1 143 7 0 0.7485029940119761 0 0 32.915 26.978 36.813
1 144 18 0 0.7904191616766467 0 0 29.953 28.845 35.450
1 145 17 0 0.6107784431137725 0 0 26.994 28.210 33.185
1 146 0 0 0.6826347305389222 0 0 25.634 31.574 32.250
1 147 13 0 0.39520958083832336 0 0 22.530 30.274 30.585
1 148 18 0 0.2335329341317366 0 0 20.753 29.125 33.656
1 149 1 0 0.46706586826347307 0 0 22.699 31.154 36.172
1 150 6 0 0.47904191616766467 0 0 24.939 28.446 37.565
1 151 9 0 0.6167664670658684 0 0 27.613 30.127 39.634
1 152 22 0 0.8143712574850299 0 0 27.763 33.457 37.855
1 153 3 0 0.7005988023952096 0 0 27.246 35.613 40.962
1 154 3 0 0.7425149700598803 0 0 30.225 33.835 42.479
1 155 0 0 0.9221556886227544 0 0 32.591 34.583 39.586
1 156 15 0 0.9101796407185628 0 0 31.826 38.246 39.989
1 157 20 0 0.7544910179640718 0 0 31.926 38.126 43.744
1 158 18 0 0.8083832335329342 0 0 35.056 35.944 43.501
1 159 12 0 0.8862275449101796 0 0 36.878 38.665 41.673
1 160 22 0 0.7125748502994012 0 0 35.803 41.201 44.303
1 161 1 0 0.5329341317365269 0 0 36.976 38.921 47.108
1 162 7 0 0.6287425149700598 0 0 40.292 38.567 45.219
1 163 11 0 0.562874251497006 0 0 40.553 42.389 44.938
1 164 1 0 0.3173652694610779 0 0 39.797 42.655 48.713
1 165 13 0 0.16766467065868274 0 0 42.741 40.688 49.819
1 166 10 0 0.12574850299401197 0 0 44.849 43.525 48.439
1 167 13 0 0.017964071856287345 0 0 46.224 46.372 50.404
