5.000000000000000000e+00 7.589285820722579956e-02 2.527300071716308594e+01 3.773099899291992188e+01 4.172800064086914062e+01
1.600000000000000000e+01 1.964285671710968018e-01 2.656699943542480469e+01 4.132400131225585938e+01 4.154299926757812500e+01
1.200000000000000000e+01 4.821428656578063965e-01 3.035499954223632812e+01 4.071300125122070312e+01 4.087300109863281250e+01
1.400000000000000000e+01 5.312500000000000000e-01 3.172699928283691406e+01 3.786700057983398438e+01 3.855300140380859375e+01
2.200000000000000000e+01 7.142857313156127930e-01 3.529199981689453125e+01 3.724000167846679688e+01 3.711000061035156250e+01
1.300000000000000000e+01 6.517857313156127930e-01 3.573099899291992188e+01 3.516799926757812500e+01 3.395199966430664062e+01
2.200000000000000000e+01 7.232142686843872070e-01 3.936399841308593750e+01 3.400000000000000000e+01 3.342800140380859375e+01
1.200000000000000000e+01 6.562500000000000000e-01 4.062799835205078125e+01 3.274100112915039062e+01 3.007799911499023438e+01
3.000000000000000000e+00 6.205357313156127930e-01 4.382500076293945312e+01 3.137199974060058594e+01 2.865399932861328125e+01
0.000000000000000000e+00 5.758928656578063965e-01 4.513800048828125000e+01 3.258800125122070312e+01 2.537999916076660156e+01
2.200000000000000000e+01 3.482142984867095947e-01 4.746400070190429688e+01 2.959900093078613281e+01 2.485199928283691406e+01
1.000000000000000000e+00 1.785714328289031982e-01 4.488800048828125000e+01 2.708600044250488281e+01 2.389999961853027344e+01
9.000000000000000000e+00 2.589285671710968018e-01 4.190299987792968750e+01 2.942200088500976562e+01 2.364699935913085938e+01
1.700000000000000000e+01 2.812500000000000000e-01 4.032400131225585938e+01 2.809499931335449219e+01 2.683699989318847656e+01
1.600000000000000000e+01 3.437500000000000000e-01 3.859899902343750000e+01 2.892900085449218750e+01 3.011800003051757812e+01
0.000000000000000000e+00 5.089285969734191895e-01 4.117800140380859375e+01 2.896699905395507812e+01 3.306999969482421875e+01
1.100000000000000000e+01 3.035714328289031982e-01 4.019699859619140625e+01 2.641500091552734375e+01 3.583200073242187500e+01
2.000000000000000000e+00 3.750000000000000000e-01 4.091199874877929688e+01 2.742799949645996094e+01 3.955300140380859375e+01
2.200000000000000000e+01 6.607142686843872070e-01 4.255400085449218750e+01 3.089399909973144531e+01 3.911800003051757812e+01
0.000000000000000000e+00 6.741071343421936035e-01 4.292900085449218750e+01 3.220899963378906250e+01 4.269200134277343750e+01
1.400000000000000000e+01 7.589285969734191895e-01 4.228200149536132812e+01 3.570199966430664062e+01 4.399200057983398438e+01
2.200000000000000000e+01 7.321428656578063965e-01 3.952600097656250000e+01 4.112900161743164062e+01 4.683000183105468750e+01
1.500000000000000000e+01 6.919642686843872070e-01 4.031200027465820312e+01 4.382600021362304688e+01 4.931900024414062500e+01
1.000000000000000000e+00 5.848214030265808105e-01 3.854800033569335938e+01 4.713800048828125000e+01 5.017399978637695312e+01
1.300000000000000000e+01 5.357142686843872070e-01 4.003599929809570312e+01 5.060499954223632812e+01 5.081999969482421875e+01
0.000000000000000000e+00 2.678571343421936035e-01 3.972499847412109375e+01 5.188100051879882812e+01 5.431800079345703125e+01
0.000000000000000000e+00 9.375000000000000000e-02 3.958100128173828125e+01 5.553599929809570312e+01 5.545700073242187500e+01
3.000000000000000000e+00 1.205357164144515991e-01 4.334600067138671875e+01 5.588600158691406250e+01 5.582600021362304688e+01
3.000000000000000000e+00 3.928571343421936035e-01 4.425400161743164062e+01 5.422600173950195312e+01 5.250600051879882812e+01
1.800000000000000000e+01 4.017857015132904053e-01 4.498099899291992188e+01 5.072499847412109375e+01 5.402899932861328125e+01
1.900000000000000000e+01 5.580357313156127930e-01 4.336800003051757812e+01 4.761800003051757812e+01 5.247700119018554688e+01
7.000000000000000000e+00 3.348214328289031982e-01 4.089699935913085938e+01 4.571200180053710938e+01 5.461600112915039062e+01
1.600000000000000000e+01 3.883928656578063965e-01 3.986500167846679688e+01 4.212500000000000000e+01 5.341600036621093750e+01
1.500000000000000000e+01 3.973214328289031982e-01 3.659299850463867188e+01 4.170999908447265625e+01 5.142100143432617188e+01
0.000000000000000000e+00 4.419642984867095947e-01 3.615299987792968750e+01 3.850500106811523438e+01 4.925799942016601562e+01
1.700000000000000000e+01 5.044642686843872070e-01 3.838800048828125000e+01 3.564099884033203125e+01 4.809700012207031250e+01
9.000000000000000000e+00 4.241071343421936035e-01 3.814699935913085938e+01 3.228599929809570312e+01 4.613000106811523438e+01
1.300000000000000000e+01 4.687500000000000000e-01 3.884500122070312500e+01 3.051700019836425781e+01 4.288399887084960938e+01
1.800000000000000000e+01 4.642857015132904053e-01 3.738800048828125000e+01 3.017399978637695312e+01 3.937099838256835938e+01
1.700000000000000000e+01 1.875000000000000000e-01 3.506100082397460938e+01 2.724799919128417969e+01 3.852299880981445312e+01
7.000000000000000000e+00 8.035714179277420044e-02 3.542599868774414062e+01 2.443600082397460938e+01 3.579999923706054688e+01
1.700000000000000000e+01 1.026785746216773987e-01 3.399399948120117188e+01 2.669599914550781250e+01 3.289799880981445312e+01
9.000000000000000000e+00 3.794642984867095947e-01 3.636700057983398438e+01 2.962199974060058594e+01 3.385100173950195312e+01
7.000000000000000000e+00 3.839285671710968018e-01 3.386500167846679688e+01 3.158900070190429688e+01 3.612599945068359375e+01
1.200000000000000000e+01 4.508928656578063965e-01 3.410699844360351562e+01 3.291400146484375000e+01 3.977600097656250000e+01
9.000000000000000000e+00 1.428571492433547974e-01 2.924900054931640625e+01 3.419200134277343750e+01 4.410699844360351562e+01
1.200000000000000000e+01 3.169642984867095947e-01 3.184499931335449219e+01 3.679199981689453125e+01 4.524599838256835938e+01
1.800000000000000000e+01 2.008928507566452026e-01 2.972500038146972656e+01 3.929100036621093750e+01 4.728200149536132812e+01
1.800000000000000000e+01 4.910714179277420044e-02 2.613899993896484375e+01 4.024700164794921875e+01 4.815999984741210938e+01
7.000000000000000000e+00 1.785714365541934967e-02 2.407999992370605469e+01 4.324599838256835938e+01 4.731900024414062500e+01
7.000000000000000000e+00 0.000000000000000000e+00 2.376600074768066406e+01 4.417100143432617188e+01 5.104899978637695312e+01
7.000000000000000000e+00 2.678571455180644989e-02 2.762400054931640625e+01 4.368799972534179688e+01 5.154899978637695312e+01
1.500000000000000000e+01 1.696428507566452026e-01 2.887400054931640625e+01 4.547700119018554688e+01 4.831299972534179688e+01
2.200000000000000000e+01 9.821428358554840088e-02 2.881200027465820312e+01 4.916500091552734375e+01 4.962699890136718750e+01
7.000000000000000000e+00 2.187500000000000000e-01 3.080900001525878906e+01 5.204499816894531250e+01 4.813800048828125000e+01
9.000000000000000000e+00 4.107142984867095947e-01 3.461700057983398438e+01 5.205699920654296875e+01 4.824399948120117188e+01
1.100000000000000000e+01 6.696428656578063965e-01 3.774599838256835938e+01 5.151300048828125000e+01 4.620199966430664062e+01
2.000000000000000000e+01 7.633928656578063965e-01 3.829299926757812500e+01 4.772800064086914062e+01 4.550500106811523438e+01
1.300000000000000000e+01 8.928571343421936035e-01 4.147000122070312500e+01 4.594699859619140625e+01 4.465800094604492188e+01
2.200000000000000000e+01 9.151785969734191895e-01 4.150600051879882812e+01 4.255099868774414062e+01 4.304499816894531250e+01
7.000000000000000000e+00 9.285714030265808105e-01 4.475099945068359375e+01 4.071099853515625000e+01 4.354800033569335938e+01
1.100000000000000000e+01 9.241071343421936035e-01 4.525299835205078125e+01 3.778499984741210938e+01 4.117399978637695312e+01
3.000000000000000000e+00 8.571428656578063965e-01 4.798199844360351562e+01 3.517699813842773438e+01 4.147000122070312500e+01
1.800000000000000000e+01 8.750000000000000000e-01 4.832099914550781250e+01 3.467900085449218750e+01 3.761800003051757812e+01
1.300000000000000000e+01 7.812500000000000000e-01 5.187200164794921875e+01 3.314699935913085938e+01 3.818999862670898438e+01
1.700000000000000000e+01 6.160714030265808105e-01 5.092800140380859375e+01 2.998299980163574219e+01 4.007099914550781250e+01
2.000000000000000000e+01 6.071428656578063965e-01 4.840000152587890625e+01 2.896999931335449219e+01 3.747900009155273438e+01
1.900000000000000000e+01 5.669642686843872070e-01 5.120700073242187500e+01 2.882699966430664062e+01 3.488399887084960938e+01
1.300000000000000000e+01 3.660714328289031982e-01 5.356900024414062500e+01 2.706500053405761719e+01 3.747399902343750000e+01
0.000000000000000000e+00 2.321428507566452026e-01 5.105199813842773438e+01 2.417099952697753906e+01 3.765499877929687500e+01
1.200000000000000000e+01 1.294642835855484009e-01 5.197999954223632812e+01 2.308900070190429688e+01 3.397800064086914062e+01
9.000000000000000000e+00 1.250000000000000000e-01 5.562900161743164062e+01 2.412299919128417969e+01 3.449700164794921875e+01
1.100000000000000000e+01 3.080357015132904053e-01 5.562599945068359375e+01 2.738999938964843750e+01 3.268600082397460938e+01
1.700000000000000000e+01 4.553571343421936035e-01 5.761000061035156250e+01 3.020899963378906250e+01 3.424300003051757812e+01
1.600000000000000000e+01 7.008928656578063965e-01 5.566999816894531250e+01 3.345399856567382812e+01 3.332600021362304688e+01
1.500000000000000000e+01 7.946428656578063965e-01 5.680500030517578125e+01 3.709799957275390625e+01 3.316799926757812500e+01
7.000000000000000000e+00 8.883928656578063965e-01 5.399000167846679688e+01 3.792599868774414062e+01 3.913399887084960938e+01
0.000000000000000000e+00 9.910714030265808105e-01 4.739799880981445312e+01 4.093700027465820312e+01 3.827099990844726562e+01
7.000000000000000000e+00 9.866071343421936035e-01 4.632300186157226562e+01 4.372299957275390625e+01 4.061800003051757812e+01
2.200000000000000000e+01 9.821428656578063965e-01 4.314599990844726562e+01 4.569900131225585938e+01 3.937599945068359375e+01
2.200000000000000000e+01 9.598214030265808105e-01 4.166500091552734375e+01 4.867200088500976562e+01 4.116999816894531250e+01
1.500000000000000000e+01 8.437500000000000000e-01 3.818199920654296875e+01 5.021599960327148438e+01 4.067499923706054688e+01
1.800000000000000000e+01 6.651785969734191895e-01 3.528900146484375000e+01 5.204600143432617188e+01 4.255500030517578125e+01
0.000000000000000000e+00 5.223214030265808105e-01 3.208000183105468750e+01 5.016299819946289062e+01 4.301599884033203125e+01
2.000000000000000000e+00 2.455357164144515991e-01 2.864399909973144531e+01 5.163399887084960938e+01 4.348600006103515625e+01
3.000000000000000000e+00 2.142857164144515991e-01 2.961899948120117188e+01 5.527000045776367188e+01 4.306999969482421875e+01
1.700000000000000000e+01 8.482142537832260132e-02 2.687299919128417969e+01 5.570299911499023438e+01 4.044900131225585938e+01
9.000000000000000000e+00 3.125000000000000000e-02 2.460700035095214844e+01 5.333499908447265625e+01 4.255500030517578125e+01
1.600000000000000000e+01 6.250000000000000000e-02 2.400099945068359375e+01 4.960400009155273438e+01 4.189400100708007812e+01
1.000000000000000000e+00 1.651785671710968018e-01 2.549300003051757812e+01 4.784000015258789062e+01 3.872900009155273438e+01
1.000000000000000000e+00 2.544642984867095947e-01 2.649900054931640625e+01 4.435599899291992188e+01 3.780400085449218750e+01
2.000000000000000000e+01 5.401785969734191895e-01 3.018499946594238281e+01 4.383100128173828125e+01 3.718399810791015625e+01
1.800000000000000000e+01 6.339285969734191895e-01 3.182500076293945312e+01 4.125199890136718750e+01 3.488199996948242188e+01
1.100000000000000000e+01 8.169642686843872070e-01 3.557799911499023438e+01 4.118199920654296875e+01 3.462500000000000000e+01
0.000000000000000000e+00 7.991071343421936035e-01 3.697800064086914062e+01 3.911299896240234375e+01 3.168300056457519531e+01
0.000000000000000000e+00 8.794642686843872070e-01 4.065299987792968750e+01 3.835100173950195312e+01 3.197999954223632812e+01
1.200000000000000000e+01 8.214285969734191895e-01 4.261399841308593750e+01 3.663999938964843750e+01 2.909700012207031250e+01
1.200000000000000000e+01 8.392857313156127930e-01 4.612400054931640625e+01 3.544900131225585938e+01 3.023800086975097656e+01
1.700000000000000000e+01 7.500000000000000000e-01 4.942200088500976562e+01 3.434000015258789062e+01 2.872500038146972656e+01
1.600000000000000000e+01 7.187500000000000000e-01 5.299700164794921875e+01 3.396699905395507812e+01 3.009300041198730469e+01
2.000000000000000000e+01 7.901785969734191895e-01 5.412099838256835938e+01 3.731000137329101562e+01 2.853800010681152344e+01
1.700000000000000000e+01 8.660714030265808105e-01 5.090800094604492188e+01 3.935900115966796875e+01 2.801499938964843750e+01
2.000000000000000000e+01 9.419642686843872070e-01 4.744400024414062500e+01 3.982400131225585938e+01 2.950300025939941406e+01
1.700000000000000000e+01 9.464285969734191895e-01 4.423600006103515625e+01 4.168700027465820312e+01 2.899900054931640625e+01
1.800000000000000000e+01 9.687500000000000000e-01 4.176200103759765625e+01 4.275299835205078125e+01 3.169799995422363281e+01
1.800000000000000000e+01 8.705357313156127930e-01 3.823699951171875000e+01 4.401399993896484375e+01 3.067099952697753906e+01
0.000000000000000000e+00 8.035714030265808105e-01 3.525699996948242188e+01 4.514899826049804688e+01 3.277700042724609375e+01
2.200000000000000000e+01 6.116071343421936035e-01 3.173500061035156250e+01 4.486800003051757812e+01 3.144700050354003906e+01
2.200000000000000000e+01 4.776785671710968018e-01 2.953899955749511719e+01 4.741999816894531250e+01 3.329899978637695312e+01
1.800000000000000000e+01 2.098214328289031982e-01 2.599399948120117188e+01 4.601100158691406250e+01 3.317100143432617188e+01
2.000000000000000000e+00 5.803571268916130066e-02 2.304299926757812500e+01 4.794800186157226562e+01 3.460800170898437500e+01
1.600000000000000000e+01 8.928571827709674835e-03 2.064800071716308594e+01 4.544499969482421875e+01 3.615399932861328125e+01
5.000000000000000000e+00 1.339285671710968018e-01 6.789600372314453125e+01 4.989300155639648438e+01 2.842000007629394531e+01
1.600000000000000000e+01 2.767857015132904053e-01 6.709300231933593750e+01 4.731000137329101562e+01 3.116399955749511719e+01
1.200000000000000000e+01 5.133928656578063965e-01 6.352099990844726562e+01 4.876200103759765625e+01 3.122200012207031250e+01
1.400000000000000000e+01 5.178571343421936035e-01 6.177099990844726562e+01 5.055400085449218750e+01 2.839100074768066406e+01
2.200000000000000000e+01 6.830357313156127930e-01 5.815200042724609375e+01 5.149800109863281250e+01 2.807699966430664062e+01
1.300000000000000000e+01 6.383928656578063965e-01 5.585499954223632812e+01 5.219200134277343750e+01 2.500399971008300781e+01
2.200000000000000000e+01 7.098214030265808105e-01 5.226499938964843750e+01 5.358900070190429688e+01 2.579800033569335938e+01
1.200000000000000000e+01 6.473214030265808105e-01 4.945199966430664062e+01 5.350699996948242188e+01 2.319099998474121094e+01
3.000000000000000000e+00 5.892857313156127930e-01 4.593399810791015625e+01 5.496099853515625000e+01 2.320199966430664062e+01
0.000000000000000000e+00 5.446428656578063965e-01 4.299200057983398438e+01 5.300500106811523438e+01 2.163599967956542969e+01
2.200000000000000000e+01 3.616071343421936035e-01 4.067900085449218750e+01 5.603599929809570312e+01 2.185600090026855469e+01
1.000000000000000000e+00 2.276785671710968018e-01 4.293000030517578125e+01 5.840900039672851562e+01 2.006100082397460938e+01
9.000000000000000000e+00 2.500000000000000000e-01 4.461000061035156250e+01 5.544200134277343750e+01 1.829299926757812500e+01
1.700000000000000000e+01 2.410714328289031982e-01 4.808100128173828125e+01 5.675999832153320312e+01 1.864500045776367188e+01
1.600000000000000000e+01 3.303571343421936035e-01 5.099100112915039062e+01 5.688600158691406250e+01 2.112999916076660156e+01
0.000000000000000000e+00 4.866071343421936035e-01 4.985400009155273438e+01 5.836800003051757812e+01 2.437999916076660156e+01
1.100000000000000000e+01 2.901785671710968018e-01 5.186500167846679688e+01 6.150600051879882812e+01 2.529199981689453125e+01
2.000000000000000000e+00 3.125000000000000000e-01 5.232400131225585938e+01 6.279399871826171875e+01 2.896599960327148438e+01
2.200000000000000000e+01 6.250000000000000000e-01 5.109199905395507812e+01 5.961000061035156250e+01 3.063400077819824219e+01
0.000000000000000000e+00 6.428571343421936035e-01 5.292100143432617188e+01 5.952899932861328125e+01 3.397700119018554688e+01
1.400000000000000000e+01 7.723214030265808105e-01 5.399599838256835938e+01 5.637099838256835938e+01 3.577099990844726562e+01
2.200000000000000000e+01 7.366071343421936035e-01 5.851599884033203125e+01 5.224800109863281250e+01 3.919599914550781250e+01
1.500000000000000000e+01 7.053571343421936035e-01 5.894699859619140625e+01 5.072100067138671875e+01 4.269800186157226562e+01
1.000000000000000000e+00 6.294642686843872070e-01 6.083000183105468750e+01 4.762699890136718750e+01 4.417699813842773438e+01
1.300000000000000000e+01 6.026785969734191895e-01 5.944900131225585938e+01 4.528900146484375000e+01 4.698300170898437500e+01
0.000000000000000000e+00 2.991071343421936035e-01 6.139400100708007812e+01 4.547600173950195312e+01 5.029700088500976562e+01
0.000000000000000000e+00 1.473214328289031982e-01 6.219100189208984375e+01 4.243500137329101562e+01 5.270000076293945312e+01
3.000000000000000000e+00 1.562500000000000000e-01 5.911199951171875000e+01 4.342699813842773438e+01 5.474300003051757812e+01
3.000000000000000000e+00 4.598214328289031982e-01 5.677799987792968750e+01 4.341600036621093750e+01 5.164500045776367188e+01
1.800000000000000000e+01 4.910714328289031982e-01 5.643199920654296875e+01 4.732899856567382812e+01 5.138999938964843750e+01
1.900000000000000000e+01 5.982142686843872070e-01 5.724700164794921875e+01 4.945199966430664062e+01 4.833300018310546875e+01
7.000000000000000000e+00 4.375000000000000000e-01 6.002999877929687500e+01 5.178400039672851562e+01 4.759700012207031250e+01
1.600000000000000000e+01 5.000000000000000000e-01 5.962400054931640625e+01 5.433599853515625000e+01 4.477799987792968750e+01
1.500000000000000000e+01 3.258928656578063965e-01 6.277199935913085938e+01 5.489300155639648438e+01 4.272000122070312500e+01
0.000000000000000000e+00 4.285714328289031982e-01 6.204700088500976562e+01 5.584099960327148438e+01 3.904000091552734375e+01
1.700000000000000000e+01 4.955357015132904053e-01 5.941699981689453125e+01 5.805899810791015625e+01 3.775099945068359375e+01
9.000000000000000000e+00 3.705357015132904053e-01 5.854999923706054688e+01 6.039699935913085938e+01 3.484799957275390625e+01
1.300000000000000000e+01 4.732142984867095947e-01 5.601800155639648438e+01 6.036000061035156250e+01 3.203900146484375000e+01
1.800000000000000000e+01 4.196428656578063965e-01 5.577600097656250000e+01 5.959299850463867188e+01 2.825900077819824219e+01
1.700000000000000000e+01 1.517857164144515991e-01 5.744200134277343750e+01 6.143199920654296875e+01 2.536700057983398438e+01
7.000000000000000000e+00 7.142857462167739868e-02 5.584600067138671875e+01 6.234299850463867188e+01 2.195700073242187500e+01
1.700000000000000000e+01 1.071428582072257996e-01 5.647499847412109375e+01 5.883200073242187500e+01 2.036499977111816406e+01
9.000000000000000000e+00 3.571428656578063965e-01 5.476200103759765625e+01 5.735300064086914062e+01 2.349699974060058594e+01
7.000000000000000000e+00 3.526785671710968018e-01 5.811399841308593750e+01 5.624499893188476562e+01 2.495899963378906250e+01
1.200000000000000000e+01 4.151785671710968018e-01 5.979499816894531250e+01 5.653499984741210938e+01 2.833300018310546875e+01
9.000000000000000000e+00 1.383928507566452026e-01 6.597299957275390625e+01 5.690100097656250000e+01 3.199699974060058594e+01
1.200000000000000000e+01 3.214285671710968018e-01 6.429199981689453125e+01 5.434700012207031250e+01 3.434700012207031250e+01
1.800000000000000000e+01 2.232142835855484009e-01 6.730999755859375000e+01 5.242200088500976562e+01 3.545100021362304688e+01
1.800000000000000000e+01 3.571428731083869934e-02 7.102999877929687500e+01 5.223199844360351562e+01 3.477099990844726562e+01
7.000000000000000000e+00 2.232142910361289978e-02 7.256400299072265625e+01 4.881700134277343750e+01 3.447999954223632812e+01
7.000000000000000000e+00 4.464285913854837418e-03 7.432700347900390625e+01 4.950600051879882812e+01 3.780099868774414062e+01
7.000000000000000000e+00 5.357142910361289978e-02 7.097899627685546875e+01 5.029600143432617188e+01 3.975000000000000000e+01
1.500000000000000000e+01 1.741071492433547974e-01 6.898699951171875000e+01 4.740700149536132812e+01 3.809600067138671875e+01
2.200000000000000000e+01 1.160714253783226013e-01 6.955599975585937500e+01 4.491600036621093750e+01 4.101900100708007812e+01
7.000000000000000000e+00 2.053571492433547974e-01 6.783200073242187500e+01 4.159000015258789062e+01 4.111199951171875000e+01
9.000000000000000000e+00 4.062500000000000000e-01 6.445999908447265625e+01 4.175199890136718750e+01 4.290800094604492188e+01
1.100000000000000000e+01 6.785714030265808105e-01 6.066699981689453125e+01 4.226100158691406250e+01 4.232400131225585938e+01
2.000000000000000000e+01 7.455357313156127930e-01 5.986999893188476562e+01 4.537300109863281250e+01 4.037400054931640625e+01
1.300000000000000000e+01 8.973214030265808105e-01 5.643899917602539062e+01 4.708499908447265625e+01 4.019100189208984375e+01
2.200000000000000000e+01 9.196428656578063965e-01 5.512200164794921875e+01 4.972499847412109375e+01 3.767900085449218750e+01
7.000000000000000000e+00 9.508928656578063965e-01 5.195999908447265625e+01 5.174599838256835938e+01 3.839500045776367188e+01
1.100000000000000000e+01 9.107142686843872070e-01 5.069699859619140625e+01 5.391600036621093750e+01 3.542200088500976562e+01
3.000000000000000000e+00 8.258928656578063965e-01 4.849399948120117188e+01 5.699200057983398438e+01 3.596699905395507812e+01
1.800000000000000000e+01 8.348214030265808105e-01 4.595100021362304688e+01 5.620500183105468750e+01 3.322200012207031250e+01
1.300000000000000000e+01 7.410714030265808105e-01 4.319699859619140625e+01 5.794599914550781250e+01 3.516999816894531250e+01
1.700000000000000000e+01 5.937500000000000000e-01 4.502500152587890625e+01 6.122499847412109375e+01 3.475000000000000000e+01
2.000000000000000000e+01 5.714285969734191895e-01 4.499000167846679688e+01 6.081900024414062500e+01 3.095899963378906250e+01
1.900000000000000000e+01 5.491071343421936035e-01 4.124100112915039062e+01 6.004899978637695312e+01 3.079800033569335938e+01
1.300000000000000000e+01 3.392857015132904053e-01 4.052700042724609375e+01 6.298799896240234375e+01 3.328400039672851562e+01
0.000000000000000000e+00 2.366071492433547974e-01 4.257099914550781250e+01 6.518800354003906250e+01 3.094000053405761719e+01
1.200000000000000000e+01 1.830357164144515991e-01 4.061100006103515625e+01 6.411799621582031250e+01 2.774600028991699219e+01
9.000000000000000000e+00 1.116071417927742004e-01 3.725299835205078125e+01 6.457599639892578125e+01 2.951000022888183594e+01
1.100000000000000000e+01 2.946428656578063965e-01 3.668999862670898438e+01 6.085100173950195312e+01 2.971899986267089844e+01
1.700000000000000000e+01 4.330357015132904053e-01 3.551399993896484375e+01 5.895700073242187500e+01 3.288499832153320312e+01
1.600000000000000000e+01 6.964285969734191895e-01 3.831200027465820312e+01 5.672999954223632812e+01 3.438600158691406250e+01
1.500000000000000000e+01 7.857142686843872070e-01 3.724200057983398438e+01 5.329499816894531250e+01 3.555500030517578125e+01
7.000000000000000000e+00 9.062500000000000000e-01 4.295000076293945312e+01 5.365499877929687500e+01 3.897800064086914062e+01
0.000000000000000000e+00 9.776785969734191895e-01 4.753499984741210938e+01 5.007699966430664062e+01 3.461299896240234375e+01
7.000000000000000000e+00 9.955357313156127930e-01 5.012900161743164062e+01 4.764699935913085938e+01 3.612300109863281250e+01
2.200000000000000000e+01 9.732142686843872070e-01 5.326499938964843750e+01 4.548699951171875000e+01 3.552000045776367188e+01
2.200000000000000000e+01 9.642857313156127930e-01 5.483900070190429688e+01 4.343999862670898438e+01 3.840100097656250000e+01
1.500000000000000000e+01 8.482142686843872070e-01 5.780400085449218750e+01 4.135400009155273438e+01 3.750699996948242188e+01
1.800000000000000000e+01 6.875000000000000000e-01 6.080799865722656250e+01 3.936100006103515625e+01 3.895600128173828125e+01
0.000000000000000000e+00 5.267857313156127930e-01 6.396300125122070312e+01 4.079299926757812500e+01 3.749000167846679688e+01
2.000000000000000000e+00 2.723214328289031982e-01 6.682499694824218750e+01 3.868000030517578125e+01 3.638000106811523438e+01
3.000000000000000000e+00 2.633928656578063965e-01 6.546900177001953125e+01 3.528900146484375000e+01 3.769699859619140625e+01
1.700000000000000000e+01 8.928571641445159912e-02 6.716899871826171875e+01 3.323799896240234375e+01 3.481000137329101562e+01
9.000000000000000000e+00 4.464285820722579956e-02 7.003600311279296875e+01 3.564500045776367188e+01 3.453900146484375000e+01
1.600000000000000000e+01 6.696428358554840088e-02 7.036499786376953125e+01 3.909299850463867188e+01 3.287900161743164062e+01
1.000000000000000000e+00 1.919642835855484009e-01 6.762000274658203125e+01 4.021400070190429688e+01 3.050900077819824219e+01
1.000000000000000000e+00 2.857142984867095947e-01 6.632499694824218750e+01 4.347600173950195312e+01 2.913999938964843750e+01
2.000000000000000000e+01 5.625000000000000000e-01 6.254399871826171875e+01 4.432400131225585938e+01 2.927199935913085938e+01
1.800000000000000000e+01 5.803571343421936035e-01 6.077199935913085938e+01 4.634500122070312500e+01 2.655200004577636719e+01
1.100000000000000000e+01 7.767857313156127930e-01 5.706499862670898438e+01 4.670999908447265625e+01 2.762199974060058594e+01
0.000000000000000000e+00 8.080357313156127930e-01 5.383000183105468750e+01 4.773500061035156250e+01 2.597599983215332031e+01
0.000000000000000000e+00 8.839285969734191895e-01 5.082300186157226562e+01 4.934999847412109375e+01 2.752000045776367188e+01
1.200000000000000000e+01 8.303571343421936035e-01 4.777600097656250000e+01 4.970899963378906250e+01 2.525900077819824219e+01
1.200000000000000000e+01 8.526785969734191895e-01 4.485599899291992188e+01 5.140499877929687500e+01 2.712299919128417969e+01
1.700000000000000000e+01 7.678571343421936035e-01 4.102799987792968750e+01 5.208000183105468750e+01 2.691699981689453125e+01
1.600000000000000000e+01 7.276785969734191895e-01 3.846099853515625000e+01 5.329800033569335938e+01 2.954000091552734375e+01
2.000000000000000000e+01 8.125000000000000000e-01 3.710699844360351562e+01 4.989899826049804688e+01 3.076399993896484375e+01
1.700000000000000000e+01 9.017857313156127930e-01 3.999499893188476562e+01 4.771200180053710938e+01 2.949500083923339844e+01
2.000000000000000000e+01 9.553571343421936035e-01 4.375400161743164062e+01 4.744400024414062500e+01 2.905100059509277344e+01
1.700000000000000000e+01 9.330357313156127930e-01 4.629199981689453125e+01 4.510100173950195312e+01 2.744099998474121094e+01
1.800000000000000000e+01 9.375000000000000000e-01 5.007899856567382812e+01 4.476599884033203125e+01 2.814999961853027344e+01
1.800000000000000000e+01 8.616071343421936035e-01 5.282099914550781250e+01 4.258300018310546875e+01 2.692099952697753906e+01
0.000000000000000000e+00 7.544642686843872070e-01 5.657400131225585938e+01 4.224800109863281250e+01 2.728499984741210938e+01
2.200000000000000000e+01 5.535714030265808105e-01 5.941099929809570312e+01 4.181200027465820312e+01 2.486899948120117188e+01
2.200000000000000000e+01 4.464285671710968018e-01 6.224000167846679688e+01 4.011100006103515625e+01 2.692700004577636719e+01
1.800000000000000000e+01 1.607142835855484009e-01 6.580500030517578125e+01 3.990100097656250000e+01 2.544400024414062500e+01
2.000000000000000000e+00 4.017857089638710022e-02 6.925700378417968750e+01 3.882500076293945312e+01 2.654500007629394531e+01
1.600000000000000000e+01 1.339285727590322495e-02 7.169300079345703125e+01 4.186800003051757812e+01 2.689599990844726562e+01
