5.000000000000000000e+00 1.428571492433547974e-01 2.639399909973144531e+01 3.891099929809570312e+01 4.241099929809570312e+01
1.600000000000000000e+01 2.410714328289031982e-01 2.730299949645996094e+01 4.253599929809570312e+01 4.172200012207031250e+01
1.200000000000000000e+01 5.089285969734191895e-01 3.080100059509277344e+01 4.166699981689453125e+01 4.089400100708007812e+01
1.400000000000000000e+01 5.535714030265808105e-01 3.182999992370605469e+01 3.864799880981445312e+01 3.874599838256835938e+01
2.200000000000000000e+01 7.187500000000000000e-01 3.539400100708007812e+01 3.772999954223632812e+01 3.778599929809570312e+01
1.300000000000000000e+01 6.741071343421936035e-01 3.593399810791015625e+01 3.549000167846679688e+01 3.470299911499023438e+01
2.200000000000000000e+01 7.410714030265808105e-01 3.941799926757812500e+01 3.422800064086914062e+01 3.411000061035156250e+01
1.200000000000000000e+01 6.785714030265808105e-01 4.038999938964843750e+01 3.314099884033203125e+01 3.061400032043457031e+01
3.000000000000000000e+00 6.383928656578063965e-01 4.347200012207031250e+01 3.142000007629394531e+01 2.941600036621093750e+01
0.000000000000000000e+00 6.250000000000000000e-01 4.485699844360351562e+01 3.276399993896484375e+01 2.611300086975097656e+01
2.200000000000000000e+01 4.241071343421936035e-01 4.709799957275390625e+01 2.972400093078613281e+01 2.554299926757812500e+01
1.000000000000000000e+00 2.321428507566452026e-01 4.422299957275390625e+01 2.709000015258789062e+01 2.550699996948242188e+01
9.000000000000000000e+00 2.812500000000000000e-01 4.143999862670898438e+01 2.948299980163574219e+01 2.441699981689453125e+01
1.700000000000000000e+01 2.767857015132904053e-01 3.937400054931640625e+01 2.826300048828125000e+01 2.737500000000000000e+01
1.600000000000000000e+01 3.437500000000000000e-01 3.805400085449218750e+01 2.906999969482421875e+01 3.080299949645996094e+01
0.000000000000000000e+00 5.133928656578063965e-01 4.101900100708007812e+01 2.907099914550781250e+01 3.334299850463867188e+01
1.100000000000000000e+01 2.946428656578063965e-01 3.984999847412109375e+01 2.633799934387207031e+01 3.581299972534179688e+01
2.000000000000000000e+00 3.125000000000000000e-01 4.079600143432617188e+01 2.642200088500976562e+01 3.965599822998046875e+01
2.200000000000000000e+01 6.160714030265808105e-01 4.277199935913085938e+01 2.978499984741210938e+01 3.939699935913085938e+01
0.000000000000000000e+00 6.428571343421936035e-01 4.242399978637695312e+01 3.177599906921386719e+01 4.257600021362304688e+01
1.400000000000000000e+01 7.767857313156127930e-01 4.169499969482421875e+01 3.548300170898437500e+01 4.325699996948242188e+01
2.200000000000000000e+01 7.321428656578063965e-01 3.914899826049804688e+01 4.103599929809570312e+01 4.638299942016601562e+01
1.500000000000000000e+01 7.053571343421936035e-01 4.022600173950195312e+01 4.402799987792968750e+01 4.856499862670898438e+01
1.000000000000000000e+00 6.026785969734191895e-01 3.850000000000000000e+01 4.733000183105468750e+01 4.964599990844726562e+01
1.300000000000000000e+01 5.267857313156127930e-01 4.003900146484375000e+01 5.059400177001953125e+01 5.058300018310546875e+01
0.000000000000000000e+00 2.544642984867095947e-01 3.986500167846679688e+01 5.140000152587890625e+01 5.431700134277343750e+01
0.000000000000000000e+00 9.375000000000000000e-02 3.936000061035156250e+01 5.497100067138671875e+01 5.553099822998046875e+01
3.000000000000000000e+00 1.160714253783226013e-01 4.313800048828125000e+01 5.585800170898437500e+01 5.569499969482421875e+01
3.000000000000000000e+00 3.571428656578063965e-01 4.336100006103515625e+01 5.421699905395507812e+01 5.219800186157226562e+01
1.800000000000000000e+01 4.107142984867095947e-01 4.469599914550781250e+01 5.084600067138671875e+01 5.356299972534179688e+01
1.900000000000000000e+01 6.116071343421936035e-01 4.361700057983398438e+01 4.764400100708007812e+01 5.171200180053710938e+01
7.000000000000000000e+00 4.017857015132904053e-01 4.115100097656250000e+01 4.563199996948242188e+01 5.373699951171875000e+01
1.600000000000000000e+01 4.598214328289031982e-01 4.010499954223632812e+01 4.213199996948242188e+01 5.269499969482421875e+01
1.500000000000000000e+01 3.973214328289031982e-01 3.663000106811523438e+01 4.151300048828125000e+01 5.111199951171875000e+01
0.000000000000000000e+00 4.375000000000000000e-01 3.615299987792968750e+01 3.821400070190429688e+01 4.922200012207031250e+01
1.700000000000000000e+01 5.044642686843872070e-01 3.849900054931640625e+01 3.544900131225585938e+01 4.777500152587890625e+01
9.000000000000000000e+00 3.928571343421936035e-01 3.814899826049804688e+01 3.204499816894531250e+01 4.616699981689453125e+01
1.300000000000000000e+01 4.687500000000000000e-01 3.893600082397460938e+01 3.025200080871582031e+01 4.294400024414062500e+01
1.800000000000000000e+01 4.508928656578063965e-01 3.740299987792968750e+01 2.985700035095214844e+01 3.943099975585937500e+01
1.700000000000000000e+01 1.741071492433547974e-01 3.481100082397460938e+01 2.709600067138671875e+01 3.836899948120117188e+01
7.000000000000000000e+00 7.589285820722579956e-02 3.486999893188476562e+01 2.485000038146972656e+01 3.538499832153320312e+01
1.700000000000000000e+01 1.383928507566452026e-01 3.311500167846679688e+01 2.756699943542480469e+01 3.329199981689453125e+01
9.000000000000000000e+00 3.794642984867095947e-01 3.600899887084960938e+01 2.988800048828125000e+01 3.431000137329101562e+01
7.000000000000000000e+00 4.062500000000000000e-01 3.389699935913085938e+01 3.187199974060058594e+01 3.661199951171875000e+01
1.200000000000000000e+01 4.285714328289031982e-01 3.399800109863281250e+01 3.266899871826171875e+01 4.040299987792968750e+01
9.000000000000000000e+00 1.205357164144515991e-01 2.884799957275390625e+01 3.458300018310546875e+01 4.479000091552734375e+01
1.200000000000000000e+01 3.080357015132904053e-01 3.180200004577636719e+01 3.683100128173828125e+01 4.587699890136718750e+01
1.800000000000000000e+01 1.875000000000000000e-01 2.963400077819824219e+01 3.936999893188476562e+01 4.765399932861328125e+01
1.800000000000000000e+01 4.464285820722579956e-02 2.595000076293945312e+01 4.070299911499023438e+01 4.767800140380859375e+01
7.000000000000000000e+00 2.232142910361289978e-02 2.468700027465820312e+01 4.414599990844726562e+01 4.669400024414062500e+01
7.000000000000000000e+00 8.928571827709674835e-03 2.405200004577636719e+01 4.524399948120117188e+01 5.032500076293945312e+01
7.000000000000000000e+00 3.571428731083869934e-02 2.760300064086914062e+01 4.455799865722656250e+01 5.130799865722656250e+01
1.500000000000000000e+01 1.785714328289031982e-01 2.886899948120117188e+01 4.598799896240234375e+01 4.794400024414062500e+01
2.200000000000000000e+01 9.821428358554840088e-02 2.855699920654296875e+01 4.965900039672851562e+01 4.905400085449218750e+01
7.000000000000000000e+00 1.919642835855484009e-01 3.050000000000000000e+01 5.273300170898437500e+01 4.765100097656250000e+01
9.000000000000000000e+00 3.482142984867095947e-01 3.435599899291992188e+01 5.288600158691406250e+01 4.778900146484375000e+01
1.100000000000000000e+01 6.473214030265808105e-01 3.728099822998046875e+01 5.164899826049804688e+01 4.584700012207031250e+01
2.000000000000000000e+01 7.633928656578063965e-01 3.790900039672851562e+01 4.789500045776367188e+01 4.516999816894531250e+01
1.300000000000000000e+01 9.017857313156127930e-01 4.086500167846679688e+01 4.604700088500976562e+01 4.354499816894531250e+01
2.200000000000000000e+01 9.241071343421936035e-01 4.108200073242187500e+01 4.242800140380859375e+01 4.231299972534179688e+01
7.000000000000000000e+00 9.330357313156127930e-01 4.431200027465820312e+01 4.036600112915039062e+01 4.238800048828125000e+01
1.100000000000000000e+01 9.196428656578063965e-01 4.447999954223632812e+01 3.702600097656250000e+01 4.042699813842773438e+01
3.000000000000000000e+00 8.214285969734191895e-01 4.689599990844726562e+01 3.420199966430664062e+01 4.150899887084960938e+01
1.800000000000000000e+01 8.392857313156127930e-01 4.838600158691406250e+01 3.376300048828125000e+01 3.805099868774414062e+01
1.300000000000000000e+01 7.455357313156127930e-01 5.197299957275390625e+01 3.288000106811523438e+01 3.907600021362304688e+01
1.700000000000000000e+01 5.892857313156127930e-01 5.071699905395507812e+01 2.962400054931640625e+01 4.062599945068359375e+01
2.000000000000000000e+01 5.937500000000000000e-01 4.867699813842773438e+01 2.877000045776367188e+01 3.746300125122070312e+01
1.900000000000000000e+01 5.714285969734191895e-01 5.164400100708007812e+01 2.910499954223632812e+01 3.500500106811523438e+01
1.300000000000000000e+01 3.660714328289031982e-01 5.433599853515625000e+01 2.757299995422363281e+01 3.730099868774414062e+01
0.000000000000000000e+00 2.232142835855484009e-01 5.233000183105468750e+01 2.447299957275390625e+01 3.786500167846679688e+01
1.200000000000000000e+01 1.696428507566452026e-01 5.249800109863281250e+01 2.385199928283691406e+01 3.407799911499023438e+01
9.000000000000000000e+00 1.026785746216773987e-01 5.638999938964843750e+01 2.395199966430664062e+01 3.433000183105468750e+01
1.100000000000000000e+01 2.991071343421936035e-01 5.618099975585937500e+01 2.748399925231933594e+01 3.266500091552734375e+01
1.700000000000000000e+01 4.776785671710968018e-01 5.802299880981445312e+01 3.055599975585937500e+01 3.402500152587890625e+01
1.600000000000000000e+01 7.008928656578063965e-01 5.550500106811523438e+01 3.357699966430664062e+01 3.380500030517578125e+01
1.500000000000000000e+01 8.080357313156127930e-01 5.654100036621093750e+01 3.730699920654296875e+01 3.349000167846679688e+01
7.000000000000000000e+00 8.973214030265808105e-01 5.343500137329101562e+01 3.807400131225585938e+01 3.970000076293945312e+01
0.000000000000000000e+00 9.821428656578063965e-01 4.744400024414062500e+01 4.013899993896484375e+01 3.738100051879882812e+01
7.000000000000000000e+00 9.955357313156127930e-01 4.587799835205078125e+01 4.302700042724609375e+01 3.932400131225585938e+01
2.200000000000000000e+01 9.866071343421936035e-01 4.300199890136718750e+01 4.546799850463867188e+01 3.849700164794921875e+01
2.200000000000000000e+01 9.553571343421936035e-01 4.165800094604492188e+01 4.848300170898437500e+01 4.047100067138671875e+01
1.500000000000000000e+01 8.571428656578063965e-01 3.822000122070312500e+01 5.024900054931640625e+01 4.020899963378906250e+01
1.800000000000000000e+01 6.696428656578063965e-01 3.549599838256835938e+01 5.252199935913085938e+01 4.175299835205078125e+01
0.000000000000000000e+00 5.223214030265808105e-01 3.229100036621093750e+01 5.070500183105468750e+01 4.249000167846679688e+01
2.000000000000000000e+00 2.633928656578063965e-01 2.901000022888183594e+01 5.258599853515625000e+01 4.220800018310546875e+01
3.000000000000000000e+00 2.366071492433547974e-01 3.037999916076660156e+01 5.608100128173828125e+01 4.145500183105468750e+01
1.700000000000000000e+01 8.482142537832260132e-02 2.748999977111816406e+01 5.712900161743164062e+01 3.908900070190429688e+01
9.000000000000000000e+00 2.678571455180644989e-02 2.501199913024902344e+01 5.506299972534179688e+01 4.114400100708007812e+01
1.600000000000000000e+01 6.250000000000000000e-02 2.490600013732910156e+01 5.134500122070312500e+01 4.189300155639648438e+01
1.000000000000000000e+00 1.562500000000000000e-01 2.565299987792968750e+01 4.895100021362304688e+01 3.906499862670898438e+01
1.000000000000000000e+00 2.678571343421936035e-01 2.676700019836425781e+01 4.538399887084960938e+01 3.861500167846679688e+01
2.000000000000000000e+01 5.446428656578063965e-01 3.025799942016601562e+01 4.478400039672851562e+01 3.719800186157226562e+01
1.800000000000000000e+01 6.339285969734191895e-01 3.175799942016601562e+01 4.176900100708007812e+01 3.545199966430664062e+01
1.100000000000000000e+01 8.125000000000000000e-01 3.547100067138671875e+01 4.152899932861328125e+01 3.490399932861328125e+01
0.000000000000000000e+00 8.169642686843872070e-01 3.708100128173828125e+01 3.943899917602539062e+01 3.216600036621093750e+01
0.000000000000000000e+00 9.151785969734191895e-01 4.090200042724609375e+01 3.881000137329101562e+01 3.241600036621093750e+01
1.200000000000000000e+01 8.482142686843872070e-01 4.270999908447265625e+01 3.695700073242187500e+01 2.951899909973144531e+01
1.200000000000000000e+01 8.437500000000000000e-01 4.600000000000000000e+01 3.520100021362304688e+01 3.055200004577636719e+01
1.700000000000000000e+01 7.812500000000000000e-01 4.934299850463867188e+01 3.439400100708007812e+01 2.881100082397460938e+01
1.600000000000000000e+01 7.276785969734191895e-01 5.292399978637695312e+01 3.396900177001953125e+01 3.021400070190429688e+01
2.000000000000000000e+01 7.901785969734191895e-01 5.426599884033203125e+01 3.715499877929687500e+01 2.870100021362304688e+01
1.700000000000000000e+01 8.928571343421936035e-01 5.094800186157226562e+01 3.910400009155273438e+01 2.866900062561035156e+01
2.000000000000000000e+01 9.508928656578063965e-01 4.753400039672851562e+01 3.968099975585937500e+01 3.012700080871582031e+01
1.700000000000000000e+01 9.419642686843872070e-01 4.442599868774414062e+01 4.168199920654296875e+01 2.914699935913085938e+01
1.800000000000000000e+01 9.687500000000000000e-01 4.172000122070312500e+01 4.269499969482421875e+01 3.148999977111816406e+01
1.800000000000000000e+01 8.705357313156127930e-01 3.823699951171875000e+01 4.400699996948242188e+01 3.041300010681152344e+01
0.000000000000000000e+00 8.035714030265808105e-01 3.520500183105468750e+01 4.535200119018554688e+01 3.246400070190429688e+01
2.200000000000000000e+01 6.071428656578063965e-01 3.155699920654296875e+01 4.522900009155273438e+01 3.148699951171875000e+01
2.200000000000000000e+01 4.151785671710968018e-01 2.897800064086914062e+01 4.760499954223632812e+01 3.314099884033203125e+01
1.800000000000000000e+01 1.830357164144515991e-01 2.553199958801269531e+01 4.621900177001953125e+01 3.385699844360351562e+01
2.000000000000000000e+00 4.017857089638710022e-02 2.278100013732910156e+01 4.843399810791015625e+01 3.502399826049804688e+01
1.600000000000000000e+01 0.000000000000000000e+00 2.000200080871582031e+01 4.645399856567382812e+01 3.663800048828125000e+01
5.000000000000000000e+00 8.928571641445159912e-02 6.844300079345703125e+01 5.068899917602539062e+01 2.858699989318847656e+01
1.600000000000000000e+01 2.098214328289031982e-01 6.767199707031250000e+01 4.718600082397460938e+01 3.001099967956542969e+01
1.200000000000000000e+01 4.866071343421936035e-01 6.393199920654296875e+01 4.801699829101562500e+01 3.072699928283691406e+01
1.400000000000000000e+01 5.178571343421936035e-01 6.174000167846679688e+01 5.034600067138671875e+01 2.867099952697753906e+01
2.200000000000000000e+01 6.964285969734191895e-01 5.794900131225585938e+01 5.120899963378906250e+01 2.889800071716308594e+01
1.300000000000000000e+01 6.562500000000000000e-01 5.590100097656250000e+01 5.191799926757812500e+01 2.573800086975097656e+01
2.200000000000000000e+01 7.142857313156127930e-01 5.230699920654296875e+01 5.312599945068359375e+01 2.585799980163574219e+01
1.200000000000000000e+01 6.517857313156127930e-01 4.974100112915039062e+01 5.272000122070312500e+01 2.309499931335449219e+01
3.000000000000000000e+00 6.205357313156127930e-01 4.614899826049804688e+01 5.402000045776367188e+01 2.286499977111816406e+01
0.000000000000000000e+00 5.580357313156127930e-01 4.313299942016601562e+01 5.189899826049804688e+01 2.140800094604492188e+01
2.200000000000000000e+01 3.348214328289031982e-01 4.063100051879882812e+01 5.472100067138671875e+01 2.089699935913085938e+01
1.000000000000000000e+00 1.964285671710968018e-01 4.279600143432617188e+01 5.689599990844726562e+01 1.864299964904785156e+01
9.000000000000000000e+00 2.500000000000000000e-01 4.492599868774414062e+01 5.394100189208984375e+01 1.760400009155273438e+01
1.700000000000000000e+01 2.455357164144515991e-01 4.832799911499023438e+01 5.562500000000000000e+01 1.830299949645996094e+01
1.600000000000000000e+01 3.392857015132904053e-01 5.091199874877929688e+01 5.628799819946289062e+01 2.106599998474121094e+01
0.000000000000000000e+00 5.000000000000000000e-01 4.966099929809570312e+01 5.764799880981445312e+01 2.445899963378906250e+01
1.100000000000000000e+01 3.214285671710968018e-01 5.145199966430664062e+01 6.084500122070312500e+01 2.520599937438964844e+01
2.000000000000000000e+00 3.258928656578063965e-01 5.203599929809570312e+01 6.238999938964843750e+01 2.877700042724609375e+01
2.200000000000000000e+01 6.294642686843872070e-01 5.076699829101562500e+01 5.922800064086914062e+01 3.046500015258789062e+01
0.000000000000000000e+00 6.651785969734191895e-01 5.224800109863281250e+01 5.909700012207031250e+01 3.397700119018554688e+01
1.400000000000000000e+01 7.723214030265808105e-01 5.392699813842773438e+01 5.629100036621093750e+01 3.601800155639648438e+01
2.200000000000000000e+01 7.098214030265808105e-01 5.865299987792968750e+01 5.238999938964843750e+01 3.944699859619140625e+01
1.500000000000000000e+01 6.919642686843872070e-01 5.869100189208984375e+01 5.050999832153320312e+01 4.274700164794921875e+01
1.000000000000000000e+00 5.625000000000000000e-01 6.133200073242187500e+01 4.807899856567382812e+01 4.420000076293945312e+01
1.300000000000000000e+01 5.401785969734191895e-01 6.044800186157226562e+01 4.520999908447265625e+01 4.653599929809570312e+01
0.000000000000000000e+00 2.589285671710968018e-01 6.252799987792968750e+01 4.539500045776367188e+01 4.986199951171875000e+01
0.000000000000000000e+00 8.035714179277420044e-02 6.386500167846679688e+01 4.260300064086914062e+01 5.220600128173828125e+01
3.000000000000000000e+00 1.250000000000000000e-01 6.047200012207031250e+01 4.253599929809570312e+01 5.426200103759765625e+01
3.000000000000000000e+00 3.839285671710968018e-01 5.834700012207031250e+01 4.233100128173828125e+01 5.094699859619140625e+01
1.800000000000000000e+01 4.419642984867095947e-01 5.752799987792968750e+01 4.598799896240234375e+01 5.117100143432617188e+01
1.900000000000000000e+01 5.848214030265808105e-01 5.763399887084960938e+01 4.852600097656250000e+01 4.829600143432617188e+01
7.000000000000000000e+00 4.196428656578063965e-01 5.996099853515625000e+01 5.156700134277343750e+01 4.777099990844726562e+01
1.600000000000000000e+01 4.910714328289031982e-01 5.975699996948242188e+01 5.402799987792968750e+01 4.480199813842773438e+01
1.500000000000000000e+01 3.169642984867095947e-01 6.302399826049804688e+01 5.469800186157226562e+01 4.299700164794921875e+01
0.000000000000000000e+00 3.526785671710968018e-01 6.201399993896484375e+01 5.630099868774414062e+01 3.963700103759765625e+01
1.700000000000000000e+01 4.955357015132904053e-01 5.896799850463867188e+01 5.807300186157226562e+01 3.812300109863281250e+01
9.000000000000000000e+00 4.642857015132904053e-01 5.825500106811523438e+01 5.931000137329101562e+01 3.463299942016601562e+01
1.300000000000000000e+01 4.821428656578063965e-01 5.579600143432617188e+01 6.016099929809570312e+01 3.187599945068359375e+01
1.800000000000000000e+01 4.330357015132904053e-01 5.572299957275390625e+01 5.920399856567382812e+01 2.813899993896484375e+01
1.700000000000000000e+01 1.517857164144515991e-01 5.718500137329101562e+01 6.129100036621093750e+01 2.514900016784667969e+01
7.000000000000000000e+00 7.142857462167739868e-02 5.527799987792968750e+01 6.218099975585937500e+01 2.194199943542480469e+01
1.700000000000000000e+01 1.339285671710968018e-01 5.637900161743164062e+01 5.873199844360351562e+01 2.069099998474121094e+01
9.000000000000000000e+00 3.705357015132904053e-01 5.480599975585937500e+01 5.697800064086914062e+01 2.376899909973144531e+01
7.000000000000000000e+00 3.883928656578063965e-01 5.802899932861328125e+01 5.597800064086914062e+01 2.546699905395507812e+01
1.200000000000000000e+01 4.732142984867095947e-01 5.952600097656250000e+01 5.622000122070312500e+01 2.895700073242187500e+01
9.000000000000000000e+00 1.607142835855484009e-01 6.575700378417968750e+01 5.599200057983398438e+01 3.189200019836425781e+01
1.200000000000000000e+01 3.616071343421936035e-01 6.384799957275390625e+01 5.366500091552734375e+01 3.434000015258789062e+01
1.800000000000000000e+01 2.276785671710968018e-01 6.700099945068359375e+01 5.195299911499023438e+01 3.546599960327148438e+01
1.800000000000000000e+01 4.910714179277420044e-02 7.070400238037109375e+01 5.149200057983398438e+01 3.443500137329101562e+01
7.000000000000000000e+00 1.785714365541934967e-02 7.224299621582031250e+01 4.803200149536132812e+01 3.393500137329101562e+01
7.000000000000000000e+00 4.464285913854837418e-03 7.416600036621093750e+01 4.755699920654296875e+01 3.720500183105468750e+01
7.000000000000000000e+00 5.357142910361289978e-02 7.102700042724609375e+01 4.857099914550781250e+01 3.902099990844726562e+01
1.500000000000000000e+01 2.053571492433547974e-01 6.863600158691406250e+01 4.614899826049804688e+01 3.716999816894531250e+01
2.200000000000000000e+01 1.294642835855484009e-01 6.946900177001953125e+01 4.321300125122070312e+01 3.934500122070312500e+01
7.000000000000000000e+00 2.187500000000000000e-01 6.757199859619140625e+01 3.990900039672851562e+01 3.997399902343750000e+01
9.000000000000000000e+00 3.750000000000000000e-01 6.441400146484375000e+01 4.045000076293945312e+01 4.206900024414062500e+01
1.100000000000000000e+01 6.607142686843872070e-01 6.072399902343750000e+01 4.153099822998046875e+01 4.203799819946289062e+01
2.000000000000000000e+01 7.544642686843872070e-01 5.962500000000000000e+01 4.501599884033203125e+01 4.066899871826171875e+01
1.300000000000000000e+01 8.839285969734191895e-01 5.637900161743164062e+01 4.700000000000000000e+01 4.015200042724609375e+01
2.200000000000000000e+01 9.062500000000000000e-01 5.542900085449218750e+01 4.975400161743164062e+01 3.757899856567382812e+01
7.000000000000000000e+00 9.285714030265808105e-01 5.234799957275390625e+01 5.167200088500976562e+01 3.843700027465820312e+01
1.100000000000000000e+01 9.107142686843872070e-01 5.073500061035156250e+01 5.381900024414062500e+01 3.574399948120117188e+01
3.000000000000000000e+00 8.258928656578063965e-01 4.815399932861328125e+01 5.658000183105468750e+01 3.639300155639648438e+01
1.800000000000000000e+01 8.526785969734191895e-01 4.603200149536132812e+01 5.574499893188476562e+01 3.333000183105468750e+01
1.300000000000000000e+01 7.589285969734191895e-01 4.294699859619140625e+01 5.750199890136718750e+01 3.470999908447265625e+01
1.700000000000000000e+01 5.982142686843872070e-01 4.448600006103515625e+01 6.098199844360351562e+01 3.438000106811523438e+01
2.000000000000000000e+01 5.669642686843872070e-01 4.506299972534179688e+01 6.055300140380859375e+01 3.070000076293945312e+01
1.900000000000000000e+01 5.491071343421936035e-01 4.142800140380859375e+01 5.970100021362304688e+01 3.016900062561035156e+01
1.300000000000000000e+01 3.303571343421936035e-01 4.026900100708007812e+01 6.263499832153320312e+01 3.225899887084960938e+01
0.000000000000000000e+00 2.142857164144515991e-01 4.242200088500976562e+01 6.510099792480468750e+01 3.018099975585937500e+01
1.200000000000000000e+01 1.473214328289031982e-01 4.020800018310546875e+01 6.409500122070312500e+01 2.721199989318847656e+01
9.000000000000000000e+00 1.116071417927742004e-01 3.702600097656250000e+01 6.425700378417968750e+01 2.920999908447265625e+01
1.100000000000000000e+01 2.901785671710968018e-01 3.637099838256835938e+01 6.045999908447265625e+01 2.934600067138671875e+01
1.700000000000000000e+01 4.553571343421936035e-01 3.561199951171875000e+01 5.875500106811523438e+01 3.271400070190429688e+01
1.600000000000000000e+01 6.830357313156127930e-01 3.728699874877929688e+01 5.532899856567382812e+01 3.285800170898437500e+01
1.500000000000000000e+01 7.500000000000000000e-01 3.613000106811523438e+01 5.235699844360351562e+01 3.494800186157226562e+01
7.000000000000000000e+00 8.750000000000000000e-01 4.174599838256835938e+01 5.384299850463867188e+01 3.814899826049804688e+01
0.000000000000000000e+00 9.732142686843872070e-01 4.754899978637695312e+01 5.015499877929687500e+01 3.561700057983398438e+01
7.000000000000000000e+00 9.910714030265808105e-01 4.971400070190429688e+01 4.830199813842773438e+01 3.809099960327148438e+01
2.200000000000000000e+01 9.776785969734191895e-01 5.218999862670898438e+01 4.580400085449218750e+01 3.680400085449218750e+01
2.200000000000000000e+01 9.598214030265808105e-01 5.412900161743164062e+01 4.347999954223632812e+01 3.914400100708007812e+01
1.500000000000000000e+01 8.660714030265808105e-01 5.694200134277343750e+01 4.123300170898437500e+01 3.779499816894531250e+01
1.800000000000000000e+01 6.875000000000000000e-01 6.011800003051757812e+01 3.919200134277343750e+01 3.870899963378906250e+01
0.000000000000000000e+00 5.758928656578063965e-01 6.303400039672851562e+01 4.053099822998046875e+01 3.655400085449218750e+01
2.000000000000000000e+00 3.035714328289031982e-01 6.584500122070312500e+01 3.805699920654296875e+01 3.549900054931640625e+01
3.000000000000000000e+00 2.857142984867095947e-01 6.449500274658203125e+01 3.496900177001953125e+01 3.723300170898437500e+01
1.700000000000000000e+01 1.071428582072257996e-01 6.634100341796875000e+01 3.234500122070312500e+01 3.505699920654296875e+01
9.000000000000000000e+00 5.803571268916130066e-02 6.914800262451171875e+01 3.482199859619140625e+01 3.454399871826171875e+01
1.600000000000000000e+01 6.696428358554840088e-02 6.963400268554687500e+01 3.800500106811523438e+01 3.250500106811523438e+01
1.000000000000000000e+00 2.008928507566452026e-01 6.705999755859375000e+01 3.917800140380859375e+01 3.019000053405761719e+01
1.000000000000000000e+00 2.723214328289031982e-01 6.610600280761718750e+01 4.263499832153320312e+01 2.860199928283691406e+01
2.000000000000000000e+01 5.312500000000000000e-01 6.230199813842773438e+01 4.337799835205078125e+01 2.853300094604492188e+01
1.800000000000000000e+01 5.803571343421936035e-01 6.038399887084960938e+01 4.577700042724609375e+01 2.626799964904785156e+01
1.100000000000000000e+01 7.857142686843872070e-01 5.723899841308593750e+01 4.662400054931640625e+01 2.807200050354003906e+01
0.000000000000000000e+00 7.991071343421936035e-01 5.421599960327148438e+01 4.745899963378906250e+01 2.592700004577636719e+01
0.000000000000000000e+00 8.883928656578063965e-01 5.073199844360351562e+01 4.854000091552734375e+01 2.720100021362304688e+01
1.200000000000000000e+01 8.348214030265808105e-01 4.743700027465820312e+01 4.912799835205078125e+01 2.528700065612792969e+01
1.200000000000000000e+01 8.303571343421936035e-01 4.481100082397460938e+01 5.155699920654296875e+01 2.675300025939941406e+01
1.700000000000000000e+01 7.366071343421936035e-01 4.100000000000000000e+01 5.228400039672851562e+01 2.652300071716308594e+01
1.600000000000000000e+01 7.232142686843872070e-01 3.843700027465820312e+01 5.331700134277343750e+01 2.922800064086914062e+01
2.000000000000000000e+01 7.946428656578063965e-01 3.695100021362304688e+01 4.994900131225585938e+01 3.013400077819824219e+01
1.700000000000000000e+01 8.794642686843872070e-01 3.979899978637695312e+01 4.756600189208984375e+01 2.921199989318847656e+01
2.000000000000000000e+01 9.375000000000000000e-01 4.367599868774414062e+01 4.757400131225585938e+01 2.913699913024902344e+01
1.700000000000000000e+01 9.464285969734191895e-01 4.654299926757812500e+01 4.536600112915039062e+01 2.800600051879882812e+01
1.800000000000000000e+01 9.642857313156127930e-01 5.017699813842773438e+01 4.483000183105468750e+01 2.893499946594238281e+01
1.800000000000000000e+01 8.616071343421936035e-01 5.265000152587890625e+01 4.261299896240234375e+01 2.698699951171875000e+01
0.000000000000000000e+00 7.678571343421936035e-01 5.643799972534179688e+01 4.197800064086914062e+01 2.708900070190429688e+01
2.200000000000000000e+01 5.357142686843872070e-01 5.881700134277343750e+01 4.161700057983398438e+01 2.428700065612792969e+01
2.200000000000000000e+01 4.464285671710968018e-01 6.152199935913085938e+01 3.952500152587890625e+01 2.617900085449218750e+01
1.800000000000000000e+01 1.651785671710968018e-01 6.503800201416015625e+01 3.927099990844726562e+01 2.467499923706054688e+01
2.000000000000000000e+00 3.125000000000000000e-02 6.859500122070312500e+01 3.803900146484375000e+01 2.565299987792968750e+01
1.600000000000000000e+01 1.339285727590322495e-02 7.126699829101562500e+01 4.090399932861328125e+01 2.603800010681152344e+01
