1 1 14 0 0.0 0 0 35.656 51.238 51.221
1 2 18 0 0.053892215568862256 0 0 37.633 49.239 48.676
1 3 7 0 0.26347305389221565 0 0 36.418 48.761 45.097
1 4 20 0 0.5868263473053892 0 0 37.362 45.965 42.659
1 5 13 0 0.7005988023952096 0 0 37.779 46.454 38.899
1 6 12 0 0.9221556886227544 0 0 37.200 43.072 37.221
1 7 22 0 0.9520958083832335 0 0 37.498 42.672 33.527
1 8 22 0 0.9820359281437125 0 0 35.691 39.900 31.711
1 9 22 0 0.9700598802395209 0 0 37.586 38.247 28.931
1 10 9 0 0.9341317365269461 0 0 36.905 35.607 26.344
1 11 0 0 0.7964071856287425 0 0 35.945 34.387 22.876
1 12 9 0 0.592814371257485 0 0 32.894 34.541 20.697
1 13 9 0 0.562874251497006 0 0 30.085 32.392 21.874
1 14 22 0 0.8203592814371258 0 0 31.464 31.906 25.389
1 15 9 0 0.8143712574850299 0 0 28.426 33.380 27.086
1 16 13 0 0.9281437125748503 0 0 30.503 36.010 28.681
1 17 17 0 0.844311377245509 0 0 28.096 38.882 28.975
1 18 0 0 0.7245508982035929 0 0 25.278 36.367 29.826
1 19 12 0 0.8862275449101796 0 0 27.489 35.129 32.674
1 20 18 0 0.8982035928143712 0 0 28.094 38.665 33.844
1 21 11 0 0.6646706586826348 0 0 24.479 39.844 33.590
1 22 6 0 0.6167664670658684 0 0 23.348 36.896 35.707
1 23 12 0 0.6467065868263473 0 0 24.990 38.712 38.589
1 24 11 0 0.4491017964071856 0 0 22.910 41.779 37.883
1 25 6 0 0.21556886227544902 0 0 19.531 40.804 36.508
1 26 2 0 0.20359281437125742 0 0 19.355 37.628 38.661
1 27 10 0 0.16766467065868274 0 0 18.512 35.291 35.789
1 28 15 0 0.38323353293413165 0 0 20.431 34.618 32.564
1 29 22 0 0.34730538922155685 0 0 20.366 37.317 29.876
1 30 3 0 0.28742514970059885 0 0 20.792 35.901 26.416
1 31 7 0 0.13772455089820357 0 0 19.982 39.235 24.737
1 32 20 0 0.20958083832335328 0 0 22.837 40.733 22.679
1 33 3 0 0.23952095808383234 0 0 24.358 44.073 23.371
1 34 16 0 0.32335329341317365 0 0 27.765 45.363 22.431
1 35 18 0 0.44311377245508976 0 0 28.424 46.801 25.857
1 36 11 0 0.27544910179640725 0 0 30.443 49.767 24.617
1 37 7 0 0.11976047904191622 0 0 28.680 52.207 26.940
1 38 3 0 0.3053892215568862 0 0 27.229 49.894 29.631
1 39 17 0 0.5029940119760479 0 0 29.060 48.926 32.779
1 40 20 0 0.5449101796407185 0 0 27.933 47.205 35.998
1 41 1 0 0.45508982035928147 0 0 28.512 47.548 39.726
1 42 13 0 0.47904191616766467 0 0 27.973 44.709 42.219
1 43 6 0 0.22754491017964074 0 0 28.082 45.345 45.876
1 44 22 0 0.2574850299401197 0 0 28.557 42.122 47.602
1 45 22 0 0.08383233532934131 0 0 29.864 41.112 51.018
1 46 11 0 0.18562874251497008 0 0 32.750 38.748 50.623
1 47 3 0 0.03592814371257491 0 0 34.695 37.177 53.499
1 48 9 0 0.0059880239520957446 0 0 32.956 39.593 55.761
1 49 7 0 0.02395209580838331 0 0 33.831 42.732 53.875
1 50 18 0 0.029940119760479056 0 0 31.816 44.796 51.476
1 51 5 0 0.24550898203592808 0 0 33.530 44.660 48.147
1 52 12 0 0.33532934131736525 0 0 32.317 46.859 45.322
1 53 12 0 0.6347305389221557 0 0 32.878 45.039 42.071
1 54 3 0 0.652694610778443 0 0 32.896 47.028 38.811
1 55 11 0 0.8622754491017964 0 0 32.380 44.354 36.220
1 56 12 0 0.8383233532934131 0 0 33.800 45.680 32.962
1 57 3 0 0.8682634730538922 0 0 33.094 44.098 29.576
1 58 18 0 0.8323353293413174 0 0 35.281 43.217 26.577
1 59 0 0 0.5988023952095809 0 0 33.490 45.682 24.379
1 60 9 0 0.4011976047904191 0 0 32.196 44.920 20.961
1 61 6 0 0.3652694610778443 0 0 33.530 42.123 18.715
1 62 7 0 0.4610778443113772 0 0 36.814 40.246 19.041
1 63 7 0 0.17964071856287422 0 0 39.392 42.057 16.894
1 64 20 0 0.10778443113772451 0 0 41.501 45.125 17.559
1 65 17 0 0.08982035928143717 0 0 39.882 48.278 18.868
1 66 0 0 0.059880239520958 0 0 40.923 51.122 21.157
1 67 14 0 0.14371257485029942 0 0 37.567 51.226 22.886
1 68 1 0 0.4730538922155688 0 0 38.152 47.876 24.476
1 69 3 0 0.39520958083832336 0 0 41.767 48.602 25.454
1 70 6 0 0.31137724550898194 0 0 40.539 51.279 27.835
1 71 20 0 0.6047904191616766 0 0 38.270 48.763 29.607
1 72 14 0 0.718562874251497 0 0 40.907 46.068 29.658
1 73 1 0 0.5089820359281436 0 0 43.561 48.421 30.914
1 74 18 0 0.4850299401197605 0 0 41.332 49.943 33.516
1 75 9 0 0.7485029940119761 0 0 40.823 46.508 35.077
1 76 7 0 0.658682634730539 0 0 42.617 45.386 38.243
1 77 9 0 0.874251497005988 0 0 42.151 41.733 37.334
1 78 15 0 0.9640718562874252 0 0 40.603 39.461 34.796
1 79 12 0 0.9940119760479041 0 0 37.945 36.764 34.494
1 80 5 0 0.9880239520958084 0 0 38.838 34.856 31.376
1 81 22 0 0.9760479041916168 0 0 35.955 32.780 30.068
1 82 15 0 0.8802395209580838 0 0 35.851 29.844 27.656
1 83 0 0 0.7125748502994012 0 0 33.198 27.281 26.986
1 84 11 0 0.5149700598802396 0 0 33.883 23.571 27.438
1 85 2 0 0.2694610778443114 0 0 32.381 22.696 24.098
1 86 2 0 0.281437125748503 0 0 34.945 24.183 21.762
1 87 18 0 0.25149700598802394 0 0 38.654 23.939 22.008
1 88 13 0 0.3413173652694611 0 0 38.939 27.285 20.283
1 89 17 0 0.6407185628742516 0 0 37.750 29.372 23.179
1 90 15 0 0.6227544910179641 0 0 40.086 27.300 25.311
1 91 7 0 0.4251497005988024 0 0 42.978 27.835 22.862
1 92 3 0 0.5748502994011976 0 0 42.207 31.578 22.426
1 93 11 0 0.7784431137724551 0 0 43.085 31.850 26.122
1 94 10 0 0.5209580838323353 0 0 46.649 32.020 24.839
1 95 10 0 0.4970059880239521 0 0 45.691 34.982 22.703
1 96 20 0 0.7664670658682635 0 0 43.886 36.806 25.436
1 97 1 0 0.6706586826347305 0 0 46.810 36.292 27.835
1 98 7 0 0.41916167664670656 0 0 49.046 38.309 25.432
1 99 6 0 0.5508982035928144 0 0 46.370 40.966 25.477
1 100 11 0 0.6766467065868262 0 0 46.365 41.087 29.305
1 101 13 0 0.40718562874251496 0 0 50.138 41.288 29.084
1 102 1 0 0.221556886227545 0 0 50.024 44.330 26.820
1 103 22 0 0.37125748502994016 0 0 47.612 46.431 28.823
1 104 13 0 0.3173652694610779 0 0 49.382 45.953 32.147
1 105 3 0 0.09580838323353291 0 0 52.995 45.092 31.298
1 106 17 0 0.16167664670658677 0 0 52.909 42.250 33.807
1 107 7 0 0.3772455089820359 0 0 51.781 38.670 34.168
1 108 3 0 0.3532934131736526 0 0 51.340 38.651 37.884
1 109 22 0 0.5808383233532934 0 0 48.109 40.622 37.700
1 110 16 0 0.7724550898203593 0 0 45.244 38.647 39.222
1 111 14 0 0.9041916167664671 0 0 43.378 36.340 36.829
1 112 22 0 0.9461077844311377 0 0 40.893 33.526 36.860
1 113 12 0 0.9401197604790419 0 0 39.905 30.929 34.280
1 114 22 0 0.9580838323353293 0 0 36.247 30.189 34.027
1 115 9 0 0.8562874251497006 0 0 34.962 27.268 31.957
1 116 2 0 0.8023952095808383 0 0 31.313 27.406 30.869
1 117 13 0 0.5329341317365269 0 0 28.555 24.754 30.870
1 118 5 0 0.43113772455089827 0 0 29.999 22.497 33.519
1 119 3 0 0.15568862275449102 0 0 26.665 21.396 35.074
1 120 12 0 0.06586826347305386 0 0 26.146 19.489 31.866
1 121 16 0 0.0119760479041916 0 0 27.844 16.100 31.688
1 122 17 0 0.017964071856287345 0 0 29.343 16.497 28.185
1 123 1 0 0.0718562874251496 0 0 32.502 18.334 27.224
1 124 18 0 0.041916167664670656 0 0 34.806 18.526 24.231
1 125 22 0 0.19161676646706582 0 0 37.562 20.451 25.989
1 126 3 0 0.07784431137724557 0 0 39.895 18.282 27.960
1 127 18 0 0.14970059880239517 0 0 39.918 18.924 31.713
1 128 13 0 0.04790419161676651 0 0 43.429 17.821 32.417
1 129 6 0 0.11377245508982048 0 0 44.795 20.293 29.916
1 130 0 0 0.437125748502994 0 0 42.557 22.844 31.486
1 131 6 0 0.3293413173652695 0 0 43.948 22.167 34.891
1 132 3 0 0.12574850299401197 0 0 47.614 21.871 33.746
1 133 12 0 0.35928143712574856 0 0 47.260 25.133 31.856
1 134 0 0 0.5389221556886228 0 0 45.886 26.820 34.884
1 135 1 0 0.2335329341317366 0 0 48.547 25.098 37.040
1 136 17 0 0.13173652694610782 0 0 51.514 26.289 35.007
1 137 20 0 0.3892215568862275 0 0 50.276 29.882 34.631
1 138 9 0 0.4131736526946108 0 0 49.256 30.026 38.301
1 139 11 0 0.688622754491018 0 0 45.574 30.863 37.710
1 140 16 0 0.7425149700598803 0 0 42.513 29.340 39.359
1 141 15 0 0.7904191616766467 0 0 40.378 27.220 37.028
1 142 11 0 0.8263473053892215 0 0 36.822 27.573 38.200
1 143 7 0 0.6946107784431137 0 0 34.246 25.453 36.545
1 144 18 0 0.7844311377245509 0 0 30.934 27.257 35.828
1 145 17 0 0.6287425149700598 0 0 27.553 27.101 34.231
1 146 0 0 0.7305389221556886 0 0 26.360 30.565 33.455
1 147 13 0 0.46706586826347307 0 0 22.676 30.179 32.713
1 148 18 0 0.2934131736526946 0 0 21.817 27.817 35.537
1 149 1 0 0.49101796407185627 0 0 24.044 29.780 37.808
1 150 6 0 0.5269461077844311 0 0 26.664 27.318 39.029
1 151 9 0 0.6826347305389222 0 0 29.783 29.004 40.362
1 152 22 0 0.8502994011976048 0 0 29.308 32.315 38.505
1 153 3 0 0.7604790419161677 0 0 29.369 33.922 41.908
1 154 3 0 0.7065868263473054 0 0 32.191 31.792 43.221
1 155 0 0 0.9101796407185628 0 0 34.198 32.647 40.118
1 156 15 0 0.9161676646706587 0 0 33.796 36.401 40.846
1 157 20 0 0.7544910179640718 0 0 34.627 35.745 44.458
1 158 18 0 0.8083832335329342 0 0 37.738 33.775 43.324
1 159 12 0 0.8922155688622755 0 0 39.076 36.623 41.358
1 160 22 0 0.7365269461077844 0 0 38.332 38.984 44.198
1 161 1 0 0.5568862275449102 0 0 40.193 36.642 46.482
1 162 7 0 0.6107784431137725 0 0 43.231 36.560 44.236
1 163 11 0 0.5688622754491017 0 0 43.225 40.320 44.238
1 164 1 0 0.29940119760479034 0 0 43.021 40.347 48.051
1 165 13 0 0.17365269461077848 0 0 45.808 37.844 48.155
1 166 10 0 0.19760479041916168 0 0 48.244 39.528 45.777
1 167 13 0 0.10179640718562877 0 0 47.582 43.145 46.770
