5.000000000000000000e+00 1.383928507566452026e-01 2.625000000000000000e+01 3.773400115966796875e+01 4.069699859619140625e+01
1.600000000000000000e+01 2.366071492433547974e-01 2.695100021362304688e+01 4.136600112915039062e+01 4.196200180053710938e+01
1.200000000000000000e+01 5.089285969734191895e-01 3.064500045776367188e+01 4.087699890136718750e+01 4.105500030517578125e+01
1.400000000000000000e+01 5.357142686843872070e-01 3.153100013732910156e+01 3.809899902343750000e+01 3.852899932861328125e+01
2.200000000000000000e+01 7.053571343421936035e-01 3.523500061035156250e+01 3.744900131225585938e+01 3.747999954223632812e+01
1.300000000000000000e+01 6.919642686843872070e-01 3.594900131225585938e+01 3.559299850463867188e+01 3.424700164794921875e+01
2.200000000000000000e+01 7.410714030265808105e-01 3.948799896240234375e+01 3.422100067138671875e+01 3.359500122070312500e+01
1.200000000000000000e+01 6.741071343421936035e-01 4.059099960327148438e+01 3.284400177001953125e+01 3.029800033569335938e+01
3.000000000000000000e+00 6.294642686843872070e-01 4.377500152587890625e+01 3.107399940490722656e+01 2.926300048828125000e+01
0.000000000000000000e+00 5.982142686843872070e-01 4.565299987792968750e+01 3.229800033569335938e+01 2.614200019836425781e+01
2.200000000000000000e+01 3.616071343421936035e-01 4.773300170898437500e+01 2.910400009155273438e+01 2.564100074768066406e+01
1.000000000000000000e+00 2.321428507566452026e-01 4.470199966430664062e+01 2.693000030517578125e+01 2.516600036621093750e+01
9.000000000000000000e+00 2.991071343421936035e-01 4.228799819946289062e+01 2.966900062561035156e+01 2.397800064086914062e+01
1.700000000000000000e+01 2.901785671710968018e-01 3.965800094604492188e+01 2.874399948120117188e+01 2.647999954223632812e+01
1.600000000000000000e+01 3.883928656578063965e-01 3.869100189208984375e+01 2.934399986267089844e+01 3.026700019836425781e+01
0.000000000000000000e+00 5.491071343421936035e-01 4.138800048828125000e+01 2.940200042724609375e+01 3.305500030517578125e+01
1.100000000000000000e+01 3.348214328289031982e-01 4.072900009155273438e+01 2.670299911499023438e+01 3.567200088500976562e+01
2.000000000000000000e+00 3.794642984867095947e-01 4.137200164794921875e+01 2.741900062561035156e+01 3.941299819946289062e+01
2.200000000000000000e+01 6.696428656578063965e-01 4.279700088500976562e+01 3.091200065612792969e+01 3.910200119018554688e+01
0.000000000000000000e+00 6.830357313156127930e-01 4.299499893188476562e+01 3.233599853515625000e+01 4.279899978637695312e+01
1.400000000000000000e+01 7.767857313156127930e-01 4.227000045776367188e+01 3.595299911499023438e+01 4.387900161743164062e+01
2.200000000000000000e+01 7.366071343421936035e-01 3.913299942016601562e+01 4.123699951171875000e+01 4.662200164794921875e+01
1.500000000000000000e+01 6.785714030265808105e-01 3.929499816894531250e+01 4.424200057983398438e+01 4.903599929809570312e+01
1.000000000000000000e+00 5.535714030265808105e-01 3.732699966430664062e+01 4.738399887084960938e+01 4.980899810791015625e+01
1.300000000000000000e+01 4.598214328289031982e-01 3.824499893188476562e+01 5.079999923706054688e+01 5.118799972534179688e+01
0.000000000000000000e+00 1.741071492433547974e-01 3.691400146484375000e+01 5.142900085449218750e+01 5.479100036621093750e+01
0.000000000000000000e+00 4.464285820722579956e-02 3.547000122070312500e+01 5.467100143432617188e+01 5.638399887084960938e+01
3.000000000000000000e+00 7.142857462167739868e-02 3.880799865722656250e+01 5.622800064086914062e+01 5.703499984741210938e+01
3.000000000000000000e+00 2.544642984867095947e-01 3.998500061035156250e+01 5.505599975585937500e+01 5.354499816894531250e+01
1.800000000000000000e+01 2.812500000000000000e-01 4.211199951171875000e+01 5.218899917602539062e+01 5.485200119018554688e+01
1.900000000000000000e+01 5.044642686843872070e-01 4.191500091552734375e+01 4.892599868774414062e+01 5.278699874877929688e+01
7.000000000000000000e+00 3.303571343421936035e-01 3.961600112915039062e+01 4.638700103759765625e+01 5.441999816894531250e+01
1.600000000000000000e+01 4.151785671710968018e-01 3.954000091552734375e+01 4.272299957275390625e+01 5.312900161743164062e+01
1.500000000000000000e+01 4.241071343421936035e-01 3.634299850463867188e+01 4.184400177001953125e+01 5.106800079345703125e+01
0.000000000000000000e+00 4.419642984867095947e-01 3.681600189208984375e+01 3.821200180053710938e+01 4.972499847412109375e+01
1.700000000000000000e+01 5.267857313156127930e-01 3.901800155639648438e+01 3.547100067138671875e+01 4.828400039672851562e+01
9.000000000000000000e+00 4.732142984867095947e-01 3.839899826049804688e+01 3.243000030517578125e+01 4.609000015258789062e+01
1.300000000000000000e+01 5.000000000000000000e-01 3.949800109863281250e+01 3.052499961853027344e+01 4.298500061035156250e+01
1.800000000000000000e+01 4.910714328289031982e-01 3.784199905395507812e+01 3.008300018310546875e+01 3.936899948120117188e+01
1.700000000000000000e+01 2.276785671710968018e-01 3.558100128173828125e+01 2.716900062561035156e+01 3.818799972534179688e+01
7.000000000000000000e+00 9.821428358554840088e-02 3.597900009155273438e+01 2.476199913024902344e+01 3.510699844360351562e+01
1.700000000000000000e+01 1.607142835855484009e-01 3.410900115966796875e+01 2.730699920654296875e+01 3.289599990844726562e+01
9.000000000000000000e+00 4.330357015132904053e-01 3.629100036621093750e+01 3.037199974060058594e+01 3.379299926757812500e+01
7.000000000000000000e+00 3.928571343421936035e-01 3.367399978637695312e+01 3.196299934387207031e+01 3.606200027465820312e+01
1.200000000000000000e+01 4.553571343421936035e-01 3.427700042724609375e+01 3.254999923706054688e+01 3.976200103759765625e+01
9.000000000000000000e+00 1.205357164144515991e-01 3.016500091552734375e+01 3.314300155639648438e+01 4.536800003051757812e+01
1.200000000000000000e+01 3.080357015132904053e-01 3.208900070190429688e+01 3.628599929809570312e+01 4.590599822998046875e+01
1.800000000000000000e+01 1.964285671710968018e-01 2.939999961853027344e+01 3.849800109863281250e+01 4.735800170898437500e+01
1.800000000000000000e+01 5.803571268916130066e-02 2.564900016784667969e+01 3.936299896240234375e+01 4.779999923706054688e+01
7.000000000000000000e+00 2.232142910361289978e-02 2.378400039672851562e+01 4.261500167846679688e+01 4.718500137329101562e+01
7.000000000000000000e+00 8.928571827709674835e-03 2.352199935913085938e+01 4.407199859619140625e+01 5.075899887084960938e+01
7.000000000000000000e+00 6.250000000000000000e-02 2.725799942016601562e+01 4.330799865722656250e+01 5.138499832153320312e+01
1.500000000000000000e+01 1.830357164144515991e-01 2.853100013732910156e+01 4.501399993896484375e+01 4.800799942016601562e+01
2.200000000000000000e+01 9.375000000000000000e-02 2.783300018310546875e+01 4.864099884033203125e+01 4.914500045776367188e+01
7.000000000000000000e+00 1.562500000000000000e-01 2.907699966430664062e+01 5.191600036621093750e+01 4.759999847412109375e+01
9.000000000000000000e+00 3.437500000000000000e-01 3.290800094604492188e+01 5.177700042724609375e+01 4.750299835205078125e+01
1.100000000000000000e+01 6.071428656578063965e-01 3.635699844360351562e+01 5.187799835205078125e+01 4.613700103759765625e+01
2.000000000000000000e+01 7.187500000000000000e-01 3.715299987792968750e+01 4.824100112915039062e+01 4.532600021362304688e+01
1.300000000000000000e+01 8.616071343421936035e-01 4.048099899291992188e+01 4.637099838256835938e+01 4.454899978637695312e+01
2.200000000000000000e+01 9.196428656578063965e-01 4.079700088500976562e+01 4.287900161743164062e+01 4.283000183105468750e+01
7.000000000000000000e+00 9.375000000000000000e-01 4.431800079345703125e+01 4.117399978637695312e+01 4.313700103759765625e+01
1.100000000000000000e+01 9.241071343421936035e-01 4.463299942016601562e+01 3.801800155639648438e+01 4.099900054931640625e+01
3.000000000000000000e+00 8.392857313156127930e-01 4.713700103759765625e+01 3.522700119018554688e+01 4.194800186157226562e+01
1.800000000000000000e+01 8.750000000000000000e-01 4.839400100708007812e+01 3.502399826049804688e+01 3.830199813842773438e+01
1.300000000000000000e+01 7.857142686843872070e-01 5.199000167846679688e+01 3.361299896240234375e+01 3.881999969482421875e+01
1.700000000000000000e+01 6.517857313156127930e-01 5.063100051879882812e+01 3.060799980163574219e+01 4.076300048828125000e+01
2.000000000000000000e+01 6.205357313156127930e-01 4.850600051879882812e+01 2.916399955749511719e+01 3.790900039672851562e+01
1.900000000000000000e+01 5.848214030265808105e-01 5.152799987792968750e+01 2.913699913024902344e+01 3.556299972534179688e+01
1.300000000000000000e+01 3.839285671710968018e-01 5.425799942016601562e+01 2.763800048828125000e+01 3.777000045776367188e+01
0.000000000000000000e+00 2.633928656578063965e-01 5.177299880981445312e+01 2.496400070190429688e+01 3.892399978637695312e+01
1.200000000000000000e+01 2.142857164144515991e-01 5.158100128173828125e+01 2.386100006103515625e+01 3.524100112915039062e+01
9.000000000000000000e+00 1.250000000000000000e-01 5.537799835205078125e+01 2.393799972534179688e+01 3.472299957275390625e+01
1.100000000000000000e+01 3.125000000000000000e-01 5.519699859619140625e+01 2.716300010681152344e+01 3.260300064086914062e+01
1.700000000000000000e+01 4.821428656578063965e-01 5.734799957275390625e+01 3.024399948120117188e+01 3.388199996948242188e+01
1.600000000000000000e+01 7.098214030265808105e-01 5.532600021362304688e+01 3.361999893188476562e+01 3.395399856567382812e+01
1.500000000000000000e+01 7.991071343421936035e-01 5.654999923706054688e+01 3.725699996948242188e+01 3.360100173950195312e+01
7.000000000000000000e+00 8.973214030265808105e-01 5.359799957275390625e+01 3.803200149536132812e+01 3.933300018310546875e+01
0.000000000000000000e+00 9.866071343421936035e-01 4.729700088500976562e+01 4.101200103759765625e+01 3.775400161743164062e+01
7.000000000000000000e+00 9.955357313156127930e-01 4.565299987792968750e+01 4.381999969482421875e+01 3.982699966430664062e+01
2.200000000000000000e+01 9.776785969734191895e-01 4.268999862670898438e+01 4.619599914550781250e+01 3.916400146484375000e+01
2.200000000000000000e+01 9.330357313156127930e-01 4.116899871826171875e+01 4.907300186157226562e+01 4.109500122070312500e+01
1.500000000000000000e+01 8.258928656578063965e-01 3.782799911499023438e+01 5.077000045776367188e+01 4.046200180053710938e+01
1.800000000000000000e+01 6.428571343421936035e-01 3.475099945068359375e+01 5.242599868774414062e+01 4.219300079345703125e+01
0.000000000000000000e+00 5.223214030265808105e-01 3.155200004577636719e+01 5.032400131225585938e+01 4.223799896240234375e+01
2.000000000000000000e+00 2.410714328289031982e-01 2.794300079345703125e+01 5.115000152587890625e+01 4.314199829101562500e+01
3.000000000000000000e+00 1.294642835855484009e-01 2.827400016784667969e+01 5.482300186157226562e+01 4.406800079345703125e+01
1.700000000000000000e+01 1.785714365541934967e-02 2.484199905395507812e+01 5.636600112915039062e+01 4.350899887084960938e+01
9.000000000000000000e+00 3.125000000000000000e-02 2.347200012207031250e+01 5.337799835205078125e+01 4.157199859619140625e+01
1.600000000000000000e+01 7.589285820722579956e-02 2.396100044250488281e+01 4.961500167846679688e+01 4.238199996948242188e+01
1.000000000000000000e+00 1.785714328289031982e-01 2.545700073242187500e+01 4.796400070190429688e+01 3.931200027465820312e+01
1.000000000000000000e+00 2.678571343421936035e-01 2.654500007629394531e+01 4.445600128173828125e+01 3.835800170898437500e+01
2.000000000000000000e+01 5.446428656578063965e-01 3.022299957275390625e+01 4.410900115966796875e+01 3.759299850463867188e+01
1.800000000000000000e+01 6.250000000000000000e-01 3.165500068664550781e+01 4.132199859619140625e+01 3.543600082397460938e+01
1.100000000000000000e+01 8.080357313156127930e-01 3.543099975585937500e+01 4.171500015258789062e+01 3.514400100708007812e+01
0.000000000000000000e+00 8.125000000000000000e-01 3.698099899291992188e+01 3.961000061035156250e+01 3.226699829101562500e+01
0.000000000000000000e+00 9.062500000000000000e-01 4.069800186157226562e+01 3.873400115966796875e+01 3.233200073242187500e+01
1.200000000000000000e+01 8.482142686843872070e-01 4.297700119018554688e+01 3.686100006103515625e+01 2.986100006103515625e+01
1.200000000000000000e+01 8.660714030265808105e-01 4.635400009155273438e+01 3.570100021362304688e+01 3.095700073242187500e+01
1.700000000000000000e+01 7.723214030265808105e-01 4.947499847412109375e+01 3.465100097656250000e+01 2.890500068664550781e+01
1.600000000000000000e+01 7.232142686843872070e-01 5.307799911499023438e+01 3.396500015258789062e+01 3.029100036621093750e+01
2.000000000000000000e+01 7.946428656578063965e-01 5.436700057983398438e+01 3.740000152587890625e+01 2.918000030517578125e+01
1.700000000000000000e+01 8.928571343421936035e-01 5.111000061035156250e+01 3.937200164794921875e+01 2.889200019836425781e+01
2.000000000000000000e+01 9.598214030265808105e-01 4.757899856567382812e+01 3.983499908447265625e+01 3.023699951171875000e+01
1.700000000000000000e+01 9.419642686843872070e-01 4.442300033569335938e+01 4.165800094604492188e+01 2.910199928283691406e+01
1.800000000000000000e+01 9.642857313156127930e-01 4.159799957275390625e+01 4.270500183105468750e+01 3.137199974060058594e+01
1.800000000000000000e+01 8.705357313156127930e-01 3.816899871826171875e+01 4.435400009155273438e+01 3.061599922180175781e+01
0.000000000000000000e+00 8.035714030265808105e-01 3.532099914550781250e+01 4.549499893188476562e+01 3.297100067138671875e+01
2.200000000000000000e+01 6.160714030265808105e-01 3.177799987792968750e+01 4.461999893188476562e+01 3.165299987792968750e+01
2.200000000000000000e+01 4.375000000000000000e-01 2.898200035095214844e+01 4.647499847412109375e+01 3.353200149536132812e+01
1.800000000000000000e+01 1.875000000000000000e-01 2.529000091552734375e+01 4.570500183105468750e+01 3.369300079345703125e+01
2.000000000000000000e+00 4.910714179277420044e-02 2.219000053405761719e+01 4.747000122070312500e+01 3.474800109863281250e+01
1.600000000000000000e+01 0.000000000000000000e+00 1.908699989318847656e+01 4.505500030517578125e+01 3.493999862670898438e+01
5.000000000000000000e+00 1.026785746216773987e-01 6.788300323486328125e+01 5.089599990844726562e+01 2.765600013732910156e+01
1.600000000000000000e+01 2.232142835855484009e-01 6.769000244140625000e+01 4.786800003051757812e+01 3.013500022888183594e+01
1.200000000000000000e+01 4.866071343421936035e-01 6.401300048828125000e+01 4.881299972534179688e+01 3.078599929809570312e+01
1.400000000000000000e+01 4.955357015132904053e-01 6.223799896240234375e+01 5.059400177001953125e+01 2.794499969482421875e+01
2.200000000000000000e+01 6.651785969734191895e-01 5.853900146484375000e+01 5.142399978637695312e+01 2.809900093078613281e+01
1.300000000000000000e+01 6.383928656578063965e-01 5.617800140380859375e+01 5.210300064086914062e+01 2.517200088500976562e+01
2.200000000000000000e+01 7.142857313156127930e-01 5.259000015258789062e+01 5.316600036621093750e+01 2.583799934387207031e+01
1.200000000000000000e+01 6.562500000000000000e-01 4.975299835205078125e+01 5.296200180053710938e+01 2.327400016784667969e+01
3.000000000000000000e+00 6.473214030265808105e-01 4.619100189208984375e+01 5.433700180053710938e+01 2.362100028991699219e+01
0.000000000000000000e+00 5.758928656578063965e-01 4.325999832153320312e+01 5.257500076293945312e+01 2.183499908447265625e+01
2.200000000000000000e+01 3.973214328289031982e-01 4.084999847412109375e+01 5.555599975585937500e+01 2.186499977111816406e+01
1.000000000000000000e+00 2.098214328289031982e-01 4.225699996948242188e+01 5.798699951171875000e+01 1.932099914550781250e+01
9.000000000000000000e+00 2.857142984867095947e-01 4.482600021362304688e+01 5.531900024414062500e+01 1.859300041198730469e+01
1.700000000000000000e+01 2.767857015132904053e-01 4.777700042724609375e+01 5.744499969482421875e+01 1.966900062561035156e+01
1.600000000000000000e+01 3.526785671710968018e-01 5.104199981689453125e+01 5.707899856567382812e+01 2.159300041198730469e+01
0.000000000000000000e+00 5.312500000000000000e-01 5.004000091552734375e+01 5.818799972534179688e+01 2.494799995422363281e+01
1.100000000000000000e+01 3.169642984867095947e-01 5.209299850463867188e+01 6.126300048828125000e+01 2.567200088500976562e+01
2.000000000000000000e+00 3.214285671710968018e-01 5.295700073242187500e+01 6.278599929809570312e+01 2.912899971008300781e+01
2.200000000000000000e+01 6.116071343421936035e-01 5.176599884033203125e+01 5.977899932861328125e+01 3.124399948120117188e+01
0.000000000000000000e+00 6.339285969734191895e-01 5.342800140380859375e+01 5.980099868774414062e+01 3.468700027465820312e+01
1.400000000000000000e+01 7.321428656578063965e-01 5.471400070190429688e+01 5.671900177001953125e+01 3.622100067138671875e+01
2.200000000000000000e+01 7.276785969734191895e-01 5.888800048828125000e+01 5.192699813842773438e+01 3.933300018310546875e+01
1.500000000000000000e+01 6.964285969734191895e-01 5.925600051879882812e+01 5.037400054931640625e+01 4.278799819946289062e+01
1.000000000000000000e+00 6.026785969734191895e-01 6.145700073242187500e+01 4.739199829101562500e+01 4.385900115966796875e+01
1.300000000000000000e+01 5.714285969734191895e-01 6.036299896240234375e+01 4.489699935913085938e+01 4.651699829101562500e+01
0.000000000000000000e+00 3.035714328289031982e-01 6.208499908447265625e+01 4.508200073242187500e+01 4.994400024414062500e+01
0.000000000000000000e+00 1.428571492433547974e-01 6.330199813842773438e+01 4.178900146484375000e+01 5.181900024414062500e+01
3.000000000000000000e+00 1.473214328289031982e-01 6.044900131225585938e+01 4.234700012207031250e+01 5.432500076293945312e+01
3.000000000000000000e+00 4.062500000000000000e-01 5.805500030517578125e+01 4.246400070190429688e+01 5.134600067138671875e+01
1.800000000000000000e+01 4.464285671710968018e-01 5.750500106811523438e+01 4.637200164794921875e+01 5.140399932861328125e+01
1.900000000000000000e+01 5.892857313156127930e-01 5.783900070190429688e+01 4.868700027465820312e+01 4.823899841308593750e+01
7.000000000000000000e+00 4.196428656578063965e-01 6.070600128173828125e+01 5.105799865722656250e+01 4.777700042724609375e+01
1.600000000000000000e+01 4.687500000000000000e-01 6.076900100708007812e+01 5.369300079345703125e+01 4.513199996948242188e+01
1.500000000000000000e+01 3.705357015132904053e-01 6.336199951171875000e+01 5.288100051879882812e+01 4.261999893188476562e+01
0.000000000000000000e+00 4.285714328289031982e-01 6.279700088500976562e+01 5.482500076293945312e+01 3.926599884033203125e+01
1.700000000000000000e+01 5.133928656578063965e-01 6.016299819946289062e+01 5.719699859619140625e+01 3.770100021362304688e+01
9.000000000000000000e+00 4.107142984867095947e-01 5.945199966430664062e+01 5.928799819946289062e+01 3.445199966430664062e+01
1.300000000000000000e+01 4.776785671710968018e-01 5.658200073242187500e+01 6.015200042724609375e+01 3.209899902343750000e+01
1.800000000000000000e+01 4.642857015132904053e-01 5.606000137329101562e+01 5.924000167846679688e+01 2.845700073242187500e+01
1.700000000000000000e+01 2.053571492433547974e-01 5.762799835205078125e+01 6.138100051879882812e+01 2.563599967956542969e+01
7.000000000000000000e+00 8.928571641445159912e-02 5.592699813842773438e+01 6.270500183105468750e+01 2.246400070190429688e+01
1.700000000000000000e+01 1.071428582072257996e-01 5.626499938964843750e+01 5.943899917602539062e+01 2.053100013732910156e+01
9.000000000000000000e+00 3.571428656578063965e-01 5.490299987792968750e+01 5.750199890136718750e+01 2.372500038146972656e+01
7.000000000000000000e+00 3.392857015132904053e-01 5.834299850463867188e+01 5.613000106811523438e+01 2.458200073242187500e+01
1.200000000000000000e+01 3.660714328289031982e-01 6.016699981689453125e+01 5.635900115966796875e+01 2.791099929809570312e+01
9.000000000000000000e+00 1.160714253783226013e-01 6.632199859619140625e+01 5.668000030517578125e+01 3.066500091552734375e+01
1.200000000000000000e+01 2.946428656578063965e-01 6.474800109863281250e+01 5.506299972534179688e+01 3.373500061035156250e+01
1.800000000000000000e+01 2.008928507566452026e-01 6.773799896240234375e+01 5.302000045776367188e+01 3.500099945068359375e+01
1.800000000000000000e+01 6.696428358554840088e-02 7.129599761962890625e+01 5.186299896240234375e+01 3.389199829101562500e+01
7.000000000000000000e+00 2.678571455180644989e-02 7.263800048828125000e+01 4.830799865722656250e+01 3.367699813842773438e+01
7.000000000000000000e+00 4.464285913854837418e-03 7.484700012207031250e+01 4.868700027465820312e+01 3.683800125122070312e+01
7.000000000000000000e+00 4.017857089638710022e-02 7.192099761962890625e+01 4.960599899291992188e+01 3.899900054931640625e+01
1.500000000000000000e+01 1.651785671710968018e-01 6.942900085449218750e+01 4.709400177001953125e+01 3.750000000000000000e+01
2.200000000000000000e+01 1.116071417927742004e-01 7.004799652099609375e+01 4.385900115966796875e+01 3.932500076293945312e+01
7.000000000000000000e+00 2.187500000000000000e-01 6.800700378417968750e+01 4.070600128173828125e+01 4.031100082397460938e+01
9.000000000000000000e+00 4.017857015132904053e-01 6.475499725341796875e+01 4.169400024414062500e+01 4.216500091552734375e+01
1.100000000000000000e+01 6.607142686843872070e-01 6.098799896240234375e+01 4.198899841308593750e+01 4.211700057983398438e+01
2.000000000000000000e+01 7.544642686843872070e-01 5.980599975585937500e+01 4.512799835205078125e+01 4.037799835205078125e+01
1.300000000000000000e+01 8.794642686843872070e-01 5.647299957275390625e+01 4.700600051879882812e+01 4.034899902343750000e+01
2.200000000000000000e+01 9.107142686843872070e-01 5.574800109863281250e+01 4.956800079345703125e+01 3.755799865722656250e+01
7.000000000000000000e+00 9.285714030265808105e-01 5.269900131225585938e+01 5.177299880981445312e+01 3.840299987792968750e+01
1.100000000000000000e+01 9.151785969734191895e-01 5.107400131225585938e+01 5.380300140380859375e+01 3.561399841308593750e+01
3.000000000000000000e+00 8.214285969734191895e-01 4.872700119018554688e+01 5.681999969482421875e+01 3.610800170898437500e+01
1.800000000000000000e+01 8.348214030265808105e-01 4.625299835205078125e+01 5.616400146484375000e+01 3.327899932861328125e+01
1.300000000000000000e+01 7.455357313156127930e-01 4.374599838256835938e+01 5.817699813842773438e+01 3.534500122070312500e+01
1.700000000000000000e+01 5.803571343421936035e-01 4.547200012207031250e+01 6.153400039672851562e+01 3.468999862670898438e+01
2.000000000000000000e+01 5.937500000000000000e-01 4.570399856567382812e+01 6.052199935913085938e+01 3.092700004577636719e+01
1.900000000000000000e+01 5.580357313156127930e-01 4.197100067138671875e+01 6.012300109863281250e+01 3.061800003051757812e+01
1.300000000000000000e+01 3.482142984867095947e-01 4.118199920654296875e+01 6.319900131225585938e+01 3.285499954223632812e+01
0.000000000000000000e+00 2.455357164144515991e-01 4.335300064086914062e+01 6.535199737548828125e+01 3.066099929809570312e+01
1.200000000000000000e+01 1.919642835855484009e-01 4.126800155639648438e+01 6.452600097656250000e+01 2.755900001525878906e+01
9.000000000000000000e+00 1.339285671710968018e-01 3.762099838256835938e+01 6.442099761962890625e+01 2.912500000000000000e+01
1.100000000000000000e+01 3.258928656578063965e-01 3.737099838256835938e+01 6.073400115966796875e+01 2.896699905395507812e+01
1.700000000000000000e+01 4.508928656578063965e-01 3.591999816894531250e+01 5.906600189208984375e+01 3.223199844360351562e+01
1.600000000000000000e+01 7.008928656578063965e-01 3.849800109863281250e+01 5.663100051879882812e+01 3.361600112915039062e+01
1.500000000000000000e+01 7.589285969734191895e-01 3.702999877929687500e+01 5.349399948120117188e+01 3.525199890136718750e+01
7.000000000000000000e+00 8.883928656578063965e-01 4.284199905395507812e+01 5.389500045776367188e+01 3.880099868774414062e+01
0.000000000000000000e+00 9.821428656578063965e-01 4.775500106811523438e+01 5.023099899291992188e+01 3.485699844360351562e+01
7.000000000000000000e+00 9.910714030265808105e-01 5.041600036621093750e+01 4.802299880981445312e+01 3.648199844360351562e+01
2.200000000000000000e+01 9.732142686843872070e-01 5.337099838256835938e+01 4.559299850463867188e+01 3.564899826049804688e+01
2.200000000000000000e+01 9.508928656578063965e-01 5.478900146484375000e+01 4.352000045776367188e+01 3.861299896240234375e+01
1.500000000000000000e+01 8.437500000000000000e-01 5.770700073242187500e+01 4.118299865722656250e+01 3.770800018310546875e+01
1.800000000000000000e+01 6.875000000000000000e-01 6.073400115966796875e+01 3.915700149536132812e+01 3.862300109863281250e+01
0.000000000000000000e+00 5.401785969734191895e-01 6.379199981689453125e+01 4.032899856567382812e+01 3.677199935913085938e+01
2.000000000000000000e+00 2.723214328289031982e-01 6.696900177001953125e+01 3.859899902343750000e+01 3.561600112915039062e+01
3.000000000000000000e+00 2.589285671710968018e-01 6.570099639892578125e+01 3.508800125122070312e+01 3.649900054931640625e+01
1.700000000000000000e+01 8.035714179277420044e-02 6.838200378417968750e+01 3.328300094604492188e+01 3.427799987792968750e+01
9.000000000000000000e+00 5.357142910361289978e-02 7.061000061035156250e+01 3.621300125122070312e+01 3.343600082397460938e+01
1.600000000000000000e+01 8.482142537832260132e-02 7.044000244140625000e+01 3.983300018310546875e+01 3.228699874877929688e+01
1.000000000000000000e+00 1.696428507566452026e-01 6.805300140380859375e+01 4.081399917602539062e+01 2.948200035095214844e+01
1.000000000000000000e+00 2.500000000000000000e-01 6.681099700927734375e+01 4.403599929809570312e+01 2.793600082397460938e+01
2.000000000000000000e+01 5.178571343421936035e-01 6.315599822998046875e+01 4.450899887084960938e+01 2.854299926757812500e+01
1.800000000000000000e+01 5.669642686843872070e-01 6.073400115966796875e+01 4.629299926757812500e+01 2.621299934387207031e+01
1.100000000000000000e+01 7.633928656578063965e-01 5.737200164794921875e+01 4.682400131225585938e+01 2.800499916076660156e+01
0.000000000000000000e+00 7.901785969734191895e-01 5.427299880981445312e+01 4.775999832153320312e+01 2.604299926757812500e+01
0.000000000000000000e+00 8.839285969734191895e-01 5.099300003051757812e+01 4.891799926757812500e+01 2.748500061035156250e+01
1.200000000000000000e+01 8.303571343421936035e-01 4.773699951171875000e+01 4.928300094604492188e+01 2.551499938964843750e+01
1.200000000000000000e+01 8.526785969734191895e-01 4.509299850463867188e+01 5.151599884033203125e+01 2.722800064086914062e+01
1.700000000000000000e+01 7.812500000000000000e-01 4.139500045776367188e+01 5.228599929809570312e+01 2.720299911499023438e+01
1.600000000000000000e+01 7.500000000000000000e-01 3.884299850463867188e+01 5.348699951171875000e+01 2.998100090026855469e+01
2.000000000000000000e+01 8.169642686843872070e-01 3.728499984741210938e+01 5.011600112915039062e+01 3.115800094604492188e+01
1.700000000000000000e+01 9.017857313156127930e-01 4.015999984741210938e+01 4.806399917602539062e+01 2.982699966430664062e+01
2.000000000000000000e+01 9.687500000000000000e-01 4.390999984741210938e+01 4.754600143432617188e+01 2.961100006103515625e+01
1.700000000000000000e+01 9.464285969734191895e-01 4.622100067138671875e+01 4.504399871826171875e+01 2.790600013732910156e+01
1.800000000000000000e+01 9.553571343421936035e-01 5.002000045776367188e+01 4.482600021362304688e+01 2.863599967956542969e+01
1.800000000000000000e+01 8.571428656578063965e-01 5.295500183105468750e+01 4.274499893188476562e+01 2.718000030517578125e+01
0.000000000000000000e+00 7.678571343421936035e-01 5.674800109863281250e+01 4.231600189208984375e+01 2.765399932861328125e+01
2.200000000000000000e+01 5.625000000000000000e-01 5.936999893188476562e+01 4.162900161743164062e+01 2.503899955749511719e+01
2.200000000000000000e+01 3.750000000000000000e-01 6.267699813842773438e+01 4.009700012207031250e+01 2.634199905395507812e+01
1.800000000000000000e+01 1.517857164144515991e-01 6.581400299072265625e+01 4.057099914550781250e+01 2.427400016784667969e+01
2.000000000000000000e+00 3.571428731083869934e-02 6.933699798583984375e+01 3.918500137329101562e+01 2.487100028991699219e+01
1.600000000000000000e+01 1.339285727590322495e-02 7.238400268554687500e+01 4.125999832153320312e+01 2.585199928283691406e+01
