1 1 14 0 0.0059880239520957446 0 0 21.886 46.465 46.744
1 2 18 0 0.059880239520958 0 0 25.464 45.374 47.081
1 3 7 0 0.2335329341317366 0 0 28.022 46.269 44.418
1 4 20 0 0.5748502994011976 0 0 30.330 43.715 42.901
1 5 13 0 0.6826347305389222 0 0 33.066 44.788 40.544
1 6 12 0 0.9221556886227544 0 0 33.752 41.671 38.420
1 7 22 0 0.9520958083832335 0 0 36.685 41.457 36.131
1 8 22 0 0.9880239520958084 0 0 36.959 39.014 33.269
1 9 22 0 0.9700598802395209 0 0 40.365 38.031 32.099
1 10 9 0 0.9341317365269461 0 0 41.567 35.694 29.389
1 11 0 0 0.8083832335329342 0 0 42.983 35.349 25.847
1 12 9 0 0.6107784431137725 0 0 41.855 36.774 22.582
1 13 9 0 0.5568862275449102 0 0 39.371 34.704 20.590
1 14 22 0 0.7664670658682635 0 0 37.958 32.514 23.386
1 15 9 0 0.8143712574850299 0 0 34.681 34.287 23.950
1 16 13 0 0.9281437125748503 0 0 35.796 36.635 26.703
1 17 17 0 0.844311377245509 0 0 33.319 39.237 25.751
1 18 0 0 0.7844311377245509 0 0 30.777 36.588 24.513
1 19 12 0 0.9101796407185628 0 0 30.376 34.988 27.926
1 20 18 0 0.9161676646706587 0 0 29.990 38.335 29.506
1 21 11 0 0.7065868263473054 0 0 27.453 39.550 27.062
1 22 6 0 0.6407185628742516 0 0 25.612 36.279 27.432
1 23 12 0 0.6766467065868262 0 0 24.738 37.217 30.947
1 24 11 0 0.5269461077844311 0 0 23.855 40.763 29.730
1 25 6 0 0.29940119760479034 0 0 21.748 39.997 26.725
1 26 2 0 0.2934131736526946 0 0 20.949 36.304 26.800
1 27 10 0 0.27544910179640725 0 0 22.742 35.966 23.475
1 28 15 0 0.40718562874251496 0 0 26.283 35.626 22.247
1 29 22 0 0.38323353293413165 0 0 28.197 38.529 20.796
1 30 3 0 0.26347305389221565 0 0 30.616 37.616 17.948
1 31 7 0 0.11976047904191622 0 0 31.136 41.106 16.765
1 32 20 0 0.18562874251497008 0 0 34.303 42.758 17.939
1 33 3 0 0.17365269461077848 0 0 34.421 46.053 19.672
1 34 16 0 0.28742514970059885 0 0 37.127 47.265 22.018
1 35 18 0 0.43113772455089827 0 0 34.885 47.673 25.079
1 36 11 0 0.281437125748503 0 0 36.464 50.673 26.693
1 37 7 0 0.10179640718562877 0 0 33.753 53.111 27.553
1 38 3 0 0.221556886227545 0 0 30.964 50.654 27.803
1 39 17 0 0.3413173652694611 0 0 29.332 49.951 31.122
1 40 20 0 0.5209580838323353 0 0 27.802 46.520 31.797
1 41 1 0 0.46706586826347307 0 0 25.706 45.703 34.803
1 42 13 0 0.4730538922155688 0 0 23.590 42.726 36.014
1 43 6 0 0.20359281437125742 0 0 21.133 42.714 38.869
1 44 22 0 0.23952095808383234 0 0 20.655 39.196 40.124
1 45 22 0 0.08982035928143717 0 0 19.413 37.577 43.244
1 46 11 0 0.19161676646706582 0 0 22.101 35.146 44.527
1 47 3 0 0.03592814371257491 0 0 21.332 32.953 47.472
1 48 9 0 0.0 0 0 18.283 35.027 48.354
1 49 7 0 0.02395209580838331 0 0 20.247 38.272 48.053
1 50 18 0 0.029940119760479056 0 0 20.047 40.989 45.358
1 51 5 0 0.21556886227544902 0 0 23.606 41.563 44.173
1 52 12 0 0.32335329341317365 0 0 24.492 44.038 41.486
1 53 12 0 0.6287425149700598 0 0 27.323 42.805 39.320
1 54 3 0 0.652694610778443 0 0 29.525 45.132 37.279
1 55 11 0 0.8502994011976048 0 0 31.002 43.118 34.516
1 56 12 0 0.8562874251497006 0 0 34.278 44.451 33.144
1 57 3 0 0.874251497005988 0 0 36.033 43.397 29.988
1 58 18 0 0.8383233532934131 0 0 39.681 43.342 29.255
1 59 0 0 0.5988023952095809 0 0 39.542 45.526 26.277
1 60 9 0 0.4011976047904191 0 0 40.462 44.873 22.627
1 61 6 0 0.37125748502994016 0 0 43.215 42.589 21.566
1 62 7 0 0.437125748502994 0 0 45.802 41.325 24.035
1 63 7 0 0.16766467065868274 0 0 48.519 43.970 24.142
1 64 20 0 0.12574850299401197 0 0 50.010 45.643 27.195
1 65 17 0 0.0718562874251496 0 0 48.666 49.054 28.357
1 66 0 0 0.10778443113772451 0 0 47.639 50.295 31.828
1 67 14 0 0.19760479041916168 0 0 44.045 50.651 30.683
1 68 1 0 0.5329341317365269 0 0 43.349 46.936 31.095
1 69 3 0 0.47904191616766467 0 0 45.058 47.012 34.495
1 70 6 0 0.3772455089820359 0 0 42.707 49.657 35.669
1 71 20 0 0.6347305389221557 0 0 39.804 47.395 35.014
1 72 14 0 0.7544910179640718 0 0 41.555 44.655 36.991
1 73 1 0 0.4850299401197605 0 0 42.451 47.063 39.746
1 74 18 0 0.5029940119760479 0 0 38.823 48.015 39.928
1 75 9 0 0.7604790419161677 0 0 37.998 44.331 40.311
1 76 7 0 0.688622754491018 0 0 36.998 42.452 43.447
1 77 9 0 0.8682634730538922 0 0 37.512 38.985 42.091
1 78 15 0 0.9640718562874252 0 0 38.625 37.695 38.798
1 79 12 0 0.9940119760479041 0 0 37.059 35.355 36.253
1 80 5 0 0.9820359281437125 0 0 39.568 33.677 33.904
1 81 22 0 0.9760479041916168 0 0 38.580 32.420 30.485
1 82 15 0 0.8802395209580838 0 0 40.236 29.677 28.476
1 83 0 0 0.7125748502994012 0 0 38.893 27.172 25.943
1 84 11 0 0.49101796407185627 0 0 39.031 23.420 26.341
1 85 2 0 0.2694610778443114 0 0 39.908 23.232 22.671
1 86 2 0 0.3532934131736526 0 0 42.627 25.849 22.668
1 87 18 0 0.24550898203592808 0 0 45.773 24.861 24.567
1 88 13 0 0.31137724550898194 0 0 47.285 28.320 23.963
1 89 17 0 0.6227544910179641 0 0 44.493 30.005 25.981
1 90 15 0 0.6047904191616766 0 0 45.093 27.485 28.814
1 91 7 0 0.39520958083832336 0 0 48.804 27.998 29.188
1 92 3 0 0.5808383233532934 0 0 48.215 31.736 29.368
1 93 11 0 0.7904191616766467 0 0 46.078 31.357 32.493
1 94 10 0 0.5449101796407185 0 0 49.373 31.480 34.242
1 95 10 0 0.4970059880239521 0 0 50.310 34.654 32.580
1 96 20 0 0.7964071856287425 0 0 46.891 36.087 33.427
1 97 1 0 0.7305389221556886 0 0 47.232 35.092 37.013
1 98 7 0 0.45508982035928147 0 0 50.326 37.230 37.487
1 99 6 0 0.592814371257485 0 0 48.442 39.984 35.714
1 100 11 0 0.718562874251497 0 0 45.872 40.039 38.530
1 101 13 0 0.4251497005988024 0 0 48.619 40.022 41.204
1 102 1 0 0.22754491017964074 0 0 50.463 42.998 39.659
1 103 22 0 0.34730538922155685 0 0 47.550 45.346 39.683
1 104 13 0 0.35928143712574856 0 0 46.013 44.276 43.004
1 105 3 0 0.09580838323353291 0 0 49.147 43.950 45.059
1 106 17 0 0.14371257485029942 0 0 47.915 40.864 46.681
1 107 7 0 0.33532934131736525 0 0 47.521 37.257 45.473
1 108 3 0 0.3173652694610779 0 0 44.832 36.187 47.921
1 109 22 0 0.5688622754491017 0 0 42.302 37.947 45.718
1 110 16 0 0.7425149700598803 0 0 39.245 35.833 44.730
1 111 14 0 0.8922155688622755 0 0 39.743 33.887 41.514
1 112 22 0 0.9401197604790419 0 0 37.636 31.490 39.567
1 113 12 0 0.9461077844311377 0 0 38.749 29.554 36.574
1 114 22 0 0.9580838323353293 0 0 36.387 29.227 33.639
1 115 9 0 0.8622754491017964 0 0 36.552 26.734 30.852
1 116 2 0 0.8203592814371258 0 0 34.668 27.607 27.675
1 117 13 0 0.5508982035928144 0 0 33.340 25.153 25.090
1 118 5 0 0.44311377245508976 0 0 32.397 22.497 27.586
1 119 3 0 0.17964071856287422 0 0 29.383 21.208 25.598
1 120 12 0 0.07784431137724557 0 0 31.836 20.001 23.016
1 121 16 0 0.0119760479041916 0 0 32.263 16.239 23.579
1 122 17 0 0.017964071856287345 0 0 35.969 16.593 23.119
1 123 1 0 0.08383233532934131 0 0 38.728 18.551 24.858
1 124 18 0 0.053892215568862256 0 0 42.366 19.338 24.023
1 125 22 0 0.20958083832335328 0 0 42.958 20.802 27.490
1 126 3 0 0.06586826347305386 0 0 43.025 17.610 29.542
1 127 18 0 0.14970059880239517 0 0 40.571 17.897 32.447
1 128 13 0 0.041916167664670656 0 0 43.160 16.547 34.863
1 129 6 0 0.11377245508982048 0 0 45.656 19.149 33.782
1 130 0 0 0.4131736526946108 0 0 43.009 21.788 34.260
1 131 6 0 0.3293413173652695 0 0 41.873 20.548 37.636
1 132 3 0 0.13173652694610782 0 0 45.506 20.441 38.845
1 133 12 0 0.3892215568862275 0 0 45.925 24.026 37.744
1 134 0 0 0.562874251497006 0 0 42.707 24.808 39.587
1 135 1 0 0.2574850299401197 0 0 43.812 22.947 42.672
1 136 17 0 0.15568862275449102 0 0 47.305 24.290 42.829
1 137 20 0 0.41916167664670656 0 0 45.847 27.738 42.758
1 138 9 0 0.3652694610778443 0 0 43.302 26.558 45.179
1 139 11 0 0.6167664670658684 0 0 40.247 27.824 43.304
1 140 16 0 0.7245508982035929 0 0 37.137 26.549 41.514
1 141 15 0 0.7724550898203593 0 0 37.144 25.255 37.999
1 142 11 0 0.8323353293413174 0 0 33.848 26.008 36.312
1 143 7 0 0.7365269461077844 0 0 32.885 24.353 33.087
1 144 18 0 0.8023952095808383 0 0 30.956 26.677 30.801
1 145 17 0 0.6467065868263473 0 0 29.983 27.176 27.218
1 146 0 0 0.7485029940119761 0 0 29.267 30.789 26.330
1 147 13 0 0.4491017964071856 0 0 27.320 30.394 23.158
1 148 18 0 0.3053892215568862 0 0 24.895 27.763 24.434
1 149 1 0 0.4610778443113772 0 0 24.142 29.264 27.912
1 150 6 0 0.5089820359281436 0 0 25.859 26.522 29.867
1 151 9 0 0.658682634730539 0 0 27.455 26.965 33.248
1 152 22 0 0.8263473053892215 0 0 27.340 30.770 33.032
1 153 3 0 0.6706586826347305 0 0 25.085 31.393 35.948
1 154 3 0 0.6646706586826348 0 0 26.948 28.936 38.163
1 155 0 0 0.9041916167664671 0 0 30.174 30.648 37.320
1 156 15 0 0.8982035928143712 0 0 28.951 34.074 38.348
1 157 20 0 0.6946107784431137 0 0 27.352 32.775 41.461
1 158 18 0 0.7784431137724551 0 0 30.584 31.052 42.337
1 159 12 0 0.8862275449101796 0 0 32.607 34.203 41.977
1 160 22 0 0.7005988023952096 0 0 30.262 36.219 44.160
1 161 1 0 0.5149700598802396 0 0 30.256 33.302 46.583
1 162 7 0 0.5868263473053892 0 0 34.060 33.366 46.882
1 163 11 0 0.5389221556886228 0 0 33.769 37.120 47.471
1 164 1 0 0.25149700598802394 0 0 31.287 36.658 50.226
1 165 13 0 0.13772455089820357 0 0 33.234 33.876 51.879
1 166 10 0 0.16167664670658677 0 0 36.681 35.395 51.952
1 167 13 0 0.04790419161676651 0 0 35.576 38.458 53.802
