5.000000000000000000e+00 1.250000000000000000e-01 2.597999954223632812e+01 3.780400085449218750e+01 4.011199951171875000e+01
1.600000000000000000e+01 2.232142835855484009e-01 2.639599990844726562e+01 4.155699920654296875e+01 4.098400115966796875e+01
1.200000000000000000e+01 4.821428656578063965e-01 3.016900062561035156e+01 4.109299850463867188e+01 4.106000137329101562e+01
1.400000000000000000e+01 5.401785969734191895e-01 3.143899917602539062e+01 3.842300033569335938e+01 3.858399963378906250e+01
2.200000000000000000e+01 7.053571343421936035e-01 3.515900039672851562e+01 3.753699874877929688e+01 3.813499832153320312e+01
1.300000000000000000e+01 6.875000000000000000e-01 3.597900009155273438e+01 3.538600158691406250e+01 3.507400131225585938e+01
2.200000000000000000e+01 7.455357313156127930e-01 3.943700027465820312e+01 3.421500015258789062e+01 3.417699813842773438e+01
1.200000000000000000e+01 6.919642686843872070e-01 4.046400070190429688e+01 3.301499938964843750e+01 3.075600051879882812e+01
3.000000000000000000e+00 6.160714030265808105e-01 4.346400070190429688e+01 3.145199966430664062e+01 2.906399917602539062e+01
0.000000000000000000e+00 6.026785969734191895e-01 4.499200057983398438e+01 3.288100051879882812e+01 2.582999992370605469e+01
2.200000000000000000e+01 4.285714328289031982e-01 4.754199981689453125e+01 3.015500068664550781e+01 2.490699958801269531e+01
1.000000000000000000e+00 2.500000000000000000e-01 4.491600036621093750e+01 2.739699935913085938e+01 2.461400032043457031e+01
9.000000000000000000e+00 2.767857015132904053e-01 4.173799896240234375e+01 2.945599937438964844e+01 2.388400077819824219e+01
1.700000000000000000e+01 2.678571343421936035e-01 3.963999938964843750e+01 2.790099906921386719e+01 2.664299964904785156e+01
1.600000000000000000e+01 4.419642984867095947e-01 3.889699935913085938e+01 2.946100044250488281e+01 3.022999954223632812e+01
0.000000000000000000e+00 5.491071343421936035e-01 4.133300018310546875e+01 2.937599945068359375e+01 3.318099975585937500e+01
1.100000000000000000e+01 3.392857015132904053e-01 4.022800064086914062e+01 2.684399986267089844e+01 3.583499908447265625e+01
2.000000000000000000e+00 3.705357015132904053e-01 4.098799896240234375e+01 2.726099967956542969e+01 3.953900146484375000e+01
2.200000000000000000e+01 6.562500000000000000e-01 4.232899856567382812e+01 3.080599975585937500e+01 3.944699859619140625e+01
0.000000000000000000e+00 6.517857313156127930e-01 4.287699890136718750e+01 3.187500000000000000e+01 4.309099960327148438e+01
1.400000000000000000e+01 7.366071343421936035e-01 4.193099975585937500e+01 3.539899826049804688e+01 4.416099929809570312e+01
2.200000000000000000e+01 7.098214030265808105e-01 3.859700012207031250e+01 4.093399810791015625e+01 4.676499938964843750e+01
1.500000000000000000e+01 6.785714030265808105e-01 3.935900115966796875e+01 4.379100036621093750e+01 4.913000106811523438e+01
1.000000000000000000e+00 5.446428656578063965e-01 3.745299911499023438e+01 4.692499923706054688e+01 5.016099929809570312e+01
1.300000000000000000e+01 4.642857015132904053e-01 3.861199951171875000e+01 5.032500076293945312e+01 5.153699874877929688e+01
0.000000000000000000e+00 1.875000000000000000e-01 3.691899871826171875e+01 5.093099975585937500e+01 5.487699890136718750e+01
0.000000000000000000e+00 6.696428358554840088e-02 3.601800155639648438e+01 5.448300170898437500e+01 5.614400100708007812e+01
3.000000000000000000e+00 8.035714179277420044e-02 3.966199874877929688e+01 5.538499832153320312e+01 5.694300079345703125e+01
3.000000000000000000e+00 2.723214328289031982e-01 4.070500183105468750e+01 5.440800094604492188e+01 5.344200134277343750e+01
1.800000000000000000e+01 3.214285671710968018e-01 4.223199844360351562e+01 5.108599853515625000e+01 5.439199829101562500e+01
1.900000000000000000e+01 5.312500000000000000e-01 4.186999893188476562e+01 4.769200134277343750e+01 5.272299957275390625e+01
7.000000000000000000e+00 3.258928656578063965e-01 3.962599945068359375e+01 4.525799942016601562e+01 5.445500183105468750e+01
1.600000000000000000e+01 3.616071343421936035e-01 3.890499877929687500e+01 4.167300033569335938e+01 5.323600006103515625e+01
1.500000000000000000e+01 3.526785671710968018e-01 3.561600112915039062e+01 4.150999832153320312e+01 5.132699966430664062e+01
0.000000000000000000e+00 4.107142984867095947e-01 3.571200180053710938e+01 3.818700027465820312e+01 4.940499877929687500e+01
1.700000000000000000e+01 4.955357015132904053e-01 3.795399856567382812e+01 3.524399948120117188e+01 4.818999862670898438e+01
9.000000000000000000e+00 4.017857015132904053e-01 3.808800125122070312e+01 3.198800086975097656e+01 4.623699951171875000e+01
1.300000000000000000e+01 4.732142984867095947e-01 3.932899856567382812e+01 3.018300056457519531e+01 4.314699935913085938e+01
1.800000000000000000e+01 4.598214328289031982e-01 3.756299972534179688e+01 2.989399909973144531e+01 3.972399902343750000e+01
1.700000000000000000e+01 2.098214328289031982e-01 3.532899856567382812e+01 2.689100074768066406e+01 3.876100158691406250e+01
7.000000000000000000e+00 9.821428358554840088e-02 3.575000000000000000e+01 2.448900032043457031e+01 3.570199966430664062e+01
1.700000000000000000e+01 1.339285671710968018e-01 3.366799926757812500e+01 2.711400032043457031e+01 3.375699996948242188e+01
9.000000000000000000e+00 3.794642984867095947e-01 3.615599822998046875e+01 2.971199989318847656e+01 3.462900161743164062e+01
7.000000000000000000e+00 3.973214328289031982e-01 3.371400070190429688e+01 3.190399932861328125e+01 3.659299850463867188e+01
1.200000000000000000e+01 4.151785671710968018e-01 3.379999923706054688e+01 3.258300018310546875e+01 4.040200042724609375e+01
9.000000000000000000e+00 1.116071417927742004e-01 2.933900070190429688e+01 3.373899841308593750e+01 4.556299972534179688e+01
1.200000000000000000e+01 3.080357015132904053e-01 3.176099967956542969e+01 3.667399978637695312e+01 4.604100036621093750e+01
1.800000000000000000e+01 1.830357164144515991e-01 2.897299957275390625e+01 3.900600051879882812e+01 4.720500183105468750e+01
1.800000000000000000e+01 5.357142910361289978e-02 2.527799987792968750e+01 4.000600051879882812e+01 4.767499923706054688e+01
7.000000000000000000e+00 1.785714365541934967e-02 2.332999992370605469e+01 4.334299850463867188e+01 4.685499954223632812e+01
7.000000000000000000e+00 0.000000000000000000e+00 2.293400001525878906e+01 4.396599960327148438e+01 5.058100128173828125e+01
7.000000000000000000e+00 3.571428731083869934e-02 2.665800094604492188e+01 4.355300140380859375e+01 5.114199829101562500e+01
1.500000000000000000e+01 1.383928507566452026e-01 2.805900001525878906e+01 4.526699829101562500e+01 4.811000061035156250e+01
2.200000000000000000e+01 9.375000000000000000e-02 2.763100051879882812e+01 4.887300109863281250e+01 4.924000167846679688e+01
7.000000000000000000e+00 1.473214328289031982e-01 2.916699981689453125e+01 5.195899963378906250e+01 4.784799957275390625e+01
9.000000000000000000e+00 3.303571343421936035e-01 3.302399826049804688e+01 5.198300170898437500e+01 4.799599838256835938e+01
1.100000000000000000e+01 5.982142686843872070e-01 3.640000152587890625e+01 5.159199905395507812e+01 4.636899948120117188e+01
2.000000000000000000e+01 7.187500000000000000e-01 3.718199920654296875e+01 4.795199966430664062e+01 4.559999847412109375e+01
1.300000000000000000e+01 8.660714030265808105e-01 4.044200134277343750e+01 4.593299865722656250e+01 4.470199966430664062e+01
2.200000000000000000e+01 9.017857313156127930e-01 4.055599975585937500e+01 4.248699951171875000e+01 4.311199951171875000e+01
7.000000000000000000e+00 9.285714030265808105e-01 4.388800048828125000e+01 4.058300018310546875e+01 4.342599868774414062e+01
1.100000000000000000e+01 9.151785969734191895e-01 4.451100158691406250e+01 3.743500137329101562e+01 4.127999877929687500e+01
3.000000000000000000e+00 8.258928656578063965e-01 4.718500137329101562e+01 3.483000183105468750e+01 4.159299850463867188e+01
1.800000000000000000e+01 8.750000000000000000e-01 4.817599868774414062e+01 3.470700073242187500e+01 3.784600067138671875e+01
1.300000000000000000e+01 7.857142686843872070e-01 5.176499938964843750e+01 3.340800094604492188e+01 3.825899887084960938e+01
1.700000000000000000e+01 6.294642686843872070e-01 5.047800064086914062e+01 3.025600051879882812e+01 4.009299850463867188e+01
2.000000000000000000e+01 6.250000000000000000e-01 4.821200180053710938e+01 2.941799926757812500e+01 3.716199874877929688e+01
1.900000000000000000e+01 5.937500000000000000e-01 5.142800140380859375e+01 2.947200012207031250e+01 3.490499877929687500e+01
1.300000000000000000e+01 4.330357015132904053e-01 5.361500167846679688e+01 2.755200004577636719e+01 3.742699813842773438e+01
0.000000000000000000e+00 2.589285671710968018e-01 5.146699905395507812e+01 2.447400093078613281e+01 3.763199996948242188e+01
1.200000000000000000e+01 2.544642984867095947e-01 5.157199859619140625e+01 2.442900085449218750e+01 3.377099990844726562e+01
9.000000000000000000e+00 1.651785671710968018e-01 5.531499862670898438e+01 2.439699935913085938e+01 3.430500030517578125e+01
1.100000000000000000e+01 3.348214328289031982e-01 5.572800064086914062e+01 2.778800010681152344e+01 3.263399887084960938e+01
1.700000000000000000e+01 5.044642686843872070e-01 5.768700027465820312e+01 3.072900009155273438e+01 3.409199905395507812e+01
1.600000000000000000e+01 7.142857313156127930e-01 5.565700149536132812e+01 3.400500106811523438e+01 3.343700027465820312e+01
1.500000000000000000e+01 7.946428656578063965e-01 5.675600051879882812e+01 3.752099990844726562e+01 3.325299835205078125e+01
7.000000000000000000e+00 8.928571343421936035e-01 5.404800033569335938e+01 3.808499908447265625e+01 3.917699813842773438e+01
0.000000000000000000e+00 9.866071343421936035e-01 4.720399856567382812e+01 4.060900115966796875e+01 3.838999938964843750e+01
7.000000000000000000e+00 9.821428656578063965e-01 4.558700180053710938e+01 4.337699890136718750e+01 4.065399932861328125e+01
2.200000000000000000e+01 9.776785969734191895e-01 4.273199844360351562e+01 4.590399932861328125e+01 3.975299835205078125e+01
2.200000000000000000e+01 9.375000000000000000e-01 4.131499862670898438e+01 4.871900177001953125e+01 4.169599914550781250e+01
1.500000000000000000e+01 8.303571343421936035e-01 3.791500091552734375e+01 5.021300125122070312e+01 4.074100112915039062e+01
1.800000000000000000e+01 6.696428656578063965e-01 3.515700149536132812e+01 5.221599960327148438e+01 4.233800125122070312e+01
0.000000000000000000e+00 5.267857313156127930e-01 3.179500007629394531e+01 5.050400161743164062e+01 4.265399932861328125e+01
2.000000000000000000e+00 2.455357164144515991e-01 2.809700012207031250e+01 5.121099853515625000e+01 4.328099822998046875e+01
3.000000000000000000e+00 1.696428507566452026e-01 2.876799964904785156e+01 5.486500167846679688e+01 4.403400039672851562e+01
1.700000000000000000e+01 4.910714179277420044e-02 2.594799995422363281e+01 5.717300033569335938e+01 4.294599914550781250e+01
9.000000000000000000e+00 2.678571455180644989e-02 2.396999931335449219e+01 5.434099960327148438e+01 4.145700073242187500e+01
1.600000000000000000e+01 7.589285820722579956e-02 2.412100028991699219e+01 5.060200119018554688e+01 4.193500137329101562e+01
1.000000000000000000e+00 1.964285671710968018e-01 2.569400024414062500e+01 4.871699905395507812e+01 3.908100128173828125e+01
1.000000000000000000e+00 2.812500000000000000e-01 2.668499946594238281e+01 4.518500137329101562e+01 3.809099960327148438e+01
2.000000000000000000e+01 5.535714030265808105e-01 3.027400016784667969e+01 4.438899993896484375e+01 3.745500183105468750e+01
1.800000000000000000e+01 6.383928656578063965e-01 3.205199813842773438e+01 4.162099838256835938e+01 3.536899948120117188e+01
1.100000000000000000e+01 8.125000000000000000e-01 3.579199981689453125e+01 4.154600143432617188e+01 3.536500167846679688e+01
0.000000000000000000e+00 8.169642686843872070e-01 3.749000167846679688e+01 3.916600036621093750e+01 3.289500045776367188e+01
0.000000000000000000e+00 9.241071343421936035e-01 4.125400161743164062e+01 3.860699844360351562e+01 3.321799850463867188e+01
1.200000000000000000e+01 8.616071343421936035e-01 4.283399963378906250e+01 3.681200027465820312e+01 3.031599998474121094e+01
1.200000000000000000e+01 8.482142686843872070e-01 4.625500106811523438e+01 3.518999862670898438e+01 3.075900077819824219e+01
1.700000000000000000e+01 7.544642686843872070e-01 4.922200012207031250e+01 3.460699844360351562e+01 2.838599967956542969e+01
1.600000000000000000e+01 7.232142686843872070e-01 5.286600112915039062e+01 3.396900177001953125e+01 2.976700019836425781e+01
2.000000000000000000e+01 7.812500000000000000e-01 5.441199874877929688e+01 3.740700149536132812e+01 2.878800010681152344e+01
1.700000000000000000e+01 8.883928656578063965e-01 5.120500183105468750e+01 3.937400054931640625e+01 2.855599975585937500e+01
2.000000000000000000e+01 9.642857313156127930e-01 4.784500122070312500e+01 3.997299957275390625e+01 3.017300033569335938e+01
1.700000000000000000e+01 9.508928656578063965e-01 4.453200149536132812e+01 4.166600036621093750e+01 2.909900093078613281e+01
1.800000000000000000e+01 9.687500000000000000e-01 4.185300064086914062e+01 4.280699920654296875e+01 3.159900093078613281e+01
1.800000000000000000e+01 8.705357313156127930e-01 3.827399826049804688e+01 4.372900009155273438e+01 3.069199943542480469e+01
0.000000000000000000e+00 8.080357313156127930e-01 3.559400177001953125e+01 4.548199844360351562e+01 3.281999969482421875e+01
2.200000000000000000e+01 6.116071343421936035e-01 3.183399963378906250e+01 4.538999938964843750e+01 3.197200012207031250e+01
2.200000000000000000e+01 5.089285969734191895e-01 2.967399978637695312e+01 4.764400100708007812e+01 3.418999862670898438e+01
1.800000000000000000e+01 2.276785671710968018e-01 2.589999961853027344e+01 4.719699859619140625e+01 3.334500122070312500e+01
2.000000000000000000e+00 6.250000000000000000e-02 2.247900009155273438e+01 4.823699951171875000e+01 3.504299926757812500e+01
1.600000000000000000e+01 8.928571827709674835e-03 1.943199920654296875e+01 4.582699966430664062e+01 3.550400161743164062e+01
5.000000000000000000e+00 1.071428582072257996e-01 6.795999908447265625e+01 5.104100036621093750e+01 2.762899971008300781e+01
1.600000000000000000e+01 2.321428507566452026e-01 6.767800140380859375e+01 4.831399917602539062e+01 3.023600006103515625e+01
1.200000000000000000e+01 4.866071343421936035e-01 6.415899658203125000e+01 4.908100128173828125e+01 3.103700065612792969e+01
1.400000000000000000e+01 5.133928656578063965e-01 6.206499862670898438e+01 5.082300186157226562e+01 2.822200012207031250e+01
2.200000000000000000e+01 6.830357313156127930e-01 5.826599884033203125e+01 5.158499908447265625e+01 2.854400062561035156e+01
1.300000000000000000e+01 6.607142686843872070e-01 5.592800140380859375e+01 5.210800170898437500e+01 2.555400085449218750e+01
2.200000000000000000e+01 7.321428656578063965e-01 5.242599868774414062e+01 5.341899871826171875e+01 2.646299934387207031e+01
1.200000000000000000e+01 6.741071343421936035e-01 4.976599884033203125e+01 5.341099929809570312e+01 2.368099975585937500e+01
3.000000000000000000e+00 6.339285969734191895e-01 4.595399856567382812e+01 5.404000091552734375e+01 2.343899917602539062e+01
0.000000000000000000e+00 5.625000000000000000e-01 4.323500061035156250e+01 5.211800003051757812e+01 2.154999923706054688e+01
2.200000000000000000e+01 4.062500000000000000e-01 4.092499923706054688e+01 5.515399932861328125e+01 2.152599906921386719e+01
1.000000000000000000e+00 2.187500000000000000e-01 4.264199829101562500e+01 5.672700119018554688e+01 1.842499923706054688e+01
9.000000000000000000e+00 2.991071343421936035e-01 4.527999877929687500e+01 5.387699890136718750e+01 1.809099960327148438e+01
1.700000000000000000e+01 2.857142984867095947e-01 4.786399841308593750e+01 5.640299987792968750e+01 1.906900024414062500e+01
1.600000000000000000e+01 3.482142984867095947e-01 5.120000076293945312e+01 5.670000076293945312e+01 2.108900070190429688e+01
0.000000000000000000e+00 5.178571343421936035e-01 5.029600143432617188e+01 5.817200088500976562e+01 2.454299926757812500e+01
1.100000000000000000e+01 3.035714328289031982e-01 5.229399871826171875e+01 6.137099838256835938e+01 2.533200073242187500e+01
2.000000000000000000e+00 3.169642984867095947e-01 5.291099929809570312e+01 6.263999938964843750e+01 2.887199974060058594e+01
2.200000000000000000e+01 6.071428656578063965e-01 5.179299926757812500e+01 5.962699890136718750e+01 3.086100006103515625e+01
0.000000000000000000e+00 6.428571343421936035e-01 5.313399887084960938e+01 5.942100143432617188e+01 3.444100189208984375e+01
1.400000000000000000e+01 7.500000000000000000e-01 5.485699844360351562e+01 5.621799850463867188e+01 3.577399826049804688e+01
2.200000000000000000e+01 7.276785969734191895e-01 5.888199996948242188e+01 5.216699981689453125e+01 3.939400100708007812e+01
1.500000000000000000e+01 6.964285969734191895e-01 5.918099975585937500e+01 5.029899978637695312e+01 4.283499908447265625e+01
1.000000000000000000e+00 5.848214030265808105e-01 6.139300155639648438e+01 4.743600082397460938e+01 4.393600082397460938e+01
1.300000000000000000e+01 5.580357313156127930e-01 6.054199981689453125e+01 4.482600021362304688e+01 4.652500152587890625e+01
0.000000000000000000e+00 2.901785671710968018e-01 6.226800155639648438e+01 4.485599899291992188e+01 4.993799972534179688e+01
0.000000000000000000e+00 1.294642835855484009e-01 6.260100173950195312e+01 4.210800170898437500e+01 5.260900115966796875e+01
3.000000000000000000e+00 1.607142835855484009e-01 5.952099990844726562e+01 4.328499984741210938e+01 5.484600067138671875e+01
3.000000000000000000e+00 4.375000000000000000e-01 5.765399932861328125e+01 4.308800125122070312e+01 5.157699966430664062e+01
1.800000000000000000e+01 4.910714328289031982e-01 5.763000106811523438e+01 4.691400146484375000e+01 5.093799972534179688e+01
1.900000000000000000e+01 6.473214030265808105e-01 5.754100036621093750e+01 4.826800155639648438e+01 4.738600158691406250e+01
7.000000000000000000e+00 4.508928656578063965e-01 6.040499877929687500e+01 5.083800125122070312e+01 4.796500015258789062e+01
1.600000000000000000e+01 4.687500000000000000e-01 6.066500091552734375e+01 5.365599822998046875e+01 4.527999877929687500e+01
1.500000000000000000e+01 4.241071343421936035e-01 6.309000015258789062e+01 5.292499923706054688e+01 4.236700057983398438e+01
0.000000000000000000e+00 4.196428656578063965e-01 6.251399993896484375e+01 5.544300079345703125e+01 3.944900131225585938e+01
1.700000000000000000e+01 5.000000000000000000e-01 5.983700180053710938e+01 5.788700103759765625e+01 3.813800048828125000e+01
9.000000000000000000e+00 3.750000000000000000e-01 5.927700042724609375e+01 5.991799926757812500e+01 3.486899948120117188e+01
1.300000000000000000e+01 4.464285671710968018e-01 5.678400039672851562e+01 6.051399993896484375e+01 3.201800155639648438e+01
1.800000000000000000e+01 3.928571343421936035e-01 5.631999969482421875e+01 5.964899826049804688e+01 2.820499992370605469e+01
1.700000000000000000e+01 1.562500000000000000e-01 5.809600067138671875e+01 6.166999816894531250e+01 2.560700035095214844e+01
7.000000000000000000e+00 8.482142537832260132e-02 5.651599884033203125e+01 6.256200027465820312e+01 2.210600090026855469e+01
1.700000000000000000e+01 1.160714253783226013e-01 5.712599945068359375e+01 5.908200073242187500e+01 2.077400016784667969e+01
9.000000000000000000e+00 3.571428656578063965e-01 5.506100082397460938e+01 5.755500030517578125e+01 2.355800056457519531e+01
7.000000000000000000e+00 3.839285671710968018e-01 5.813499832153320312e+01 5.596699905395507812e+01 2.509499931335449219e+01
1.200000000000000000e+01 3.883928656578063965e-01 6.012300109863281250e+01 5.643500137329101562e+01 2.820100021362304688e+01
9.000000000000000000e+00 1.205357164144515991e-01 6.622100067138671875e+01 5.666500091552734375e+01 3.073100090026855469e+01
1.200000000000000000e+01 2.946428656578063965e-01 6.467700195312500000e+01 5.524900054931640625e+01 3.395299911499023438e+01
1.800000000000000000e+01 1.741071492433547974e-01 6.784899902343750000e+01 5.345999908447265625e+01 3.533100128173828125e+01
1.800000000000000000e+01 5.803571268916130066e-02 7.132800292968750000e+01 5.236299896240234375e+01 3.396300125122070312e+01
7.000000000000000000e+00 4.464285820722579956e-02 7.221800231933593750e+01 4.865999984741210938e+01 3.360599899291992188e+01
7.000000000000000000e+00 4.464285913854837418e-03 7.488800048828125000e+01 4.904299926757812500e+01 3.635599899291992188e+01
7.000000000000000000e+00 4.017857089638710022e-02 7.201899719238281250e+01 5.020600128173828125e+01 3.860400009155273438e+01
1.500000000000000000e+01 1.785714328289031982e-01 6.928900146484375000e+01 4.773099899291992188e+01 3.736700057983398438e+01
2.200000000000000000e+01 1.026785746216773987e-01 7.048999786376953125e+01 4.456399917602539062e+01 3.918999862670898438e+01
7.000000000000000000e+00 2.053571492433547974e-01 6.853399658203125000e+01 4.141400146484375000e+01 4.015800094604492188e+01
9.000000000000000000e+00 3.437500000000000000e-01 6.548000335693359375e+01 4.199900054931640625e+01 4.229800033569335938e+01
1.100000000000000000e+01 6.205357313156127930e-01 6.161199951171875000e+01 4.206200027465820312e+01 4.193600082397460938e+01
2.000000000000000000e+01 7.410714030265808105e-01 6.017699813842773438e+01 4.528200149536132812e+01 4.026599884033203125e+01
1.300000000000000000e+01 8.794642686843872070e-01 5.676499938964843750e+01 4.684400177001953125e+01 4.017100143432617188e+01
2.200000000000000000e+01 9.107142686843872070e-01 5.582899856567382812e+01 4.966400146484375000e+01 3.763700103759765625e+01
7.000000000000000000e+00 9.419642686843872070e-01 5.259400177001953125e+01 5.151800155639648438e+01 3.809199905395507812e+01
1.100000000000000000e+01 9.196428656578063965e-01 5.150500106811523438e+01 5.360499954223632812e+01 3.508800125122070312e+01
3.000000000000000000e+00 8.392857313156127930e-01 4.897800064086914062e+01 5.634899902343750000e+01 3.585800170898437500e+01
1.800000000000000000e+01 8.526785969734191895e-01 4.625400161743164062e+01 5.580500030517578125e+01 3.325600051879882812e+01
1.300000000000000000e+01 7.678571343421936035e-01 4.360499954223632812e+01 5.764599990844726562e+01 3.524200057983398438e+01
1.700000000000000000e+01 5.714285969734191895e-01 4.497800064086914062e+01 6.126900100708007812e+01 3.469800186157226562e+01
2.000000000000000000e+01 5.892857313156127930e-01 4.525699996948242188e+01 6.042800140380859375e+01 3.095800018310546875e+01
1.900000000000000000e+01 5.669642686843872070e-01 4.154899978637695312e+01 5.983900070190429688e+01 3.073200035095214844e+01
1.300000000000000000e+01 3.660714328289031982e-01 4.063800048828125000e+01 6.285599899291992188e+01 3.282400131225585938e+01
0.000000000000000000e+00 2.633928656578063965e-01 4.295100021362304688e+01 6.500700378417968750e+01 3.062100028991699219e+01
1.200000000000000000e+01 2.142857164144515991e-01 4.103499984741210938e+01 6.405899810791015625e+01 2.746899986267089844e+01
9.000000000000000000e+00 1.517857164144515991e-01 3.764300155639648438e+01 6.425599670410156250e+01 2.935799980163574219e+01
1.100000000000000000e+01 3.125000000000000000e-01 3.681600189208984375e+01 6.049800109863281250e+01 2.912899971008300781e+01
1.700000000000000000e+01 4.776785671710968018e-01 3.572499847412109375e+01 5.868199920654296875e+01 3.241099929809570312e+01
1.600000000000000000e+01 7.008928656578063965e-01 3.861700057983398438e+01 5.652799987792968750e+01 3.391299819946289062e+01
1.500000000000000000e+01 7.991071343421936035e-01 3.788299942016601562e+01 5.315800094604492188e+01 3.546099853515625000e+01
7.000000000000000000e+00 9.062500000000000000e-01 4.325000000000000000e+01 5.363199996948242188e+01 3.941099929809570312e+01
0.000000000000000000e+00 9.910714030265808105e-01 4.773699951171875000e+01 4.989400100708007812e+01 3.511199951171875000e+01
7.000000000000000000e+00 9.955357313156127930e-01 5.015499877929687500e+01 4.745399856567382812e+01 3.691600036621093750e+01
2.200000000000000000e+01 9.732142686843872070e-01 5.326699829101562500e+01 4.551499938964843750e+01 3.567200088500976562e+01
2.200000000000000000e+01 9.464285969734191895e-01 5.507199859619140625e+01 4.350299835205078125e+01 3.847900009155273438e+01
1.500000000000000000e+01 8.348214030265808105e-01 5.805899810791015625e+01 4.133300018310546875e+01 3.736800003051757812e+01
1.800000000000000000e+01 6.651785969734191895e-01 6.146400070190429688e+01 3.974399948120117188e+01 3.843600082397460938e+01
0.000000000000000000e+00 5.223214030265808105e-01 6.437200164794921875e+01 4.085499954223632812e+01 3.646699905395507812e+01
2.000000000000000000e+00 2.366071492433547974e-01 6.785600280761718750e+01 3.935499954223632812e+01 3.550799942016601562e+01
3.000000000000000000e+00 2.008928507566452026e-01 6.718199920654296875e+01 3.586700057983398438e+01 3.695500183105468750e+01
1.700000000000000000e+01 8.928571641445159912e-02 6.852300262451171875e+01 3.397200012207031250e+01 3.392499923706054688e+01
9.000000000000000000e+00 2.232142910361289978e-02 7.129199981689453125e+01 3.656700134277343750e+01 3.365700149536132812e+01
1.600000000000000000e+01 7.142857462167739868e-02 7.112200164794921875e+01 4.018199920654296875e+01 3.235900115966796875e+01
1.000000000000000000e+00 1.428571492433547974e-01 6.845099639892578125e+01 4.107300186157226562e+01 2.970400047302246094e+01
1.000000000000000000e+00 2.410714328289031982e-01 6.686900329589843750e+01 4.410400009155273438e+01 2.801399993896484375e+01
2.000000000000000000e+01 5.357142686843872070e-01 6.328400039672851562e+01 4.483900070190429688e+01 2.907999992370605469e+01
1.800000000000000000e+01 5.803571343421936035e-01 6.060400009155273438e+01 4.650400161743164062e+01 2.689599990844726562e+01
1.100000000000000000e+01 7.723214030265808105e-01 5.705400085449218750e+01 4.703200149536132812e+01 2.807399940490722656e+01
0.000000000000000000e+00 7.767857313156127930e-01 5.424100112915039062e+01 4.774700164794921875e+01 2.570999908447265625e+01
0.000000000000000000e+00 8.839285969734191895e-01 5.088800048828125000e+01 4.866699981689453125e+01 2.719499969482421875e+01
1.200000000000000000e+01 8.214285969734191895e-01 4.771900177001953125e+01 4.911700057983398438e+01 2.524300003051757812e+01
1.200000000000000000e+01 8.437500000000000000e-01 4.516299819946289062e+01 5.139199829101562500e+01 2.695700073242187500e+01
1.700000000000000000e+01 7.589285969734191895e-01 4.131999969482421875e+01 5.205599975585937500e+01 2.668300056457519531e+01
1.600000000000000000e+01 7.633928656578063965e-01 3.907199859619140625e+01 5.312200164794921875e+01 2.972299957275390625e+01
2.000000000000000000e+01 8.035714030265808105e-01 3.733700180053710938e+01 4.974100112915039062e+01 3.064999961853027344e+01
1.700000000000000000e+01 8.973214030265808105e-01 4.033200073242187500e+01 4.764199829101562500e+01 2.938500022888183594e+01
2.000000000000000000e+01 9.598214030265808105e-01 4.403699874877929688e+01 4.728300094604492188e+01 2.888299942016601562e+01
1.700000000000000000e+01 9.330357313156127930e-01 4.632899856567382812e+01 4.466799926757812500e+01 2.721599960327148438e+01
1.800000000000000000e+01 9.553571343421936035e-01 4.986899948120117188e+01 4.473600006103515625e+01 2.834700012207031250e+01
1.800000000000000000e+01 8.571428656578063965e-01 5.267200088500976562e+01 4.271900177001953125e+01 2.684700012207031250e+01
0.000000000000000000e+00 7.901785969734191895e-01 5.633800125122070312e+01 4.249499893188476562e+01 2.787599945068359375e+01
2.200000000000000000e+01 5.758928656578063965e-01 5.937200164794921875e+01 4.178099822998046875e+01 2.571800041198730469e+01
2.200000000000000000e+01 4.553571343421936035e-01 6.250699996948242188e+01 4.020999908447265625e+01 2.700600051879882812e+01
1.800000000000000000e+01 1.919642835855484009e-01 6.561599731445312500e+01 4.065800094604492188e+01 2.479800033569335938e+01
2.000000000000000000e+00 3.125000000000000000e-02 6.915499877929687500e+01 3.906700134277343750e+01 2.467200088500976562e+01
1.600000000000000000e+01 1.339285727590322495e-02 7.207099914550781250e+01 4.151100158691406250e+01 2.537400054931640625e+01
