5.000000000000000000e+00 1.071428582072257996e-01 2.606999969482421875e+01 3.886199951171875000e+01 4.215800094604492188e+01
1.600000000000000000e+01 2.544642984867095947e-01 2.740299987792968750e+01 4.243000030517578125e+01 4.218700027465820312e+01
1.200000000000000000e+01 5.133928656578063965e-01 3.086599922180175781e+01 4.140100097656250000e+01 4.113700103759765625e+01
1.400000000000000000e+01 5.580357313156127930e-01 3.197599983215332031e+01 3.860900115966796875e+01 3.878799819946289062e+01
2.200000000000000000e+01 7.232142686843872070e-01 3.560300064086914062e+01 3.785499954223632812e+01 3.778300094604492188e+01
1.300000000000000000e+01 6.919642686843872070e-01 3.624000167846679688e+01 3.550899887084960938e+01 3.489500045776367188e+01
2.200000000000000000e+01 7.500000000000000000e-01 3.967699813842773438e+01 3.417699813842773438e+01 3.399900054931640625e+01
1.200000000000000000e+01 6.651785969734191895e-01 4.063199996948242188e+01 3.272600173950195312e+01 3.060099983215332031e+01
3.000000000000000000e+00 6.160714030265808105e-01 4.382500076293945312e+01 3.116699981689453125e+01 2.917799949645996094e+01
0.000000000000000000e+00 5.669642686843872070e-01 4.514699935913085938e+01 3.218299865722656250e+01 2.567399978637695312e+01
2.200000000000000000e+01 3.883928656578063965e-01 4.774800109863281250e+01 2.957299995422363281e+01 2.529400062561035156e+01
1.000000000000000000e+00 2.187500000000000000e-01 4.543000030517578125e+01 2.647100067138671875e+01 2.543600082397460938e+01
9.000000000000000000e+00 2.500000000000000000e-01 4.230300140380859375e+01 2.843000030517578125e+01 2.438699913024902344e+01
1.700000000000000000e+01 2.410714328289031982e-01 4.039199829101562500e+01 2.712100028991699219e+01 2.730299949645996094e+01
1.600000000000000000e+01 3.660714328289031982e-01 3.892800140380859375e+01 2.877799987792968750e+01 3.039200019836425781e+01
0.000000000000000000e+00 5.223214030265808105e-01 4.128400039672851562e+01 2.884099960327148438e+01 3.337699890136718750e+01
1.100000000000000000e+01 3.392857015132904053e-01 4.011800003051757812e+01 2.690099906921386719e+01 3.650500106811523438e+01
2.000000000000000000e+00 3.437500000000000000e-01 4.132600021362304688e+01 2.699099922180175781e+01 4.018999862670898438e+01
2.200000000000000000e+01 6.428571343421936035e-01 4.292399978637695312e+01 3.058099937438964844e+01 3.979299926757812500e+01
0.000000000000000000e+00 6.383928656578063965e-01 4.248799896240234375e+01 3.206600189208984375e+01 4.324800109863281250e+01
1.400000000000000000e+01 7.589285969734191895e-01 4.159299850463867188e+01 3.584099960327148438e+01 4.364300155639648438e+01
2.200000000000000000e+01 7.187500000000000000e-01 3.888299942016601562e+01 4.147200012207031250e+01 4.659700012207031250e+01
1.500000000000000000e+01 6.964285969734191895e-01 4.019599914550781250e+01 4.433499908447265625e+01 4.874000167846679688e+01
1.000000000000000000e+00 5.758928656578063965e-01 3.829499816894531250e+01 4.749900054931640625e+01 4.977799987792968750e+01
1.300000000000000000e+01 5.044642686843872070e-01 3.945899963378906250e+01 5.102799987792968750e+01 5.094200134277343750e+01
0.000000000000000000e+00 2.142857164144515991e-01 3.913600158691406250e+01 5.222299957275390625e+01 5.463899993896484375e+01
0.000000000000000000e+00 6.250000000000000000e-02 3.864599990844726562e+01 5.576800155639648438e+01 5.583700180053710938e+01
3.000000000000000000e+00 8.482142537832260132e-02 4.252500152587890625e+01 5.655099868774414062e+01 5.585100173950195312e+01
3.000000000000000000e+00 3.258928656578063965e-01 4.305699920654296875e+01 5.478699874877929688e+01 5.241999816894531250e+01
1.800000000000000000e+01 3.482142984867095947e-01 4.420000076293945312e+01 5.139500045776367188e+01 5.387799835205078125e+01
1.900000000000000000e+01 5.446428656578063965e-01 4.307699966430664062e+01 4.816999816894531250e+01 5.198099899291992188e+01
7.000000000000000000e+00 3.571428656578063965e-01 4.082699966430664062e+01 4.575699996948242188e+01 5.410200119018554688e+01
1.600000000000000000e+01 4.017857015132904053e-01 3.970899963378906250e+01 4.207500076293945312e+01 5.307899856567382812e+01
1.500000000000000000e+01 3.750000000000000000e-01 3.633200073242187500e+01 4.197399902343750000e+01 5.131999969482421875e+01
0.000000000000000000e+00 4.062500000000000000e-01 3.602399826049804688e+01 3.852500152587890625e+01 4.970800018310546875e+01
1.700000000000000000e+01 5.000000000000000000e-01 3.803799819946289062e+01 3.558399963378906250e+01 4.820700073242187500e+01
9.000000000000000000e+00 4.151785671710968018e-01 3.801399993896484375e+01 3.238600158691406250e+01 4.611600112915039062e+01
1.300000000000000000e+01 4.955357015132904053e-01 3.891799926757812500e+01 3.065299987792968750e+01 4.292200088500976562e+01
1.800000000000000000e+01 4.642857015132904053e-01 3.760100173950195312e+01 2.985300064086914062e+01 3.952199935913085938e+01
1.700000000000000000e+01 1.919642835855484009e-01 3.496699905395507812e+01 2.729800033569335938e+01 3.827799987792968750e+01
7.000000000000000000e+00 8.928571641445159912e-02 3.465100097656250000e+01 2.538699913024902344e+01 3.499800109863281250e+01
1.700000000000000000e+01 1.785714328289031982e-01 3.362699890136718750e+01 2.822699928283691406e+01 3.275699996948242188e+01
9.000000000000000000e+00 4.732142984867095947e-01 3.648600006103515625e+01 3.041500091552734375e+01 3.413000106811523438e+01
7.000000000000000000e+00 4.553571343421936035e-01 3.396400070190429688e+01 3.234000015258789062e+01 3.635300064086914062e+01
1.200000000000000000e+01 4.598214328289031982e-01 3.390900039672851562e+01 3.304199981689453125e+01 4.001100158691406250e+01
9.000000000000000000e+00 1.339285671710968018e-01 2.918899917602539062e+01 3.474499893188476562e+01 4.463600158691406250e+01
1.200000000000000000e+01 3.035714328289031982e-01 3.193700027465820312e+01 3.707400131225585938e+01 4.594699859619140625e+01
1.800000000000000000e+01 1.651785671710968018e-01 2.944099998474121094e+01 3.924599838256835938e+01 4.766199874877929688e+01
1.800000000000000000e+01 4.017857089638710022e-02 2.571699905395507812e+01 3.993199920654296875e+01 4.795899963378906250e+01
7.000000000000000000e+00 1.785714365541934967e-02 2.401300048828125000e+01 4.323600006103515625e+01 4.692499923706054688e+01
7.000000000000000000e+00 0.000000000000000000e+00 2.334000015258789062e+01 4.490499877929687500e+01 5.035599899291992188e+01
7.000000000000000000e+00 2.232142910361289978e-02 2.681299972534179688e+01 4.383800125122070312e+01 5.152799987792968750e+01
1.500000000000000000e+01 1.205357164144515991e-01 2.820400047302246094e+01 4.564199829101562500e+01 4.845500183105468750e+01
2.200000000000000000e+01 9.821428358554840088e-02 2.852599906921386719e+01 4.940299987792968750e+01 4.897600173950195312e+01
7.000000000000000000e+00 1.741071492433547974e-01 3.022699928283691406e+01 5.262599945068359375e+01 4.751800155639648438e+01
9.000000000000000000e+00 3.616071343421936035e-01 3.400299835205078125e+01 5.227799987792968750e+01 4.775600051879882812e+01
1.100000000000000000e+01 6.339285969734191895e-01 3.715900039672851562e+01 5.168399810791015625e+01 4.584400177001953125e+01
2.000000000000000000e+01 7.410714030265808105e-01 3.786199951171875000e+01 4.802500152587890625e+01 4.519400024414062500e+01
1.300000000000000000e+01 8.883928656578063965e-01 4.068199920654296875e+01 4.611700057983398438e+01 4.375899887084960938e+01
2.200000000000000000e+01 9.107142686843872070e-01 4.083499908447265625e+01 4.249000167846679688e+01 4.267800140380859375e+01
7.000000000000000000e+00 9.330357313156127930e-01 4.404399871826171875e+01 4.059700012207031250e+01 4.290999984741210938e+01
1.100000000000000000e+01 9.196428656578063965e-01 4.434099960327148438e+01 3.742499923706054688e+01 4.088499832153320312e+01
3.000000000000000000e+00 8.258928656578063965e-01 4.709799957275390625e+01 3.497600173950195312e+01 4.174399948120117188e+01
1.800000000000000000e+01 8.571428656578063965e-01 4.802099990844726562e+01 3.446799850463867188e+01 3.796300125122070312e+01
1.300000000000000000e+01 7.946428656578063965e-01 5.161500167846679688e+01 3.318099975585937500e+01 3.850500106811523438e+01
1.700000000000000000e+01 6.205357313156127930e-01 5.029499816894531250e+01 3.018000030517578125e+01 4.055300140380859375e+01
2.000000000000000000e+01 5.937500000000000000e-01 4.844599914550781250e+01 2.882600021362304688e+01 3.751300048828125000e+01
1.900000000000000000e+01 5.714285969734191895e-01 5.147299957275390625e+01 2.899600028991699219e+01 3.541199874877929688e+01
1.300000000000000000e+01 3.839285671710968018e-01 5.372000122070312500e+01 2.738299942016601562e+01 3.810100173950195312e+01
0.000000000000000000e+00 2.589285671710968018e-01 5.097800064086914062e+01 2.468099975585937500e+01 3.834799957275390625e+01
1.200000000000000000e+01 1.875000000000000000e-01 5.165700149536132812e+01 2.380200004577636719e+01 3.472900009155273438e+01
9.000000000000000000e+00 1.250000000000000000e-01 5.557199859619140625e+01 2.405699920654296875e+01 3.493099975585937500e+01
1.100000000000000000e+01 3.080357015132904053e-01 5.544900131225585938e+01 2.740500068664550781e+01 3.301300048828125000e+01
1.700000000000000000e+01 4.776785671710968018e-01 5.766600036621093750e+01 3.033600044250488281e+01 3.412699890136718750e+01
1.600000000000000000e+01 7.008928656578063965e-01 5.567800140380859375e+01 3.372299957275390625e+01 3.375299835205078125e+01
1.500000000000000000e+01 7.812500000000000000e-01 5.734299850463867188e+01 3.725999832153320312e+01 3.384199905395507812e+01
7.000000000000000000e+00 9.017857313156127930e-01 5.331499862670898438e+01 3.797999954223632812e+01 3.909700012207031250e+01
0.000000000000000000e+00 9.821428656578063965e-01 4.757300186157226562e+01 4.067800140380859375e+01 3.822600173950195312e+01
7.000000000000000000e+00 9.955357313156127930e-01 4.593700027465820312e+01 4.353099822998046875e+01 4.020000076293945312e+01
2.200000000000000000e+01 9.776785969734191895e-01 4.309999847412109375e+01 4.564599990844726562e+01 3.868899917602539062e+01
2.200000000000000000e+01 9.553571343421936035e-01 4.199000167846679688e+01 4.877799987792968750e+01 4.071500015258789062e+01
1.500000000000000000e+01 8.526785969734191895e-01 3.860400009155273438e+01 5.063399887084960938e+01 4.029399871826171875e+01
1.800000000000000000e+01 6.696428656578063965e-01 3.591099929809570312e+01 5.295999908447265625e+01 4.175899887084960938e+01
0.000000000000000000e+00 5.401785969734191895e-01 3.270000076293945312e+01 5.093700027465820312e+01 4.222100067138671875e+01
2.000000000000000000e+00 2.723214328289031982e-01 2.931599998474121094e+01 5.279199981689453125e+01 4.222100067138671875e+01
3.000000000000000000e+00 2.366071492433547974e-01 3.011899948120117188e+01 5.629100036621093750e+01 4.099000167846679688e+01
1.700000000000000000e+01 1.116071417927742004e-01 2.735600090026855469e+01 5.593700027465820312e+01 3.841899871826171875e+01
9.000000000000000000e+00 3.571428731083869934e-02 2.473699951171875000e+01 5.501900100708007812e+01 4.108800125122070312e+01
1.600000000000000000e+01 4.464285820722579956e-02 2.377899932861328125e+01 5.134999847412109375e+01 4.152899932861328125e+01
1.000000000000000000e+00 1.607142835855484009e-01 2.562199974060058594e+01 4.876100158691406250e+01 3.918000030517578125e+01
1.000000000000000000e+00 2.633928656578063965e-01 2.681800079345703125e+01 4.505899810791015625e+01 3.886000061035156250e+01
2.000000000000000000e+01 5.357142686843872070e-01 3.038899993896484375e+01 4.445500183105468750e+01 3.739899826049804688e+01
1.800000000000000000e+01 6.473214030265808105e-01 3.218899917602539062e+01 4.179800033569335938e+01 3.534299850463867188e+01
1.100000000000000000e+01 8.214285969734191895e-01 3.598099899291992188e+01 4.146200180053710938e+01 3.497200012207031250e+01
0.000000000000000000e+00 8.125000000000000000e-01 3.741199874877929688e+01 3.919100189208984375e+01 3.212200164794921875e+01
0.000000000000000000e+00 9.062500000000000000e-01 4.111299896240234375e+01 3.849300003051757812e+01 3.246200180053710938e+01
1.200000000000000000e+01 8.303571343421936035e-01 4.277199935913085938e+01 3.672000122070312500e+01 2.943099975585937500e+01
1.200000000000000000e+01 8.392857313156127930e-01 4.610200119018554688e+01 3.517800140380859375e+01 3.048500061035156250e+01
1.700000000000000000e+01 7.633928656578063965e-01 4.950799942016601562e+01 3.440900039672851562e+01 2.875399971008300781e+01
1.600000000000000000e+01 7.321428656578063965e-01 5.301399993896484375e+01 3.425899887084960938e+01 3.062800025939941406e+01
2.000000000000000000e+01 8.035714030265808105e-01 5.435400009155273438e+01 3.761800003051757812e+01 2.929599952697753906e+01
1.700000000000000000e+01 8.794642686843872070e-01 5.099599838256835938e+01 3.915499877929687500e+01 2.842600059509277344e+01
2.000000000000000000e+01 9.508928656578063965e-01 4.754000091552734375e+01 3.975600051879882812e+01 3.005400085449218750e+01
1.700000000000000000e+01 9.375000000000000000e-01 4.431900024414062500e+01 4.156600189208984375e+01 2.888199996948242188e+01
1.800000000000000000e+01 9.687500000000000000e-01 4.185800170898437500e+01 4.274000167846679688e+01 3.156800079345703125e+01
1.800000000000000000e+01 8.705357313156127930e-01 3.840700149536132812e+01 4.386600112915039062e+01 3.028700065612792969e+01
0.000000000000000000e+00 8.080357313156127930e-01 3.557500076293945312e+01 4.514599990844726562e+01 3.239300155639648438e+01
2.200000000000000000e+01 6.116071343421936035e-01 3.184099960327148438e+01 4.509700012207031250e+01 3.161800003051757812e+01
2.200000000000000000e+01 4.464285671710968018e-01 2.916900062561035156e+01 4.716600036621093750e+01 3.365200042724609375e+01
1.800000000000000000e+01 1.830357164144515991e-01 2.554100036621093750e+01 4.596300125122070312e+01 3.400099945068359375e+01
2.000000000000000000e+00 4.910714179277420044e-02 2.264200019836425781e+01 4.825099945068359375e+01 3.490499877929687500e+01
1.600000000000000000e+01 4.464285913854837418e-03 1.990900039672851562e+01 4.659899902343750000e+01 3.711399841308593750e+01
5.000000000000000000e+00 8.035714179277420044e-02 6.913800048828125000e+01 5.051800155639648438e+01 2.893099975585937500e+01
1.600000000000000000e+01 2.098214328289031982e-01 6.757299804687500000e+01 4.715599822998046875e+01 2.979899978637695312e+01
1.200000000000000000e+01 4.821428656578063965e-01 6.395500183105468750e+01 4.829499816894531250e+01 3.069700050354003906e+01
1.400000000000000000e+01 5.089285969734191895e-01 6.199000167846679688e+01 5.042100143432617188e+01 2.828599929809570312e+01
2.200000000000000000e+01 6.741071343421936035e-01 5.822499847412109375e+01 5.139300155639648438e+01 2.850499916076660156e+01
1.300000000000000000e+01 6.562500000000000000e-01 5.572900009155273438e+01 5.247600173950195312e+01 2.589900016784667969e+01
2.200000000000000000e+01 7.276785969734191895e-01 5.203400039672851562e+01 5.331399917602539062e+01 2.658499908447265625e+01
1.200000000000000000e+01 6.607142686843872070e-01 4.950400161743164062e+01 5.311299896240234375e+01 2.373900032043457031e+01
3.000000000000000000e+00 6.250000000000000000e-01 4.576800155639648438e+01 5.368000030517578125e+01 2.322699928283691406e+01
0.000000000000000000e+00 5.982142686843872070e-01 4.325600051879882812e+01 5.130899810791015625e+01 2.162999916076660156e+01
2.200000000000000000e+01 3.973214328289031982e-01 4.063299942016601562e+01 5.398600006103515625e+01 2.092099952697753906e+01
1.000000000000000000e+00 2.053571492433547974e-01 4.238600158691406250e+01 5.635499954223632812e+01 1.845700073242187500e+01
9.000000000000000000e+00 2.767857015132904053e-01 4.488899993896484375e+01 5.341899871826171875e+01 1.770700073242187500e+01
1.700000000000000000e+01 2.678571343421936035e-01 4.785900115966796875e+01 5.559799957275390625e+01 1.859499931335449219e+01
1.600000000000000000e+01 3.794642984867095947e-01 5.087900161743164062e+01 5.593099975585937500e+01 2.112999916076660156e+01
0.000000000000000000e+00 5.267857313156127930e-01 4.991699981689453125e+01 5.744300079345703125e+01 2.455400085449218750e+01
1.100000000000000000e+01 3.125000000000000000e-01 5.143000030517578125e+01 6.082899856567382812e+01 2.535700035095214844e+01
2.000000000000000000e+00 3.348214328289031982e-01 5.269599914550781250e+01 6.207099914550781250e+01 2.883600044250488281e+01
2.200000000000000000e+01 6.294642686843872070e-01 5.134099960327148438e+01 5.895700073242187500e+01 3.067499923706054688e+01
0.000000000000000000e+00 6.517857313156127930e-01 5.314699935913085938e+01 5.887900161743164062e+01 3.400999832153320312e+01
1.400000000000000000e+01 7.544642686843872070e-01 5.441999816894531250e+01 5.600699996948242188e+01 3.619499969482421875e+01
2.200000000000000000e+01 7.053571343421936035e-01 5.875299835205078125e+01 5.214799880981445312e+01 3.940299987792968750e+01
1.500000000000000000e+01 6.875000000000000000e-01 5.905199813842773438e+01 5.008200073242187500e+01 4.268500137329101562e+01
1.000000000000000000e+00 5.803571343421936035e-01 6.135599899291992188e+01 4.713199996948242188e+01 4.395100021362304688e+01
1.300000000000000000e+01 5.892857313156127930e-01 5.982300186157226562e+01 4.440999984741210938e+01 4.624800109863281250e+01
0.000000000000000000e+00 2.946428656578063965e-01 6.177199935913085938e+01 4.428200149536132812e+01 4.942300033569335938e+01
0.000000000000000000e+00 1.517857164144515991e-01 6.257899856567382812e+01 4.116199874877929688e+01 5.153300094604492188e+01
3.000000000000000000e+00 1.383928507566452026e-01 5.975500106811523438e+01 4.169900131225585938e+01 5.411000061035156250e+01
3.000000000000000000e+00 4.196428656578063965e-01 5.713399887084960938e+01 4.221699905395507812e+01 5.139099884033203125e+01
1.800000000000000000e+01 4.285714328289031982e-01 5.727600097656250000e+01 4.609299850463867188e+01 5.135800170898437500e+01
1.900000000000000000e+01 5.625000000000000000e-01 5.799900054931640625e+01 4.815299987792968750e+01 4.827000045776367188e+01
7.000000000000000000e+00 3.928571343421936035e-01 6.094900131225585938e+01 5.043700027465820312e+01 4.761100006103515625e+01
1.600000000000000000e+01 4.687500000000000000e-01 6.038499832153320312e+01 5.344800186157226562e+01 4.520999908447265625e+01
1.500000000000000000e+01 2.991071343421936035e-01 6.336800003051757812e+01 5.390700149536132812e+01 4.304800033569335938e+01
0.000000000000000000e+00 3.705357015132904053e-01 6.236999893188476562e+01 5.568500137329101562e+01 3.973799896240234375e+01
1.700000000000000000e+01 4.910714328289031982e-01 5.960300064086914062e+01 5.766199874877929688e+01 3.791600036621093750e+01
9.000000000000000000e+00 4.330357015132904053e-01 5.904800033569335938e+01 5.883599853515625000e+01 3.432600021362304688e+01
1.300000000000000000e+01 4.866071343421936035e-01 5.642200088500976562e+01 5.965700149536132812e+01 3.170899963378906250e+01
1.800000000000000000e+01 4.375000000000000000e-01 5.582500076293945312e+01 5.897200012207031250e+01 2.799200057983398438e+01
1.700000000000000000e+01 1.696428507566452026e-01 5.678699874877929688e+01 6.125999832153320312e+01 2.520100021362304688e+01
7.000000000000000000e+00 6.696428358554840088e-02 5.537799835205078125e+01 6.262699890136718750e+01 2.197299957275390625e+01
1.700000000000000000e+01 9.375000000000000000e-02 5.629999923706054688e+01 5.922200012207031250e+01 2.037700080871582031e+01
9.000000000000000000e+00 3.303571343421936035e-01 5.481499862670898438e+01 5.743000030517578125e+01 2.335199928283691406e+01
7.000000000000000000e+00 3.214285671710968018e-01 5.829100036621093750e+01 5.623300170898437500e+01 2.454700088500976562e+01
1.200000000000000000e+01 4.107142984867095947e-01 5.980099868774414062e+01 5.617300033569335938e+01 2.804599952697753906e+01
9.000000000000000000e+00 1.160714253783226013e-01 6.629000091552734375e+01 5.617800140380859375e+01 3.123200035095214844e+01
1.200000000000000000e+01 3.169642984867095947e-01 6.445400238037109375e+01 5.393999862670898438e+01 3.391899871826171875e+01
1.800000000000000000e+01 2.232142835855484009e-01 6.736399841308593750e+01 5.174499893188476562e+01 3.498699951171875000e+01
1.800000000000000000e+01 5.357142910361289978e-02 7.098000335693359375e+01 5.068999862670898438e+01 3.441799926757812500e+01
7.000000000000000000e+00 2.678571455180644989e-02 7.229399871826171875e+01 4.707199859619140625e+01 3.409199905395507812e+01
7.000000000000000000e+00 1.339285727590322495e-02 7.398000335693359375e+01 4.735599899291992188e+01 3.753499984741210938e+01
7.000000000000000000e+00 7.142857462167739868e-02 7.071399688720703125e+01 4.824599838256835938e+01 3.920199966430664062e+01
1.500000000000000000e+01 1.964285671710968018e-01 6.864399719238281250e+01 4.584199905395507812e+01 3.710699844360351562e+01
2.200000000000000000e+01 1.428571492433547974e-01 6.901200103759765625e+01 4.290499877929687500e+01 3.956100082397460938e+01
7.000000000000000000e+00 2.455357164144515991e-01 6.698300170898437500e+01 3.979600143432617188e+01 4.044499969482421875e+01
9.000000000000000000e+00 4.508928656578063965e-01 6.377000045776367188e+01 4.036500167846679688e+01 4.206399917602539062e+01
1.100000000000000000e+01 6.785714030265808105e-01 6.007500076293945312e+01 4.133100128173828125e+01 4.186199951171875000e+01
2.000000000000000000e+01 7.857142686843872070e-01 5.919300079345703125e+01 4.469400024414062500e+01 4.059600067138671875e+01
1.300000000000000000e+01 8.928571343421936035e-01 5.613100051879882812e+01 4.682600021362304688e+01 4.016500091552734375e+01
2.200000000000000000e+01 9.151785969734191895e-01 5.517300033569335938e+01 4.950099945068359375e+01 3.774800109863281250e+01
7.000000000000000000e+00 9.285714030265808105e-01 5.220299911499023438e+01 5.175000000000000000e+01 3.882699966430664062e+01
1.100000000000000000e+01 9.241071343421936035e-01 5.053499984741210938e+01 5.368199920654296875e+01 3.600199890136718750e+01
3.000000000000000000e+00 8.169642686843872070e-01 4.838100051879882812e+01 5.665200042724609375e+01 3.667699813842773438e+01
1.800000000000000000e+01 8.437500000000000000e-01 4.588199996948242188e+01 5.573199844360351562e+01 3.367499923706054688e+01
1.300000000000000000e+01 7.455357313156127930e-01 4.292699813842773438e+01 5.754000091552734375e+01 3.508000183105468750e+01
1.700000000000000000e+01 6.026785969734191895e-01 4.472700119018554688e+01 6.079100036621093750e+01 3.454399871826171875e+01
2.000000000000000000e+01 6.071428656578063965e-01 4.533599853515625000e+01 6.004299926757812500e+01 3.084199905395507812e+01
1.900000000000000000e+01 5.491071343421936035e-01 4.169200134277343750e+01 5.955500030517578125e+01 3.006699943542480469e+01
1.300000000000000000e+01 3.526785671710968018e-01 4.045399856567382812e+01 6.248600006103515625e+01 3.225899887084960938e+01
0.000000000000000000e+00 2.276785671710968018e-01 4.266899871826171875e+01 6.472100067138671875e+01 2.998900032043457031e+01
1.200000000000000000e+01 2.008928507566452026e-01 4.068700027465820312e+01 6.338499832153320312e+01 2.696199989318847656e+01
9.000000000000000000e+00 1.026785746216773987e-01 3.756399917602539062e+01 6.435199737548828125e+01 2.877000045776367188e+01
1.100000000000000000e+01 2.812500000000000000e-01 3.664799880981445312e+01 6.071200180053710938e+01 2.907699966430664062e+01
1.700000000000000000e+01 4.419642984867095947e-01 3.575799942016601562e+01 5.884199905395507812e+01 3.228300094604492188e+01
1.600000000000000000e+01 6.830357313156127930e-01 3.742100143432617188e+01 5.533399963378906250e+01 3.271799850463867188e+01
1.500000000000000000e+01 7.723214030265808105e-01 3.645399856567382812e+01 5.228599929809570312e+01 3.488700103759765625e+01
7.000000000000000000e+00 8.616071343421936035e-01 4.197299957275390625e+01 5.398899841308593750e+01 3.855199813842773438e+01
0.000000000000000000e+00 9.732142686843872070e-01 4.733000183105468750e+01 4.996099853515625000e+01 3.599900054931640625e+01
7.000000000000000000e+00 9.910714030265808105e-01 4.929800033569335938e+01 4.808300018310546875e+01 3.870500183105468750e+01
2.200000000000000000e+01 9.866071343421936035e-01 5.167699813842773438e+01 4.578699874877929688e+01 3.686399841308593750e+01
2.200000000000000000e+01 9.642857313156127930e-01 5.388199996948242188e+01 4.344400024414062500e+01 3.895500183105468750e+01
1.500000000000000000e+01 8.839285969734191895e-01 5.660499954223632812e+01 4.124700164794921875e+01 3.743999862670898438e+01
1.800000000000000000e+01 7.098214030265808105e-01 5.985400009155273438e+01 3.940999984741210938e+01 3.823199844360351562e+01
0.000000000000000000e+00 5.848214030265808105e-01 6.290800094604492188e+01 4.052899932861328125e+01 3.620600128173828125e+01
2.000000000000000000e+00 2.901785671710968018e-01 6.592800140380859375e+01 3.838600158691406250e+01 3.496799850463867188e+01
3.000000000000000000e+00 2.857142984867095947e-01 6.444499969482421875e+01 3.497100067138671875e+01 3.583300018310546875e+01
1.700000000000000000e+01 1.294642835855484009e-01 6.609200286865234375e+01 3.337200164794921875e+01 3.269900131225585938e+01
9.000000000000000000e+00 5.803571268916130066e-02 6.914700317382812500e+01 3.561299896240234375e+01 3.331900024414062500e+01
1.600000000000000000e+01 7.589285820722579956e-02 6.998500061035156250e+01 3.920800018310546875e+01 3.207899856567382812e+01
1.000000000000000000e+00 1.562500000000000000e-01 6.771499633789062500e+01 4.047900009155273438e+01 2.943099975585937500e+01
1.000000000000000000e+00 2.321428507566452026e-01 6.641899871826171875e+01 4.357400131225585938e+01 2.780599975585937500e+01
2.000000000000000000e+01 5.178571343421936035e-01 6.261000061035156250e+01 4.414099884033203125e+01 2.822999954223632812e+01
1.800000000000000000e+01 5.535714030265808105e-01 6.044599914550781250e+01 4.649200057983398438e+01 2.612899971008300781e+01
1.100000000000000000e+01 7.767857313156127930e-01 5.700299835205078125e+01 4.699399948120117188e+01 2.787599945068359375e+01
0.000000000000000000e+00 7.991071343421936035e-01 5.396799850463867188e+01 4.782899856567382812e+01 2.585499954223632812e+01
0.000000000000000000e+00 8.973214030265808105e-01 5.070500183105468750e+01 4.868600082397460938e+01 2.771699905395507812e+01
1.200000000000000000e+01 8.482142686843872070e-01 4.744699859619140625e+01 4.935900115966796875e+01 2.591300010681152344e+01
1.200000000000000000e+01 8.348214030265808105e-01 4.452099990844726562e+01 5.160300064086914062e+01 2.720199966430664062e+01
1.700000000000000000e+01 7.366071343421936035e-01 4.085800170898437500e+01 5.207799911499023438e+01 2.667799949645996094e+01
1.600000000000000000e+01 7.142857313156127930e-01 3.831999969482421875e+01 5.337900161743164062e+01 2.920000076293945312e+01
2.000000000000000000e+01 7.901785969734191895e-01 3.696500015258789062e+01 4.987699890136718750e+01 2.996800041198730469e+01
1.700000000000000000e+01 8.750000000000000000e-01 3.981900024414062500e+01 4.746799850463867188e+01 2.893000030517578125e+01
2.000000000000000000e+01 9.464285969734191895e-01 4.368299865722656250e+01 4.723300170898437500e+01 2.905800056457519531e+01
1.700000000000000000e+01 9.419642686843872070e-01 4.640700149536132812e+01 4.477199935913085938e+01 2.785899925231933594e+01
1.800000000000000000e+01 9.598214030265808105e-01 5.005300140380859375e+01 4.480099868774414062e+01 2.889900016784667969e+01
1.800000000000000000e+01 8.660714030265808105e-01 5.281200027465820312e+01 4.278200149536132812e+01 2.730200004577636719e+01
0.000000000000000000e+00 7.678571343421936035e-01 5.650999832153320312e+01 4.263100051879882812e+01 2.730699920654296875e+01
2.200000000000000000e+01 5.312500000000000000e-01 5.888700103759765625e+01 4.191699981689453125e+01 2.439399909973144531e+01
2.200000000000000000e+01 4.241071343421936035e-01 6.190000152587890625e+01 4.026800155639648438e+01 2.602599906921386719e+01
1.800000000000000000e+01 1.473214328289031982e-01 6.515899658203125000e+01 4.054000091552734375e+01 2.390600013732910156e+01
2.000000000000000000e+00 3.125000000000000000e-02 6.856099700927734375e+01 3.886000061035156250e+01 2.425699996948242188e+01
1.600000000000000000e+01 8.928571827709674835e-03 7.156400299072265625e+01 4.123199844360351562e+01 2.488400077819824219e+01
