1 1 14 0 0.0059880239520957446 0 0 25.997 19.344 44.249
1 2 18 0 0.08982035928143717 0 0 28.813 21.575 43.110
1 3 7 0 0.27544910179640725 0 0 30.075 24.886 44.415
1 4 20 0 0.5449101796407185 0 0 32.490 27.375 42.747
1 5 13 0 0.6826347305389222 0 0 34.177 30.452 44.135
1 6 12 0 0.9041916167664671 0 0 34.134 33.032 41.331
1 7 22 0 0.9520958083832335 0 0 36.105 36.285 41.256
1 8 22 0 0.9880239520958084 0 0 35.185 39.388 39.307
1 9 22 0 0.9700598802395209 0 0 38.292 41.149 38.088
1 10 9 0 0.9341317365269461 0 0 38.726 44.367 36.108
1 11 0 0 0.7844311377245509 0 0 39.656 48.021 36.782
1 12 9 0 0.6646706586826348 0 0 37.386 50.486 38.580
1 13 9 0 0.5988023952095809 0 0 34.362 51.899 36.839
1 14 22 0 0.8203592814371258 0 0 33.486 48.936 34.661
1 15 9 0 0.844311377245509 0 0 30.389 47.822 36.478
1 16 13 0 0.9281437125748503 0 0 31.915 45.202 38.664
1 17 17 0 0.8323353293413174 0 0 29.279 45.143 41.360
1 18 0 0 0.7724550898203593 0 0 26.477 45.898 38.968
1 19 12 0 0.8982035928143712 0 0 26.691 42.599 37.252
1 20 18 0 0.8622754491017964 0 0 26.447 40.576 40.499
1 21 11 0 0.6227544910179641 0 0 23.750 42.712 42.064
1 22 6 0 0.5688622754491017 0 0 21.770 42.202 38.837
1 23 12 0 0.658682634730539 0 0 22.362 38.473 39.058
1 24 11 0 0.49101796407185627 0 0 21.469 38.006 42.676
1 25 6 0 0.281437125748503 0 0 19.070 40.843 43.346
1 26 2 0 0.26347305389221565 0 0 17.674 41.387 39.859
1 27 10 0 0.19760479041916168 0 0 17.907 45.113 39.607
1 28 15 0 0.32335329341317365 0 0 20.468 47.814 39.132
1 29 22 0 0.17365269461077848 0 0 21.085 49.671 42.333
1 30 3 0 0.09580838323353291 0 0 22.264 53.232 41.992
1 31 7 0 0.07784431137724557 0 0 24.175 53.278 45.302
1 32 20 0 0.20958083832335328 0 0 27.775 52.118 45.752
1 33 3 0 0.18562874251497008 0 0 28.917 50.090 48.734
1 34 16 0 0.3293413173652695 0 0 32.617 49.162 48.598
1 35 18 0 0.46706586826347307 0 0 32.362 45.436 49.029
1 36 11 0 0.28742514970059885 0 0 34.968 44.565 51.681
1 37 7 0 0.11976047904191622 0 0 33.240 42.679 54.418
1 38 3 0 0.23952095808383234 0 0 30.312 41.638 52.317
1 39 17 0 0.3892215568862275 0 0 30.005 38.158 50.922
1 40 20 0 0.5089820359281436 0 0 27.617 37.096 48.091
1 41 1 0 0.47904191616766467 0 0 26.487 33.663 47.068
1 42 13 0 0.40718562874251496 0 0 23.608 32.335 44.890
1 43 6 0 0.19161676646706582 0 0 22.117 28.937 44.211
1 44 22 0 0.25149700598802394 0 0 21.500 28.365 40.630
1 45 22 0 0.12574850299401197 0 0 20.571 25.815 37.988
1 46 11 0 0.22754491017964074 0 0 23.207 25.366 35.314
1 47 3 0 0.0718562874251496 0 0 22.865 22.808 32.550
1 48 9 0 0.0119760479041916 0 0 20.107 20.917 34.252
1 49 7 0 0.017964071856287345 0 0 21.896 20.898 37.512
1 50 18 0 0.041916167664670656 0 0 22.139 22.870 40.683
1 51 5 0 0.221556886227545 0 0 25.443 24.663 41.162
1 52 12 0 0.34730538922155685 0 0 26.394 27.221 43.816
1 53 12 0 0.6167664670658684 0 0 28.081 30.435 42.920
1 54 3 0 0.6347305389221557 0 0 29.973 32.430 45.516
1 55 11 0 0.8562874251497006 0 0 30.947 35.667 43.920
1 56 12 0 0.8502994011976048 0 0 33.975 37.730 45.049
1 57 3 0 0.874251497005988 0 0 34.212 41.387 44.250
1 58 18 0 0.8263473053892215 0 0 37.577 43.160 43.822
1 59 0 0 0.5808383233532934 0 0 38.090 46.525 45.480
1 60 9 0 0.4131736526946108 0 0 40.547 49.466 45.257
1 61 6 0 0.37125748502994016 0 0 41.859 51.377 42.274
1 62 7 0 0.13772455089820357 0 0 45.407 51.918 43.312
1 63 7 0 0.14970059880239517 0 0 47.923 49.098 42.832
1 64 20 0 0.04790419161676651 0 0 49.366 48.295 46.217
1 65 17 0 0.059880239520958 0 0 46.277 48.947 48.268
1 66 0 0 0.3532934131736526 0 0 43.898 46.964 46.041
1 67 14 0 0.4491017964071856 0 0 42.407 43.797 47.314
1 68 1 0 0.5868263473053892 0 0 43.080 41.050 44.834
1 69 3 0 0.437125748502994 0 0 45.674 38.324 45.490
1 70 6 0 0.3652694610778443 0 0 43.786 36.703 48.396
1 71 20 0 0.6407185628742516 0 0 40.712 36.740 46.155
1 72 14 0 0.6706586826347305 0 0 42.846 35.278 43.320
1 73 1 0 0.43113772455089827 0 0 43.863 32.633 45.781
1 74 18 0 0.4970059880239521 0 0 40.248 32.024 46.748
1 75 9 0 0.7305389221556886 0 0 39.024 31.953 43.149
1 76 7 0 0.688622754491018 0 0 38.173 28.975 40.954
1 77 9 0 0.8802395209580838 0 0 37.381 31.221 38.027
1 78 15 0 0.9640718562874252 0 0 37.723 34.787 36.969
1 79 12 0 0.9940119760479041 0 0 35.413 37.193 35.133
1 80 5 0 0.9820359281437125 0 0 37.528 39.774 33.299
1 81 22 0 0.9760479041916168 0 0 35.606 43.036 33.122
1 82 15 0 0.8922155688622755 0 0 36.198 45.962 30.839
1 83 0 0 0.7365269461077844 0 0 33.986 48.688 29.543
1 84 11 0 0.5029940119760479 0 0 33.562 49.709 25.970
1 85 2 0 0.2934131736526946 0 0 34.057 53.428 26.474
1 86 2 0 0.3772455089820359 0 0 37.382 52.814 28.195
1 87 18 0 0.31137724550898194 0 0 40.509 51.646 26.429
1 88 13 0 0.35928143712574856 0 0 42.579 51.523 29.612
1 89 17 0 0.652694610778443 0 0 40.129 49.074 31.082
1 90 15 0 0.6467065868263473 0 0 40.474 46.858 28.018
1 91 7 0 0.4730538922155688 0 0 44.242 47.251 28.191
1 92 3 0 0.6047904191616766 0 0 44.271 46.167 31.820
1 93 11 0 0.7964071856287425 0 0 42.903 42.722 30.882
1 94 10 0 0.5568862275449102 0 0 46.401 41.455 30.162
1 95 10 0 0.5269461077844311 0 0 47.651 42.823 33.501
1 96 20 0 0.7664670658682635 0 0 44.890 41.098 35.455
1 97 1 0 0.718562874251497 0 0 45.579 37.820 33.592
1 98 7 0 0.44311377245508976 0 0 49.227 38.275 34.467
1 99 6 0 0.5149700598802396 0 0 48.197 38.537 38.017
1 100 11 0 0.6287425149700598 0 0 46.141 35.273 37.775
1 101 13 0 0.38323353293413165 0 0 49.228 33.713 36.150
1 102 1 0 0.20359281437125742 0 0 51.146 34.935 39.142
1 103 22 0 0.29940119760479034 0 0 49.000 33.291 41.700
1 104 13 0 0.2694610778443114 0 0 48.229 30.117 39.911
1 105 3 0 0.053892215568862256 0 0 51.615 29.097 38.589
1 106 17 0 0.13173652694610782 0 0 50.047 28.418 35.210
1 107 7 0 0.3173652694610779 0 0 48.215 30.382 32.551
1 108 3 0 0.3413173652694611 0 0 45.616 27.647 32.305
1 109 22 0 0.562874251497006 0 0 42.930 29.030 34.520
1 110 16 0 0.7784431137724551 0 0 39.272 29.771 33.905
1 111 14 0 0.9101796407185628 0 0 38.860 33.152 32.358
1 112 22 0 0.9461077844311377 0 0 35.817 34.631 30.728
1 113 12 0 0.9401197604790419 0 0 35.973 38.014 29.082
1 114 22 0 0.9580838323353293 0 0 33.297 40.585 29.611
1 115 9 0 0.8682634730538922 0 0 32.722 43.942 27.823
1 116 2 0 0.8383233532934131 0 0 30.303 45.889 29.922
1 117 13 0 0.5748502994011976 0 0 28.124 48.937 29.303
1 118 5 0 0.45508982035928147 0 0 26.883 47.970 25.917
1 119 3 0 0.21556886227544902 0 0 23.664 49.856 26.265
1 120 12 0 0.11377245508982048 0 0 25.693 52.908 25.305
1 121 16 0 0.029940119760479056 0 0 26.289 53.911 21.751
1 122 17 0 0.03592814371257491 0 0 29.887 55.137 21.857
1 123 1 0 0.10778443113772451 0 0 32.845 52.758 21.922
1 124 18 0 0.08383233532934131 0 0 36.531 53.531 22.341
1 125 22 0 0.2335329341317366 0 0 37.519 49.862 22.368
1 126 3 0 0.10179640718562877 0 0 37.619 48.503 18.874
1 127 18 0 0.17964071856287422 0 0 35.608 45.313 18.601
1 128 13 0 0.06586826347305386 0 0 38.252 43.533 16.419
1 129 6 0 0.14371257485029942 0 0 40.926 43.957 19.061
1 130 0 0 0.4610778443113772 0 0 38.548 42.668 21.661
1 131 6 0 0.33532934131736525 0 0 37.918 39.710 19.469
1 132 3 0 0.15568862275449102 0 0 41.659 39.211 18.804
1 133 12 0 0.4251497005988024 0 0 42.423 39.016 22.482
1 134 0 0 0.5389221556886228 0 0 39.689 36.543 23.134
1 135 1 0 0.24550898203592808 0 0 40.878 34.260 20.290
1 136 17 0 0.16167664670658677 0 0 44.562 34.541 21.171
1 137 20 0 0.4011976047904191 0 0 44.075 33.464 24.742
1 138 9 0 0.41916167664670656 0 0 41.140 31.241 24.096
1 139 11 0 0.7005988023952096 0 0 38.551 32.880 26.332
1 140 16 0 0.7485029940119761 0 0 34.788 33.202 26.020
1 141 15 0 0.8023952095808383 0 0 33.713 36.823 25.311
1 142 11 0 0.8083832335329342 0 0 30.295 38.127 26.276
1 143 7 0 0.7425149700598803 0 0 29.211 41.693 25.753
1 144 18 0 0.7904191616766467 0 0 27.232 42.881 28.606
1 145 17 0 0.6107784431137725 0 0 24.771 45.529 29.740
1 146 0 0 0.6766467065868262 0 0 24.102 45.378 33.419
1 147 13 0 0.39520958083832336 0 0 21.484 48.084 33.419
1 148 18 0 0.2574850299401197 0 0 19.239 46.327 31.020
1 149 1 0 0.4850299401197605 0 0 20.487 42.875 31.807
1 150 6 0 0.5209580838323353 0 0 22.145 41.819 28.579
1 151 9 0 0.6946107784431137 0 0 24.261 38.682 28.796
1 152 22 0 0.8143712574850299 0 0 24.640 38.887 32.594
1 153 3 0 0.7125748502994012 0 0 23.441 35.353 33.015
1 154 3 0 0.7245508982035929 0 0 25.444 33.991 30.116
1 155 0 0 0.9161676646706587 0 0 28.778 35.477 31.169
1 156 15 0 0.9221556886227544 0 0 28.613 33.848 34.570
1 157 20 0 0.7544910179640718 0 0 27.154 30.620 33.450
1 158 18 0 0.7604790419161677 0 0 29.839 30.167 30.859
1 159 12 0 0.8862275449101796 0 0 32.453 30.742 33.456
1 160 22 0 0.7065868263473054 0 0 31.218 27.618 35.185
1 161 1 0 0.5329341317365269 0 0 31.364 25.729 31.914
1 162 7 0 0.592814371257485 0 0 34.926 26.772 31.488
1 163 11 0 0.5508982035928144 0 0 35.525 25.404 34.960
1 164 1 0 0.3053892215568862 0 0 33.840 22.089 34.154
1 165 13 0 0.16766467065868274 0 0 36.280 21.388 31.383
1 166 10 0 0.02395209580838331 0 0 37.439 18.118 30.027
1 167 13 0 0.0 0 0 39.645 17.890 26.976
