5.000000000000000000e+00 1.517857164144515991e-01 2.626300048828125000e+01 3.767399978637695312e+01 3.993899917602539062e+01
1.600000000000000000e+01 2.410714328289031982e-01 2.662199974060058594e+01 4.143899917602539062e+01 4.084899902343750000e+01
1.200000000000000000e+01 4.910714328289031982e-01 3.036400032043457031e+01 4.100600051879882812e+01 4.111999893188476562e+01
1.400000000000000000e+01 5.625000000000000000e-01 3.191699981689453125e+01 3.863999938964843750e+01 3.851399993896484375e+01
2.200000000000000000e+01 7.321428656578063965e-01 3.552899932861328125e+01 3.784400177001953125e+01 3.766999816894531250e+01
1.300000000000000000e+01 6.919642686843872070e-01 3.597499847412109375e+01 3.561700057983398438e+01 3.457199859619140625e+01
2.200000000000000000e+01 7.500000000000000000e-01 3.942200088500976562e+01 3.434199905395507812e+01 3.353799819946289062e+01
1.200000000000000000e+01 6.875000000000000000e-01 4.052399826049804688e+01 3.331900024414062500e+01 3.009300041198730469e+01
3.000000000000000000e+00 6.160714030265808105e-01 4.351699829101562500e+01 3.132799911499023438e+01 2.893600082397460938e+01
0.000000000000000000e+00 6.026785969734191895e-01 4.518500137329101562e+01 3.283700180053710938e+01 2.575900077819824219e+01
2.200000000000000000e+01 4.196428656578063965e-01 4.750699996948242188e+01 2.986499977111816406e+01 2.508600044250488281e+01
1.000000000000000000e+00 2.366071492433547974e-01 4.541400146484375000e+01 2.667099952697753906e+01 2.522900009155273438e+01
9.000000000000000000e+00 2.857142984867095947e-01 4.222399902343750000e+01 2.867700004577636719e+01 2.461000061035156250e+01
1.700000000000000000e+01 2.232142835855484009e-01 3.948699951171875000e+01 2.717600059509277344e+01 2.679800033569335938e+01
1.600000000000000000e+01 3.794642984867095947e-01 3.854499816894531250e+01 2.914800071716308594e+01 2.994099998474121094e+01
0.000000000000000000e+00 5.312500000000000000e-01 4.088899993896484375e+01 2.915600013732910156e+01 3.294699859619140625e+01
1.100000000000000000e+01 3.348214328289031982e-01 4.036999893188476562e+01 2.681599998474121094e+01 3.591999816894531250e+01
2.000000000000000000e+00 4.151785671710968018e-01 4.159899902343750000e+01 2.734000015258789062e+01 3.942900085449218750e+01
2.200000000000000000e+01 6.741071343421936035e-01 4.285100173950195312e+01 3.090200042724609375e+01 3.922299957275390625e+01
0.000000000000000000e+00 6.696428656578063965e-01 4.280899810791015625e+01 3.209000015258789062e+01 4.267599868774414062e+01
1.400000000000000000e+01 7.544642686843872070e-01 4.205699920654296875e+01 3.556499862670898438e+01 4.388899993896484375e+01
2.200000000000000000e+01 7.098214030265808105e-01 3.897999954223632812e+01 4.082199859619140625e+01 4.717200088500976562e+01
1.500000000000000000e+01 6.473214030265808105e-01 3.934600067138671875e+01 4.368799972534179688e+01 4.963600158691406250e+01
1.000000000000000000e+00 5.401785969734191895e-01 3.733399963378906250e+01 4.679999923706054688e+01 5.037400054931640625e+01
1.300000000000000000e+01 4.464285671710968018e-01 3.853200149536132812e+01 5.022000122070312500e+01 5.178099822998046875e+01
0.000000000000000000e+00 1.830357164144515991e-01 3.738499832153320312e+01 5.063499832153320312e+01 5.538100051879882812e+01
0.000000000000000000e+00 5.357142910361289978e-02 3.602299880981445312e+01 5.378300094604492188e+01 5.693399810791015625e+01
3.000000000000000000e+00 6.250000000000000000e-02 3.957600021362304688e+01 5.486600112915039062e+01 5.802799987792968750e+01
3.000000000000000000e+00 2.500000000000000000e-01 4.053499984741210938e+01 5.417499923706054688e+01 5.427899932861328125e+01
1.800000000000000000e+01 3.125000000000000000e-01 4.233800125122070312e+01 5.079499816894531250e+01 5.477099990844726562e+01
1.900000000000000000e+01 5.223214030265808105e-01 4.207500076293945312e+01 4.757699966430664062e+01 5.280899810791015625e+01
7.000000000000000000e+00 3.169642984867095947e-01 4.004199981689453125e+01 4.498099899291992188e+01 5.470899963378906250e+01
1.600000000000000000e+01 3.526785671710968018e-01 3.902899932861328125e+01 4.151399993896484375e+01 5.339400100708007812e+01
1.500000000000000000e+01 3.660714328289031982e-01 3.578499984741210938e+01 4.113899993896484375e+01 5.129899978637695312e+01
0.000000000000000000e+00 3.839285671710968018e-01 3.557199859619140625e+01 3.771799850463867188e+01 4.945899963378906250e+01
1.700000000000000000e+01 4.776785671710968018e-01 3.786000061035156250e+01 3.504399871826171875e+01 4.806600189208984375e+01
9.000000000000000000e+00 4.419642984867095947e-01 3.794400024414062500e+01 3.212099838256835938e+01 4.575600051879882812e+01
1.300000000000000000e+01 5.044642686843872070e-01 3.907500076293945312e+01 3.045800018310546875e+01 4.248400115966796875e+01
1.800000000000000000e+01 4.642857015132904053e-01 3.767800140380859375e+01 2.981699943542480469e+01 3.894499969482421875e+01
1.700000000000000000e+01 2.053571492433547974e-01 3.519300079345703125e+01 2.699200057983398438e+01 3.813100051879882812e+01
7.000000000000000000e+00 1.026785746216773987e-01 3.533599853515625000e+01 2.479500007629394531e+01 3.492300033569335938e+01
1.700000000000000000e+01 1.428571492433547974e-01 3.354199981689453125e+01 2.745400047302246094e+01 3.277099990844726562e+01
9.000000000000000000e+00 4.241071343421936035e-01 3.609299850463867188e+01 3.002000045776367188e+01 3.416500091552734375e+01
7.000000000000000000e+00 4.107142984867095947e-01 3.362799835205078125e+01 3.191699981689453125e+01 3.628099822998046875e+01
1.200000000000000000e+01 4.375000000000000000e-01 3.377799987792968750e+01 3.278200149536132812e+01 3.995199966430664062e+01
9.000000000000000000e+00 1.160714253783226013e-01 2.932200050354003906e+01 3.350000000000000000e+01 4.488800048828125000e+01
1.200000000000000000e+01 2.991071343421936035e-01 3.135400009155273438e+01 3.653200149536132812e+01 4.601499938964843750e+01
1.800000000000000000e+01 1.339285671710968018e-01 2.853300094604492188e+01 3.874200057983398438e+01 4.736000061035156250e+01
1.800000000000000000e+01 3.571428731083869934e-02 2.495899963378906250e+01 3.975299835205078125e+01 4.730500030517578125e+01
7.000000000000000000e+00 1.785714365541934967e-02 2.338199996948242188e+01 4.318000030517578125e+01 4.659999847412109375e+01
7.000000000000000000e+00 0.000000000000000000e+00 2.272800064086914062e+01 4.421300125122070312e+01 5.031299972534179688e+01
7.000000000000000000e+00 2.678571455180644989e-02 2.637700080871582031e+01 4.322100067138671875e+01 5.145600128173828125e+01
1.500000000000000000e+01 1.205357164144515991e-01 2.792099952697753906e+01 4.481600189208984375e+01 4.835699844360351562e+01
2.200000000000000000e+01 9.375000000000000000e-02 2.787800025939941406e+01 4.835300064086914062e+01 4.977899932861328125e+01
7.000000000000000000e+00 1.473214328289031982e-01 2.944499969482421875e+01 5.166899871826171875e+01 4.845000076293945312e+01
9.000000000000000000e+00 3.303571343421936035e-01 3.324000167846679688e+01 5.188100051879882812e+01 4.830699920654296875e+01
1.100000000000000000e+01 6.116071343421936035e-01 3.652500152587890625e+01 5.106900024414062500e+01 4.657099914550781250e+01
2.000000000000000000e+01 7.276785969734191895e-01 3.742900085449218750e+01 4.746099853515625000e+01 4.569599914550781250e+01
1.300000000000000000e+01 8.750000000000000000e-01 4.083900070190429688e+01 4.595899963378906250e+01 4.478099822998046875e+01
2.200000000000000000e+01 9.107142686843872070e-01 4.097100067138671875e+01 4.243600082397460938e+01 4.336299896240234375e+01
7.000000000000000000e+00 9.285714030265808105e-01 4.429800033569335938e+01 4.078200149536132812e+01 4.359299850463867188e+01
1.100000000000000000e+01 9.241071343421936035e-01 4.466400146484375000e+01 3.756000137329101562e+01 4.136500167846679688e+01
3.000000000000000000e+00 8.437500000000000000e-01 4.777600097656250000e+01 3.525899887084960938e+01 4.157699966430664062e+01
1.800000000000000000e+01 8.705357313156127930e-01 4.827799987792968750e+01 3.451100158691406250e+01 3.779299926757812500e+01
1.300000000000000000e+01 7.767857313156127930e-01 5.190299987792968750e+01 3.320899963378906250e+01 3.829000091552734375e+01
1.700000000000000000e+01 6.294642686843872070e-01 5.073099899291992188e+01 3.019000053405761719e+01 4.033499908447265625e+01
2.000000000000000000e+01 6.250000000000000000e-01 4.836700057983398438e+01 2.924600028991699219e+01 3.751900100708007812e+01
1.900000000000000000e+01 5.669642686843872070e-01 5.124599838256835938e+01 2.887000083923339844e+01 3.505099868774414062e+01
1.300000000000000000e+01 4.017857015132904053e-01 5.389699935913085938e+01 2.732699966430664062e+01 3.747200012207031250e+01
0.000000000000000000e+00 2.321428507566452026e-01 5.186299896240234375e+01 2.413199996948242188e+01 3.783000183105468750e+01
1.200000000000000000e+01 1.919642835855484009e-01 5.200899887084960938e+01 2.355200004577636719e+01 3.400600051879882812e+01
9.000000000000000000e+00 1.250000000000000000e-01 5.576599884033203125e+01 2.407600021362304688e+01 3.434799957275390625e+01
1.100000000000000000e+01 3.258928656578063965e-01 5.554299926757812500e+01 2.754999923706054688e+01 3.277000045776367188e+01
1.700000000000000000e+01 4.866071343421936035e-01 5.766500091552734375e+01 3.050099945068359375e+01 3.412699890136718750e+01
1.600000000000000000e+01 7.053571343421936035e-01 5.557099914550781250e+01 3.366099929809570312e+01 3.341500091552734375e+01
1.500000000000000000e+01 7.991071343421936035e-01 5.648099899291992188e+01 3.746300125122070312e+01 3.331000137329101562e+01
7.000000000000000000e+00 8.928571343421936035e-01 5.370899963378906250e+01 3.784500122070312500e+01 3.943199920654296875e+01
0.000000000000000000e+00 9.910714030265808105e-01 4.723600006103515625e+01 4.100000000000000000e+01 3.853599929809570312e+01
7.000000000000000000e+00 9.866071343421936035e-01 4.604000091552734375e+01 4.369699859619140625e+01 4.084199905395507812e+01
2.200000000000000000e+01 9.776785969734191895e-01 4.307099914550781250e+01 4.598400115966796875e+01 3.970700073242187500e+01
2.200000000000000000e+01 9.330357313156127930e-01 4.130199813842773438e+01 4.877999877929687500e+01 4.168399810791015625e+01
1.500000000000000000e+01 8.303571343421936035e-01 3.789500045776367188e+01 5.019900131225585938e+01 4.084799957275390625e+01
1.800000000000000000e+01 6.651785969734191895e-01 3.488800048828125000e+01 5.172700119018554688e+01 4.249499893188476562e+01
0.000000000000000000e+00 5.178571343421936035e-01 3.163899993896484375e+01 4.971300125122070312e+01 4.303699874877929688e+01
2.000000000000000000e+00 2.589285671710968018e-01 2.830299949645996094e+01 5.120899963378906250e+01 4.352600097656250000e+01
3.000000000000000000e+00 1.741071492433547974e-01 2.883200073242187500e+01 5.511500167846679688e+01 4.378699874877929688e+01
1.700000000000000000e+01 6.696428358554840088e-02 2.586400032043457031e+01 5.675299835205078125e+01 4.208599853515625000e+01
9.000000000000000000e+00 2.232142910361289978e-02 2.374900054931640625e+01 5.373799896240234375e+01 4.296599960327148438e+01
1.600000000000000000e+01 8.035714179277420044e-02 2.418400001525878906e+01 4.999599838256835938e+01 4.249000167846679688e+01
1.000000000000000000e+00 1.964285671710968018e-01 2.577599906921386719e+01 4.863000106811523438e+01 3.922499847412109375e+01
1.000000000000000000e+00 2.901785671710968018e-01 2.671299934387207031e+01 4.505599975585937500e+01 3.803599929809570312e+01
2.000000000000000000e+01 5.580357313156127930e-01 3.052199935913085938e+01 4.457400131225585938e+01 3.776200103759765625e+01
1.800000000000000000e+01 6.383928656578063965e-01 3.184099960327148438e+01 4.188499832153320312e+01 3.538700103759765625e+01
1.100000000000000000e+01 8.169642686843872070e-01 3.567499923706054688e+01 4.182899856567382812e+01 3.509899902343750000e+01
0.000000000000000000e+00 8.125000000000000000e-01 3.720999908447265625e+01 3.945999908447265625e+01 3.252399826049804688e+01
0.000000000000000000e+00 9.196428656578063965e-01 4.093799972534179688e+01 3.873400115966796875e+01 3.261800003051757812e+01
1.200000000000000000e+01 8.526785969734191895e-01 4.292800140380859375e+01 3.701900100708007812e+01 2.988100051879882812e+01
1.200000000000000000e+01 8.571428656578063965e-01 4.647299957275390625e+01 3.563100051879882812e+01 3.046199989318847656e+01
1.700000000000000000e+01 7.589285969734191895e-01 4.947200012207031250e+01 3.461800003051757812e+01 2.840999984741210938e+01
1.600000000000000000e+01 7.142857313156127930e-01 5.307300186157226562e+01 3.373300170898437500e+01 2.978300094604492188e+01
2.000000000000000000e+01 7.678571343421936035e-01 5.448500061035156250e+01 3.719200134277343750e+01 2.892399978637695312e+01
1.700000000000000000e+01 8.839285969734191895e-01 5.116099929809570312e+01 3.894900131225585938e+01 2.876199913024902344e+01
2.000000000000000000e+01 9.598214030265808105e-01 4.790200042724609375e+01 3.978400039672851562e+01 3.047400093078613281e+01
1.700000000000000000e+01 9.642857313156127930e-01 4.488899993896484375e+01 4.214199829101562500e+01 2.979700088500976562e+01
1.800000000000000000e+01 9.687500000000000000e-01 4.172499847412109375e+01 4.318000030517578125e+01 3.171599960327148438e+01
1.800000000000000000e+01 8.616071343421936035e-01 3.812200164794921875e+01 4.397200012207031250e+01 3.023999977111816406e+01
0.000000000000000000e+00 8.035714030265808105e-01 3.548400115966796875e+01 4.550899887084960938e+01 3.263299942016601562e+01
2.200000000000000000e+01 6.205357313156127930e-01 3.187000083923339844e+01 4.561899948120117188e+01 3.173999977111816406e+01
2.200000000000000000e+01 5.000000000000000000e-01 2.959900093078613281e+01 4.759000015258789062e+01 3.401499938964843750e+01
1.800000000000000000e+01 2.142857164144515991e-01 2.584199905395507812e+01 4.799000167846679688e+01 3.364500045776367188e+01
2.000000000000000000e+00 7.142857462167739868e-02 2.260099983215332031e+01 4.936899948120117188e+01 3.504399871826171875e+01
1.600000000000000000e+01 1.339285727590322495e-02 2.020499992370605469e+01 4.638800048828125000e+01 3.480500030517578125e+01
5.000000000000000000e+00 1.116071417927742004e-01 6.773999786376953125e+01 5.056600189208984375e+01 2.659700012207031250e+01
1.600000000000000000e+01 2.276785671710968018e-01 6.757299804687500000e+01 4.822100067138671875e+01 2.966699981689453125e+01
1.200000000000000000e+01 4.821428656578063965e-01 6.408899688720703125e+01 4.908599853515625000e+01 3.087000083923339844e+01
1.400000000000000000e+01 5.133928656578063965e-01 6.186899948120117188e+01 5.092800140380859375e+01 2.828300094604492188e+01
2.200000000000000000e+01 6.830357313156127930e-01 5.817699813842773438e+01 5.153900146484375000e+01 2.841200065612792969e+01
1.300000000000000000e+01 6.428571343421936035e-01 5.609000015258789062e+01 5.183800125122070312e+01 2.519000053405761719e+01
2.200000000000000000e+01 7.187500000000000000e-01 5.265200042724609375e+01 5.336399841308593750e+01 2.592600059509277344e+01
1.200000000000000000e+01 6.607142686843872070e-01 5.000199890136718750e+01 5.289599990844726562e+01 2.318700027465820312e+01
3.000000000000000000e+00 6.339285969734191895e-01 4.648400115966796875e+01 5.444599914550781250e+01 2.342099952697753906e+01
0.000000000000000000e+00 5.982142686843872070e-01 4.381000137329101562e+01 5.209400177001953125e+01 2.191600036621093750e+01
2.200000000000000000e+01 4.598214328289031982e-01 4.107199859619140625e+01 5.491400146484375000e+01 2.201199913024902344e+01
1.000000000000000000e+00 2.544642984867095947e-01 4.261100006103515625e+01 5.720399856567382812e+01 1.927700042724609375e+01
9.000000000000000000e+00 2.946428656578063965e-01 4.493500137329101562e+01 5.447399902343750000e+01 1.804100036621093750e+01
1.700000000000000000e+01 2.723214328289031982e-01 4.828300094604492188e+01 5.636199951171875000e+01 1.857799911499023438e+01
1.600000000000000000e+01 3.705357015132904053e-01 5.118299865722656250e+01 5.612099838256835938e+01 2.091900062561035156e+01
0.000000000000000000e+00 5.089285969734191895e-01 5.019100189208984375e+01 5.785800170898437500e+01 2.409099960327148438e+01
1.100000000000000000e+01 3.035714328289031982e-01 5.154700088500976562e+01 6.134099960327148438e+01 2.490399932861328125e+01
2.000000000000000000e+00 3.080357015132904053e-01 5.223300170898437500e+01 6.296599960327148438e+01 2.835499954223632812e+01
2.200000000000000000e+01 5.892857313156127930e-01 5.141999816894531250e+01 6.006499862670898438e+01 3.071599960327148438e+01
0.000000000000000000e+00 6.071428656578063965e-01 5.310200119018554688e+01 5.990399932861328125e+01 3.412400054931640625e+01
1.400000000000000000e+01 7.366071343421936035e-01 5.461999893188476562e+01 5.659799957275390625e+01 3.537599945068359375e+01
2.200000000000000000e+01 7.232142686843872070e-01 5.894200134277343750e+01 5.264799880981445312e+01 3.841699981689453125e+01
1.500000000000000000e+01 7.008928656578063965e-01 5.935800170898437500e+01 5.094599914550781250e+01 4.185699844360351562e+01
1.000000000000000000e+00 5.937500000000000000e-01 6.148400115966796875e+01 4.827199935913085938e+01 4.366799926757812500e+01
1.300000000000000000e+01 5.758928656578063965e-01 6.046500015258789062e+01 4.552099990844726562e+01 4.613700103759765625e+01
0.000000000000000000e+00 3.214285671710968018e-01 6.163299942016601562e+01 4.586299896240234375e+01 4.981299972534179688e+01
0.000000000000000000e+00 1.696428507566452026e-01 6.241199874877929688e+01 4.323600006103515625e+01 5.252600097656250000e+01
3.000000000000000000e+00 2.187500000000000000e-01 5.915399932861328125e+01 4.437200164794921875e+01 5.428900146484375000e+01
3.000000000000000000e+00 4.955357015132904053e-01 5.712900161743164062e+01 4.351900100708007812e+01 5.114400100708007812e+01
1.800000000000000000e+01 5.446428656578063965e-01 5.647399902343750000e+01 4.730899810791015625e+01 5.039300155639648438e+01
1.900000000000000000e+01 6.562500000000000000e-01 5.732899856567382812e+01 4.918199920654296875e+01 4.725699996948242188e+01
7.000000000000000000e+00 4.732142984867095947e-01 6.014899826049804688e+01 5.170600128173828125e+01 4.714899826049804688e+01
1.600000000000000000e+01 4.330357015132904053e-01 6.095999908447265625e+01 5.456700134277343750e+01 4.461800003051757812e+01
1.500000000000000000e+01 4.062500000000000000e-01 6.338999938964843750e+01 5.335599899291992188e+01 4.190000152587890625e+01
0.000000000000000000e+00 3.973214328289031982e-01 6.263800048828125000e+01 5.595399856567382812e+01 3.909199905395507812e+01
1.700000000000000000e+01 4.687500000000000000e-01 5.989899826049804688e+01 5.813600158691406250e+01 3.736399841308593750e+01
9.000000000000000000e+00 3.437500000000000000e-01 5.890299987792968750e+01 6.057199859619140625e+01 3.445199966430664062e+01
1.300000000000000000e+01 4.508928656578063965e-01 5.638499832153320312e+01 6.057799911499023438e+01 3.178100013732910156e+01
1.800000000000000000e+01 4.285714328289031982e-01 5.570399856567382812e+01 5.968299865722656250e+01 2.803499984741210938e+01
1.700000000000000000e+01 1.875000000000000000e-01 5.718600082397460938e+01 6.139500045776367188e+01 2.488500022888183594e+01
7.000000000000000000e+00 8.482142537832260132e-02 5.540200042724609375e+01 6.227000045776367188e+01 2.154100036621093750e+01
1.700000000000000000e+01 1.294642835855484009e-01 5.628599929809570312e+01 5.866299819946289062e+01 2.031500053405761719e+01
9.000000000000000000e+00 3.928571343421936035e-01 5.483499908447265625e+01 5.724399948120117188e+01 2.359399986267089844e+01
7.000000000000000000e+00 3.571428656578063965e-01 5.830199813842773438e+01 5.641299819946289062e+01 2.502099990844726562e+01
1.200000000000000000e+01 3.616071343421936035e-01 6.035699844360351562e+01 5.681600189208984375e+01 2.811899948120117188e+01
9.000000000000000000e+00 9.821428358554840088e-02 6.670800018310546875e+01 5.681299972534179688e+01 2.997100067138671875e+01
1.200000000000000000e+01 2.767857015132904053e-01 6.512999725341796875e+01 5.529700088500976562e+01 3.321300125122070312e+01
1.800000000000000000e+01 1.607142835855484009e-01 6.811199951171875000e+01 5.320299911499023438e+01 3.452700042724609375e+01
1.800000000000000000e+01 4.464285820722579956e-02 7.149299621582031250e+01 5.158599853515625000e+01 3.346300125122070312e+01
7.000000000000000000e+00 4.017857089638710022e-02 7.225800323486328125e+01 4.786000061035156250e+01 3.363199996948242188e+01
7.000000000000000000e+00 8.928571827709674835e-03 7.450199890136718750e+01 4.788100051879882812e+01 3.664300155639648438e+01
7.000000000000000000e+00 5.803571268916130066e-02 7.177100372314453125e+01 4.986100006103515625e+01 3.852299880981445312e+01
1.500000000000000000e+01 1.785714328289031982e-01 6.935500335693359375e+01 4.726800155639648438e+01 3.735900115966796875e+01
2.200000000000000000e+01 1.071428582072257996e-01 7.030799865722656250e+01 4.431000137329101562e+01 3.970700073242187500e+01
7.000000000000000000e+00 2.008928507566452026e-01 6.824700164794921875e+01 4.120199966430664062e+01 4.060400009155273438e+01
9.000000000000000000e+00 3.750000000000000000e-01 6.497200012207031250e+01 4.139899826049804688e+01 4.264099884033203125e+01
1.100000000000000000e+01 6.517857313156127930e-01 6.131700134277343750e+01 4.220299911499023438e+01 4.213299942016601562e+01
2.000000000000000000e+01 7.410714030265808105e-01 6.023400115966796875e+01 4.542100143432617188e+01 4.033300018310546875e+01
1.300000000000000000e+01 8.794642686843872070e-01 5.707199859619140625e+01 4.735900115966796875e+01 3.936600112915039062e+01
2.200000000000000000e+01 9.017857313156127930e-01 5.591400146484375000e+01 4.988199996948242188e+01 3.672999954223632812e+01
7.000000000000000000e+00 9.375000000000000000e-01 5.269100189208984375e+01 5.185499954223632812e+01 3.758399963378906250e+01
1.100000000000000000e+01 9.062500000000000000e-01 5.103799819946289062e+01 5.416099929809570312e+01 3.500099945068359375e+01
3.000000000000000000e+00 8.080357313156127930e-01 4.887200164794921875e+01 5.715599822998046875e+01 3.611500167846679688e+01
1.800000000000000000e+01 8.258928656578063965e-01 4.606299972534179688e+01 5.638499832153320312e+01 3.368500137329101562e+01
1.300000000000000000e+01 7.455357313156127930e-01 4.334899902343750000e+01 5.811600112915039062e+01 3.568500137329101562e+01
1.700000000000000000e+01 5.714285969734191895e-01 4.507400131225585938e+01 6.149599838256835938e+01 3.513499832153320312e+01
2.000000000000000000e+01 5.803571343421936035e-01 4.524200057983398438e+01 6.084099960327148438e+01 3.144400024414062500e+01
1.900000000000000000e+01 5.535714030265808105e-01 4.153099822998046875e+01 6.009700012207031250e+01 3.122299957275390625e+01
1.300000000000000000e+01 3.482142984867095947e-01 4.065100097656250000e+01 6.319599914550781250e+01 3.334700012207031250e+01
0.000000000000000000e+00 2.455357164144515991e-01 4.268999862670898438e+01 6.529299926757812500e+01 3.087899971008300781e+01
1.200000000000000000e+01 2.098214328289031982e-01 4.069900131225585938e+01 6.415599822998046875e+01 2.790600013732910156e+01
9.000000000000000000e+00 1.562500000000000000e-01 3.735400009155273438e+01 6.429699707031250000e+01 2.988400077819824219e+01
1.100000000000000000e+01 3.392857015132904053e-01 3.704700088500976562e+01 6.047000122070312500e+01 2.991399955749511719e+01
1.700000000000000000e+01 4.553571343421936035e-01 3.560499954223632812e+01 5.893399810791015625e+01 3.301599884033203125e+01
1.600000000000000000e+01 6.964285969734191895e-01 3.822600173950195312e+01 5.661800003051757812e+01 3.470600128173828125e+01
1.500000000000000000e+01 7.946428656578063965e-01 3.765499877929687500e+01 5.302799987792968750e+01 3.593500137329101562e+01
7.000000000000000000e+00 8.973214030265808105e-01 4.338899993896484375e+01 5.380300140380859375e+01 3.924200057983398438e+01
0.000000000000000000e+00 9.821428656578063965e-01 4.771200180053710938e+01 5.013499832153320312e+01 3.477500152587890625e+01
7.000000000000000000e+00 9.955357313156127930e-01 5.016699981689453125e+01 4.811000061035156250e+01 3.672299957275390625e+01
2.200000000000000000e+01 9.732142686843872070e-01 5.297000122070312500e+01 4.551699829101562500e+01 3.614400100708007812e+01
2.200000000000000000e+01 9.464285969734191895e-01 5.471799850463867188e+01 4.334299850463867188e+01 3.884000015258789062e+01
1.500000000000000000e+01 8.392857313156127930e-01 5.779600143432617188e+01 4.153400039672851562e+01 3.748199844360351562e+01
1.800000000000000000e+01 6.785714030265808105e-01 6.100699996948242188e+01 3.975000000000000000e+01 3.858599853515625000e+01
0.000000000000000000e+00 5.267857313156127930e-01 6.420999908447265625e+01 4.097800064086914062e+01 3.701900100708007812e+01
2.000000000000000000e+00 2.812500000000000000e-01 6.698100280761718750e+01 3.877700042724609375e+01 3.564400100708007812e+01
3.000000000000000000e+00 2.633928656578063965e-01 6.601000213623046875e+01 3.536199951171875000e+01 3.708900070190429688e+01
1.700000000000000000e+01 8.928571641445159912e-02 6.789600372314453125e+01 3.313700103759765625e+01 3.454100036621093750e+01
9.000000000000000000e+00 4.910714179277420044e-02 7.059799957275390625e+01 3.583300018310546875e+01 3.423400115966796875e+01
1.600000000000000000e+01 7.589285820722579956e-02 7.091999816894531250e+01 3.942699813842773438e+01 3.283700180053710938e+01
1.000000000000000000e+00 1.651785671710968018e-01 6.837000274658203125e+01 4.038800048828125000e+01 3.031100082397460938e+01
1.000000000000000000e+00 2.678571343421936035e-01 6.691600036621093750e+01 4.365800094604492188e+01 2.887999916076660156e+01
2.000000000000000000e+01 5.357142686843872070e-01 6.313100051879882812e+01 4.448099899291992188e+01 2.920400047302246094e+01
1.800000000000000000e+01 5.848214030265808105e-01 6.087099838256835938e+01 4.653499984741210938e+01 2.696599960327148438e+01
1.100000000000000000e+01 7.812500000000000000e-01 5.746400070190429688e+01 4.693199920654296875e+01 2.856699943542480469e+01
0.000000000000000000e+00 7.901785969734191895e-01 5.454000091552734375e+01 4.729299926757812500e+01 2.613899993896484375e+01
0.000000000000000000e+00 8.883928656578063965e-01 5.132199859619140625e+01 4.886500167846679688e+01 2.742499923706054688e+01
1.200000000000000000e+01 8.348214030265808105e-01 4.803599929809570312e+01 4.924499893188476562e+01 2.552499961853027344e+01
1.200000000000000000e+01 8.482142686843872070e-01 4.543999862670898438e+01 5.149300003051757812e+01 2.725600051879882812e+01
1.700000000000000000e+01 7.857142686843872070e-01 4.167699813842773438e+01 5.218500137329101562e+01 2.695899963378906250e+01
1.600000000000000000e+01 7.723214030265808105e-01 3.937200164794921875e+01 5.332300186157226562e+01 2.996599960327148438e+01
2.000000000000000000e+01 8.214285969734191895e-01 3.772299957275390625e+01 4.997499847412109375e+01 3.081699943542480469e+01
1.700000000000000000e+01 9.151785969734191895e-01 4.051399993896484375e+01 4.790100097656250000e+01 2.962299919128417969e+01
2.000000000000000000e+01 9.553571343421936035e-01 4.420899963378906250e+01 4.741699981689453125e+01 2.921400070190429688e+01
1.700000000000000000e+01 9.419642686843872070e-01 4.658399963378906250e+01 4.484000015258789062e+01 2.771100044250488281e+01
1.800000000000000000e+01 9.508928656578063965e-01 5.031999969482421875e+01 4.471799850463867188e+01 2.885199928283691406e+01
1.800000000000000000e+01 8.660714030265808105e-01 5.325999832153320312e+01 4.260900115966796875e+01 2.753899955749511719e+01
0.000000000000000000e+00 7.633928656578063965e-01 5.699100112915039062e+01 4.237400054931640625e+01 2.790600013732910156e+01
2.200000000000000000e+01 5.491071343421936035e-01 5.975699996948242188e+01 4.174900054931640625e+01 2.535400009155273438e+01
2.200000000000000000e+01 3.883928656578063965e-01 6.290900039672851562e+01 3.997800064086914062e+01 2.659499931335449219e+01
1.800000000000000000e+01 1.383928507566452026e-01 6.628500366210937500e+01 4.044200134277343750e+01 2.497100067138671875e+01
2.000000000000000000e+00 3.125000000000000000e-02 6.960900115966796875e+01 3.860100173950195312e+01 2.577300071716308594e+01
1.600000000000000000e+01 4.464285913854837418e-03 7.273000335693359375e+01 4.082799911499023438e+01 2.667099952697753906e+01
