5.000000000000000000e+00 8.928571641445159912e-02 2.522200012207031250e+01 3.873500061035156250e+01 4.080300140380859375e+01
1.600000000000000000e+01 2.276785671710968018e-01 2.693000030517578125e+01 4.212400054931640625e+01 4.149700164794921875e+01
1.200000000000000000e+01 4.866071343421936035e-01 3.052799987792968750e+01 4.101499938964843750e+01 4.091899871826171875e+01
1.400000000000000000e+01 5.133928656578063965e-01 3.122599983215332031e+01 3.810100173950195312e+01 3.844200134277343750e+01
2.200000000000000000e+01 6.785714030265808105e-01 3.474499893188476562e+01 3.705699920654296875e+01 3.721699905395507812e+01
1.300000000000000000e+01 6.607142686843872070e-01 3.575000000000000000e+01 3.512799835205078125e+01 3.402000045776367188e+01
2.200000000000000000e+01 7.232142686843872070e-01 3.942200088500976562e+01 3.403900146484375000e+01 3.344100189208984375e+01
1.200000000000000000e+01 6.696428656578063965e-01 4.061600112915039062e+01 3.280300140380859375e+01 3.000600051879882812e+01
3.000000000000000000e+00 6.517857313156127930e-01 4.413299942016601562e+01 3.205500030517578125e+01 2.859099960327148438e+01
0.000000000000000000e+00 5.848214030265808105e-01 4.517599868774414062e+01 3.321400070190429688e+01 2.505400085449218750e+01
2.200000000000000000e+01 4.196428656578063965e-01 4.778900146484375000e+01 3.042200088500976562e+01 2.484399986267089844e+01
1.000000000000000000e+00 2.321428507566452026e-01 4.491099929809570312e+01 2.793099975585937500e+01 2.400300025939941406e+01
9.000000000000000000e+00 3.125000000000000000e-01 4.202399826049804688e+01 3.044199943542480469e+01 2.408300018310546875e+01
1.700000000000000000e+01 2.723214328289031982e-01 4.030500030517578125e+01 2.847699928283691406e+01 2.680699920654296875e+01
1.600000000000000000e+01 3.750000000000000000e-01 3.886899948120117188e+01 2.887800025939941406e+01 3.028000068664550781e+01
0.000000000000000000e+00 5.312500000000000000e-01 4.133200073242187500e+01 2.918600082397460938e+01 3.314400100708007812e+01
1.100000000000000000e+01 3.214285671710968018e-01 4.025199890136718750e+01 2.672900009155273438e+01 3.586199951171875000e+01
2.000000000000000000e+00 3.392857015132904053e-01 4.152099990844726562e+01 2.692099952697753906e+01 3.952000045776367188e+01
2.200000000000000000e+01 6.383928656578063965e-01 4.259700012207031250e+01 3.059199905395507812e+01 3.928200149536132812e+01
0.000000000000000000e+00 6.562500000000000000e-01 4.265299987792968750e+01 3.195800018310546875e+01 4.277700042724609375e+01
1.400000000000000000e+01 7.366071343421936035e-01 4.164300155639648438e+01 3.554100036621093750e+01 4.379399871826171875e+01
2.200000000000000000e+01 7.187500000000000000e-01 3.896300125122070312e+01 4.119300079345703125e+01 4.665900039672851562e+01
1.500000000000000000e+01 6.875000000000000000e-01 4.023899841308593750e+01 4.369800186157226562e+01 4.924499893188476562e+01
1.000000000000000000e+00 5.714285969734191895e-01 3.871300125122070312e+01 4.708200073242187500e+01 5.026599884033203125e+01
1.300000000000000000e+01 5.446428656578063965e-01 4.056399917602539062e+01 5.038800048828125000e+01 5.110499954223632812e+01
0.000000000000000000e+00 2.455357164144515991e-01 4.018500137329101562e+01 5.180799865722656250e+01 5.468500137329101562e+01
0.000000000000000000e+00 1.071428582072257996e-01 4.045399856567382812e+01 5.544900131225585938e+01 5.558399963378906250e+01
3.000000000000000000e+00 9.821428358554840088e-02 4.412699890136718750e+01 5.519400024414062500e+01 5.674499893188476562e+01
3.000000000000000000e+00 3.526785671710968018e-01 4.500699996948242188e+01 5.355099868774414062e+01 5.338899993896484375e+01
1.800000000000000000e+01 3.616071343421936035e-01 4.544200134277343750e+01 4.998199844360351562e+01 5.469699859619140625e+01
1.900000000000000000e+01 5.178571343421936035e-01 4.340299987792968750e+01 4.726800155639648438e+01 5.300000000000000000e+01
7.000000000000000000e+00 3.080357015132904053e-01 4.075799942016601562e+01 4.520700073242187500e+01 5.483200073242187500e+01
1.600000000000000000e+01 3.303571343421936035e-01 3.971799850463867188e+01 4.148699951171875000e+01 5.377399826049804688e+01
1.500000000000000000e+01 3.348214328289031982e-01 3.643600082397460938e+01 4.146500015258789062e+01 5.189199829101562500e+01
0.000000000000000000e+00 4.017857015132904053e-01 3.592800140380859375e+01 3.847100067138671875e+01 4.955799865722656250e+01
1.700000000000000000e+01 4.553571343421936035e-01 3.786399841308593750e+01 3.527700042724609375e+01 4.826300048828125000e+01
9.000000000000000000e+00 4.062500000000000000e-01 3.756800079345703125e+01 3.231200027465820312e+01 4.585100173950195312e+01
1.300000000000000000e+01 4.642857015132904053e-01 3.895899963378906250e+01 3.045499992370605469e+01 4.280699920654296875e+01
1.800000000000000000e+01 4.285714328289031982e-01 3.753499984741210938e+01 2.966799926757812500e+01 3.933000183105468750e+01
1.700000000000000000e+01 1.562500000000000000e-01 3.506399917602539062e+01 2.689200019836425781e+01 3.830899810791015625e+01
7.000000000000000000e+00 8.035714179277420044e-02 3.537200164794921875e+01 2.456699943542480469e+01 3.527899932861328125e+01
1.700000000000000000e+01 1.026785746216773987e-01 3.365900039672851562e+01 2.683499908447265625e+01 3.283000183105468750e+01
9.000000000000000000e+00 3.660714328289031982e-01 3.624200057983398438e+01 2.952599906921386719e+01 3.386000061035156250e+01
7.000000000000000000e+00 3.482142984867095947e-01 3.358200073242187500e+01 3.148699951171875000e+01 3.578599929809570312e+01
1.200000000000000000e+01 3.928571343421936035e-01 3.340200042724609375e+01 3.257500076293945312e+01 3.956700134277343750e+01
9.000000000000000000e+00 1.160714253783226013e-01 2.893099975585937500e+01 3.412799835205078125e+01 4.458300018310546875e+01
1.200000000000000000e+01 2.767857015132904053e-01 3.192499923706054688e+01 3.599000167846679688e+01 4.585900115966796875e+01
1.800000000000000000e+01 1.875000000000000000e-01 2.979299926757812500e+01 3.888600158691406250e+01 4.756600189208984375e+01
1.800000000000000000e+01 4.910714179277420044e-02 2.622800064086914062e+01 4.005899810791015625e+01 4.793999862670898438e+01
7.000000000000000000e+00 2.232142910361289978e-02 2.429100036621093750e+01 4.323699951171875000e+01 4.688600158691406250e+01
7.000000000000000000e+00 4.464285913854837418e-03 2.400699996948242188e+01 4.478799819946289062e+01 5.040200042724609375e+01
7.000000000000000000e+00 3.571428731083869934e-02 2.759300041198730469e+01 4.387900161743164062e+01 5.153699874877929688e+01
1.500000000000000000e+01 1.696428507566452026e-01 2.896999931335449219e+01 4.537400054931640625e+01 4.840100097656250000e+01
2.200000000000000000e+01 1.116071417927742004e-01 2.872500038146972656e+01 4.912900161743164062e+01 4.917300033569335938e+01
7.000000000000000000e+00 1.919642835855484009e-01 3.059399986267089844e+01 5.222399902343750000e+01 4.810400009155273438e+01
9.000000000000000000e+00 3.883928656578063965e-01 3.443899917602539062e+01 5.225899887084960938e+01 4.839799880981445312e+01
1.100000000000000000e+01 6.473214030265808105e-01 3.767800140380859375e+01 5.142399978637695312e+01 4.658700180053710938e+01
2.000000000000000000e+01 7.321428656578063965e-01 3.808700180053710938e+01 4.785900115966796875e+01 4.581900024414062500e+01
1.300000000000000000e+01 8.750000000000000000e-01 4.122200012207031250e+01 4.593899917602539062e+01 4.492599868774414062e+01
2.200000000000000000e+01 9.107142686843872070e-01 4.099900054931640625e+01 4.266199874877929688e+01 4.297200012207031250e+01
7.000000000000000000e+00 9.241071343421936035e-01 4.407300186157226562e+01 4.045399856567382812e+01 4.348099899291992188e+01
1.100000000000000000e+01 9.196428656578063965e-01 4.456900024414062500e+01 3.756600189208984375e+01 4.111700057983398438e+01
3.000000000000000000e+00 8.392857313156127930e-01 4.746200180053710938e+01 3.513600158691406250e+01 4.157699966430664062e+01
1.800000000000000000e+01 8.705357313156127930e-01 4.809899902343750000e+01 3.453699874877929688e+01 3.792599868774414062e+01
1.300000000000000000e+01 7.767857313156127930e-01 5.163899993896484375e+01 3.308399963378906250e+01 3.860800170898437500e+01
1.700000000000000000e+01 5.982142686843872070e-01 5.062900161743164062e+01 2.987899971008300781e+01 4.042300033569335938e+01
2.000000000000000000e+01 5.892857313156127930e-01 4.837300109863281250e+01 2.882399940490722656e+01 3.757099914550781250e+01
1.900000000000000000e+01 5.535714030265808105e-01 5.127299880981445312e+01 2.877099990844726562e+01 3.505300140380859375e+01
1.300000000000000000e+01 3.794642984867095947e-01 5.358499908447265625e+01 2.706299972534179688e+01 3.759999847412109375e+01
0.000000000000000000e+00 2.142857164144515991e-01 5.120199966430664062e+01 2.418700027465820312e+01 3.756999969482421875e+01
1.200000000000000000e+01 1.473214328289031982e-01 5.221799850463867188e+01 2.354000091552734375e+01 3.396699905395507812e+01
9.000000000000000000e+00 1.339285671710968018e-01 5.588000106811523438e+01 2.399399948120117188e+01 3.475999832153320312e+01
1.100000000000000000e+01 2.901785671710968018e-01 5.618700027465820312e+01 2.739299964904785156e+01 3.299800109863281250e+01
1.700000000000000000e+01 4.732142984867095947e-01 5.774900054931640625e+01 3.054999923706054688e+01 3.465499877929687500e+01
1.600000000000000000e+01 7.008928656578063965e-01 5.561800003051757812e+01 3.356999969482421875e+01 3.357799911499023438e+01
1.500000000000000000e+01 7.857142686843872070e-01 5.702899932861328125e+01 3.711600112915039062e+01 3.337799835205078125e+01
7.000000000000000000e+00 8.839285969734191895e-01 5.382799911499023438e+01 3.772600173950195312e+01 3.911199951171875000e+01
0.000000000000000000e+00 9.910714030265808105e-01 4.749399948120117188e+01 4.120399856567382812e+01 3.864699935913085938e+01
7.000000000000000000e+00 9.866071343421936035e-01 4.612500000000000000e+01 4.380500030517578125e+01 4.103699874877929688e+01
2.200000000000000000e+01 9.776785969734191895e-01 4.322100067138671875e+01 4.573899841308593750e+01 3.943000030517578125e+01
2.200000000000000000e+01 9.464285969734191895e-01 4.178200149536132812e+01 4.874000167846679688e+01 4.147000122070312500e+01
1.500000000000000000e+01 8.437500000000000000e-01 3.839400100708007812e+01 5.027799987792968750e+01 4.087200164794921875e+01
1.800000000000000000e+01 6.741071343421936035e-01 3.573500061035156250e+01 5.231000137329101562e+01 4.268999862670898438e+01
0.000000000000000000e+00 5.223214030265808105e-01 3.235400009155273438e+01 5.065200042724609375e+01 4.317699813842773438e+01
2.000000000000000000e+00 2.410714328289031982e-01 2.877199935913085938e+01 5.185900115966796875e+01 4.338000106811523438e+01
3.000000000000000000e+00 1.651785671710968018e-01 2.926300048828125000e+01 5.570899963378906250e+01 4.316899871826171875e+01
1.700000000000000000e+01 7.589285820722579956e-02 2.650099945068359375e+01 5.602899932861328125e+01 4.053699874877929688e+01
9.000000000000000000e+00 2.678571455180644989e-02 2.448399925231933594e+01 5.359899902343750000e+01 4.255199813842773438e+01
1.600000000000000000e+01 6.250000000000000000e-02 2.399500083923339844e+01 4.991199874877929688e+01 4.154000091552734375e+01
1.000000000000000000e+00 2.008928507566452026e-01 2.620599937438964844e+01 4.862900161743164062e+01 3.875799942016601562e+01
1.000000000000000000e+00 2.589285671710968018e-01 2.686700057983398438e+01 4.495399856567382812e+01 3.808499908447265625e+01
2.000000000000000000e+01 5.669642686843872070e-01 3.059300041198730469e+01 4.452600097656250000e+01 3.730500030517578125e+01
1.800000000000000000e+01 6.116071343421936035e-01 3.180100059509277344e+01 4.152399826049804688e+01 3.511800003051757812e+01
1.100000000000000000e+01 8.035714030265808105e-01 3.559400177001953125e+01 4.111600112915039062e+01 3.502399826049804688e+01
0.000000000000000000e+00 8.080357313156127930e-01 3.723099899291992188e+01 3.916699981689453125e+01 3.211100006103515625e+01
0.000000000000000000e+00 9.017857313156127930e-01 4.099800109863281250e+01 3.857799911499023438e+01 3.237900161743164062e+01
1.200000000000000000e+01 8.571428656578063965e-01 4.309299850463867188e+01 3.698699951171875000e+01 2.975000000000000000e+01
1.200000000000000000e+01 8.348214030265808105e-01 4.643399810791015625e+01 3.521500015258789062e+01 3.070100021362304688e+01
1.700000000000000000e+01 7.455357313156127930e-01 4.962400054931640625e+01 3.424100112915039062e+01 2.874600028991699219e+01
1.600000000000000000e+01 7.276785969734191895e-01 5.309600067138671875e+01 3.415999984741210938e+01 3.026199913024902344e+01
2.000000000000000000e+01 7.812500000000000000e-01 5.445199966430664062e+01 3.729299926757812500e+01 2.873900032043457031e+01
1.700000000000000000e+01 8.616071343421936035e-01 5.127600097656250000e+01 3.894800186157226562e+01 2.788400077819824219e+01
2.000000000000000000e+01 9.330357313156127930e-01 4.796099853515625000e+01 3.959999847412109375e+01 2.960799980163574219e+01
1.700000000000000000e+01 9.553571343421936035e-01 4.470800018310546875e+01 4.162699890136718750e+01 2.914800071716308594e+01
1.800000000000000000e+01 9.687500000000000000e-01 4.215900039672851562e+01 4.257600021362304688e+01 3.170499992370605469e+01
1.800000000000000000e+01 8.883928656578063965e-01 3.878099822998046875e+01 4.395299911499023438e+01 3.098699951171875000e+01
0.000000000000000000e+00 8.169642686843872070e-01 3.575400161743164062e+01 4.484400177001953125e+01 3.286100006103515625e+01
2.200000000000000000e+01 6.294642686843872070e-01 3.218700027465820312e+01 4.520000076293945312e+01 3.166600036621093750e+01
2.200000000000000000e+01 5.089285969734191895e-01 2.995499992370605469e+01 4.763199996948242188e+01 3.372700119018554688e+01
1.800000000000000000e+01 2.232142835855484009e-01 2.619899940490722656e+01 4.662799835205078125e+01 3.351300048828125000e+01
2.000000000000000000e+00 5.357142910361289978e-02 2.308900070190429688e+01 4.866400146484375000e+01 3.447000122070312500e+01
1.600000000000000000e+01 8.928571827709674835e-03 2.024099922180175781e+01 4.669800186157226562e+01 3.623300170898437500e+01
5.000000000000000000e+00 9.375000000000000000e-02 6.832800292968750000e+01 5.096400070190429688e+01 2.811499977111816406e+01
1.600000000000000000e+01 2.187500000000000000e-01 6.758000183105468750e+01 4.822399902343750000e+01 3.072200012207031250e+01
1.200000000000000000e+01 4.687500000000000000e-01 6.399100112915039062e+01 4.903699874877929688e+01 3.071599960327148438e+01
1.400000000000000000e+01 5.000000000000000000e-01 6.198400115966796875e+01 5.088199996948242188e+01 2.818799972534179688e+01
2.200000000000000000e+01 6.830357313156127930e-01 5.818199920654296875e+01 5.128400039672851562e+01 2.820899963378906250e+01
1.300000000000000000e+01 6.339285969734191895e-01 5.608700180053710938e+01 5.199499893188476562e+01 2.521999931335449219e+01
2.200000000000000000e+01 7.098214030265808105e-01 5.247299957275390625e+01 5.334899902343750000e+01 2.591300010681152344e+01
1.200000000000000000e+01 6.651785969734191895e-01 4.944400024414062500e+01 5.315399932861328125e+01 2.337199974060058594e+01
3.000000000000000000e+00 6.250000000000000000e-01 4.590700149536132812e+01 5.455099868774414062e+01 2.368700027465820312e+01
0.000000000000000000e+00 5.937500000000000000e-01 4.329600143432617188e+01 5.213399887084960938e+01 2.200600051879882812e+01
2.200000000000000000e+01 4.330357015132904053e-01 4.058800125122070312e+01 5.472999954223632812e+01 2.188500022888183594e+01
1.000000000000000000e+00 2.366071492433547974e-01 4.260200119018554688e+01 5.698199844360351562e+01 1.950099945068359375e+01
9.000000000000000000e+00 2.812500000000000000e-01 4.485499954223632812e+01 5.406700134277343750e+01 1.822200012207031250e+01
1.700000000000000000e+01 2.633928656578063965e-01 4.823899841308593750e+01 5.576699829101562500e+01 1.879500007629394531e+01
1.600000000000000000e+01 3.705357015132904053e-01 5.125299835205078125e+01 5.613100051879882812e+01 2.098200035095214844e+01
0.000000000000000000e+00 4.910714328289031982e-01 5.015200042724609375e+01 5.791299819946289062e+01 2.413299942016601562e+01
1.100000000000000000e+01 2.991071343421936035e-01 5.189099884033203125e+01 6.110900115966796875e+01 2.529800033569335938e+01
2.000000000000000000e+00 3.035714328289031982e-01 5.233300018310546875e+01 6.284600067138671875e+01 2.882500076293945312e+01
2.200000000000000000e+01 6.026785969734191895e-01 5.141600036621093750e+01 5.959899902343750000e+01 3.070599937438964844e+01
0.000000000000000000e+00 6.071428656578063965e-01 5.307500076293945312e+01 5.976399993896484375e+01 3.413199996948242188e+01
1.400000000000000000e+01 7.589285969734191895e-01 5.427299880981445312e+01 5.631700134277343750e+01 3.556200027465820312e+01
2.200000000000000000e+01 7.633928656578063965e-01 5.796900177001953125e+01 5.220100021362304688e+01 3.924300003051757812e+01
1.500000000000000000e+01 7.142857313156127930e-01 5.844599914550781250e+01 5.063600158691406250e+01 4.272200012207031250e+01
1.000000000000000000e+00 6.205357313156127930e-01 6.077999877929687500e+01 4.784299850463867188e+01 4.393899917602539062e+01
1.300000000000000000e+01 6.160714030265808105e-01 5.943099975585937500e+01 4.527500152587890625e+01 4.636299896240234375e+01
0.000000000000000000e+00 3.437500000000000000e-01 6.082300186157226562e+01 4.542200088500976562e+01 4.995199966430664062e+01
0.000000000000000000e+00 1.607142835855484009e-01 6.184299850463867188e+01 4.264899826049804688e+01 5.247000122070312500e+01
3.000000000000000000e+00 2.053571492433547974e-01 5.846400070190429688e+01 4.275999832153320312e+01 5.433900070190429688e+01
3.000000000000000000e+00 5.044642686843872070e-01 5.659999847412109375e+01 4.292599868774414062e+01 5.099200057983398438e+01
1.800000000000000000e+01 5.357142686843872070e-01 5.605300140380859375e+01 4.672100067138671875e+01 5.091999816894531250e+01
1.900000000000000000e+01 6.428571343421936035e-01 5.679100036621093750e+01 4.897299957275390625e+01 4.776900100708007812e+01
7.000000000000000000e+00 4.776785671710968018e-01 5.963499832153320312e+01 5.140299987792968750e+01 4.762500000000000000e+01
1.600000000000000000e+01 4.821428656578063965e-01 6.000000000000000000e+01 5.421799850463867188e+01 4.502299880981445312e+01
1.500000000000000000e+01 4.508928656578063965e-01 6.243799972534179688e+01 5.301699829101562500e+01 4.229700088500976562e+01
0.000000000000000000e+00 4.598214328289031982e-01 6.176200103759765625e+01 5.551800155639648438e+01 3.939699935913085938e+01
1.700000000000000000e+01 4.955357015132904053e-01 5.931000137329101562e+01 5.809099960327148438e+01 3.805400085449218750e+01
9.000000000000000000e+00 4.151785671710968018e-01 5.872800064086914062e+01 5.968399810791015625e+01 3.460300064086914062e+01
1.300000000000000000e+01 4.419642984867095947e-01 5.626300048828125000e+01 6.029199981689453125e+01 3.172200012207031250e+01
1.800000000000000000e+01 4.107142984867095947e-01 5.585499954223632812e+01 5.951900100708007812e+01 2.799799919128417969e+01
1.700000000000000000e+01 1.428571492433547974e-01 5.768999862670898438e+01 6.151300048828125000e+01 2.523600006103515625e+01
7.000000000000000000e+00 7.142857462167739868e-02 5.592399978637695312e+01 6.246900177001953125e+01 2.207600021362304688e+01
1.700000000000000000e+01 1.205357164144515991e-01 5.666600036621093750e+01 5.902500152587890625e+01 2.060199928283691406e+01
9.000000000000000000e+00 3.839285671710968018e-01 5.472800064086914062e+01 5.728699874877929688e+01 2.348500061035156250e+01
7.000000000000000000e+00 3.571428656578063965e-01 5.813000106811523438e+01 5.622999954223632812e+01 2.483499908447265625e+01
1.200000000000000000e+01 3.973214328289031982e-01 5.983300018310546875e+01 5.665100097656250000e+01 2.825499916076660156e+01
9.000000000000000000e+00 1.294642835855484009e-01 6.606099700927734375e+01 5.726699829101562500e+01 3.149600028991699219e+01
1.200000000000000000e+01 3.169642984867095947e-01 6.418499755859375000e+01 5.489099884033203125e+01 3.386500167846679688e+01
1.800000000000000000e+01 1.964285671710968018e-01 6.732099914550781250e+01 5.312599945068359375e+01 3.528900146484375000e+01
1.800000000000000000e+01 3.125000000000000000e-02 7.111199951171875000e+01 5.263199996948242188e+01 3.506000137329101562e+01
7.000000000000000000e+00 1.785714365541934967e-02 7.252999877929687500e+01 4.910699844360351562e+01 3.480699920654296875e+01
7.000000000000000000e+00 0.000000000000000000e+00 7.408399963378906250e+01 4.994400024414062500e+01 3.809999847412109375e+01
7.000000000000000000e+00 5.803571268916130066e-02 7.076599884033203125e+01 5.066600036621093750e+01 3.982500076293945312e+01
1.500000000000000000e+01 1.741071492433547974e-01 6.893699645996093750e+01 4.785900115966796875e+01 3.816600036621093750e+01
2.200000000000000000e+01 1.383928507566452026e-01 6.938800048828125000e+01 4.463299942016601562e+01 3.995299911499023438e+01
7.000000000000000000e+00 2.544642984867095947e-01 6.721900177001953125e+01 4.143899917602539062e+01 4.056000137329101562e+01
9.000000000000000000e+00 4.464285671710968018e-01 6.394200134277343750e+01 4.147800064086914062e+01 4.242200088500976562e+01
1.100000000000000000e+01 7.053571343421936035e-01 6.022999954223632812e+01 4.222700119018554688e+01 4.192200088500976562e+01
2.000000000000000000e+01 7.946428656578063965e-01 5.929999923706054688e+01 4.550400161743164062e+01 4.011500167846679688e+01
1.300000000000000000e+01 9.062500000000000000e-01 5.570199966430664062e+01 4.692300033569335938e+01 4.028200149536132812e+01
2.200000000000000000e+01 9.285714030265808105e-01 5.479199981689453125e+01 4.956299972534179688e+01 3.751900100708007812e+01
7.000000000000000000e+00 9.508928656578063965e-01 5.179999923706054688e+01 5.189899826049804688e+01 3.813000106811523438e+01
1.100000000000000000e+01 9.151785969734191895e-01 5.078200149536132812e+01 5.386500167846679688e+01 3.509299850463867188e+01
3.000000000000000000e+00 8.214285969734191895e-01 4.845700073242187500e+01 5.696300125122070312e+01 3.602199935913085938e+01
1.800000000000000000e+01 8.303571343421936035e-01 4.586399841308593750e+01 5.612500000000000000e+01 3.332199859619140625e+01
1.300000000000000000e+01 7.500000000000000000e-01 4.306200027465820312e+01 5.779100036621093750e+01 3.549200057983398438e+01
1.700000000000000000e+01 5.803571343421936035e-01 4.453599929809570312e+01 6.126499938964843750e+01 3.483000183105468750e+01
2.000000000000000000e+01 5.758928656578063965e-01 4.471599960327148438e+01 6.064500045776367188e+01 3.110099983215332031e+01
1.900000000000000000e+01 5.491071343421936035e-01 4.099300003051757812e+01 5.985599899291992188e+01 3.071899986267089844e+01
1.300000000000000000e+01 3.258928656578063965e-01 3.997999954223632812e+01 6.289199829101562500e+01 3.284199905395507812e+01
0.000000000000000000e+00 2.098214328289031982e-01 4.232600021362304688e+01 6.515399932861328125e+01 3.061800003051757812e+01
1.200000000000000000e+01 1.830357164144515991e-01 4.064500045776367188e+01 6.391899871826171875e+01 2.745700073242187500e+01
9.000000000000000000e+00 1.250000000000000000e-01 3.717900085449218750e+01 6.439399719238281250e+01 2.900300025939941406e+01
1.100000000000000000e+01 2.946428656578063965e-01 3.655400085449218750e+01 6.070199966430664062e+01 2.939200019836425781e+01
1.700000000000000000e+01 4.241071343421936035e-01 3.555099868774414062e+01 5.904399871826171875e+01 3.264799880981445312e+01
1.600000000000000000e+01 6.919642686843872070e-01 3.817699813842773438e+01 5.667900085449218750e+01 3.423699951171875000e+01
1.500000000000000000e+01 7.678571343421936035e-01 3.685900115966796875e+01 5.322299957275390625e+01 3.562699890136718750e+01
7.000000000000000000e+00 8.973214030265808105e-01 4.247700119018554688e+01 5.330599975585937500e+01 3.871400070190429688e+01
0.000000000000000000e+00 9.821428656578063965e-01 4.737300109863281250e+01 4.990999984741210938e+01 3.426699829101562500e+01
7.000000000000000000e+00 9.955357313156127930e-01 4.993299865722656250e+01 4.775099945068359375e+01 3.602399826049804688e+01
2.200000000000000000e+01 9.732142686843872070e-01 5.297800064086914062e+01 4.566600036621093750e+01 3.508499908447265625e+01
2.200000000000000000e+01 9.642857313156127930e-01 5.443799972534179688e+01 4.356200027465820312e+01 3.789099884033203125e+01
1.500000000000000000e+01 8.660714030265808105e-01 5.737500000000000000e+01 4.143000030517578125e+01 3.701800155639648438e+01
1.800000000000000000e+01 6.964285969734191895e-01 6.047000122070312500e+01 3.957199859619140625e+01 3.831200027465820312e+01
0.000000000000000000e+00 5.625000000000000000e-01 6.346900177001953125e+01 4.121799850463867188e+01 3.676499938964843750e+01
2.000000000000000000e+00 2.678571343421936035e-01 6.674700164794921875e+01 3.930899810791015625e+01 3.588700103759765625e+01
3.000000000000000000e+00 2.857142984867095947e-01 6.515399932861328125e+01 3.590000152587890625e+01 3.696799850463867188e+01
1.700000000000000000e+01 8.482142537832260132e-02 6.740399932861328125e+01 3.322700119018554688e+01 3.537599945068359375e+01
9.000000000000000000e+00 4.017857089638710022e-02 7.006900024414062500e+01 3.563700103759765625e+01 3.402899932861328125e+01
1.600000000000000000e+01 6.696428358554840088e-02 7.047899627685546875e+01 3.938499832153320312e+01 3.302399826049804688e+01
1.000000000000000000e+00 1.785714328289031982e-01 6.792400360107421875e+01 4.088000106811523438e+01 3.073900032043457031e+01
1.000000000000000000e+00 2.500000000000000000e-01 6.668199920654296875e+01 4.385699844360351562e+01 2.893600082397460938e+01
2.000000000000000000e+01 5.267857313156127930e-01 6.292499923706054688e+01 4.446799850463867188e+01 2.903499984741210938e+01
1.800000000000000000e+01 5.580357313156127930e-01 6.082699966430664062e+01 4.642300033569335938e+01 2.653899955749511719e+01
1.100000000000000000e+01 7.544642686843872070e-01 5.718099975585937500e+01 4.693899917602539062e+01 2.755599975585937500e+01
0.000000000000000000e+00 7.901785969734191895e-01 5.399100112915039062e+01 4.761899948120117188e+01 2.556900024414062500e+01
0.000000000000000000e+00 8.794642686843872070e-01 5.098199844360351562e+01 4.915299987792968750e+01 2.740099906921386719e+01
1.200000000000000000e+01 8.258928656578063965e-01 4.768600082397460938e+01 4.921699905395507812e+01 2.522100067138671875e+01
1.200000000000000000e+01 8.482142686843872070e-01 4.515200042724609375e+01 5.141899871826171875e+01 2.719799995422363281e+01
1.700000000000000000e+01 7.991071343421936035e-01 4.128900146484375000e+01 5.200899887084960938e+01 2.745499992370605469e+01
1.600000000000000000e+01 7.723214030265808105e-01 3.874700164794921875e+01 5.312099838256835938e+01 3.023999977111816406e+01
2.000000000000000000e+01 8.125000000000000000e-01 3.740599822998046875e+01 4.961299896240234375e+01 3.103000068664550781e+01
1.700000000000000000e+01 8.928571343421936035e-01 4.027099990844726562e+01 4.754700088500976562e+01 2.959499931335449219e+01
2.000000000000000000e+01 9.598214030265808105e-01 4.411700057983398438e+01 4.729100036621093750e+01 2.926099967956542969e+01
1.700000000000000000e+01 9.375000000000000000e-01 4.665200042724609375e+01 4.500099945068359375e+01 2.779800033569335938e+01
1.800000000000000000e+01 9.419642686843872070e-01 5.037599945068359375e+01 4.468700027465820312e+01 2.839900016784667969e+01
1.800000000000000000e+01 8.526785969734191895e-01 5.317100143432617188e+01 4.245399856567382812e+01 2.711400032043457031e+01
0.000000000000000000e+00 7.410714030265808105e-01 5.706299972534179688e+01 4.242900085449218750e+01 2.745700073242187500e+01
2.200000000000000000e+01 5.401785969734191895e-01 5.945600128173828125e+01 4.185900115966796875e+01 2.457500076293945312e+01
2.200000000000000000e+01 4.375000000000000000e-01 6.219200134277343750e+01 4.008700180053710938e+01 2.674200057983398438e+01
1.800000000000000000e+01 1.517857164144515991e-01 6.590499877929687500e+01 4.004199981689453125e+01 2.562100028991699219e+01
2.000000000000000000e+00 4.464285820722579956e-02 6.954100036621093750e+01 3.961500167846679688e+01 2.682099914550781250e+01
1.600000000000000000e+01 1.339285727590322495e-02 7.224800109863281250e+01 4.252799987792968750e+01 2.694700050354003906e+01
