1 1 14 0 0.0 0 0 17.731 19.627 26.279
1 2 18 0 0.06586826347305386 0 0 21.555 19.730 26.787
1 3 7 0 0.23952095808383234 0 0 22.327 21.826 29.993
1 4 20 0 0.5389221556886228 0 0 25.638 23.576 30.526
1 5 13 0 0.6946107784431137 0 0 26.863 24.893 33.859
1 6 12 0 0.8982035928143712 0 0 29.120 27.959 33.528
1 7 22 0 0.9520958083832335 0 0 30.626 30.208 36.157
1 8 22 0 0.9820359281437125 0 0 31.887 33.649 35.589
1 9 22 0 0.9700598802395209 0 0 34.899 34.131 37.775
1 10 9 0 0.9281437125748503 0 0 37.594 36.663 38.454
1 11 0 0 0.7964071856287425 0 0 38.186 39.745 40.624
1 12 9 0 0.6646706586826348 0 0 35.962 42.714 41.403
1 13 9 0 0.6047904191616766 0 0 35.368 45.558 39.046
1 14 22 0 0.8203592814371258 0 0 35.925 43.824 35.774
1 15 9 0 0.844311377245509 0 0 32.287 43.402 34.736
1 16 13 0 0.9401197604790419 0 0 31.388 39.854 35.890
1 17 17 0 0.8502994011976048 0 0 27.678 40.394 35.692
1 18 0 0 0.8143712574850299 0 0 28.042 42.706 32.675
1 19 12 0 0.9221556886227544 0 0 29.178 40.033 30.226
1 20 18 0 0.8922155688622755 0 0 26.422 37.791 31.435
1 21 11 0 0.688622754491018 0 0 23.746 40.591 31.047
1 22 6 0 0.658682634730539 0 0 24.924 41.363 27.483
1 23 12 0 0.7425149700598803 0 0 24.603 37.644 26.734
1 24 11 0 0.5688622754491017 0 0 21.453 36.866 28.628
1 25 6 0 0.3892215568862275 0 0 19.516 40.110 28.217
1 26 2 0 0.3772455089820359 0 0 21.297 41.635 25.256
1 27 10 0 0.25149700598802394 0 0 21.958 45.130 26.489
1 28 15 0 0.33532934131736525 0 0 24.267 47.190 28.690
1 29 22 0 0.24550898203592808 0 0 22.891 47.751 32.150
1 30 3 0 0.14970059880239517 0 0 24.194 49.910 34.956
1 31 7 0 0.10179640718562877 0 0 22.401 48.601 38.039
1 32 20 0 0.2335329341317366 0 0 23.997 46.224 40.512
1 33 3 0 0.20958083832335328 0 0 22.845 43.371 42.743
1 34 16 0 0.4251497005988024 0 0 25.539 40.998 43.869
1 35 18 0 0.47904191616766467 0 0 23.703 37.946 42.584
1 36 11 0 0.28742514970059885 0 0 23.904 35.773 45.700
1 37 7 0 0.17365269461077848 0 0 21.099 33.520 44.783
1 38 3 0 0.29940119760479034 0 0 19.939 34.706 41.466
1 39 17 0 0.45508982035928147 0 0 19.953 32.904 38.200
1 40 20 0 0.5568862275449102 0 0 20.636 33.856 34.617
1 41 1 0 0.5149700598802396 0 0 20.180 31.514 31.677
1 42 13 0 0.41916167664670656 0 0 19.261 31.294 28.030
1 43 6 0 0.17964071856287422 0 0 18.693 28.783 25.304
1 44 22 0 0.19760479041916168 0 0 20.646 29.307 22.096
1 45 22 0 0.08982035928143717 0 0 21.795 27.336 19.094
1 46 11 0 0.221556886227545 0 0 25.584 26.986 19.039
1 47 3 0 0.0718562874251496 0 0 27.179 25.346 16.018
1 48 9 0 0.0059880239520957446 0 0 23.945 23.661 15.027
1 49 7 0 0.029940119760479056 0 0 23.626 22.081 18.503
1 50 18 0 0.053892215568862256 0 0 21.059 23.607 20.741
1 51 5 0 0.16167664670658677 0 0 21.861 23.905 24.431
1 52 12 0 0.31137724550898194 0 0 20.754 25.561 27.583
1 53 12 0 0.6107784431137725 0 0 23.389 27.850 29.011
1 54 3 0 0.652694610778443 0 0 23.176 28.270 32.806
1 55 11 0 0.8383233532934131 0 0 25.315 31.157 34.024
1 56 12 0 0.8323353293413174 0 0 26.607 31.375 37.623
1 57 3 0 0.8622754491017964 0 0 27.845 34.636 39.098
1 58 18 0 0.8263473053892215 0 0 30.581 34.928 41.581
1 59 0 0 0.5868263473053892 0 0 28.973 36.756 44.387
1 60 9 0 0.39520958083832336 0 0 29.683 39.096 47.208
1 61 6 0 0.37125748502994016 0 0 32.682 41.328 47.177
1 62 7 0 0.11976047904191622 0 0 35.052 41.311 50.089
1 63 7 0 0.14371257485029942 0 0 36.624 37.893 50.543
1 64 20 0 0.017964071856287345 0 0 35.341 36.475 53.720
1 65 17 0 0.03592814371257491 0 0 31.723 37.407 53.234
1 66 0 0 0.21556886227544902 0 0 31.530 36.254 49.714
1 67 14 0 0.3293413173652695 0 0 29.434 33.463 48.318
1 68 1 0 0.5449101796407185 0 0 30.821 31.492 45.328
1 69 3 0 0.4131736526946108 0 0 31.711 28.061 46.783
1 70 6 0 0.3173652694610779 0 0 28.570 26.167 45.827
1 71 20 0 0.5808383233532934 0 0 28.473 27.904 42.531
1 72 14 0 0.6766467065868262 0 0 32.036 26.983 41.766
1 73 1 0 0.4491017964071856 0 0 31.648 23.375 42.712
1 74 18 0 0.49101796407185627 0 0 28.476 23.382 40.548
1 75 9 0 0.7544910179640718 0 0 30.283 25.040 37.657
1 76 7 0 0.7005988023952096 0 0 31.700 23.076 34.830
1 77 9 0 0.874251497005988 0 0 33.139 25.761 32.601
1 78 15 0 0.9640718562874252 0 0 34.883 28.798 33.901
1 79 12 0 0.9940119760479041 0 0 34.529 32.196 32.214
1 80 5 0 0.9880239520958084 0 0 37.498 33.938 33.784
1 81 22 0 0.9760479041916168 0 0 37.332 37.723 33.541
1 82 15 0 0.8862275449101796 0 0 39.811 40.543 33.821
1 83 0 0 0.7664670658682635 0 0 39.489 44.216 32.786
1 84 11 0 0.5329341317365269 0 0 42.023 45.576 30.300
1 85 2 0 0.2934131736526946 0 0 42.513 48.846 32.113
1 86 2 0 0.40718562874251496 0 0 42.900 47.406 35.590
1 87 18 0 0.2574850299401197 0 0 46.355 45.831 35.778
1 88 13 0 0.3053892215568862 0 0 45.664 44.330 39.181
1 89 17 0 0.6167664670658684 0 0 42.791 42.073 38.000
1 90 15 0 0.5988023952095809 0 0 45.144 40.402 35.597
1 91 7 0 0.43113772455089827 0 0 47.568 39.533 38.356
1 92 3 0 0.5508982035928144 0 0 44.709 37.736 40.152
1 93 11 0 0.7365269461077844 0 0 44.314 35.078 37.439
1 94 10 0 0.5029940119760479 0 0 47.118 32.788 38.632
1 95 10 0 0.4730538922155688 0 0 45.375 32.626 41.969
1 96 20 0 0.7305389221556886 0 0 42.057 32.022 40.280
1 97 1 0 0.6826347305389222 0 0 43.339 29.201 38.063
1 98 7 0 0.437125748502994 0 0 44.673 27.272 40.993
1 99 6 0 0.5089820359281436 0 0 41.478 28.044 42.968
1 100 11 0 0.6706586826347305 0 0 39.236 26.572 40.201
1 101 13 0 0.44311377245508976 0 0 41.522 23.477 40.179
1 102 1 0 0.16766467065868274 0 0 41.257 22.784 43.919
1 103 22 0 0.3532934131736526 0 0 37.545 23.191 43.828
1 104 13 0 0.4011976047904191 0 0 36.880 21.082 40.823
1 105 3 0 0.09580838323353291 0 0 39.015 18.036 41.485
1 106 17 0 0.15568862275449102 0 0 40.800 18.522 38.174
1 107 7 0 0.19161676646706582 0 0 43.750 20.158 36.417
1 108 3 0 0.32335329341317365 0 0 42.106 20.028 33.061
1 109 22 0 0.5748502994011976 0 0 39.261 22.374 33.819
1 110 16 0 0.7724550898203593 0 0 37.437 24.076 30.996
1 111 14 0 0.9041916167664671 0 0 38.322 27.750 31.128
1 112 22 0 0.9461077844311377 0 0 38.595 30.817 28.953
1 113 12 0 0.9341317365269461 0 0 40.483 34.001 29.880
1 114 22 0 0.9580838323353293 0 0 38.351 36.998 28.963
1 115 9 0 0.8682634730538922 0 0 39.569 40.515 28.720
1 116 2 0 0.8562874251497006 0 0 36.653 42.734 29.421
1 117 13 0 0.6347305389221557 0 0 36.515 46.478 29.072
1 118 5 0 0.4970059880239521 0 0 37.911 46.914 25.565
1 119 3 0 0.26347305389221565 0 0 35.649 49.897 25.327
1 120 12 0 0.059880239520958 0 0 38.445 52.311 24.290
1 121 16 0 0.0119760479041916 0 0 41.847 51.872 22.646
1 122 17 0 0.02395209580838331 0 0 43.865 52.270 25.844
1 123 1 0 0.13173652694610782 0 0 44.769 49.104 27.737
1 124 18 0 0.07784431137724557 0 0 47.033 49.308 30.712
1 125 22 0 0.22754491017964074 0 0 47.376 45.543 30.536
1 126 3 0 0.10778443113772451 0 0 49.478 44.547 27.565
1 127 18 0 0.281437125748503 0 0 47.180 42.359 25.414
1 128 13 0 0.08383233532934131 0 0 50.370 40.866 24.006
1 129 6 0 0.12574850299401197 0 0 51.409 39.630 27.451
1 130 0 0 0.4610778443113772 0 0 47.872 38.411 27.775
1 131 6 0 0.3652694610778443 0 0 48.186 36.415 24.589
1 132 3 0 0.13772455089820357 0 0 51.436 34.905 25.822
1 133 12 0 0.34730538922155685 0 0 50.082 33.932 29.202
1 134 0 0 0.5269461077844311 0 0 46.948 32.252 27.942
1 135 1 0 0.2694610778443114 0 0 48.987 30.512 25.306
1 136 17 0 0.11377245508982048 0 0 51.596 29.098 27.621
1 137 20 0 0.35928143712574856 0 0 48.723 27.774 29.648
1 138 9 0 0.3413173652694611 0 0 47.148 26.611 26.451
1 139 11 0 0.6227544910179641 0 0 43.716 28.117 26.903
1 140 16 0 0.7125748502994012 0 0 41.942 30.736 24.836
1 141 15 0 0.7844311377245509 0 0 42.109 34.509 25.323
1 142 11 0 0.8083832335329342 0 0 39.344 36.752 24.036
1 143 7 0 0.7485029940119761 0 0 39.076 40.522 24.191
1 144 18 0 0.7784431137724551 0 0 35.599 41.882 24.608
1 145 17 0 0.6467065868263473 0 0 33.644 44.968 25.545
1 146 0 0 0.6407185628742516 0 0 30.074 45.024 26.728
1 147 13 0 0.38323353293413165 0 0 29.679 48.687 25.939
1 148 18 0 0.20359281437125742 0 0 30.276 48.305 22.219
1 149 1 0 0.46706586826347307 0 0 29.277 44.651 22.344
1 150 6 0 0.4850299401197605 0 0 32.353 43.271 20.612
1 151 9 0 0.6287425149700598 0 0 32.874 39.520 20.808
1 152 22 0 0.8023952095808383 0 0 30.499 38.876 23.729
1 153 3 0 0.7245508982035929 0 0 28.764 35.977 22.240
1 154 3 0 0.718562874251497 0 0 31.916 34.514 21.052
1 155 0 0 0.9101796407185628 0 0 33.425 34.541 24.524
1 156 15 0 0.9161676646706587 0 0 30.608 32.373 25.698
1 157 20 0 0.7604790419161677 0 0 30.500 30.140 22.536
1 158 18 0 0.7904191616766467 0 0 34.155 29.615 22.972
1 159 12 0 0.8802395209580838 0 0 33.429 28.294 26.466
1 160 22 0 0.7065868263473054 0 0 30.897 25.923 25.030
1 161 1 0 0.5209580838323353 0 0 33.171 24.927 22.187
1 162 7 0 0.592814371257485 0 0 35.777 24.044 24.789
1 163 11 0 0.562874251497006 0 0 33.143 22.183 26.791
1 164 1 0 0.27544910179640725 0 0 32.434 20.047 23.758
1 165 13 0 0.18562874251497008 0 0 36.039 19.666 22.771
1 166 10 0 0.041916167664670656 0 0 37.809 16.363 22.562
1 167 13 0 0.04790419161676651 0 0 40.418 16.185 25.217
