5.000000000000000000e+00 1.116071417927742004e-01 2.538500022888183594e+01 3.831399917602539062e+01 3.973400115966796875e+01
1.600000000000000000e+01 1.964285671710968018e-01 2.621500015258789062e+01 4.172600173950195312e+01 4.133300018310546875e+01
1.200000000000000000e+01 4.508928656578063965e-01 2.992900085449218750e+01 4.070100021362304688e+01 4.116400146484375000e+01
1.400000000000000000e+01 5.401785969734191895e-01 3.155900001525878906e+01 3.840800094604492188e+01 3.859799957275390625e+01
2.200000000000000000e+01 7.142857313156127930e-01 3.528900146484375000e+01 3.771699905395507812e+01 3.799100112915039062e+01
1.300000000000000000e+01 6.875000000000000000e-01 3.577600097656250000e+01 3.576800155639648438e+01 3.469499969482421875e+01
2.200000000000000000e+01 7.366071343421936035e-01 3.923400115966796875e+01 3.447700119018554688e+01 3.359500122070312500e+01
1.200000000000000000e+01 6.785714030265808105e-01 4.028099822998046875e+01 3.325899887084960938e+01 3.019899940490722656e+01
3.000000000000000000e+00 6.205357313156127930e-01 4.338299942016601562e+01 3.163599967956542969e+01 2.846500015258789062e+01
0.000000000000000000e+00 6.071428656578063965e-01 4.499700164794921875e+01 3.320899963378906250e+01 2.539200019836425781e+01
2.200000000000000000e+01 3.973214328289031982e-01 4.700400161743164062e+01 3.031999969482421875e+01 2.441500091552734375e+01
1.000000000000000000e+00 2.366071492433547974e-01 4.472700119018554688e+01 2.725699996948242188e+01 2.446800041198730469e+01
9.000000000000000000e+00 2.812500000000000000e-01 4.150699996948242188e+01 2.927700042724609375e+01 2.403100013732910156e+01
1.700000000000000000e+01 2.187500000000000000e-01 3.934099960327148438e+01 2.732600021362304688e+01 2.660799980163574219e+01
1.600000000000000000e+01 3.660714328289031982e-01 3.877099990844726562e+01 2.883699989318847656e+01 3.017600059509277344e+01
0.000000000000000000e+00 5.357142686843872070e-01 4.138700103759765625e+01 2.922999954223632812e+01 3.294400024414062500e+01
1.100000000000000000e+01 3.303571343421936035e-01 4.066299819946289062e+01 2.658799934387207031e+01 3.556900024414062500e+01
2.000000000000000000e+00 3.616071343421936035e-01 4.150000000000000000e+01 2.693799972534179688e+01 3.934899902343750000e+01
2.200000000000000000e+01 6.562500000000000000e-01 4.310699844360351562e+01 3.049699974060058594e+01 3.928499984741210938e+01
0.000000000000000000e+00 6.607142686843872070e-01 4.295700073242187500e+01 3.189200019836425781e+01 4.282799911499023438e+01
1.400000000000000000e+01 7.767857313156127930e-01 4.217900085449218750e+01 3.555699920654296875e+01 4.364799880981445312e+01
2.200000000000000000e+01 7.232142686843872070e-01 3.915999984741210938e+01 4.086600112915039062e+01 4.665999984741210938e+01
1.500000000000000000e+01 6.741071343421936035e-01 3.966899871826171875e+01 4.376399993896484375e+01 4.909000015258789062e+01
1.000000000000000000e+00 5.669642686843872070e-01 3.766500091552734375e+01 4.687599945068359375e+01 5.003799819946289062e+01
1.300000000000000000e+01 5.133928656578063965e-01 3.921900177001953125e+01 5.020000076293945312e+01 5.099000167846679688e+01
0.000000000000000000e+00 2.410714328289031982e-01 3.810499954223632812e+01 5.106200027465820312e+01 5.465299987792968750e+01
0.000000000000000000e+00 8.035714179277420044e-02 3.717300033569335938e+01 5.451800155639648438e+01 5.571599960327148438e+01
3.000000000000000000e+00 8.482142537832260132e-02 4.073600006103515625e+01 5.566400146484375000e+01 5.652899932861328125e+01
3.000000000000000000e+00 3.080357015132904053e-01 4.187200164794921875e+01 5.403400039672851562e+01 5.337500000000000000e+01
1.800000000000000000e+01 3.169642984867095947e-01 4.331499862670898438e+01 5.078200149536132812e+01 5.476599884033203125e+01
1.900000000000000000e+01 5.267857313156127930e-01 4.261299896240234375e+01 4.759199905395507812e+01 5.282699966430664062e+01
7.000000000000000000e+00 3.214285671710968018e-01 3.997600173950195312e+01 4.528599929809570312e+01 5.448799896240234375e+01
1.600000000000000000e+01 3.750000000000000000e-01 3.910800170898437500e+01 4.180199813842773438e+01 5.333100128173828125e+01
1.500000000000000000e+01 4.107142984867095947e-01 3.611299896240234375e+01 4.155099868774414062e+01 5.103400039672851562e+01
0.000000000000000000e+00 4.285714328289031982e-01 3.632300186157226562e+01 3.806600189208984375e+01 4.966799926757812500e+01
1.700000000000000000e+01 5.089285969734191895e-01 3.861299896240234375e+01 3.540200042724609375e+01 4.805699920654296875e+01
9.000000000000000000e+00 4.687500000000000000e-01 3.811199951171875000e+01 3.243600082397460938e+01 4.559600067138671875e+01
1.300000000000000000e+01 4.910714328289031982e-01 3.945600128173828125e+01 3.035799980163574219e+01 4.274399948120117188e+01
1.800000000000000000e+01 4.866071343421936035e-01 3.808399963378906250e+01 2.990900039672851562e+01 3.924200057983398438e+01
1.700000000000000000e+01 2.321428507566452026e-01 3.575299835205078125e+01 2.701799964904785156e+01 3.831399917602539062e+01
7.000000000000000000e+00 1.294642835855484009e-01 3.619900131225585938e+01 2.500399971008300781e+01 3.511199951171875000e+01
1.700000000000000000e+01 1.741071492433547974e-01 3.398699951171875000e+01 2.764599990844726562e+01 3.334999847412109375e+01
9.000000000000000000e+00 4.642857015132904053e-01 3.647499847412109375e+01 3.041900062561035156e+01 3.434700012207031250e+01
7.000000000000000000e+00 4.062500000000000000e-01 3.381200027465820312e+01 3.182500076293945312e+01 3.666199874877929688e+01
1.200000000000000000e+01 4.553571343421936035e-01 3.433300018310546875e+01 3.258700180053710938e+01 4.036500167846679688e+01
9.000000000000000000e+00 1.205357164144515991e-01 2.886899948120117188e+01 3.410200119018554688e+01 4.457699966430664062e+01
1.200000000000000000e+01 3.035714328289031982e-01 3.152499961853027344e+01 3.654199981689453125e+01 4.577600097656250000e+01
1.800000000000000000e+01 1.607142835855484009e-01 2.903100013732910156e+01 3.901200103759765625e+01 4.748699951171875000e+01
1.800000000000000000e+01 3.125000000000000000e-02 2.536499977111816406e+01 3.980699920654296875e+01 4.805199813842773438e+01
7.000000000000000000e+00 2.232142910361289978e-02 2.383699989318847656e+01 4.319900131225585938e+01 4.710800170898437500e+01
7.000000000000000000e+00 0.000000000000000000e+00 2.338100051879882812e+01 4.464699935913085938e+01 5.061600112915039062e+01
7.000000000000000000e+00 2.678571455180644989e-02 2.688599967956542969e+01 4.368600082397460938e+01 5.177500152587890625e+01
1.500000000000000000e+01 1.473214328289031982e-01 2.831500053405761719e+01 4.528200149536132812e+01 4.849700164794921875e+01
2.200000000000000000e+01 9.821428358554840088e-02 2.840299987792968750e+01 4.886600112915039062e+01 4.973400115966796875e+01
7.000000000000000000e+00 1.696428507566452026e-01 2.979899978637695312e+01 5.201800155639648438e+01 4.792800140380859375e+01
9.000000000000000000e+00 4.017857015132904053e-01 3.357500076293945312e+01 5.143999862670898438e+01 4.761700057983398438e+01
1.100000000000000000e+01 6.651785969734191895e-01 3.702799987792968750e+01 5.098500061035156250e+01 4.608300018310546875e+01
2.000000000000000000e+01 7.500000000000000000e-01 3.761899948120117188e+01 4.728900146484375000e+01 4.522000122070312500e+01
1.300000000000000000e+01 8.928571343421936035e-01 4.089699935913085938e+01 4.556399917602539062e+01 4.441699981689453125e+01
2.200000000000000000e+01 9.151785969734191895e-01 4.104800033569335938e+01 4.218399810791015625e+01 4.281299972534179688e+01
7.000000000000000000e+00 9.285714030265808105e-01 4.435300064086914062e+01 4.047600173950195312e+01 4.335400009155273438e+01
1.100000000000000000e+01 9.241071343421936035e-01 4.463399887084960938e+01 3.762200164794921875e+01 4.082500076293945312e+01
3.000000000000000000e+00 8.348214030265808105e-01 4.732099914550781250e+01 3.507699966430664062e+01 4.161800003051757812e+01
1.800000000000000000e+01 8.660714030265808105e-01 4.820899963378906250e+01 3.449900054931640625e+01 3.799300003051757812e+01
1.300000000000000000e+01 7.678571343421936035e-01 5.176699829101562500e+01 3.292699813842773438e+01 3.806600189208984375e+01
1.700000000000000000e+01 6.294642686843872070e-01 5.039500045776367188e+01 2.997999954223632812e+01 4.011999893188476562e+01
2.000000000000000000e+01 6.116071343421936035e-01 4.819400024414062500e+01 2.896800041198730469e+01 3.715100097656250000e+01
1.900000000000000000e+01 5.758928656578063965e-01 5.124000167846679688e+01 2.896999931335449219e+01 3.478099822998046875e+01
1.300000000000000000e+01 3.883928656578063965e-01 5.338899993896484375e+01 2.708900070190429688e+01 3.735800170898437500e+01
0.000000000000000000e+00 2.500000000000000000e-01 5.081700134277343750e+01 2.419199943542480469e+01 3.703699874877929688e+01
1.200000000000000000e+01 2.142857164144515991e-01 5.173500061035156250e+01 2.403700065612792969e+01 3.334299850463867188e+01
9.000000000000000000e+00 1.428571492433547974e-01 5.549900054931640625e+01 2.420700073242187500e+01 3.429999923706054688e+01
1.100000000000000000e+01 3.392857015132904053e-01 5.572999954223632812e+01 2.774500083923339844e+01 3.278400039672851562e+01
1.700000000000000000e+01 5.000000000000000000e-01 5.731999969482421875e+01 3.068700027465820312e+01 3.441699981689453125e+01
1.600000000000000000e+01 7.053571343421936035e-01 5.566699981689453125e+01 3.380899810791015625e+01 3.319400024414062500e+01
1.500000000000000000e+01 7.991071343421936035e-01 5.661999893188476562e+01 3.740599822998046875e+01 3.317100143432617188e+01
7.000000000000000000e+00 8.705357313156127930e-01 5.402899932861328125e+01 3.730799865722656250e+01 3.927399826049804688e+01
0.000000000000000000e+00 9.866071343421936035e-01 4.763700103759765625e+01 4.061600112915039062e+01 3.791299819946289062e+01
7.000000000000000000e+00 9.910714030265808105e-01 4.614099884033203125e+01 4.316299819946289062e+01 4.037599945068359375e+01
2.200000000000000000e+01 9.776785969734191895e-01 4.320800018310546875e+01 4.553300094604492188e+01 3.945700073242187500e+01
2.200000000000000000e+01 9.464285969734191895e-01 4.163399887084960938e+01 4.834999847412109375e+01 4.144900131225585938e+01
1.500000000000000000e+01 8.526785969734191895e-01 3.828300094604492188e+01 4.997700119018554688e+01 4.066799926757812500e+01
1.800000000000000000e+01 6.830357313156127930e-01 3.549000167846679688e+01 5.214699935913085938e+01 4.216500091552734375e+01
0.000000000000000000e+00 5.446428656578063965e-01 3.216600036621093750e+01 5.041799926757812500e+01 4.232600021362304688e+01
2.000000000000000000e+00 2.678571343421936035e-01 2.845400047302246094e+01 5.121099853515625000e+01 4.329000091552734375e+01
3.000000000000000000e+00 1.785714328289031982e-01 2.895199966430664062e+01 5.515100097656250000e+01 4.328699874877929688e+01
1.700000000000000000e+01 5.357142910361289978e-02 2.588199996948242188e+01 5.694300079345703125e+01 4.179399871826171875e+01
9.000000000000000000e+00 1.785714365541934967e-02 2.342900085449218750e+01 5.419499969482421875e+01 4.262300109863281250e+01
1.600000000000000000e+01 7.589285820722579956e-02 2.462999916076660156e+01 5.046799850463867188e+01 4.267300033569335938e+01
1.000000000000000000e+00 1.562500000000000000e-01 2.537100028991699219e+01 4.840700149536132812e+01 3.946400070190429688e+01
1.000000000000000000e+00 2.544642984867095947e-01 2.614599990844726562e+01 4.485800170898437500e+01 3.800699996948242188e+01
2.000000000000000000e+01 5.312500000000000000e-01 2.994700050354003906e+01 4.431800079345703125e+01 3.752700042724609375e+01
1.800000000000000000e+01 6.383928656578063965e-01 3.189200019836425781e+01 4.182199859619140625e+01 3.540999984741210938e+01
1.100000000000000000e+01 8.125000000000000000e-01 3.569900131225585938e+01 4.171500015258789062e+01 3.543399810791015625e+01
0.000000000000000000e+00 8.169642686843872070e-01 3.710100173950195312e+01 3.964599990844726562e+01 3.272200012207031250e+01
0.000000000000000000e+00 9.196428656578063965e-01 4.098899841308593750e+01 3.884700012207031250e+01 3.295399856567382812e+01
1.200000000000000000e+01 8.750000000000000000e-01 4.301100158691406250e+01 3.722900009155273438e+01 3.014599990844726562e+01
1.200000000000000000e+01 8.437500000000000000e-01 4.614500045776367188e+01 3.528599929809570312e+01 3.080900001525878906e+01
1.700000000000000000e+01 7.723214030265808105e-01 4.919699859619140625e+01 3.465000152587890625e+01 2.851499938964843750e+01
1.600000000000000000e+01 7.187500000000000000e-01 5.290599822998046875e+01 3.418199920654296875e+01 2.961199951171875000e+01
2.000000000000000000e+01 7.633928656578063965e-01 5.463199996948242188e+01 3.738800048828125000e+01 2.845999908447265625e+01
1.700000000000000000e+01 8.839285969734191895e-01 5.130300140380859375e+01 3.918000030517578125e+01 2.862100028991699219e+01
2.000000000000000000e+01 9.642857313156127930e-01 4.806000137329101562e+01 4.004299926757812500e+01 3.043700027465820312e+01
1.700000000000000000e+01 9.687500000000000000e-01 4.486100006103515625e+01 4.190999984741210938e+01 2.967900085449218750e+01
1.800000000000000000e+01 9.598214030265808105e-01 4.156800079345703125e+01 4.284600067138671875e+01 3.122800064086914062e+01
1.800000000000000000e+01 8.482142686843872070e-01 3.803099822998046875e+01 4.385699844360351562e+01 2.996699905395507812e+01
0.000000000000000000e+00 7.946428656578063965e-01 3.527199935913085938e+01 4.533499908447265625e+01 3.230099868774414062e+01
2.200000000000000000e+01 5.982142686843872070e-01 3.150200080871582031e+01 4.536100006103515625e+01 3.197699928283691406e+01
2.200000000000000000e+01 4.732142984867095947e-01 2.940299987792968750e+01 4.775699996948242188e+01 3.390900039672851562e+01
1.800000000000000000e+01 2.053571492433547974e-01 2.561700057983398438e+01 4.700199890136718750e+01 3.368299865722656250e+01
2.000000000000000000e+00 5.803571268916130066e-02 2.257600021362304688e+01 4.897700119018554688e+01 3.447800064086914062e+01
1.600000000000000000e+01 4.464285913854837418e-03 1.945000076293945312e+01 4.670299911499023438e+01 3.521200180053710938e+01
5.000000000000000000e+00 1.339285671710968018e-01 6.750000000000000000e+01 5.076599884033203125e+01 2.804400062561035156e+01
1.600000000000000000e+01 2.767857015132904053e-01 6.706500244140625000e+01 4.804299926757812500e+01 3.079599952697753906e+01
1.200000000000000000e+01 5.178571343421936035e-01 6.343700027465820312e+01 4.912799835205078125e+01 3.100399971008300781e+01
1.400000000000000000e+01 5.223214030265808105e-01 6.165200042724609375e+01 5.080099868774414062e+01 2.816399955749511719e+01
2.200000000000000000e+01 6.919642686843872070e-01 5.790499877929687500e+01 5.142800140380859375e+01 2.805200004577636719e+01
1.300000000000000000e+01 6.339285969734191895e-01 5.574000167846679688e+01 5.236800003051757812e+01 2.496199989318847656e+01
2.200000000000000000e+01 6.964285969734191895e-01 5.220199966430664062e+01 5.359999847412109375e+01 2.538699913024902344e+01
1.200000000000000000e+01 6.473214030265808105e-01 4.951800155639648438e+01 5.290100097656250000e+01 2.288500022888183594e+01
3.000000000000000000e+00 6.250000000000000000e-01 4.576599884033203125e+01 5.409899902343750000e+01 2.306900024414062500e+01
0.000000000000000000e+00 5.491071343421936035e-01 4.273699951171875000e+01 5.254700088500976562e+01 2.147599983215332031e+01
2.200000000000000000e+01 3.794642984867095947e-01 4.052000045776367188e+01 5.580400085449218750e+01 2.167399978637695312e+01
1.000000000000000000e+00 2.276785671710968018e-01 4.266400146484375000e+01 5.781000137329101562e+01 1.929199981689453125e+01
9.000000000000000000e+00 2.633928656578063965e-01 4.438000106811523438e+01 5.469200134277343750e+01 1.773500061035156250e+01
1.700000000000000000e+01 2.723214328289031982e-01 4.781200027465820312e+01 5.590299987792968750e+01 1.826399993896484375e+01
1.600000000000000000e+01 3.571428656578063965e-01 5.076900100708007812e+01 5.614699935913085938e+01 2.056500053405761719e+01
0.000000000000000000e+00 4.776785671710968018e-01 4.997299957275390625e+01 5.806200027465820312e+01 2.388400077819824219e+01
1.100000000000000000e+01 2.991071343421936035e-01 5.164099884033203125e+01 6.137900161743164062e+01 2.467700004577636719e+01
2.000000000000000000e+00 3.125000000000000000e-01 5.233700180053710938e+01 6.262300109863281250e+01 2.825300025939941406e+01
2.200000000000000000e+01 6.160714030265808105e-01 5.176699829101562500e+01 5.941899871826171875e+01 3.035499954223632812e+01
0.000000000000000000e+00 6.428571343421936035e-01 5.342300033569335938e+01 5.927799987792968750e+01 3.378099822998046875e+01
1.400000000000000000e+01 7.544642686843872070e-01 5.459999847412109375e+01 5.619599914550781250e+01 3.547200012207031250e+01
2.200000000000000000e+01 7.276785969734191895e-01 5.880300140380859375e+01 5.188199996948242188e+01 3.914300155639648438e+01
1.500000000000000000e+01 7.098214030265808105e-01 5.882500076293945312e+01 5.048799896240234375e+01 4.260100173950195312e+01
1.000000000000000000e+00 5.803571343421936035e-01 6.129899978637695312e+01 4.793600082397460938e+01 4.408499908447265625e+01
1.300000000000000000e+01 5.580357313156127930e-01 6.053300094604492188e+01 4.532300186157226562e+01 4.669400024414062500e+01
0.000000000000000000e+00 2.857142984867095947e-01 6.258599853515625000e+01 4.523899841308593750e+01 4.991299819946289062e+01
0.000000000000000000e+00 1.071428582072257996e-01 6.373199844360351562e+01 4.246500015258789062e+01 5.230199813842773438e+01
3.000000000000000000e+00 9.375000000000000000e-02 6.124200057983398438e+01 4.354100036621093750e+01 5.498199844360351562e+01
3.000000000000000000e+00 3.258928656578063965e-01 5.849300003051757812e+01 4.363000106811523438e+01 5.224900054931640625e+01
1.800000000000000000e+01 3.482142984867095947e-01 5.856999969482421875e+01 4.746699905395507812e+01 5.184000015258789062e+01
1.900000000000000000e+01 5.937500000000000000e-01 5.764699935913085938e+01 4.871599960327148438e+01 4.818199920654296875e+01
7.000000000000000000e+00 4.464285671710968018e-01 6.026499938964843750e+01 5.153599929809570312e+01 4.771400070190429688e+01
1.600000000000000000e+01 4.821428656578063965e-01 6.013999938964843750e+01 5.410800170898437500e+01 4.497000122070312500e+01
1.500000000000000000e+01 4.375000000000000000e-01 6.281100082397460938e+01 5.310699844360351562e+01 4.254100036621093750e+01
0.000000000000000000e+00 4.196428656578063965e-01 6.253799819946289062e+01 5.540399932861328125e+01 3.948799896240234375e+01
1.700000000000000000e+01 4.955357015132904053e-01 5.989199829101562500e+01 5.751800155639648438e+01 3.753699874877929688e+01
9.000000000000000000e+00 4.241071343421936035e-01 5.935599899291992188e+01 5.922999954223632812e+01 3.419499969482421875e+01
1.300000000000000000e+01 4.330357015132904053e-01 5.683000183105468750e+01 6.044400024414062500e+01 3.159300041198730469e+01
1.800000000000000000e+01 4.151785671710968018e-01 5.624000167846679688e+01 5.938600158691406250e+01 2.790399932861328125e+01
1.700000000000000000e+01 1.517857164144515991e-01 5.758399963378906250e+01 6.146599960327148438e+01 2.501399993896484375e+01
7.000000000000000000e+00 7.142857462167739868e-02 5.584600067138671875e+01 6.248799896240234375e+01 2.176000022888183594e+01
1.700000000000000000e+01 1.160714253783226013e-01 5.669100189208984375e+01 5.904399871826171875e+01 2.038400077819824219e+01
9.000000000000000000e+00 3.526785671710968018e-01 5.496200180053710938e+01 5.775199890136718750e+01 2.357699966430664062e+01
7.000000000000000000e+00 3.705357015132904053e-01 5.816600036621093750e+01 5.600099945068359375e+01 2.463500022888183594e+01
1.200000000000000000e+01 3.928571343421936035e-01 6.005500030517578125e+01 5.638100051879882812e+01 2.785899925231933594e+01
9.000000000000000000e+00 1.383928507566452026e-01 6.584300231933593750e+01 5.686100006103515625e+01 3.123699951171875000e+01
1.200000000000000000e+01 3.348214328289031982e-01 6.422100067138671875e+01 5.473899841308593750e+01 3.403900146484375000e+01
1.800000000000000000e+01 2.232142835855484009e-01 6.729599761962890625e+01 5.323400115966796875e+01 3.545100021362304688e+01
1.800000000000000000e+01 6.250000000000000000e-02 7.086000061035156250e+01 5.220899963378906250e+01 3.440999984741210938e+01
7.000000000000000000e+00 4.464285820722579956e-02 7.203900146484375000e+01 4.864699935913085938e+01 3.407699966430664062e+01
7.000000000000000000e+00 8.928571827709674835e-03 7.449199676513671875e+01 4.925999832153320312e+01 3.698400115966796875e+01
7.000000000000000000e+00 4.017857089638710022e-02 7.167099761962890625e+01 5.010300064086914062e+01 3.939699935913085938e+01
1.500000000000000000e+01 1.651785671710968018e-01 6.928099822998046875e+01 4.750400161743164062e+01 3.790499877929687500e+01
2.200000000000000000e+01 8.928571641445159912e-02 7.036699676513671875e+01 4.470199966430664062e+01 4.026499938964843750e+01
7.000000000000000000e+00 1.875000000000000000e-01 6.823799896240234375e+01 4.155599975585937500e+01 4.133100128173828125e+01
9.000000000000000000e+00 3.839285671710968018e-01 6.488099670410156250e+01 4.213100051879882812e+01 4.289400100708007812e+01
1.100000000000000000e+01 6.517857313156127930e-01 6.122499847412109375e+01 4.220399856567382812e+01 4.230699920654296875e+01
2.000000000000000000e+01 7.410714030265808105e-01 6.004600143432617188e+01 4.534999847412109375e+01 4.054399871826171875e+01
1.300000000000000000e+01 8.973214030265808105e-01 5.672299957275390625e+01 4.675799942016601562e+01 3.932099914550781250e+01
2.200000000000000000e+01 9.107142686843872070e-01 5.566899871826171875e+01 4.943899917602539062e+01 3.679000091552734375e+01
7.000000000000000000e+00 9.330357313156127930e-01 5.268199920654296875e+01 5.166299819946289062e+01 3.783000183105468750e+01
1.100000000000000000e+01 9.062500000000000000e-01 5.126399993896484375e+01 5.369200134277343750e+01 3.493899917602539062e+01
3.000000000000000000e+00 8.258928656578063965e-01 4.902799987792968750e+01 5.670800018310546875e+01 3.604399871826171875e+01
1.800000000000000000e+01 8.616071343421936035e-01 4.620800018310546875e+01 5.580199813842773438e+01 3.357899856567382812e+01
1.300000000000000000e+01 7.812500000000000000e-01 4.328599929809570312e+01 5.756399917602539062e+01 3.527500152587890625e+01
1.700000000000000000e+01 6.026785969734191895e-01 4.482899856567382812e+01 6.113600158691406250e+01 3.489599990844726562e+01
2.000000000000000000e+01 5.848214030265808105e-01 4.498500061035156250e+01 6.051200103759765625e+01 3.109300041198730469e+01
1.900000000000000000e+01 5.535714030265808105e-01 4.113800048828125000e+01 6.010300064086914062e+01 3.094599914550781250e+01
1.300000000000000000e+01 3.437500000000000000e-01 4.018899917602539062e+01 6.310900115966796875e+01 3.348400115966796875e+01
0.000000000000000000e+00 2.455357164144515991e-01 4.251200103759765625e+01 6.547100067138671875e+01 3.149600028991699219e+01
1.200000000000000000e+01 2.098214328289031982e-01 4.065800094604492188e+01 6.431300354003906250e+01 2.823999977111816406e+01
9.000000000000000000e+00 1.250000000000000000e-01 3.716600036621093750e+01 6.483999633789062500e+01 3.010600090026855469e+01
1.100000000000000000e+01 2.946428656578063965e-01 3.630599975585937500e+01 6.113199996948242188e+01 2.977300071716308594e+01
1.700000000000000000e+01 4.598214328289031982e-01 3.543999862670898438e+01 5.882300186157226562e+01 3.281299972534179688e+01
1.600000000000000000e+01 7.008928656578063965e-01 3.808100128173828125e+01 5.619800186157226562e+01 3.397900009155273438e+01
1.500000000000000000e+01 8.080357313156127930e-01 3.762799835205078125e+01 5.277899932861328125e+01 3.550899887084960938e+01
7.000000000000000000e+00 9.017857313156127930e-01 4.322100067138671875e+01 5.350299835205078125e+01 3.904700088500976562e+01
0.000000000000000000e+00 9.821428656578063965e-01 4.792900085449218750e+01 4.992900085449218750e+01 3.481999969482421875e+01
7.000000000000000000e+00 9.955357313156127930e-01 5.024300003051757812e+01 4.783499908447265625e+01 3.700299835205078125e+01
2.200000000000000000e+01 9.732142686843872070e-01 5.290700149536132812e+01 4.523699951171875000e+01 3.590200042724609375e+01
2.200000000000000000e+01 9.553571343421936035e-01 5.468899917602539062e+01 4.327399826049804688e+01 3.874800109863281250e+01
1.500000000000000000e+01 8.392857313156127930e-01 5.761899948120117188e+01 4.095299911499023438e+01 3.773199844360351562e+01
1.800000000000000000e+01 6.696428656578063965e-01 6.104399871826171875e+01 3.964899826049804688e+01 3.879499816894531250e+01
0.000000000000000000e+00 5.044642686843872070e-01 6.429699707031250000e+01 4.090599822998046875e+01 3.734700012207031250e+01
2.000000000000000000e+00 2.589285671710968018e-01 6.751699829101562500e+01 3.927099990844726562e+01 3.623400115966796875e+01
3.000000000000000000e+00 2.008928507566452026e-01 6.699700164794921875e+01 3.609299850463867188e+01 3.838000106811523438e+01
1.700000000000000000e+01 1.026785746216773987e-01 6.751799774169921875e+01 3.372600173950195312e+01 3.541799926757812500e+01
9.000000000000000000e+00 4.910714179277420044e-02 7.047799682617187500e+01 3.585300064086914062e+01 3.410100173950195312e+01
1.600000000000000000e+01 6.696428358554840088e-02 7.076300048828125000e+01 3.966099929809570312e+01 3.343899917602539062e+01
1.000000000000000000e+00 1.919642835855484009e-01 6.811499786376953125e+01 4.103400039672851562e+01 3.104500007629394531e+01
1.000000000000000000e+00 2.901785671710968018e-01 6.666100311279296875e+01 4.422100067138671875e+01 2.954599952697753906e+01
2.000000000000000000e+01 5.625000000000000000e-01 6.279199981689453125e+01 4.431100082397460938e+01 2.954100036621093750e+01
1.800000000000000000e+01 5.892857313156127930e-01 6.064099884033203125e+01 4.608599853515625000e+01 2.690500068664550781e+01
1.100000000000000000e+01 7.901785969734191895e-01 5.698799896240234375e+01 4.688499832153320312e+01 2.802300071716308594e+01
0.000000000000000000e+00 7.857142686843872070e-01 5.419800186157226562e+01 4.774300003051757812e+01 2.565999984741210938e+01
0.000000000000000000e+00 8.794642686843872070e-01 5.088800048828125000e+01 4.890100097656250000e+01 2.709099960327148438e+01
1.200000000000000000e+01 8.303571343421936035e-01 4.742900085449218750e+01 4.944599914550781250e+01 2.544400024414062500e+01
1.200000000000000000e+01 8.214285969734191895e-01 4.482300186157226562e+01 5.191400146484375000e+01 2.689599990844726562e+01
1.700000000000000000e+01 7.455357313156127930e-01 4.094400024414062500e+01 5.234600067138671875e+01 2.666500091552734375e+01
1.600000000000000000e+01 7.321428656578063965e-01 3.861800003051757812e+01 5.348199844360351562e+01 2.961000061035156250e+01
2.000000000000000000e+01 8.035714030265808105e-01 3.729100036621093750e+01 5.004000091552734375e+01 3.040600013732910156e+01
1.700000000000000000e+01 8.883928656578063965e-01 4.005300140380859375e+01 4.783900070190429688e+01 2.918700027465820312e+01
2.000000000000000000e+01 9.419642686843872070e-01 4.377600097656250000e+01 4.754800033569335938e+01 2.900600051879882812e+01
1.700000000000000000e+01 9.375000000000000000e-01 4.649800109863281250e+01 4.517599868774414062e+01 2.787400054931640625e+01
1.800000000000000000e+01 9.508928656578063965e-01 5.018000030517578125e+01 4.481600189208984375e+01 2.859399986267089844e+01
1.800000000000000000e+01 8.571428656578063965e-01 5.304600143432617188e+01 4.281399917602539062e+01 2.704199981689453125e+01
0.000000000000000000e+00 7.589285969734191895e-01 5.669900131225585938e+01 4.224499893188476562e+01 2.742600059509277344e+01
2.200000000000000000e+01 5.714285969734191895e-01 5.975400161743164062e+01 4.111399841308593750e+01 2.557699966430664062e+01
2.200000000000000000e+01 4.419642984867095947e-01 6.277899932861328125e+01 3.990499877929687500e+01 2.750900077819824219e+01
1.800000000000000000e+01 1.830357164144515991e-01 6.613400268554687500e+01 4.062500000000000000e+01 2.586499977111816406e+01
2.000000000000000000e+00 3.571428731083869934e-02 6.960700225830078125e+01 3.904199981689453125e+01 2.641900062561035156e+01
1.600000000000000000e+01 1.339285727590322495e-02 7.284600067138671875e+01 4.119499969482421875e+01 2.686800003051757812e+01
