5.000000000000000000e+00 1.116071417927742004e-01 2.569799995422363281e+01 3.938800048828125000e+01 4.150600051879882812e+01
1.600000000000000000e+01 2.500000000000000000e-01 2.717200088500976562e+01 4.292699813842773438e+01 4.183100128173828125e+01
1.200000000000000000e+01 5.089285969734191895e-01 3.086400032043457031e+01 4.180099868774414062e+01 4.131299972534179688e+01
1.400000000000000000e+01 5.580357313156127930e-01 3.185199928283691406e+01 3.886399841308593750e+01 3.905400085449218750e+01
2.200000000000000000e+01 7.232142686843872070e-01 3.537500000000000000e+01 3.796099853515625000e+01 3.783100128173828125e+01
1.300000000000000000e+01 6.651785969734191895e-01 3.575299835205078125e+01 3.535200119018554688e+01 3.494499969482421875e+01
2.200000000000000000e+01 7.187500000000000000e-01 3.911299896240234375e+01 3.381999969482421875e+01 3.390599822998046875e+01
1.200000000000000000e+01 6.428571343421936035e-01 3.971200180053710938e+01 3.274900054931640625e+01 3.025799942016601562e+01
3.000000000000000000e+00 6.205357313156127930e-01 4.299900054931640625e+01 3.125799942016601562e+01 2.913899993896484375e+01
0.000000000000000000e+00 5.535714030265808105e-01 4.447900009155273438e+01 3.209999847412109375e+01 2.568000030517578125e+01
2.200000000000000000e+01 3.883928656578063965e-01 4.725099945068359375e+01 2.935899925231933594e+01 2.560300064086914062e+01
1.000000000000000000e+00 2.142857164144515991e-01 4.450500106811523438e+01 2.650099945068359375e+01 2.581699943542480469e+01
9.000000000000000000e+00 2.723214328289031982e-01 4.173500061035156250e+01 2.875300025939941406e+01 2.463599967956542969e+01
1.700000000000000000e+01 2.544642984867095947e-01 3.941099929809570312e+01 2.768099975585937500e+01 2.746800041198730469e+01
1.600000000000000000e+01 3.437500000000000000e-01 3.786700057983398438e+01 2.891600036621093750e+01 3.085199928283691406e+01
0.000000000000000000e+00 4.642857015132904053e-01 4.068299865722656250e+01 2.824200057983398438e+01 3.341799926757812500e+01
1.100000000000000000e+01 2.946428656578063965e-01 3.965599822998046875e+01 2.612299919128417969e+01 3.642699813842773438e+01
2.000000000000000000e+00 3.169642984867095947e-01 4.064799880981445312e+01 2.671199989318847656e+01 4.008000183105468750e+01
2.200000000000000000e+01 6.116071343421936035e-01 4.263499832153320312e+01 3.006100082397460938e+01 3.966500091552734375e+01
0.000000000000000000e+00 6.339285969734191895e-01 4.270000076293945312e+01 3.163999938964843750e+01 4.306900024414062500e+01
1.400000000000000000e+01 7.544642686843872070e-01 4.189799880981445312e+01 3.533900070190429688e+01 4.365299987792968750e+01
2.200000000000000000e+01 7.366071343421936035e-01 3.934500122070312500e+01 4.105099868774414062e+01 4.637099838256835938e+01
1.500000000000000000e+01 7.053571343421936035e-01 4.020100021362304688e+01 4.419900131225585938e+01 4.831299972534179688e+01
1.000000000000000000e+00 6.160714030265808105e-01 3.847900009155273438e+01 4.753300094604492188e+01 4.922999954223632812e+01
1.300000000000000000e+01 5.133928656578063965e-01 3.967200088500976562e+01 5.100699996948242188e+01 5.053200149536132812e+01
0.000000000000000000e+00 2.321428507566452026e-01 3.876399993896484375e+01 5.178099822998046875e+01 5.410800170898437500e+01
0.000000000000000000e+00 6.696428358554840088e-02 3.815700149536132812e+01 5.512099838256835938e+01 5.605199813842773438e+01
3.000000000000000000e+00 8.482142537832260132e-02 4.170899963378906250e+01 5.657400131225585938e+01 5.561100006103515625e+01
3.000000000000000000e+00 3.258928656578063965e-01 4.264599990844726562e+01 5.495999908447265625e+01 5.219900131225585938e+01
1.800000000000000000e+01 3.526785671710968018e-01 4.412699890136718750e+01 5.178300094604492188e+01 5.371300125122070312e+01
1.900000000000000000e+01 5.669642686843872070e-01 4.324200057983398438e+01 4.852799987792968750e+01 5.188199996948242188e+01
7.000000000000000000e+00 4.196428656578063965e-01 4.100000000000000000e+01 4.588899993896484375e+01 5.352399826049804688e+01
1.600000000000000000e+01 4.776785671710968018e-01 4.006399917602539062e+01 4.236700057983398438e+01 5.242399978637695312e+01
1.500000000000000000e+01 4.107142984867095947e-01 3.654199981689453125e+01 4.207400131225585938e+01 5.102299880981445312e+01
0.000000000000000000e+00 4.553571343421936035e-01 3.596400070190429688e+01 3.882799911499023438e+01 4.914699935913085938e+01
1.700000000000000000e+01 5.044642686843872070e-01 3.794699859619140625e+01 3.577600097656250000e+01 4.779499816894531250e+01
9.000000000000000000e+00 4.419642984867095947e-01 3.768000030517578125e+01 3.254299926757812500e+01 4.583000183105468750e+01
1.300000000000000000e+01 4.598214328289031982e-01 3.869400024414062500e+01 3.046699905395507812e+01 4.294599914550781250e+01
1.800000000000000000e+01 4.285714328289031982e-01 3.733399963378906250e+01 2.965399932861328125e+01 3.952500152587890625e+01
1.700000000000000000e+01 1.696428507566452026e-01 3.483900070190429688e+01 2.694199943542480469e+01 3.873899841308593750e+01
7.000000000000000000e+00 7.142857462167739868e-02 3.453099822998046875e+01 2.452799987792968750e+01 3.576499938964843750e+01
1.700000000000000000e+01 1.250000000000000000e-01 3.316999816894531250e+01 2.740600013732910156e+01 3.366500091552734375e+01
9.000000000000000000e+00 3.616071343421936035e-01 3.593399810791015625e+01 2.967900085449218750e+01 3.482099914550781250e+01
7.000000000000000000e+00 3.928571343421936035e-01 3.363100051879882812e+01 3.196800041198730469e+01 3.682199859619140625e+01
1.200000000000000000e+01 4.241071343421936035e-01 3.366099929809570312e+01 3.307500076293945312e+01 4.051499938964843750e+01
9.000000000000000000e+00 1.071428582072257996e-01 2.945299911499023438e+01 3.438399887084960938e+01 4.590299987792968750e+01
1.200000000000000000e+01 3.125000000000000000e-01 3.172599983215332031e+01 3.743000030517578125e+01 4.608399963378906250e+01
1.800000000000000000e+01 1.741071492433547974e-01 2.910700035095214844e+01 3.986899948120117188e+01 4.755899810791015625e+01
1.800000000000000000e+01 4.464285820722579956e-02 2.540699958801269531e+01 4.067200088500976562e+01 4.751699829101562500e+01
7.000000000000000000e+00 1.785714365541934967e-02 2.339900016784667969e+01 4.380899810791015625e+01 4.658100128173828125e+01
7.000000000000000000e+00 4.464285913854837418e-03 2.309000015258789062e+01 4.566999816894531250e+01 5.000299835205078125e+01
7.000000000000000000e+00 2.232142910361289978e-02 2.665600013732910156e+01 4.461199951171875000e+01 5.123600006103515625e+01
1.500000000000000000e+01 1.473214328289031982e-01 2.844599914550781250e+01 4.577999877929687500e+01 4.814099884033203125e+01
2.200000000000000000e+01 1.339285671710968018e-01 2.916300010681152344e+01 4.964300155639648438e+01 4.875299835205078125e+01
7.000000000000000000e+00 2.276785671710968018e-01 3.089299964904785156e+01 5.264099884033203125e+01 4.699100112915039062e+01
9.000000000000000000e+00 4.151785671710968018e-01 3.458599853515625000e+01 5.357699966430664062e+01 4.663499832153320312e+01
1.100000000000000000e+01 6.741071343421936035e-01 3.765499877929687500e+01 5.164400100708007812e+01 4.529899978637695312e+01
2.000000000000000000e+01 7.812500000000000000e-01 3.813800048828125000e+01 4.792900085449218750e+01 4.489199829101562500e+01
1.300000000000000000e+01 9.151785969734191895e-01 4.069100189208984375e+01 4.566600036621093750e+01 4.320199966430664062e+01
2.200000000000000000e+01 9.196428656578063965e-01 4.116199874877929688e+01 4.193500137329101562e+01 4.249800109863281250e+01
7.000000000000000000e+00 9.330357313156127930e-01 4.443600082397460938e+01 4.025699996948242188e+01 4.280799865722656250e+01
1.100000000000000000e+01 9.062500000000000000e-01 4.456900024414062500e+01 3.688299942016601562e+01 4.094400024414062500e+01
3.000000000000000000e+00 8.214285969734191895e-01 4.750999832153320312e+01 3.452399826049804688e+01 4.154999923706054688e+01
1.800000000000000000e+01 8.437500000000000000e-01 4.866699981689453125e+01 3.390800094604492188e+01 3.793999862670898438e+01
1.300000000000000000e+01 7.455357313156127930e-01 5.220500183105468750e+01 3.288899993896484375e+01 3.884400177001953125e+01
1.700000000000000000e+01 5.848214030265808105e-01 5.093399810791015625e+01 2.966699981689453125e+01 4.079899978637695312e+01
2.000000000000000000e+01 5.937500000000000000e-01 4.858900070190429688e+01 2.886300086975097656e+01 3.779800033569335938e+01
1.900000000000000000e+01 5.625000000000000000e-01 5.158700180053710938e+01 2.892600059509277344e+01 3.539199829101562500e+01
1.300000000000000000e+01 3.482142984867095947e-01 5.396500015258789062e+01 2.714399909973144531e+01 3.788700103759765625e+01
0.000000000000000000e+00 2.232142835855484009e-01 5.137400054931640625e+01 2.439699935913085938e+01 3.881499862670898438e+01
1.200000000000000000e+01 2.008928507566452026e-01 5.086700057983398438e+01 2.387599945068359375e+01 3.507600021362304688e+01
9.000000000000000000e+00 1.294642835855484009e-01 5.465200042724609375e+01 2.373800086975097656e+01 3.463399887084960938e+01
1.100000000000000000e+01 2.991071343421936035e-01 5.515299987792968750e+01 2.700300025939941406e+01 3.249900054931640625e+01
1.700000000000000000e+01 4.330357015132904053e-01 5.747200012207031250e+01 2.989200019836425781e+01 3.318099975585937500e+01
1.600000000000000000e+01 6.875000000000000000e-01 5.560400009155273438e+01 3.315000152587890625e+01 3.397700119018554688e+01
1.500000000000000000e+01 7.857142686843872070e-01 5.671099853515625000e+01 3.670800018310546875e+01 3.368700027465820312e+01
7.000000000000000000e+00 8.973214030265808105e-01 5.353099822998046875e+01 3.789400100708007812e+01 3.970199966430664062e+01
0.000000000000000000e+00 9.732142686843872070e-01 4.729999923706054688e+01 3.963999938964843750e+01 3.749100112915039062e+01
7.000000000000000000e+00 9.955357313156127930e-01 4.591500091552734375e+01 4.270000076293945312e+01 3.921200180053710938e+01
2.200000000000000000e+01 9.821428656578063965e-01 4.305699920654296875e+01 4.510699844360351562e+01 3.837300109863281250e+01
2.200000000000000000e+01 9.687500000000000000e-01 4.173400115966796875e+01 4.825199890136718750e+01 4.016999816894531250e+01
1.500000000000000000e+01 8.750000000000000000e-01 3.839899826049804688e+01 5.015599822998046875e+01 3.989799880981445312e+01
1.800000000000000000e+01 6.830357313156127930e-01 3.595899963378906250e+01 5.273400115966796875e+01 4.170600128173828125e+01
0.000000000000000000e+00 5.312500000000000000e-01 3.257099914550781250e+01 5.101699829101562500e+01 4.230500030517578125e+01
2.000000000000000000e+00 2.812500000000000000e-01 2.923299980163574219e+01 5.301599884033203125e+01 4.220500183105468750e+01
3.000000000000000000e+00 2.455357164144515991e-01 3.039699935913085938e+01 5.647399902343750000e+01 4.105400085449218750e+01
1.700000000000000000e+01 1.651785671710968018e-01 2.818199920654296875e+01 5.619599914550781250e+01 3.790900039672851562e+01
9.000000000000000000e+00 5.803571268916130066e-02 2.536499977111816406e+01 5.480300140380859375e+01 4.027399826049804688e+01
1.600000000000000000e+01 8.035714179277420044e-02 2.490900039672851562e+01 5.125699996948242188e+01 4.172200012207031250e+01
1.000000000000000000e+00 1.875000000000000000e-01 2.607799911499023438e+01 4.876499938964843750e+01 3.911000061035156250e+01
1.000000000000000000e+00 2.633928656578063965e-01 2.664999961853027344e+01 4.508300018310546875e+01 3.820800018310546875e+01
2.000000000000000000e+01 5.401785969734191895e-01 3.031500053405761719e+01 4.449200057983398438e+01 3.719900131225585938e+01
1.800000000000000000e+01 6.383928656578063965e-01 3.191799926757812500e+01 4.165399932861328125e+01 3.538999938964843750e+01
1.100000000000000000e+01 8.169642686843872070e-01 3.572999954223632812e+01 4.156499862670898438e+01 3.509700012207031250e+01
0.000000000000000000e+00 7.901785969734191895e-01 3.649900054931640625e+01 3.939199829101562500e+01 3.204999923706054688e+01
0.000000000000000000e+00 8.794642686843872070e-01 4.017399978637695312e+01 3.841099929809570312e+01 3.212500000000000000e+01
1.200000000000000000e+01 8.258928656578063965e-01 4.220299911499023438e+01 3.679399871826171875e+01 2.927400016784667969e+01
1.200000000000000000e+01 8.303571343421936035e-01 4.545800018310546875e+01 3.503300094604492188e+01 3.036000061035156250e+01
1.700000000000000000e+01 7.767857313156127930e-01 4.887799835205078125e+01 3.448400115966796875e+01 2.861300086975097656e+01
1.600000000000000000e+01 7.276785969734191895e-01 5.229899978637695312e+01 3.373199844360351562e+01 3.023299980163574219e+01
2.000000000000000000e+01 7.991071343421936035e-01 5.392900085449218750e+01 3.699599838256835938e+01 2.917200088500976562e+01
1.700000000000000000e+01 8.928571343421936035e-01 5.081499862670898438e+01 3.910800170898437500e+01 2.856699943542480469e+01
2.000000000000000000e+01 9.642857313156127930e-01 4.743500137329101562e+01 3.985599899291992188e+01 3.023800086975097656e+01
1.700000000000000000e+01 9.419642686843872070e-01 4.424599838256835938e+01 4.162599945068359375e+01 2.911899948120117188e+01
1.800000000000000000e+01 9.553571343421936035e-01 4.117499923706054688e+01 4.268799972534179688e+01 3.118000030517578125e+01
1.800000000000000000e+01 8.482142686843872070e-01 3.776699829101562500e+01 4.388600158691406250e+01 2.990099906921386719e+01
0.000000000000000000e+00 7.946428656578063965e-01 3.515100097656250000e+01 4.522800064086914062e+01 3.236600112915039062e+01
2.200000000000000000e+01 5.892857313156127930e-01 3.140299987792968750e+01 4.495500183105468750e+01 3.159000015258789062e+01
2.200000000000000000e+01 4.687500000000000000e-01 2.940600013732910156e+01 4.754100036621093750e+01 3.352199935913085938e+01
1.800000000000000000e+01 1.919642835855484009e-01 2.574300003051757812e+01 4.647299957275390625e+01 3.369400024414062500e+01
2.000000000000000000e+00 4.910714179277420044e-02 2.278199958801269531e+01 4.870199966430664062e+01 3.489500045776367188e+01
1.600000000000000000e+01 1.339285727590322495e-02 2.038400077819824219e+01 4.649499893188476562e+01 3.717599868774414062e+01
5.000000000000000000e+00 1.026785746216773987e-01 6.762799835205078125e+01 4.991299819946289062e+01 2.688599967956542969e+01
1.600000000000000000e+01 2.187500000000000000e-01 6.734500122070312500e+01 4.765299987792968750e+01 2.996400070190429688e+01
1.200000000000000000e+01 4.955357015132904053e-01 6.368099975585937500e+01 4.827299880981445312e+01 3.085799980163574219e+01
1.400000000000000000e+01 5.267857313156127930e-01 6.152000045776367188e+01 5.068700027465820312e+01 2.882299995422363281e+01
2.200000000000000000e+01 7.008928656578063965e-01 5.778499984741210938e+01 5.132099914550781250e+01 2.934600067138671875e+01
1.300000000000000000e+01 6.696428656578063965e-01 5.576800155639648438e+01 5.200600051879882812e+01 2.617200088500976562e+01
2.200000000000000000e+01 7.410714030265808105e-01 5.212099838256835938e+01 5.305400085449218750e+01 2.650600051879882812e+01
1.200000000000000000e+01 6.607142686843872070e-01 4.953499984741210938e+01 5.288999938964843750e+01 2.354100036621093750e+01
3.000000000000000000e+00 6.250000000000000000e-01 4.593799972534179688e+01 5.411000061035156250e+01 2.322999954223632812e+01
0.000000000000000000e+00 5.491071343421936035e-01 4.339599990844726562e+01 5.206100082397460938e+01 2.134700012207031250e+01
2.200000000000000000e+01 3.348214328289031982e-01 4.086800003051757812e+01 5.490700149536132812e+01 2.065099906921386719e+01
1.000000000000000000e+00 1.785714328289031982e-01 4.317800140380859375e+01 5.699900054931640625e+01 1.849399948120117188e+01
9.000000000000000000e+00 2.857142984867095947e-01 4.532300186157226562e+01 5.390299987792968750e+01 1.765099906921386719e+01
1.700000000000000000e+01 2.901785671710968018e-01 4.864300155639648438e+01 5.539500045776367188e+01 1.870199966430664062e+01
1.600000000000000000e+01 3.794642984867095947e-01 5.125000000000000000e+01 5.614400100708007812e+01 2.145800018310546875e+01
0.000000000000000000e+00 5.223214030265808105e-01 4.994300079345703125e+01 5.752199935913085938e+01 2.474300003051757812e+01
1.100000000000000000e+01 3.303571343421936035e-01 5.165200042724609375e+01 6.066199874877929688e+01 2.553700065612792969e+01
2.000000000000000000e+00 3.705357015132904053e-01 5.217800140380859375e+01 6.183499908447265625e+01 2.917099952697753906e+01
2.200000000000000000e+01 6.473214030265808105e-01 5.099599838256835938e+01 5.875199890136718750e+01 3.097100067138671875e+01
0.000000000000000000e+00 6.517857313156127930e-01 5.253099822998046875e+01 5.905599975585937500e+01 3.459299850463867188e+01
1.400000000000000000e+01 7.589285969734191895e-01 5.407099914550781250e+01 5.610900115966796875e+01 3.650799942016601562e+01
2.200000000000000000e+01 7.142857313156127930e-01 5.849300003051757812e+01 5.224300003051757812e+01 3.986600112915039062e+01
1.500000000000000000e+01 6.919642686843872070e-01 5.895899963378906250e+01 5.024800109863281250e+01 4.292300033569335938e+01
1.000000000000000000e+00 5.803571343421936035e-01 6.147600173950195312e+01 4.763800048828125000e+01 4.382500076293945312e+01
1.300000000000000000e+01 5.357142686843872070e-01 6.049300003051757812e+01 4.494900131225585938e+01 4.649200057983398438e+01
0.000000000000000000e+00 2.678571343421936035e-01 6.271099853515625000e+01 4.443199920654296875e+01 4.954100036621093750e+01
0.000000000000000000e+00 1.205357164144515991e-01 6.376900100708007812e+01 4.102899932861328125e+01 5.090200042724609375e+01
3.000000000000000000e+00 9.821428358554840088e-02 6.128699874877929688e+01 4.128900146484375000e+01 5.382699966430664062e+01
3.000000000000000000e+00 3.571428656578063965e-01 5.863100051879882812e+01 4.211299896240234375e+01 5.109600067138671875e+01
1.800000000000000000e+01 3.392857015132904053e-01 5.810200119018554688e+01 4.574000167846679688e+01 5.194699859619140625e+01
1.900000000000000000e+01 5.714285969734191895e-01 5.767200088500976562e+01 4.756700134277343750e+01 4.863000106811523438e+01
7.000000000000000000e+00 4.062500000000000000e-01 6.022299957275390625e+01 5.047499847412109375e+01 4.816299819946289062e+01
1.600000000000000000e+01 4.910714328289031982e-01 5.978300094604492188e+01 5.334000015258789062e+01 4.543099975585937500e+01
1.500000000000000000e+01 3.035714328289031982e-01 6.289199829101562500e+01 5.463999938964843750e+01 4.364400100708007812e+01
0.000000000000000000e+00 3.660714328289031982e-01 6.179299926757812500e+01 5.619400024414062500e+01 4.036700057983398438e+01
1.700000000000000000e+01 5.000000000000000000e-01 5.865100097656250000e+01 5.792599868774414062e+01 3.889300155639648438e+01
9.000000000000000000e+00 4.375000000000000000e-01 5.806900024414062500e+01 5.981200027465820312e+01 3.556600189208984375e+01
1.300000000000000000e+01 4.821428656578063965e-01 5.593299865722656250e+01 6.016799926757812500e+01 3.243700027465820312e+01
1.800000000000000000e+01 4.866071343421936035e-01 5.565700149536132812e+01 5.883599853515625000e+01 2.877599906921386719e+01
1.700000000000000000e+01 2.053571492433547974e-01 5.708200073242187500e+01 6.090599822998046875e+01 2.596500015258789062e+01
7.000000000000000000e+00 8.928571641445159912e-02 5.556399917602539062e+01 6.195000076293945312e+01 2.260400009155273438e+01
1.700000000000000000e+01 1.383928507566452026e-01 5.686399841308593750e+01 5.863700103759765625e+01 2.116699981689453125e+01
9.000000000000000000e+00 4.017857015132904053e-01 5.488499832153320312e+01 5.706600189208984375e+01 2.414800071716308594e+01
7.000000000000000000e+00 4.464285671710968018e-01 5.789899826049804688e+01 5.552399826049804688e+01 2.564500045776367188e+01
1.200000000000000000e+01 4.508928656578063965e-01 5.959999847412109375e+01 5.628599929809570312e+01 2.893899917602539062e+01
9.000000000000000000e+00 1.562500000000000000e-01 6.577799987792968750e+01 5.631299972534179688e+01 3.180999946594238281e+01
1.200000000000000000e+01 3.214285671710968018e-01 6.401699829101562500e+01 5.465700149536132812e+01 3.462500000000000000e+01
1.800000000000000000e+01 2.098214328289031982e-01 6.704499816894531250e+01 5.259799957275390625e+01 3.550999832153320312e+01
1.800000000000000000e+01 5.357142910361289978e-02 7.064800262451171875e+01 5.160499954223632812e+01 3.445100021362304688e+01
7.000000000000000000e+00 3.125000000000000000e-02 7.203900146484375000e+01 4.821099853515625000e+01 3.372900009155273438e+01
7.000000000000000000e+00 8.928571827709674835e-03 7.448200225830078125e+01 4.839599990844726562e+01 3.677000045776367188e+01
7.000000000000000000e+00 4.017857089638710022e-02 7.148999786376953125e+01 4.944699859619140625e+01 3.904499816894531250e+01
1.500000000000000000e+01 1.607142835855484009e-01 6.918199920654296875e+01 4.676499938964843750e+01 3.748400115966796875e+01
2.200000000000000000e+01 9.375000000000000000e-02 6.992099761962890625e+01 4.355599975585937500e+01 3.962599945068359375e+01
7.000000000000000000e+00 1.964285671710968018e-01 6.786299896240234375e+01 4.042699813842773438e+01 4.001699829101562500e+01
9.000000000000000000e+00 3.973214328289031982e-01 6.450299835205078125e+01 4.090499877929687500e+01 4.173400115966796875e+01
1.100000000000000000e+01 6.562500000000000000e-01 6.083499908447265625e+01 4.184999847412109375e+01 4.162900161743164062e+01
2.000000000000000000e+01 7.500000000000000000e-01 5.984000015258789062e+01 4.523199844360351562e+01 4.012400054931640625e+01
1.300000000000000000e+01 8.839285969734191895e-01 5.645600128173828125e+01 4.692200088500976562e+01 4.004700088500976562e+01
2.200000000000000000e+01 9.107142686843872070e-01 5.554000091552734375e+01 4.965700149536132812e+01 3.748899841308593750e+01
7.000000000000000000e+00 9.285714030265808105e-01 5.244599914550781250e+01 5.150400161743164062e+01 3.876599884033203125e+01
1.100000000000000000e+01 9.241071343421936035e-01 5.102199935913085938e+01 5.329700088500976562e+01 3.577799987792968750e+01
3.000000000000000000e+00 8.571428656578063965e-01 4.839699935913085938e+01 5.594100189208984375e+01 3.627099990844726562e+01
1.800000000000000000e+01 8.660714030265808105e-01 4.613600158691406250e+01 5.545700073242187500e+01 3.321799850463867188e+01
1.300000000000000000e+01 7.723214030265808105e-01 4.316299819946289062e+01 5.733700180053710938e+01 3.468899917602539062e+01
1.700000000000000000e+01 6.071428656578063965e-01 4.482799911499023438e+01 6.072900009155273438e+01 3.432099914550781250e+01
2.000000000000000000e+01 6.026785969734191895e-01 4.548400115966796875e+01 6.012400054931640625e+01 3.059199905395507812e+01
1.900000000000000000e+01 5.758928656578063965e-01 4.179999923706054688e+01 5.945700073242187500e+01 3.007999992370605469e+01
1.300000000000000000e+01 3.839285671710968018e-01 4.072399902343750000e+01 6.229299926757812500e+01 3.244800186157226562e+01
0.000000000000000000e+00 2.410714328289031982e-01 4.291899871826171875e+01 6.467500305175781250e+01 3.041900062561035156e+01
1.200000000000000000e+01 1.830357164144515991e-01 4.078300094604492188e+01 6.375500106811523438e+01 2.745199966430664062e+01
9.000000000000000000e+00 1.160714253783226013e-01 3.736899948120117188e+01 6.425599670410156250e+01 2.931399917602539062e+01
1.100000000000000000e+01 3.080357015132904053e-01 3.664199829101562500e+01 6.056200027465820312e+01 2.949699974060058594e+01
1.700000000000000000e+01 4.732142984867095947e-01 3.598899841308593750e+01 5.876100158691406250e+01 3.288199996948242188e+01
1.600000000000000000e+01 6.964285969734191895e-01 3.772100067138671875e+01 5.536899948120117188e+01 3.284899902343750000e+01
1.500000000000000000e+01 7.678571343421936035e-01 3.648400115966796875e+01 5.248099899291992188e+01 3.508399963378906250e+01
7.000000000000000000e+00 8.883928656578063965e-01 4.214799880981445312e+01 5.366699981689453125e+01 3.811500167846679688e+01
0.000000000000000000e+00 9.866071343421936035e-01 4.739599990844726562e+01 4.940499877929687500e+01 3.543600082397460938e+01
7.000000000000000000e+00 9.910714030265808105e-01 4.971599960327148438e+01 4.792399978637695312e+01 3.818099975585937500e+01
2.200000000000000000e+01 9.776785969734191895e-01 5.228499984741210938e+01 4.566899871826171875e+01 3.668799972534179688e+01
2.200000000000000000e+01 9.508928656578063965e-01 5.472600173950195312e+01 4.331499862670898438e+01 3.850199890136718750e+01
1.500000000000000000e+01 8.526785969734191895e-01 5.751699829101562500e+01 4.105500030517578125e+01 3.712599945068359375e+01
1.800000000000000000e+01 6.785714030265808105e-01 6.044499969482421875e+01 3.892200088500976562e+01 3.805099868774414062e+01
0.000000000000000000e+00 5.446428656578063965e-01 6.337200164794921875e+01 4.053200149536132812e+01 3.619100189208984375e+01
2.000000000000000000e+00 2.767857015132904053e-01 6.682399749755859375e+01 3.907899856567382812e+01 3.513399887084960938e+01
3.000000000000000000e+00 2.589285671710968018e-01 6.562400054931640625e+01 3.554000091552734375e+01 3.608200073242187500e+01
1.700000000000000000e+01 7.589285820722579956e-02 6.794599914550781250e+01 3.354600143432617188e+01 3.366999816894531250e+01
9.000000000000000000e+00 3.571428731083869934e-02 7.048400115966796875e+01 3.651399993896484375e+01 3.360599899291992188e+01
1.600000000000000000e+01 6.250000000000000000e-02 7.048000335693359375e+01 4.010499954223632812e+01 3.212400054931640625e+01
1.000000000000000000e+00 1.517857164144515991e-01 6.792700195312500000e+01 4.071400070190429688e+01 2.934900093078613281e+01
1.000000000000000000e+00 2.366071492433547974e-01 6.625900268554687500e+01 4.368099975585937500e+01 2.750399971008300781e+01
2.000000000000000000e+01 5.178571343421936035e-01 6.266299819946289062e+01 4.434799957275390625e+01 2.865699958801269531e+01
1.800000000000000000e+01 6.294642686843872070e-01 6.001200103759765625e+01 4.639500045776367188e+01 2.703400039672851562e+01
1.100000000000000000e+01 8.125000000000000000e-01 5.659099960327148438e+01 4.653400039672851562e+01 2.856599998474121094e+01
0.000000000000000000e+00 8.035714030265808105e-01 5.396799850463867188e+01 4.752099990844726562e+01 2.598100090026855469e+01
0.000000000000000000e+00 9.017857313156127930e-01 5.061700057983398438e+01 4.858100128173828125e+01 2.741500091552734375e+01
1.200000000000000000e+01 8.392857313156127930e-01 4.745700073242187500e+01 4.914099884033203125e+01 2.541500091552734375e+01
1.200000000000000000e+01 8.348214030265808105e-01 4.476100158691406250e+01 5.144499969482421875e+01 2.685099983215332031e+01
1.700000000000000000e+01 7.321428656578063965e-01 4.105199813842773438e+01 5.227799987792968750e+01 2.632500076293945312e+01
1.600000000000000000e+01 7.098214030265808105e-01 3.845199966430664062e+01 5.335100173950195312e+01 2.896400070190429688e+01
2.000000000000000000e+01 7.633928656578063965e-01 3.671900177001953125e+01 4.994300079345703125e+01 2.983900070190429688e+01
1.700000000000000000e+01 8.705357313156127930e-01 3.958900070190429688e+01 4.754000091552734375e+01 2.868899917602539062e+01
2.000000000000000000e+01 9.375000000000000000e-01 4.336800003051757812e+01 4.731600189208984375e+01 2.874799919128417969e+01
1.700000000000000000e+01 9.464285969734191895e-01 4.614599990844726562e+01 4.500099945068359375e+01 2.794199943542480469e+01
1.800000000000000000e+01 9.598214030265808105e-01 4.979000091552734375e+01 4.454199981689453125e+01 2.855299949645996094e+01
1.800000000000000000e+01 8.616071343421936035e-01 5.256399917602539062e+01 4.247100067138671875e+01 2.686000061035156250e+01
0.000000000000000000e+00 8.080357313156127930e-01 5.616199874877929688e+01 4.233200073242187500e+01 2.803000068664550781e+01
2.200000000000000000e+01 5.982142686843872070e-01 5.864599990844726562e+01 4.146300125122070312e+01 2.518899917602539062e+01
2.200000000000000000e+01 3.750000000000000000e-01 6.211999893188476562e+01 4.001499938964843750e+01 2.574900054931640625e+01
1.800000000000000000e+01 1.428571492433547974e-01 6.512200164794921875e+01 4.088899993896484375e+01 2.353300094604492188e+01
2.000000000000000000e+00 2.678571455180644989e-02 6.860600280761718750e+01 3.918500137329101562e+01 2.409099960327148438e+01
1.600000000000000000e+01 0.000000000000000000e+00 7.218199920654296875e+01 4.059600067138671875e+01 2.431999969482421875e+01
