1 1 14 0 0.0 0 0 28.481 31.497 55.372
1 2 18 0 0.053892215568862256 0 0 30.891 33.135 53.045
1 3 7 0 0.281437125748503 0 0 29.348 34.611 49.836
1 4 20 0 0.5808383233532934 0 0 31.137 35.115 46.568
1 5 13 0 0.7005988023952096 0 0 29.640 37.369 43.985
1 6 12 0 0.9101796407185628 0 0 30.695 36.174 40.586
1 7 22 0 0.9580838323353293 0 0 30.285 37.784 37.193
1 8 22 0 0.9820359281437125 0 0 30.316 36.018 33.898
1 9 22 0 0.9700598802395209 0 0 31.621 38.221 31.187
1 10 9 0 0.9401197604790419 0 0 32.344 37.649 27.580
1 11 0 0 0.8083832335329342 0 0 31.611 38.270 23.858
1 12 9 0 0.6407185628742516 0 0 28.349 37.365 22.289
1 13 9 0 0.592814371257485 0 0 28.223 33.696 21.358
1 14 22 0 0.7964071856287425 0 0 31.139 32.239 23.330
1 15 9 0 0.7844311377245509 0 0 28.772 29.825 24.931
1 16 13 0 0.9281437125748503 0 0 29.003 31.925 28.109
1 17 17 0 0.8502994011976048 0 0 25.570 31.299 29.492
1 18 0 0 0.7245508982035929 0 0 25.694 27.617 28.506
1 19 12 0 0.8622754491017964 0 0 28.993 27.268 30.277
1 20 18 0 0.8922155688622755 0 0 27.347 28.794 33.357
1 21 11 0 0.6646706586826348 0 0 24.177 26.766 33.487
1 22 6 0 0.5868263473053892 0 0 26.047 23.525 32.753
1 23 12 0 0.6706586826347305 0 0 27.948 24.153 35.953
1 24 11 0 0.5209580838323353 0 0 24.796 24.489 38.039
1 25 6 0 0.28742514970059885 0 0 22.138 22.375 36.346
1 26 2 0 0.2574850299401197 0 0 24.535 19.829 34.838
1 27 10 0 0.15568862275449102 0 0 23.053 20.083 31.346
1 28 15 0 0.32335329341317365 0 0 23.810 22.138 28.246
1 29 22 0 0.2694610778443114 0 0 20.871 24.529 27.795
1 30 3 0 0.17964071856287422 0 0 21.315 25.677 24.275
1 31 7 0 0.10179640718562877 0 0 18.390 28.079 24.419
1 32 20 0 0.16766467065868274 0 0 18.427 31.894 24.609
1 33 3 0 0.2335329341317366 0 0 17.564 34.287 27.414
1 34 16 0 0.3772455089820359 0 0 19.237 37.545 28.071
1 35 18 0 0.47904191616766467 0 0 19.603 36.999 31.797
1 36 11 0 0.3652694610778443 0 0 19.020 40.532 33.120
1 37 7 0 0.18562874251497008 0 0 17.466 40.270 36.558
1 38 3 0 0.3173652694610779 0 0 17.612 36.441 36.497
1 39 17 0 0.5029940119760479 0 0 20.470 35.079 38.577
1 40 20 0 0.5089820359281436 0 0 21.324 31.732 39.851
1 41 1 0 0.49101796407185627 0 0 23.393 30.649 42.833
1 42 13 0 0.41916167664670656 0 0 25.124 27.560 44.153
1 43 6 0 0.20958083832335328 0 0 26.656 26.441 47.401
1 44 22 0 0.24550898203592808 0 0 29.808 24.405 47.049
1 45 22 0 0.08982035928143717 0 0 32.624 22.775 48.954
1 46 11 0 0.23952095808383234 0 0 35.805 24.371 47.533
1 47 3 0 0.0718562874251496 0 0 39.234 23.390 48.820
1 48 9 0 0.0059880239520957446 0 0 37.906 22.381 52.152
1 49 7 0 0.029940119760479056 0 0 35.674 25.307 52.697
1 50 18 0 0.03592814371257491 0 0 32.015 25.469 51.928
1 51 5 0 0.14371257485029942 0 0 30.774 28.683 50.387
1 52 12 0 0.33532934131736525 0 0 27.976 30.261 48.275
1 53 12 0 0.6467065868263473 0 0 28.654 31.152 44.648
1 54 3 0 0.6347305389221557 0 0 26.137 33.746 43.668
1 55 11 0 0.8323353293413174 0 0 26.394 34.362 40.081
1 56 12 0 0.8562874251497006 0 0 25.730 37.278 37.716
1 57 3 0 0.874251497005988 0 0 25.344 37.106 33.911
1 58 18 0 0.844311377245509 0 0 26.091 39.803 31.449
1 59 0 0 0.5748502994011976 0 0 22.622 41.361 30.972
1 60 9 0 0.39520958083832336 0 0 21.342 41.649 27.436
1 61 6 0 0.37125748502994016 0 0 23.298 42.157 24.276
1 62 7 0 0.4491017964071856 0 0 26.852 43.364 23.841
1 63 7 0 0.21556886227544902 0 0 26.142 47.094 24.169
1 64 20 0 0.16167664670658677 0 0 26.666 49.531 27.077
1 65 17 0 0.12574850299401197 0 0 24.089 49.638 29.771
1 66 0 0 0.06586826347305386 0 0 23.268 50.864 33.222
1 67 14 0 0.20359281437125742 0 0 22.018 47.443 34.133
1 68 1 0 0.4970059880239521 0 0 25.341 45.947 33.085
1 69 3 0 0.4011976047904191 0 0 27.366 48.490 35.021
1 70 6 0 0.3053892215568862 0 0 25.212 47.921 38.083
1 71 20 0 0.5508982035928144 0 0 25.474 44.207 37.993
1 72 14 0 0.7365269461077844 0 0 29.265 44.239 37.406
1 73 1 0 0.4730538922155688 0 0 29.837 46.701 40.246
1 74 18 0 0.45508982035928147 0 0 27.844 44.401 42.503
1 75 9 0 0.7425149700598803 0 0 30.266 41.629 41.699
1 76 7 0 0.6946107784431137 0 0 33.456 40.494 43.472
1 77 9 0 0.8862275449101796 0 0 35.253 38.276 40.968
1 78 15 0 0.9640718562874252 0 0 35.203 38.416 37.262
1 79 12 0 0.9940119760479041 0 0 34.982 35.391 35.123
1 80 5 0 0.9880239520958084 0 0 36.003 36.517 31.774
1 81 22 0 0.9760479041916168 0 0 35.405 34.138 28.953
1 82 15 0 0.8982035928143712 0 0 36.381 34.105 25.331
1 83 0 0 0.7544910179640718 0 0 36.158 31.403 22.723
1 84 11 0 0.5149700598802396 0 0 39.421 30.113 21.081
1 85 2 0 0.2934131736526946 0 0 37.836 29.884 17.586
1 86 2 0 0.3413173652694611 0 0 37.071 33.548 17.296
1 87 18 0 0.26347305389221565 0 0 39.811 36.161 17.358
1 88 13 0 0.29940119760479034 0 0 37.205 38.856 17.625
1 89 17 0 0.6107784431137725 0 0 36.241 37.492 21.000
1 90 15 0 0.6227544910179641 0 0 39.759 37.563 22.309
1 91 7 0 0.4131736526946108 0 0 40.390 41.127 21.249
1 92 3 0 0.5988023952095809 0 0 37.624 42.216 23.514
1 93 11 0 0.8143712574850299 0 0 38.993 40.830 26.831
1 94 10 0 0.5688622754491017 0 0 40.959 44.022 27.220
1 95 10 0 0.5389221556886228 0 0 37.751 46.071 26.818
1 96 20 0 0.8023952095808383 0 0 35.739 43.948 29.206
1 97 1 0 0.7664670658682635 0 0 38.530 44.196 31.720
1 98 7 0 0.4850299401197605 0 0 38.667 47.935 31.292
1 99 6 0 0.5329341317365269 0 0 34.967 48.289 31.783
1 100 11 0 0.6826347305389222 0 0 35.336 46.103 34.868
1 101 13 0 0.437125748502994 0 0 37.919 48.470 36.301
1 102 1 0 0.22754491017964074 0 0 35.739 51.485 35.545
1 103 22 0 0.3532934131736526 0 0 32.696 50.093 37.238
1 104 13 0 0.35928143712574856 0 0 34.385 48.861 40.398
1 105 3 0 0.09580838323353291 0 0 36.515 51.993 40.793
1 106 17 0 0.14970059880239517 0 0 39.469 49.762 41.089
1 107 7 0 0.27544910179640725 0 0 42.311 47.983 39.453
1 108 3 0 0.34730538922155685 0 0 42.776 45.217 41.878
1 109 22 0 0.6167664670658684 0 0 39.644 43.070 41.203
1 110 16 0 0.7724550898203593 0 0 39.997 39.266 41.001
1 111 14 0 0.9041916167664671 0 0 39.789 37.955 37.554
1 112 22 0 0.9461077844311377 0 0 40.301 34.693 35.746
1 113 12 0 0.9341317365269461 0 0 40.660 34.465 32.011
1 114 22 0 0.9520958083832335 0 0 38.770 31.565 30.427
1 115 9 0 0.8682634730538922 0 0 38.657 30.127 27.031
1 116 2 0 0.8383233532934131 0 0 35.686 28.090 25.963
1 117 13 0 0.562874251497006 0 0 35.872 25.729 23.129
1 118 5 0 0.4610778443113772 0 0 39.211 24.412 23.969
1 119 3 0 0.17365269461077848 0 0 38.833 20.718 23.018
1 120 12 0 0.07784431137724557 0 0 38.893 21.722 19.371
1 121 16 0 0.017964071856287345 0 0 42.296 20.973 17.904
1 122 17 0 0.0119760479041916 0 0 42.710 24.095 15.707
1 123 1 0 0.059880239520958 0 0 42.439 27.660 16.861
1 124 18 0 0.041916167664670656 0 0 42.495 31.094 15.362
1 125 22 0 0.19760479041916168 0 0 43.478 32.553 18.692
1 126 3 0 0.08383233532934131 0 0 47.202 32.222 19.354
1 127 18 0 0.13772455089820357 0 0 47.929 30.410 22.645
1 128 13 0 0.04790419161676651 0 0 51.129 32.377 23.160
1 129 6 0 0.10778443113772451 0 0 49.261 35.629 22.790
1 130 0 0 0.4251497005988024 0 0 46.711 34.384 25.242
1 131 6 0 0.3293413173652695 0 0 49.364 33.250 27.691
1 132 3 0 0.11976047904191622 0 0 51.303 36.484 27.280
1 133 12 0 0.3892215568862275 0 0 48.042 38.350 27.925
1 134 0 0 0.5449101796407185 0 0 47.542 36.072 30.952
1 135 1 0 0.25149700598802394 0 0 50.913 37.104 32.212
1 136 17 0 0.19161676646706582 0 0 50.250 40.696 31.167
1 137 20 0 0.44311377245508976 0 0 47.233 41.027 33.386
1 138 9 0 0.38323353293413165 0 0 48.879 38.728 35.946
1 139 11 0 0.658682634730539 0 0 46.062 36.183 35.935
1 140 16 0 0.688622754491018 0 0 45.325 32.557 35.660
1 141 15 0 0.7604790419161677 0 0 44.433 31.291 32.180
1 142 11 0 0.8203592814371258 0 0 42.148 28.240 31.985
1 143 7 0 0.7305389221556886 0 0 41.073 26.345 28.978
1 144 18 0 0.7784431137724551 0 0 37.504 24.964 29.219
1 145 17 0 0.6287425149700598 0 0 34.900 23.098 27.225
1 146 0 0 0.6766467065868262 0 0 31.255 23.856 28.133
1 147 13 0 0.40718562874251496 0 0 29.563 21.030 26.380
1 148 18 0 0.221556886227545 0 0 31.588 18.135 27.517
1 149 1 0 0.46706586826347307 0 0 32.367 19.953 30.754
1 150 6 0 0.43113772455089827 0 0 36.134 19.548 30.769
1 151 9 0 0.652694610778443 0 0 37.753 22.202 32.884
1 152 22 0 0.8263473053892215 0 0 34.574 24.193 33.624
1 153 3 0 0.7125748502994012 0 0 34.826 23.303 37.313
1 154 3 0 0.718562874251497 0 0 38.456 24.264 37.175
1 155 0 0 0.9161676646706587 0 0 37.614 27.748 36.039
1 156 15 0 0.9221556886227544 0 0 35.117 28.555 38.821
1 157 20 0 0.7485029940119761 0 0 37.381 27.172 41.509
1 158 18 0 0.7904191616766467 0 0 40.390 29.099 40.196
1 159 12 0 0.8802395209580838 0 0 38.571 32.417 40.637
1 160 22 0 0.7065868263473054 0 0 37.682 31.439 44.144
1 161 1 0 0.5269461077844311 0 0 41.274 30.443 44.845
1 162 7 0 0.6047904191616766 0 0 42.291 33.848 43.458
1 163 11 0 0.5568862275449102 0 0 40.051 36.018 45.582
1 164 1 0 0.31137724550898194 0 0 41.005 33.933 48.560
1 165 13 0 0.13173652694610782 0 0 44.578 35.094 48.183
1 166 10 0 0.11377245508982048 0 0 43.605 38.720 48.829
1 167 13 0 0.02395209580838331 0 0 42.619 39.394 52.365
