5.000000000000000000e+00 9.821428358554840088e-02 2.577799987792968750e+01 3.850000000000000000e+01 4.155199813842773438e+01
1.600000000000000000e+01 2.366071492433547974e-01 2.678300094604492188e+01 4.224900054931640625e+01 4.131200027465820312e+01
1.200000000000000000e+01 5.044642686843872070e-01 3.043499946594238281e+01 4.123799896240234375e+01 4.085200119018554688e+01
1.400000000000000000e+01 5.491071343421936035e-01 3.165200042724609375e+01 3.848500061035156250e+01 3.849100112915039062e+01
2.200000000000000000e+01 7.187500000000000000e-01 3.535699844360351562e+01 3.768700027465820312e+01 3.809199905395507812e+01
1.300000000000000000e+01 6.875000000000000000e-01 3.601200103759765625e+01 3.548400115966796875e+01 3.505300140380859375e+01
2.200000000000000000e+01 7.455357313156127930e-01 3.946599960327148438e+01 3.418199920654296875e+01 3.399800109863281250e+01
1.200000000000000000e+01 6.651785969734191895e-01 4.015900039672851562e+01 3.286700057983398438e+01 3.042600059509277344e+01
3.000000000000000000e+00 6.339285969734191895e-01 4.347999954223632812e+01 3.154599952697753906e+01 2.899500083923339844e+01
0.000000000000000000e+00 5.937500000000000000e-01 4.448600006103515625e+01 3.279700088500976562e+01 2.550300025939941406e+01
2.200000000000000000e+01 4.330357015132904053e-01 4.727099990844726562e+01 3.014699935913085938e+01 2.480100059509277344e+01
1.000000000000000000e+00 2.544642984867095947e-01 4.499300003051757812e+01 2.712000083923339844e+01 2.532999992370605469e+01
9.000000000000000000e+00 2.767857015132904053e-01 4.190499877929687500e+01 2.919000053405761719e+01 2.408900070190429688e+01
1.700000000000000000e+01 2.857142984867095947e-01 3.998400115966796875e+01 2.811499977111816406e+01 2.710700035095214844e+01
1.600000000000000000e+01 3.883928656578063965e-01 3.829700088500976562e+01 2.923699951171875000e+01 3.039100074768066406e+01
0.000000000000000000e+00 5.089285969734191895e-01 4.085499954223632812e+01 2.884799957275390625e+01 3.308599853515625000e+01
1.100000000000000000e+01 2.991071343421936035e-01 3.987300109863281250e+01 2.624900054931640625e+01 3.579000091552734375e+01
2.000000000000000000e+00 3.214285671710968018e-01 4.096200180053710938e+01 2.656100082397460938e+01 3.945299911499023438e+01
2.200000000000000000e+01 6.294642686843872070e-01 4.247800064086914062e+01 3.012000083923339844e+01 3.967100143432617188e+01
0.000000000000000000e+00 6.383928656578063965e-01 4.245600128173828125e+01 3.187700080871582031e+01 4.297499847412109375e+01
1.400000000000000000e+01 7.544642686843872070e-01 4.180699920654296875e+01 3.553099822998046875e+01 4.365800094604492188e+01
2.200000000000000000e+01 7.276785969734191895e-01 3.899200057983398438e+01 4.117499923706054688e+01 4.664300155639648438e+01
1.500000000000000000e+01 7.008928656578063965e-01 4.014400100708007812e+01 4.421099853515625000e+01 4.866500091552734375e+01
1.000000000000000000e+00 6.205357313156127930e-01 3.831800079345703125e+01 4.743700027465820312e+01 4.937699890136718750e+01
1.300000000000000000e+01 5.267857313156127930e-01 3.981100082397460938e+01 5.087200164794921875e+01 5.051699829101562500e+01
0.000000000000000000e+00 2.500000000000000000e-01 3.906000137329101562e+01 5.214400100708007812e+01 5.409999847412109375e+01
0.000000000000000000e+00 8.482142537832260132e-02 3.825600051879882812e+01 5.580699920654296875e+01 5.480599975585937500e+01
3.000000000000000000e+00 1.116071417927742004e-01 4.201699829101562500e+01 5.670899963378906250e+01 5.505199813842773438e+01
3.000000000000000000e+00 3.526785671710968018e-01 4.260800170898437500e+01 5.496900177001953125e+01 5.168799972534179688e+01
1.800000000000000000e+01 4.107142984867095947e-01 4.438600158691406250e+01 5.189699935913085938e+01 5.327500152587890625e+01
1.900000000000000000e+01 5.535714030265808105e-01 4.326900100708007812e+01 4.838899993896484375e+01 5.193399810791015625e+01
7.000000000000000000e+00 3.571428656578063965e-01 4.088000106811523438e+01 4.615299987792968750e+01 5.398899841308593750e+01
1.600000000000000000e+01 4.687500000000000000e-01 4.016999816894531250e+01 4.248699951171875000e+01 5.289500045776367188e+01
1.500000000000000000e+01 3.660714328289031982e-01 3.659000015258789062e+01 4.186399841308593750e+01 5.156200027465820312e+01
0.000000000000000000e+00 4.196428656578063965e-01 3.601499938964843750e+01 3.847100067138671875e+01 4.965499877929687500e+01
1.700000000000000000e+01 5.133928656578063965e-01 3.808499908447265625e+01 3.575099945068359375e+01 4.792200088500976562e+01
9.000000000000000000e+00 4.553571343421936035e-01 3.782099914550781250e+01 3.251499938964843750e+01 4.601699829101562500e+01
1.300000000000000000e+01 4.642857015132904053e-01 3.874900054931640625e+01 3.023699951171875000e+01 4.316699981689453125e+01
1.800000000000000000e+01 4.464285671710968018e-01 3.745800018310546875e+01 2.960199928283691406e+01 3.956399917602539062e+01
1.700000000000000000e+01 1.875000000000000000e-01 3.560300064086914062e+01 2.650900077819824219e+01 3.837599945068359375e+01
7.000000000000000000e+00 7.142857462167739868e-02 3.443899917602539062e+01 2.486400032043457031e+01 3.515100097656250000e+01
1.700000000000000000e+01 1.428571492433547974e-01 3.302399826049804688e+01 2.762700080871582031e+01 3.302299880981445312e+01
9.000000000000000000e+00 3.794642984867095947e-01 3.609999847412109375e+01 2.970999908447265625e+01 3.415599822998046875e+01
7.000000000000000000e+00 4.285714328289031982e-01 3.393799972534179688e+01 3.183499908447265625e+01 3.651800155639648438e+01
1.200000000000000000e+01 4.508928656578063965e-01 3.388899993896484375e+01 3.277799987792968750e+01 4.015299987792968750e+01
9.000000000000000000e+00 8.928571641445159912e-02 2.846100044250488281e+01 3.416799926757812500e+01 4.475099945068359375e+01
1.200000000000000000e+01 2.901785671710968018e-01 3.118700027465820312e+01 3.668999862670898438e+01 4.567200088500976562e+01
1.800000000000000000e+01 1.830357164144515991e-01 2.906699943542480469e+01 3.935400009155273438e+01 4.726200103759765625e+01
1.800000000000000000e+01 4.910714179277420044e-02 2.545199966430664062e+01 4.061600112915039062e+01 4.732099914550781250e+01
7.000000000000000000e+00 2.232142910361289978e-02 2.372400093078613281e+01 4.401699829101562500e+01 4.677000045776367188e+01
7.000000000000000000e+00 8.928571827709674835e-03 2.354800033569335938e+01 4.516799926757812500e+01 5.048400115966796875e+01
7.000000000000000000e+00 3.125000000000000000e-02 2.707900047302246094e+01 4.402799987792968750e+01 5.127199935913085938e+01
1.500000000000000000e+01 1.562500000000000000e-01 2.834199905395507812e+01 4.559600067138671875e+01 4.809799957275390625e+01
2.200000000000000000e+01 1.294642835855484009e-01 2.900499916076660156e+01 4.924200057983398438e+01 4.911000061035156250e+01
7.000000000000000000e+00 2.053571492433547974e-01 3.030599975585937500e+01 5.248899841308593750e+01 4.747900009155273438e+01
9.000000000000000000e+00 4.017857015132904053e-01 3.416400146484375000e+01 5.243000030517578125e+01 4.744800186157226562e+01
1.100000000000000000e+01 6.562500000000000000e-01 3.736500167846679688e+01 5.156399917602539062e+01 4.567800140380859375e+01
2.000000000000000000e+01 7.767857313156127930e-01 3.800899887084960938e+01 4.795800018310546875e+01 4.496099853515625000e+01
1.300000000000000000e+01 9.017857313156127930e-01 4.096699905395507812e+01 4.594400024414062500e+01 4.366999816894531250e+01
2.200000000000000000e+01 9.241071343421936035e-01 4.104000091552734375e+01 4.222700119018554688e+01 4.269200134277343750e+01
7.000000000000000000e+00 9.330357313156127930e-01 4.436100006103515625e+01 4.031299972534179688e+01 4.279399871826171875e+01
1.100000000000000000e+01 9.062500000000000000e-01 4.431000137329101562e+01 3.703400039672851562e+01 4.087699890136718750e+01
3.000000000000000000e+00 8.214285969734191895e-01 4.694100189208984375e+01 3.428400039672851562e+01 4.174200057983398438e+01
1.800000000000000000e+01 8.437500000000000000e-01 4.818099975585937500e+01 3.412500000000000000e+01 3.800400161743164062e+01
1.300000000000000000e+01 7.366071343421936035e-01 5.148600006103515625e+01 3.248899841308593750e+01 3.903900146484375000e+01
1.700000000000000000e+01 5.714285969734191895e-01 4.970899963378906250e+01 2.925200080871582031e+01 4.079999923706054688e+01
2.000000000000000000e+01 6.160714030265808105e-01 4.773400115966796875e+01 2.887500000000000000e+01 3.754899978637695312e+01
1.900000000000000000e+01 5.669642686843872070e-01 5.112900161743164062e+01 2.884900093078613281e+01 3.566299819946289062e+01
1.300000000000000000e+01 3.258928656578063965e-01 5.262599945068359375e+01 2.629100036621093750e+01 3.802600097656250000e+01
0.000000000000000000e+00 2.321428507566452026e-01 4.956600189208984375e+01 2.391500091552734375e+01 3.734799957275390625e+01
1.200000000000000000e+01 1.919642835855484009e-01 5.063199996948242188e+01 2.354500007629394531e+01 3.371300125122070312e+01
9.000000000000000000e+00 1.339285671710968018e-01 5.444900131225585938e+01 2.352599906921386719e+01 3.444699859619140625e+01
1.100000000000000000e+01 3.169642984867095947e-01 5.482799911499023438e+01 2.694599914550781250e+01 3.278900146484375000e+01
1.700000000000000000e+01 3.928571343421936035e-01 5.752000045776367188e+01 2.932699966430664062e+01 3.391199874877929688e+01
1.600000000000000000e+01 6.473214030265808105e-01 5.621300125122070312e+01 3.252000045776367188e+01 3.576300048828125000e+01
1.500000000000000000e+01 7.410714030265808105e-01 5.712799835205078125e+01 3.604800033569335938e+01 3.473099899291992188e+01
7.000000000000000000e+00 8.750000000000000000e-01 5.353300094604492188e+01 3.756499862670898438e+01 3.998899841308593750e+01
0.000000000000000000e+00 9.732142686843872070e-01 4.725899887084960938e+01 4.012799835205078125e+01 3.811399841308593750e+01
7.000000000000000000e+00 9.910714030265808105e-01 4.603300094604492188e+01 4.313499832153320312e+01 4.001499938964843750e+01
2.200000000000000000e+01 9.821428656578063965e-01 4.316799926757812500e+01 4.541099929809570312e+01 3.886999893188476562e+01
2.200000000000000000e+01 9.553571343421936035e-01 4.179700088500976562e+01 4.862400054931640625e+01 4.055099868774414062e+01
1.500000000000000000e+01 8.482142686843872070e-01 3.840900039672851562e+01 5.036199951171875000e+01 4.008499908447265625e+01
1.800000000000000000e+01 6.785714030265808105e-01 3.584600067138671875e+01 5.252000045776367188e+01 4.188100051879882812e+01
0.000000000000000000e+00 5.625000000000000000e-01 3.259000015258789062e+01 5.054299926757812500e+01 4.192300033569335938e+01
2.000000000000000000e+00 2.812500000000000000e-01 2.899799919128417969e+01 5.215100097656250000e+01 4.221099853515625000e+01
3.000000000000000000e+00 3.080357015132904053e-01 3.075799942016601562e+01 5.537300109863281250e+01 4.076599884033203125e+01
1.700000000000000000e+01 1.517857164144515991e-01 2.788800048828125000e+01 5.611199951171875000e+01 3.840599822998046875e+01
9.000000000000000000e+00 5.803571268916130066e-02 2.521400070190429688e+01 5.508100128173828125e+01 4.082099914550781250e+01
1.600000000000000000e+01 6.250000000000000000e-02 2.431599998474121094e+01 5.144100189208984375e+01 4.179899978637695312e+01
1.000000000000000000e+00 1.696428507566452026e-01 2.556500053405761719e+01 4.864699935913085938e+01 3.937799835205078125e+01
1.000000000000000000e+00 2.589285671710968018e-01 2.636700057983398438e+01 4.501200103759765625e+01 3.861899948120117188e+01
2.000000000000000000e+01 5.357142686843872070e-01 3.004999923706054688e+01 4.457199859619140625e+01 3.750799942016601562e+01
1.800000000000000000e+01 6.250000000000000000e-01 3.135000038146972656e+01 4.173300170898437500e+01 3.532400131225585938e+01
1.100000000000000000e+01 8.080357313156127930e-01 3.526599884033203125e+01 4.157899856567382812e+01 3.514300155639648438e+01
0.000000000000000000e+00 8.125000000000000000e-01 3.678699874877929688e+01 3.923300170898437500e+01 3.245100021362304688e+01
0.000000000000000000e+00 8.973214030265808105e-01 4.055199813842773438e+01 3.860300064086914062e+01 3.243299865722656250e+01
1.200000000000000000e+01 8.348214030265808105e-01 4.253900146484375000e+01 3.708800125122070312e+01 2.960199928283691406e+01
1.200000000000000000e+01 8.303571343421936035e-01 4.590599822998046875e+01 3.535300064086914062e+01 3.031200027465820312e+01
1.700000000000000000e+01 7.633928656578063965e-01 4.924499893188476562e+01 3.425799942016601562e+01 2.862899971008300781e+01
1.600000000000000000e+01 7.232142686843872070e-01 5.273899841308593750e+01 3.367200088500976562e+01 3.027599906921386719e+01
2.000000000000000000e+01 8.035714030265808105e-01 5.406100082397460938e+01 3.712699890136718750e+01 2.942300033569335938e+01
1.700000000000000000e+01 8.883928656578063965e-01 5.075099945068359375e+01 3.901699829101562500e+01 2.864999961853027344e+01
2.000000000000000000e+01 9.419642686843872070e-01 4.738399887084960938e+01 3.965499877929687500e+01 3.015200042724609375e+01
1.700000000000000000e+01 9.375000000000000000e-01 4.423400115966796875e+01 4.172200012207031250e+01 2.939699935913085938e+01
1.800000000000000000e+01 9.642857313156127930e-01 4.156600189208984375e+01 4.289500045776367188e+01 3.186800003051757812e+01
1.800000000000000000e+01 8.660714030265808105e-01 3.806299972534179688e+01 4.386000061035156250e+01 3.056100082397460938e+01
0.000000000000000000e+00 7.901785969734191895e-01 3.502199935913085938e+01 4.525099945068359375e+01 3.249000167846679688e+01
2.200000000000000000e+01 5.848214030265808105e-01 3.128400039672851562e+01 4.482899856567382812e+01 3.159099960327148438e+01
2.200000000000000000e+01 4.419642984867095947e-01 2.888299942016601562e+01 4.704700088500976562e+01 3.346500015258789062e+01
1.800000000000000000e+01 1.651785671710968018e-01 2.513599967956542969e+01 4.631700134277343750e+01 3.394200134277343750e+01
2.000000000000000000e+00 4.017857089638710022e-02 2.224900054931640625e+01 4.856700134277343750e+01 3.515700149536132812e+01
1.600000000000000000e+01 4.464285913854837418e-03 1.907099914550781250e+01 4.745500183105468750e+01 3.710699844360351562e+01
5.000000000000000000e+00 7.589285820722579956e-02 6.866300201416015625e+01 4.959400177001953125e+01 2.709600067138671875e+01
1.600000000000000000e+01 1.964285671710968018e-01 6.793599700927734375e+01 4.735400009155273438e+01 3.022699928283691406e+01
1.200000000000000000e+01 4.776785671710968018e-01 6.422000122070312500e+01 4.809799957275390625e+01 3.076499938964843750e+01
1.400000000000000000e+01 5.178571343421936035e-01 6.195899963378906250e+01 5.017800140380859375e+01 2.851399993896484375e+01
2.200000000000000000e+01 7.053571343421936035e-01 5.815999984741210938e+01 5.093399810791015625e+01 2.930599975585937500e+01
1.300000000000000000e+01 6.830357313156127930e-01 5.582099914550781250e+01 5.198400115966796875e+01 2.643799972534179688e+01
2.200000000000000000e+01 7.321428656578063965e-01 5.205300140380859375e+01 5.312200164794921875e+01 2.631699943542480469e+01
1.200000000000000000e+01 6.607142686843872070e-01 4.957699966430664062e+01 5.292200088500976562e+01 2.343499946594238281e+01
3.000000000000000000e+00 5.982142686843872070e-01 4.598799896240234375e+01 5.440299987792968750e+01 2.280599975585937500e+01
0.000000000000000000e+00 6.116071343421936035e-01 4.329499816894531250e+01 5.177700042724609375e+01 2.179899978637695312e+01
2.200000000000000000e+01 3.437500000000000000e-01 4.066600036621093750e+01 5.452600097656250000e+01 2.082099914550781250e+01
1.000000000000000000e+00 2.142857164144515991e-01 4.282899856567382812e+01 5.670399856567382812e+01 1.848299980163574219e+01
9.000000000000000000e+00 2.633928656578063965e-01 4.507600021362304688e+01 5.397399902343750000e+01 1.730800056457519531e+01
1.700000000000000000e+01 2.455357164144515991e-01 4.838299942016601562e+01 5.580400085449218750e+01 1.811100006103515625e+01
1.600000000000000000e+01 3.348214328289031982e-01 5.111999893188476562e+01 5.645899963378906250e+01 2.091099929809570312e+01
0.000000000000000000e+00 5.000000000000000000e-01 4.990999984741210938e+01 5.792900085449218750e+01 2.423399925231933594e+01
1.100000000000000000e+01 3.125000000000000000e-01 5.180699920654296875e+01 6.104000091552734375e+01 2.527400016784667969e+01
2.000000000000000000e+00 3.392857015132904053e-01 5.229600143432617188e+01 6.210900115966796875e+01 2.894099998474121094e+01
2.200000000000000000e+01 6.428571343421936035e-01 5.095199966430664062e+01 5.890599822998046875e+01 3.068099975585937500e+01
0.000000000000000000e+00 6.517857313156127930e-01 5.249399948120117188e+01 5.909099960327148438e+01 3.416500091552734375e+01
1.400000000000000000e+01 7.589285969734191895e-01 5.421500015258789062e+01 5.613700103759765625e+01 3.603699874877929688e+01
2.200000000000000000e+01 7.142857313156127930e-01 5.868500137329101562e+01 5.231200027465820312e+01 3.925400161743164062e+01
1.500000000000000000e+01 6.964285969734191895e-01 5.904000091552734375e+01 5.022900009155273438e+01 4.250899887084960938e+01
1.000000000000000000e+00 5.803571343421936035e-01 6.168700027465820312e+01 4.750099945068359375e+01 4.339099884033203125e+01
1.300000000000000000e+01 5.401785969734191895e-01 6.083000183105468750e+01 4.496300125122070312e+01 4.624300003051757812e+01
0.000000000000000000e+00 2.723214328289031982e-01 6.300600051879882812e+01 4.468899917602539062e+01 4.934700012207031250e+01
0.000000000000000000e+00 9.375000000000000000e-02 6.375799942016601562e+01 4.181999969482421875e+01 5.187200164794921875e+01
3.000000000000000000e+00 1.250000000000000000e-01 6.078300094604492188e+01 4.231800079345703125e+01 5.409700012207031250e+01
3.000000000000000000e+00 3.705357015132904053e-01 5.831399917602539062e+01 4.282799911499023438e+01 5.125400161743164062e+01
1.800000000000000000e+01 3.973214328289031982e-01 5.840100097656250000e+01 4.650099945068359375e+01 5.114599990844726562e+01
1.900000000000000000e+01 5.580357313156127930e-01 5.828699874877929688e+01 4.850000000000000000e+01 4.795700073242187500e+01
7.000000000000000000e+00 3.616071343421936035e-01 6.092100143432617188e+01 5.115200042724609375e+01 4.759400177001953125e+01
1.600000000000000000e+01 4.955357015132904053e-01 6.034600067138671875e+01 5.343199920654296875e+01 4.457500076293945312e+01
1.500000000000000000e+01 3.035714328289031982e-01 6.354199981689453125e+01 5.440299987792968750e+01 4.279299926757812500e+01
0.000000000000000000e+00 3.482142984867095947e-01 6.240999984741210938e+01 5.593700027465820312e+01 3.944699859619140625e+01
1.700000000000000000e+01 4.821428656578063965e-01 5.949300003051757812e+01 5.803400039672851562e+01 3.799399948120117188e+01
9.000000000000000000e+00 4.151785671710968018e-01 5.840299987792968750e+01 5.989099884033203125e+01 3.493000030517578125e+01
1.300000000000000000e+01 4.910714328289031982e-01 5.574800109863281250e+01 6.015900039672851562e+01 3.214500045776367188e+01
1.800000000000000000e+01 4.866071343421936035e-01 5.560800170898437500e+01 5.891999816894531250e+01 2.852400016784667969e+01
1.700000000000000000e+01 2.098214328289031982e-01 5.732799911499023438e+01 6.104299926757812500e+01 2.579800033569335938e+01
7.000000000000000000e+00 8.035714179277420044e-02 5.588000106811523438e+01 6.232199859619140625e+01 2.257099914550781250e+01
1.700000000000000000e+01 1.160714253783226013e-01 5.675799942016601562e+01 5.898199844360351562e+01 2.086400032043457031e+01
9.000000000000000000e+00 3.750000000000000000e-01 5.472600173950195312e+01 5.698799896240234375e+01 2.352499961853027344e+01
7.000000000000000000e+00 4.062500000000000000e-01 5.791799926757812500e+01 5.584600067138671875e+01 2.520700073242187500e+01
1.200000000000000000e+01 4.598214328289031982e-01 5.960100173950195312e+01 5.626800155639648438e+01 2.865800094604492188e+01
9.000000000000000000e+00 1.473214328289031982e-01 6.590799713134765625e+01 5.652500152587890625e+01 3.159199905395507812e+01
1.200000000000000000e+01 3.303571343421936035e-01 6.414099884033203125e+01 5.426300048828125000e+01 3.421200180053710938e+01
1.800000000000000000e+01 2.187500000000000000e-01 6.726300048828125000e+01 5.240399932861328125e+01 3.528599929809570312e+01
1.800000000000000000e+01 5.357142910361289978e-02 7.095999908447265625e+01 5.163000106811523438e+01 3.421900177001953125e+01
7.000000000000000000e+00 1.785714365541934967e-02 7.282099914550781250e+01 4.837599945068359375e+01 3.377500152587890625e+01
7.000000000000000000e+00 0.000000000000000000e+00 7.504399871826171875e+01 4.900899887084960938e+01 3.680099868774414062e+01
7.000000000000000000e+00 2.678571455180644989e-02 7.184799957275390625e+01 4.953099822998046875e+01 3.879000091552734375e+01
1.500000000000000000e+01 1.383928507566452026e-01 6.966200256347656250e+01 4.679899978637695312e+01 3.725400161743164062e+01
2.200000000000000000e+01 1.026785746216773987e-01 6.982900238037109375e+01 4.340100097656250000e+01 3.900500106811523438e+01
7.000000000000000000e+00 2.232142835855484009e-01 6.768399810791015625e+01 4.041799926757812500e+01 3.986899948120117188e+01
9.000000000000000000e+00 4.375000000000000000e-01 6.444799804687500000e+01 4.111999893188476562e+01 4.174000167846679688e+01
1.100000000000000000e+01 6.696428656578063965e-01 6.060499954223632812e+01 4.178499984741210938e+01 4.178599929809570312e+01
2.000000000000000000e+01 7.500000000000000000e-01 5.971200180053710938e+01 4.522700119018554688e+01 4.037699890136718750e+01
1.300000000000000000e+01 8.928571343421936035e-01 5.620100021362304688e+01 4.680799865722656250e+01 3.995000076293945312e+01
2.200000000000000000e+01 9.107142686843872070e-01 5.533399963378906250e+01 4.971599960327148438e+01 3.752399826049804688e+01
7.000000000000000000e+00 9.285714030265808105e-01 5.243700027465820312e+01 5.179600143432617188e+01 3.876100158691406250e+01
1.100000000000000000e+01 9.196428656578063965e-01 5.077999877929687500e+01 5.370800018310546875e+01 3.586800003051757812e+01
3.000000000000000000e+00 8.258928656578063965e-01 4.821099853515625000e+01 5.665399932861328125e+01 3.596799850463867188e+01
1.800000000000000000e+01 8.571428656578063965e-01 4.608599853515625000e+01 5.538499832153320312e+01 3.313499832153320312e+01
1.300000000000000000e+01 7.812500000000000000e-01 4.314799880981445312e+01 5.729100036621093750e+01 3.461800003051757812e+01
1.700000000000000000e+01 6.026785969734191895e-01 4.445100021362304688e+01 6.095199966430664062e+01 3.420000076293945312e+01
2.000000000000000000e+01 5.758928656578063965e-01 4.511399841308593750e+01 6.038899993896484375e+01 3.049300003051757812e+01
1.900000000000000000e+01 5.446428656578063965e-01 4.141799926757812500e+01 5.972100067138671875e+01 2.987899971008300781e+01
1.300000000000000000e+01 3.839285671710968018e-01 4.014799880981445312e+01 6.219599914550781250e+01 3.253300094604492188e+01
0.000000000000000000e+00 2.276785671710968018e-01 4.236500167846679688e+01 6.511199951171875000e+01 3.102799987792968750e+01
1.200000000000000000e+01 1.785714328289031982e-01 4.034199905395507812e+01 6.432800292968750000e+01 2.784199905395507812e+01
9.000000000000000000e+00 1.071428582072257996e-01 3.713100051879882812e+01 6.464099884033203125e+01 2.993000030517578125e+01
1.100000000000000000e+01 2.946428656578063965e-01 3.638499832153320312e+01 6.081299972534179688e+01 2.965399932861328125e+01
1.700000000000000000e+01 4.732142984867095947e-01 3.576800155639648438e+01 5.902799987792968750e+01 3.295299911499023438e+01
1.600000000000000000e+01 6.741071343421936035e-01 3.728099822998046875e+01 5.549900054931640625e+01 3.244599914550781250e+01
1.500000000000000000e+01 7.678571343421936035e-01 3.640999984741210938e+01 5.245700073242187500e+01 3.462900161743164062e+01
7.000000000000000000e+00 8.705357313156127930e-01 4.182799911499023438e+01 5.384199905395507812e+01 3.859600067138671875e+01
0.000000000000000000e+00 9.866071343421936035e-01 4.747700119018554688e+01 4.973500061035156250e+01 3.592800140380859375e+01
7.000000000000000000e+00 9.955357313156127930e-01 4.974000167846679688e+01 4.788899993896484375e+01 3.826100158691406250e+01
2.200000000000000000e+01 9.776785969734191895e-01 5.222499847412109375e+01 4.581000137329101562e+01 3.622999954223632812e+01
2.200000000000000000e+01 9.508928656578063965e-01 5.456299972534179688e+01 4.344300079345703125e+01 3.827299880981445312e+01
1.500000000000000000e+01 8.526785969734191895e-01 5.749100112915039062e+01 4.144200134277343750e+01 3.669599914550781250e+01
1.800000000000000000e+01 6.919642686843872070e-01 6.046900177001953125e+01 3.947499847412109375e+01 3.804299926757812500e+01
0.000000000000000000e+00 5.312500000000000000e-01 6.368199920654296875e+01 4.036600112915039062e+01 3.618099975585937500e+01
2.000000000000000000e+00 2.678571343421936035e-01 6.710299682617187500e+01 3.900799942016601562e+01 3.527799987792968750e+01
3.000000000000000000e+00 2.008928507566452026e-01 6.663200378417968750e+01 3.548099899291992188e+01 3.687699890136718750e+01
1.700000000000000000e+01 1.205357164144515991e-01 6.674199676513671875e+01 3.365100097656250000e+01 3.355899810791015625e+01
9.000000000000000000e+00 4.464285820722579956e-02 6.996700286865234375e+01 3.544100189208984375e+01 3.279000091552734375e+01
1.600000000000000000e+01 6.696428358554840088e-02 7.033599853515625000e+01 3.915399932861328125e+01 3.255599975585937500e+01
1.000000000000000000e+00 1.607142835855484009e-01 6.790599822998046875e+01 4.025000000000000000e+01 2.989500045776367188e+01
1.000000000000000000e+00 2.410714328289031982e-01 6.662699890136718750e+01 4.329499816894531250e+01 2.805800056457519531e+01
2.000000000000000000e+01 5.223214030265808105e-01 6.299700164794921875e+01 4.407400131225585938e+01 2.890500068664550781e+01
1.800000000000000000e+01 6.071428656578063965e-01 6.045500183105468750e+01 4.585900115966796875e+01 2.673800086975097656e+01
1.100000000000000000e+01 7.991071343421936035e-01 5.698300170898437500e+01 4.608300018310546875e+01 2.843700027465820312e+01
0.000000000000000000e+00 8.169642686843872070e-01 5.408599853515625000e+01 4.760800170898437500e+01 2.644099998474121094e+01
0.000000000000000000e+00 9.151785969734191895e-01 5.070399856567382812e+01 4.869699859619140625e+01 2.810600090026855469e+01
1.200000000000000000e+01 8.616071343421936035e-01 4.760200119018554688e+01 4.918700027465820312e+01 2.610300064086914062e+01
1.200000000000000000e+01 8.392857313156127930e-01 4.490999984741210938e+01 5.160499954223632812e+01 2.740299987792968750e+01
1.700000000000000000e+01 7.723214030265808105e-01 4.104700088500976562e+01 5.189799880981445312e+01 2.675499916076660156e+01
1.600000000000000000e+01 7.098214030265808105e-01 3.812099838256835938e+01 5.333599853515625000e+01 2.897100067138671875e+01
2.000000000000000000e+01 7.857142686843872070e-01 3.684400177001953125e+01 4.978200149536132812e+01 2.993099975585937500e+01
1.700000000000000000e+01 8.839285969734191895e-01 3.983000183105468750e+01 4.766199874877929688e+01 2.945899963378906250e+01
2.000000000000000000e+01 9.464285969734191895e-01 4.356900024414062500e+01 4.747700119018554688e+01 2.945000076293945312e+01
1.700000000000000000e+01 9.598214030265808105e-01 4.636500167846679688e+01 4.499399948120117188e+01 2.865500068664550781e+01
1.800000000000000000e+01 9.687500000000000000e-01 5.009500122070312500e+01 4.463299942016601562e+01 2.946599960327148438e+01
1.800000000000000000e+01 8.794642686843872070e-01 5.256000137329101562e+01 4.256000137329101562e+01 2.749500083923339844e+01
0.000000000000000000e+00 7.946428656578063965e-01 5.623500061035156250e+01 4.189599990844726562e+01 2.798600006103515625e+01
2.200000000000000000e+01 5.892857313156127930e-01 5.909299850463867188e+01 4.091699981689453125e+01 2.565900039672851562e+01
2.200000000000000000e+01 4.241071343421936035e-01 6.238199996948242188e+01 3.948899841308593750e+01 2.678400039672851562e+01
1.800000000000000000e+01 1.741071492433547974e-01 6.532399749755859375e+01 4.012799835205078125e+01 2.447100067138671875e+01
2.000000000000000000e+00 3.571428731083869934e-02 6.876100158691406250e+01 3.857899856567382812e+01 2.488299942016601562e+01
1.600000000000000000e+01 1.339285727590322495e-02 7.187999725341796875e+01 4.090800094604492188e+01 2.513899993896484375e+01
