5.000000000000000000e+00 1.160714253783226013e-01 2.539800071716308594e+01 3.884199905395507812e+01 3.978200149536132812e+01
1.600000000000000000e+01 2.410714328289031982e-01 2.678400039672851562e+01 4.227700042724609375e+01 4.113700103759765625e+01
1.200000000000000000e+01 5.000000000000000000e-01 3.044799995422363281e+01 4.147900009155273438e+01 4.065900039672851562e+01
1.400000000000000000e+01 5.625000000000000000e-01 3.182999992370605469e+01 3.858599853515625000e+01 3.853900146484375000e+01
2.200000000000000000e+01 7.187500000000000000e-01 3.540499877929687500e+01 3.765499877929687500e+01 3.753900146484375000e+01
1.300000000000000000e+01 6.741071343421936035e-01 3.597900009155273438e+01 3.536299896240234375e+01 3.440200042724609375e+01
2.200000000000000000e+01 7.366071343421936035e-01 3.949900054931640625e+01 3.418899917602539062e+01 3.383700180053710938e+01
1.200000000000000000e+01 6.875000000000000000e-01 4.083200073242187500e+01 3.284600067138671875e+01 3.053000068664550781e+01
3.000000000000000000e+00 6.339285969734191895e-01 4.401399993896484375e+01 3.128899955749511719e+01 2.908699989318847656e+01
0.000000000000000000e+00 6.116071343421936035e-01 4.501499938964843750e+01 3.293799972534179688e+01 2.579800033569335938e+01
2.200000000000000000e+01 4.107142984867095947e-01 4.742200088500976562e+01 3.013999938964843750e+01 2.472100067138671875e+01
1.000000000000000000e+00 2.366071492433547974e-01 4.477399826049804688e+01 2.732099914550781250e+01 2.473900032043457031e+01
9.000000000000000000e+00 2.589285671710968018e-01 4.170500183105468750e+01 2.945100021362304688e+01 2.351300048828125000e+01
1.700000000000000000e+01 2.633928656578063965e-01 3.984299850463867188e+01 2.812800025939941406e+01 2.663800048828125000e+01
1.600000000000000000e+01 3.973214328289031982e-01 3.917699813842773438e+01 2.901000022888183594e+01 3.031500053405761719e+01
0.000000000000000000e+00 5.223214030265808105e-01 4.154399871826171875e+01 2.882699966430664062e+01 3.329600143432617188e+01
1.100000000000000000e+01 3.258928656578063965e-01 4.059999847412109375e+01 2.647699928283691406e+01 3.614500045776367188e+01
2.000000000000000000e+00 3.526785671710968018e-01 4.179399871826171875e+01 2.679199981689453125e+01 3.973799896240234375e+01
2.200000000000000000e+01 6.383928656578063965e-01 4.312200164794921875e+01 3.036100006103515625e+01 3.950199890136718750e+01
0.000000000000000000e+00 6.517857313156127930e-01 4.305500030517578125e+01 3.193799972534179688e+01 4.296300125122070312e+01
1.400000000000000000e+01 7.410714030265808105e-01 4.212900161743164062e+01 3.535100173950195312e+01 4.404399871826171875e+01
2.200000000000000000e+01 7.098214030265808105e-01 3.926100158691406250e+01 4.049900054931640625e+01 4.695600128173828125e+01
1.500000000000000000e+01 6.696428656578063965e-01 3.953499984741210938e+01 4.354299926757812500e+01 4.931700134277343750e+01
1.000000000000000000e+00 5.357142686843872070e-01 3.728699874877929688e+01 4.661299896240234375e+01 5.005500030517578125e+01
1.300000000000000000e+01 5.044642686843872070e-01 3.874499893188476562e+01 5.004600143432617188e+01 5.094599914550781250e+01
0.000000000000000000e+00 2.232142835855484009e-01 3.757199859619140625e+01 5.089099884033203125e+01 5.441699981689453125e+01
0.000000000000000000e+00 6.696428358554840088e-02 3.644200134277343750e+01 5.413800048828125000e+01 5.608000183105468750e+01
3.000000000000000000e+00 6.250000000000000000e-02 3.997700119018554688e+01 5.507899856567382812e+01 5.727199935913085938e+01
3.000000000000000000e+00 2.857142984867095947e-01 4.122499847412109375e+01 5.434099960327148438e+01 5.364400100708007812e+01
1.800000000000000000e+01 3.303571343421936035e-01 4.289500045776367188e+01 5.099800109863281250e+01 5.454000091552734375e+01
1.900000000000000000e+01 5.267857313156127930e-01 4.240599822998046875e+01 4.758900070190429688e+01 5.266099929809570312e+01
7.000000000000000000e+00 3.392857015132904053e-01 3.986899948120117188e+01 4.528400039672851562e+01 5.443500137329101562e+01
1.600000000000000000e+01 3.437500000000000000e-01 3.899300003051757812e+01 4.151399993896484375e+01 5.350299835205078125e+01
1.500000000000000000e+01 3.750000000000000000e-01 3.596900177001953125e+01 4.143399810791015625e+01 5.125099945068359375e+01
0.000000000000000000e+00 4.151785671710968018e-01 3.587099838256835938e+01 3.805400085449218750e+01 4.937900161743164062e+01
1.700000000000000000e+01 4.910714328289031982e-01 3.809999847412109375e+01 3.524900054931640625e+01 4.807500076293945312e+01
9.000000000000000000e+00 4.285714328289031982e-01 3.811500167846679688e+01 3.203599929809570312e+01 4.597200012207031250e+01
1.300000000000000000e+01 4.866071343421936035e-01 3.951200103759765625e+01 3.024799919128417969e+01 4.297200012207031250e+01
1.800000000000000000e+01 4.776785671710968018e-01 3.804600143432617188e+01 2.982500076293945312e+01 3.944599914550781250e+01
1.700000000000000000e+01 2.098214328289031982e-01 3.552999877929687500e+01 2.716300010681152344e+01 3.848600006103515625e+01
7.000000000000000000e+00 8.928571641445159912e-02 3.557099914550781250e+01 2.472100067138671875e+01 3.549700164794921875e+01
1.700000000000000000e+01 1.562500000000000000e-01 3.416400146484375000e+01 2.738400077819824219e+01 3.313899993896484375e+01
9.000000000000000000e+00 4.553571343421936035e-01 3.674900054931640625e+01 3.015200042724609375e+01 3.413000106811523438e+01
7.000000000000000000e+00 4.642857015132904053e-01 3.425299835205078125e+01 3.216500091552734375e+01 3.631000137329101562e+01
1.200000000000000000e+01 4.687500000000000000e-01 3.442499923706054688e+01 3.267499923706054688e+01 4.012400054931640625e+01
9.000000000000000000e+00 1.428571492433547974e-01 2.901399993896484375e+01 3.452899932861328125e+01 4.407300186157226562e+01
1.200000000000000000e+01 3.214285671710968018e-01 3.157699966430664062e+01 3.718500137329101562e+01 4.538199996948242188e+01
1.800000000000000000e+01 1.651785671710968018e-01 2.883300018310546875e+01 3.934600067138671875e+01 4.677799987792968750e+01
1.800000000000000000e+01 4.464285820722579956e-02 2.513899993896484375e+01 4.042699813842773438e+01 4.711800003051757812e+01
7.000000000000000000e+00 1.785714365541934967e-02 2.346999931335449219e+01 4.373400115966796875e+01 4.639899826049804688e+01
7.000000000000000000e+00 0.000000000000000000e+00 2.297800064086914062e+01 4.456399917602539062e+01 5.013100051879882812e+01
7.000000000000000000e+00 2.678571455180644989e-02 2.664200019836425781e+01 4.379299926757812500e+01 5.103699874877929688e+01
1.500000000000000000e+01 1.473214328289031982e-01 2.812899971008300781e+01 4.558900070190429688e+01 4.801599884033203125e+01
2.200000000000000000e+01 1.116071417927742004e-01 2.829800033569335938e+01 4.940100097656250000e+01 4.851699829101562500e+01
7.000000000000000000e+00 2.053571492433547974e-01 3.003400039672851562e+01 5.249399948120117188e+01 4.695500183105468750e+01
9.000000000000000000e+00 3.883928656578063965e-01 3.395199966430664062e+01 5.259799957275390625e+01 4.745600128173828125e+01
1.100000000000000000e+01 6.562500000000000000e-01 3.712900161743164062e+01 5.130599975585937500e+01 4.593899917602539062e+01
2.000000000000000000e+01 7.455357313156127930e-01 3.771300125122070312e+01 4.762099838256835938e+01 4.538899993896484375e+01
1.300000000000000000e+01 8.705357313156127930e-01 4.078499984741210938e+01 4.552199935913085938e+01 4.470299911499023438e+01
2.200000000000000000e+01 9.151785969734191895e-01 4.130899810791015625e+01 4.203900146484375000e+01 4.315900039672851562e+01
7.000000000000000000e+00 9.285714030265808105e-01 4.466799926757812500e+01 4.025400161743164062e+01 4.348199844360351562e+01
1.100000000000000000e+01 9.062500000000000000e-01 4.476499938964843750e+01 3.716400146484375000e+01 4.118799972534179688e+01
3.000000000000000000e+00 8.258928656578063965e-01 4.763600158691406250e+01 3.471400070190429688e+01 4.163899993896484375e+01
1.800000000000000000e+01 8.482142686843872070e-01 4.839699935913085938e+01 3.420600128173828125e+01 3.787699890136718750e+01
1.300000000000000000e+01 7.544642686843872070e-01 5.190700149536132812e+01 3.292200088500976562e+01 3.861999893188476562e+01
1.700000000000000000e+01 6.071428656578063965e-01 5.073500061035156250e+01 2.993899917602539062e+01 4.073099899291992188e+01
2.000000000000000000e+01 6.026785969734191895e-01 4.849599838256835938e+01 2.894199943542480469e+01 3.773099899291992188e+01
1.900000000000000000e+01 5.580357313156127930e-01 5.128599929809570312e+01 2.874900054931640625e+01 3.512099838256835938e+01
1.300000000000000000e+01 3.660714328289031982e-01 5.362900161743164062e+01 2.702499961853027344e+01 3.756399917602539062e+01
0.000000000000000000e+00 1.964285671710968018e-01 5.142100143432617188e+01 2.387500000000000000e+01 3.751100158691406250e+01
1.200000000000000000e+01 1.875000000000000000e-01 5.162699890136718750e+01 2.396599960327148438e+01 3.371599960327148438e+01
9.000000000000000000e+00 1.071428582072257996e-01 5.547700119018554688e+01 2.375799942016601562e+01 3.355699920654296875e+01
1.100000000000000000e+01 3.080357015132904053e-01 5.603300094604492188e+01 2.732099914550781250e+01 3.262599945068359375e+01
1.700000000000000000e+01 4.330357015132904053e-01 5.820399856567382812e+01 3.021199989318847656e+01 3.405799865722656250e+01
1.600000000000000000e+01 6.964285969734191895e-01 5.577799987792968750e+01 3.331499862670898438e+01 3.384099960327148438e+01
1.500000000000000000e+01 7.991071343421936035e-01 5.662699890136718750e+01 3.699200057983398438e+01 3.356000137329101562e+01
7.000000000000000000e+00 8.750000000000000000e-01 5.411100006103515625e+01 3.781600189208984375e+01 3.940499877929687500e+01
0.000000000000000000e+00 9.821428656578063965e-01 4.766199874877929688e+01 4.053200149536132812e+01 3.833100128173828125e+01
7.000000000000000000e+00 9.910714030265808105e-01 4.636999893188476562e+01 4.323899841308593750e+01 4.065800094604492188e+01
2.200000000000000000e+01 9.776785969734191895e-01 4.340999984741210938e+01 4.556100082397460938e+01 3.962900161743164062e+01
2.200000000000000000e+01 9.375000000000000000e-01 4.182899856567382812e+01 4.845800018310546875e+01 4.166699981689453125e+01
1.500000000000000000e+01 8.616071343421936035e-01 3.863000106811523438e+01 5.001599884033203125e+01 4.045899963378906250e+01
1.800000000000000000e+01 7.008928656578063965e-01 3.558000183105468750e+01 5.198199844360351562e+01 4.180500030517578125e+01
0.000000000000000000e+00 5.491071343421936035e-01 3.212799835205078125e+01 5.027500152587890625e+01 4.195700073242187500e+01
2.000000000000000000e+00 2.723214328289031982e-01 2.844199943542480469e+01 5.130599975585937500e+01 4.245700073242187500e+01
3.000000000000000000e+00 2.455357164144515991e-01 2.955999946594238281e+01 5.504199981689453125e+01 4.226599884033203125e+01
1.700000000000000000e+01 8.035714179277420044e-02 2.698299980163574219e+01 5.704199981689453125e+01 4.013199996948242188e+01
9.000000000000000000e+00 3.571428731083869934e-02 2.406800079345703125e+01 5.435699844360351562e+01 4.049499893188476562e+01
1.600000000000000000e+01 8.482142537832260132e-02 2.467499923706054688e+01 5.053900146484375000e+01 4.112799835205078125e+01
1.000000000000000000e+00 1.741071492433547974e-01 2.564900016784667969e+01 4.818500137329101562e+01 3.825400161743164062e+01
1.000000000000000000e+00 2.946428656578063965e-01 2.676799964904785156e+01 4.459999847412109375e+01 3.740200042724609375e+01
2.000000000000000000e+01 5.535714030265808105e-01 3.037000083923339844e+01 4.418999862670898438e+01 3.677399826049804688e+01
1.800000000000000000e+01 6.294642686843872070e-01 3.183300018310546875e+01 4.130400085449218750e+01 3.477199935913085938e+01
1.100000000000000000e+01 8.169642686843872070e-01 3.569900131225585938e+01 4.157400131225585938e+01 3.491099929809570312e+01
0.000000000000000000e+00 8.035714030265808105e-01 3.705799865722656250e+01 3.934700012207031250e+01 3.198100090026855469e+01
0.000000000000000000e+00 9.107142686843872070e-01 4.074499893188476562e+01 3.879499816894531250e+01 3.267699813842773438e+01
1.200000000000000000e+01 8.571428656578063965e-01 4.304499816894531250e+01 3.719300079345703125e+01 3.004800033569335938e+01
1.200000000000000000e+01 8.526785969734191895e-01 4.628200149536132812e+01 3.547399902343750000e+01 3.119599914550781250e+01
1.700000000000000000e+01 7.723214030265808105e-01 4.932899856567382812e+01 3.465900039672851562e+01 2.883699989318847656e+01
1.600000000000000000e+01 7.276785969734191895e-01 5.291899871826171875e+01 3.393999862670898438e+01 2.997500038146972656e+01
2.000000000000000000e+01 7.857142686843872070e-01 5.440200042724609375e+01 3.731299972534179688e+01 2.897599983215332031e+01
1.700000000000000000e+01 8.973214030265808105e-01 5.110900115966796875e+01 3.941699981689453125e+01 2.878300094604492188e+01
2.000000000000000000e+01 9.642857313156127930e-01 4.779399871826171875e+01 4.001800155639648438e+01 3.066799926757812500e+01
1.700000000000000000e+01 9.598214030265808105e-01 4.448500061035156250e+01 4.176300048828125000e+01 2.990600013732910156e+01
1.800000000000000000e+01 9.687500000000000000e-01 4.163499832153320312e+01 4.290000152587890625e+01 3.219800186157226562e+01
1.800000000000000000e+01 8.883928656578063965e-01 3.837400054931640625e+01 4.443999862670898438e+01 3.099600028991699219e+01
0.000000000000000000e+00 8.080357313156127930e-01 3.530199813842773438e+01 4.554399871826171875e+01 3.293999862670898438e+01
2.200000000000000000e+01 6.205357313156127930e-01 3.200299835205078125e+01 4.490100097656250000e+01 3.105900001525878906e+01
2.200000000000000000e+01 4.598214328289031982e-01 2.930500030517578125e+01 4.706700134277343750e+01 3.283599853515625000e+01
1.800000000000000000e+01 1.785714328289031982e-01 2.564500045776367188e+01 4.594900131225585938e+01 3.275699996948242188e+01
2.000000000000000000e+00 4.910714179277420044e-02 2.245499992370605469e+01 4.746099853515625000e+01 3.431200027465820312e+01
1.600000000000000000e+01 8.928571827709674835e-03 1.946299934387207031e+01 4.525600051879882812e+01 3.447000122070312500e+01
5.000000000000000000e+00 1.294642835855484009e-01 6.752799987792968750e+01 5.060699844360351562e+01 2.734099960327148438e+01
1.600000000000000000e+01 2.544642984867095947e-01 6.710800170898437500e+01 4.812900161743164062e+01 3.023100090026855469e+01
1.200000000000000000e+01 5.133928656578063965e-01 6.340100097656250000e+01 4.913499832153320312e+01 3.068000030517578125e+01
1.400000000000000000e+01 5.089285969734191895e-01 6.158399963378906250e+01 5.090200042724609375e+01 2.773399925231933594e+01
2.200000000000000000e+01 7.053571343421936035e-01 5.780599975585937500e+01 5.112599945068359375e+01 2.817099952697753906e+01
1.300000000000000000e+01 6.607142686843872070e-01 5.552999877929687500e+01 5.169699859619140625e+01 2.512700080871582031e+01
2.200000000000000000e+01 7.232142686843872070e-01 5.217599868774414062e+01 5.334500122070312500e+01 2.596800041198730469e+01
1.200000000000000000e+01 6.428571343421936035e-01 4.925500106811523438e+01 5.362200164794921875e+01 2.348699951171875000e+01
3.000000000000000000e+00 6.250000000000000000e-01 4.577399826049804688e+01 5.519900131225585938e+01 2.383499908447265625e+01
0.000000000000000000e+00 5.937500000000000000e-01 4.316600036621093750e+01 5.282899856567382812e+01 2.235600090026855469e+01
2.200000000000000000e+01 4.017857015132904053e-01 4.021099853515625000e+01 5.544800186157226562e+01 2.199799919128417969e+01
1.000000000000000000e+00 2.276785671710968018e-01 4.213199996948242188e+01 5.755400085449218750e+01 1.954999923706054688e+01
9.000000000000000000e+00 2.901785671710968018e-01 4.437599945068359375e+01 5.472700119018554688e+01 1.819400024414062500e+01
1.700000000000000000e+01 2.500000000000000000e-01 4.770500183105468750e+01 5.657899856567382812e+01 1.858300018310546875e+01
1.600000000000000000e+01 3.705357015132904053e-01 5.053400039672851562e+01 5.670500183105468750e+01 2.122599983215332031e+01
0.000000000000000000e+00 5.178571343421936035e-01 4.984099960327148438e+01 5.808300018310546875e+01 2.466900062561035156e+01
1.100000000000000000e+01 3.035714328289031982e-01 5.143700027465820312e+01 6.159700012207031250e+01 2.525399971008300781e+01
2.000000000000000000e+00 3.169642984867095947e-01 5.264099884033203125e+01 6.266099929809570312e+01 2.877599906921386719e+01
2.200000000000000000e+01 6.160714030265808105e-01 5.146400070190429688e+01 5.971300125122070312e+01 3.090900039672851562e+01
0.000000000000000000e+00 6.473214030265808105e-01 5.296900177001953125e+01 5.927199935913085938e+01 3.431399917602539062e+01
1.400000000000000000e+01 7.589285969734191895e-01 5.451300048828125000e+01 5.601800155639648438e+01 3.576499938964843750e+01
2.200000000000000000e+01 7.142857313156127930e-01 5.891400146484375000e+01 5.236700057983398438e+01 3.911899948120117188e+01
1.500000000000000000e+01 6.830357313156127930e-01 5.943799972534179688e+01 5.075199890136718750e+01 4.270199966430664062e+01
1.000000000000000000e+00 5.714285969734191895e-01 6.178300094604492188e+01 4.791299819946289062e+01 4.393600082397460938e+01
1.300000000000000000e+01 5.446428656578063965e-01 6.074399948120117188e+01 4.535300064086914062e+01 4.655099868774414062e+01
0.000000000000000000e+00 2.812500000000000000e-01 6.304700088500976562e+01 4.556499862670898438e+01 4.955099868774414062e+01
0.000000000000000000e+00 1.026785746216773987e-01 6.399200057983398438e+01 4.287799835205078125e+01 5.216400146484375000e+01
3.000000000000000000e+00 9.375000000000000000e-02 6.158599853515625000e+01 4.425000000000000000e+01 5.470299911499023438e+01
3.000000000000000000e+00 3.348214328289031982e-01 5.876200103759765625e+01 4.387699890136718750e+01 5.213700103759765625e+01
1.800000000000000000e+01 3.839285671710968018e-01 5.854399871826171875e+01 4.762799835205078125e+01 5.130699920654296875e+01
1.900000000000000000e+01 5.892857313156127930e-01 5.813100051879882812e+01 4.905699920654296875e+01 4.771300125122070312e+01
7.000000000000000000e+00 3.794642984867095947e-01 6.103799819946289062e+01 5.144200134277343750e+01 4.773500061035156250e+01
1.600000000000000000e+01 3.616071343421936035e-01 6.147299957275390625e+01 5.443399810791015625e+01 4.520899963378906250e+01
1.500000000000000000e+01 3.571428656578063965e-01 6.361000061035156250e+01 5.354600143432617188e+01 4.223600006103515625e+01
0.000000000000000000e+00 4.375000000000000000e-01 6.254399871826171875e+01 5.528799819946289062e+01 3.910499954223632812e+01
1.700000000000000000e+01 4.955357015132904053e-01 5.967599868774414062e+01 5.769499969482421875e+01 3.791600036621093750e+01
9.000000000000000000e+00 4.508928656578063965e-01 5.872200012207031250e+01 5.963600158691406250e+01 3.465299987792968750e+01
1.300000000000000000e+01 4.821428656578063965e-01 5.613600158691406250e+01 6.029700088500976562e+01 3.194400024414062500e+01
1.800000000000000000e+01 4.419642984867095947e-01 5.606299972534179688e+01 5.941699981689453125e+01 2.823900032043457031e+01
1.700000000000000000e+01 1.607142835855484009e-01 5.729399871826171875e+01 6.117200088500976562e+01 2.502000045776367188e+01
7.000000000000000000e+00 9.821428358554840088e-02 5.498300170898437500e+01 6.217599868774414062e+01 2.216500091552734375e+01
1.700000000000000000e+01 1.517857164144515991e-01 5.563800048828125000e+01 5.881499862670898438e+01 2.053100013732910156e+01
9.000000000000000000e+00 4.241071343421936035e-01 5.454999923706054688e+01 5.699499893188476562e+01 2.370599937438964844e+01
7.000000000000000000e+00 3.928571343421936035e-01 5.798699951171875000e+01 5.611100006103515625e+01 2.512100028991699219e+01
1.200000000000000000e+01 4.196428656578063965e-01 5.994200134277343750e+01 5.637400054931640625e+01 2.827199935913085938e+01
9.000000000000000000e+00 1.339285671710968018e-01 6.592500305175781250e+01 5.685699844360351562e+01 3.100300025939941406e+01
1.200000000000000000e+01 3.125000000000000000e-01 6.419100189208984375e+01 5.516799926757812500e+01 3.400500106811523438e+01
1.800000000000000000e+01 2.008928507566452026e-01 6.730599975585937500e+01 5.303699874877929688e+01 3.496699905395507812e+01
1.800000000000000000e+01 5.803571268916130066e-02 7.070400238037109375e+01 5.179499816894531250e+01 3.358700180053710938e+01
7.000000000000000000e+00 4.017857089638710022e-02 7.205500030517578125e+01 4.839599990844726562e+01 3.296300125122070312e+01
7.000000000000000000e+00 4.464285913854837418e-03 7.480799865722656250e+01 4.877000045776367188e+01 3.568600082397460938e+01
7.000000000000000000e+00 2.232142910361289978e-02 7.217700195312500000e+01 4.976499938964843750e+01 3.835900115966796875e+01
1.500000000000000000e+01 1.383928507566452026e-01 6.969200134277343750e+01 4.706600189208984375e+01 3.704100036621093750e+01
2.200000000000000000e+01 1.250000000000000000e-01 6.986100006103515625e+01 4.421799850463867188e+01 3.969900131225585938e+01
7.000000000000000000e+00 2.187500000000000000e-01 6.788400268554687500e+01 4.109899902343750000e+01 4.074300003051757812e+01
9.000000000000000000e+00 4.062500000000000000e-01 6.458100128173828125e+01 4.116600036621093750e+01 4.255300140380859375e+01
1.100000000000000000e+01 6.651785969734191895e-01 6.097000122070312500e+01 4.231999969482421875e+01 4.234600067138671875e+01
2.000000000000000000e+01 7.500000000000000000e-01 5.996599960327148438e+01 4.550500106811523438e+01 4.045899963378906250e+01
1.300000000000000000e+01 8.839285969734191895e-01 5.665999984741210938e+01 4.711500167846679688e+01 4.001300048828125000e+01
2.200000000000000000e+01 9.196428656578063965e-01 5.546099853515625000e+01 4.969499969482421875e+01 3.735800170898437500e+01
7.000000000000000000e+00 9.330357313156127930e-01 5.247800064086914062e+01 5.198199844360351562e+01 3.845899963378906250e+01
1.100000000000000000e+01 9.241071343421936035e-01 5.076399993896484375e+01 5.389300155639648438e+01 3.556600189208984375e+01
3.000000000000000000e+00 8.214285969734191895e-01 4.851599884033203125e+01 5.686199951171875000e+01 3.640800094604492188e+01
1.800000000000000000e+01 8.392857313156127930e-01 4.557199859619140625e+01 5.614300155639648438e+01 3.408300018310546875e+01
1.300000000000000000e+01 7.321428656578063965e-01 4.335499954223632812e+01 5.835800170898437500e+01 3.632500076293945312e+01
1.700000000000000000e+01 5.758928656578063965e-01 4.521799850463867188e+01 6.160300064086914062e+01 3.549399948120117188e+01
2.000000000000000000e+01 5.982142686843872070e-01 4.520999908447265625e+01 6.073099899291992188e+01 3.180100059509277344e+01
1.900000000000000000e+01 5.669642686843872070e-01 4.156800079345703125e+01 6.017300033569335938e+01 3.134600067138671875e+01
1.300000000000000000e+01 3.482142984867095947e-01 4.072800064086914062e+01 6.328099822998046875e+01 3.334400177001953125e+01
0.000000000000000000e+00 2.321428507566452026e-01 4.299800109863281250e+01 6.545200347900390625e+01 3.115299987792968750e+01
1.200000000000000000e+01 1.696428507566452026e-01 4.091400146484375000e+01 6.446700286865234375e+01 2.806900024414062500e+01
9.000000000000000000e+00 1.205357164144515991e-01 3.760400009155273438e+01 6.503800201416015625e+01 3.004899978637695312e+01
1.100000000000000000e+01 2.991071343421936035e-01 3.668899917602539062e+01 6.135699844360351562e+01 3.034199905395507812e+01
1.700000000000000000e+01 4.464285671710968018e-01 3.558100128173828125e+01 5.934000015258789062e+01 3.345299911499023438e+01
1.600000000000000000e+01 6.919642686843872070e-01 3.818500137329101562e+01 5.686600112915039062e+01 3.484700012207031250e+01
1.500000000000000000e+01 7.633928656578063965e-01 3.716899871826171875e+01 5.353499984741210938e+01 3.644400024414062500e+01
7.000000000000000000e+00 8.794642686843872070e-01 4.287599945068359375e+01 5.394499969482421875e+01 3.983200073242187500e+01
0.000000000000000000e+00 9.866071343421936035e-01 4.729999923706054688e+01 5.002199935913085938e+01 3.554800033569335938e+01
7.000000000000000000e+00 9.955357313156127930e-01 4.994200134277343750e+01 4.799499893188476562e+01 3.743299865722656250e+01
2.200000000000000000e+01 9.732142686843872070e-01 5.267300033569335938e+01 4.551800155639648438e+01 3.634999847412109375e+01
2.200000000000000000e+01 9.464285969734191895e-01 5.473400115966796875e+01 4.344300079345703125e+01 3.878900146484375000e+01
1.500000000000000000e+01 8.437500000000000000e-01 5.767300033569335938e+01 4.118799972534179688e+01 3.782500076293945312e+01
1.800000000000000000e+01 6.785714030265808105e-01 6.084400177001953125e+01 3.942699813842773438e+01 3.870500183105468750e+01
0.000000000000000000e+00 5.312500000000000000e-01 6.401300048828125000e+01 4.095199966430664062e+01 3.706200027465820312e+01
2.000000000000000000e+00 2.678571343421936035e-01 6.719000244140625000e+01 3.922900009155273438e+01 3.588899993896484375e+01
3.000000000000000000e+00 2.142857164144515991e-01 6.658399963378906250e+01 3.578799819946289062e+01 3.775600051879882812e+01
1.700000000000000000e+01 7.142857462167739868e-02 6.869999694824218750e+01 3.384899902343750000e+01 3.512500000000000000e+01
9.000000000000000000e+00 3.125000000000000000e-02 7.107900238037109375e+01 3.680899810791015625e+01 3.450500106811523438e+01
1.600000000000000000e+01 7.589285820722579956e-02 7.056400299072265625e+01 4.021500015258789062e+01 3.281600189208984375e+01
1.000000000000000000e+00 1.919642835855484009e-01 6.776300048828125000e+01 4.095600128173828125e+01 3.043099975585937500e+01
1.000000000000000000e+00 2.767857015132904053e-01 6.646900177001953125e+01 4.395199966430664062e+01 2.852300071716308594e+01
2.000000000000000000e+01 5.401785969734191895e-01 6.269699859619140625e+01 4.450500106811523438e+01 2.897800064086914062e+01
1.800000000000000000e+01 5.848214030265808105e-01 6.050000000000000000e+01 4.619200134277343750e+01 2.639800071716308594e+01
1.100000000000000000e+01 7.678571343421936035e-01 5.688199996948242188e+01 4.667499923706054688e+01 2.768600082397460938e+01
0.000000000000000000e+00 7.901785969734191895e-01 5.386800003051757812e+01 4.761000061035156250e+01 2.551600074768066406e+01
0.000000000000000000e+00 8.928571343421936035e-01 5.059500122070312500e+01 4.868099975585937500e+01 2.715800094604492188e+01
1.200000000000000000e+01 8.303571343421936035e-01 4.737799835205078125e+01 4.956299972534179688e+01 2.532900047302246094e+01
1.200000000000000000e+01 8.348214030265808105e-01 4.513199996948242188e+01 5.192200088500976562e+01 2.728000068664550781e+01
1.700000000000000000e+01 7.767857313156127930e-01 4.138499832153320312e+01 5.268299865722656250e+01 2.749900054931640625e+01
1.600000000000000000e+01 7.946428656578063965e-01 3.922900009155273438e+01 5.336299896240234375e+01 3.059300041198730469e+01
2.000000000000000000e+01 8.125000000000000000e-01 3.730899810791015625e+01 5.004700088500976562e+01 3.123999977111816406e+01
1.700000000000000000e+01 9.017857313156127930e-01 4.014799880981445312e+01 4.784000015258789062e+01 2.998100090026855469e+01
2.000000000000000000e+01 9.508928656578063965e-01 4.392399978637695312e+01 4.762500000000000000e+01 2.940200042724609375e+01
1.700000000000000000e+01 9.419642686843872070e-01 4.637500000000000000e+01 4.506499862670898438e+01 2.793199920654296875e+01
1.800000000000000000e+01 9.553571343421936035e-01 5.005400085449218750e+01 4.497499847412109375e+01 2.880800056457519531e+01
1.800000000000000000e+01 8.660714030265808105e-01 5.289899826049804688e+01 4.281200027465820312e+01 2.740200042724609375e+01
0.000000000000000000e+00 7.812500000000000000e-01 5.655799865722656250e+01 4.208499908447265625e+01 2.789100074768066406e+01
2.200000000000000000e+01 5.803571343421936035e-01 5.931399917602539062e+01 4.130799865722656250e+01 2.542399978637695312e+01
2.200000000000000000e+01 4.732142984867095947e-01 6.216199874877929688e+01 3.964099884033203125e+01 2.722800064086914062e+01
1.800000000000000000e+01 1.830357164144515991e-01 6.538999938964843750e+01 4.010200119018554688e+01 2.513299942016601562e+01
2.000000000000000000e+00 5.357142910361289978e-02 6.842099761962890625e+01 3.774399948120117188e+01 2.600499916076660156e+01
1.600000000000000000e+01 1.339285727590322495e-02 7.172200012207031250e+01 3.978400039672851562e+01 2.575000000000000000e+01
