5.000000000000000000e+00 9.375000000000000000e-02 2.530800056457519531e+01 3.887799835205078125e+01 3.997499847412109375e+01
1.600000000000000000e+01 2.187500000000000000e-01 2.696599960327148438e+01 4.166500091552734375e+01 4.200299835205078125e+01
1.200000000000000000e+01 4.955357015132904053e-01 3.061499977111816406e+01 4.098099899291992188e+01 4.100000000000000000e+01
1.400000000000000000e+01 5.267857313156127930e-01 3.163299942016601562e+01 3.838100051879882812e+01 3.852099990844726562e+01
2.200000000000000000e+01 7.053571343421936035e-01 3.510599899291992188e+01 3.748400115966796875e+01 3.726100158691406250e+01
1.300000000000000000e+01 6.562500000000000000e-01 3.534799957275390625e+01 3.560400009155273438e+01 3.393799972534179688e+01
2.200000000000000000e+01 7.187500000000000000e-01 3.882600021362304688e+01 3.417200088500976562e+01 3.321099853515625000e+01
1.200000000000000000e+01 6.517857313156127930e-01 3.998899841308593750e+01 3.297700119018554688e+01 2.974200057983398438e+01
3.000000000000000000e+00 6.160714030265808105e-01 4.318000030517578125e+01 3.109600067138671875e+01 2.900900077819824219e+01
0.000000000000000000e+00 5.625000000000000000e-01 4.450899887084960938e+01 3.238600158691406250e+01 2.560300064086914062e+01
2.200000000000000000e+01 3.705357015132904053e-01 4.691500091552734375e+01 2.962800025939941406e+01 2.512599945068359375e+01
1.000000000000000000e+00 2.142857164144515991e-01 4.439799880981445312e+01 2.672599983215332031e+01 2.522800064086914062e+01
9.000000000000000000e+00 2.410714328289031982e-01 4.148099899291992188e+01 2.884900093078613281e+01 2.386100006103515625e+01
1.700000000000000000e+01 2.455357164144515991e-01 3.922900009155273438e+01 2.788699913024902344e+01 2.679100036621093750e+01
1.600000000000000000e+01 3.482142984867095947e-01 3.800600051879882812e+01 2.913299942016601562e+01 3.013999938964843750e+01
0.000000000000000000e+00 5.044642686843872070e-01 4.061500167846679688e+01 2.906100082397460938e+01 3.290499877929687500e+01
1.100000000000000000e+01 2.991071343421936035e-01 3.945500183105468750e+01 2.654800033569335938e+01 3.547600173950195312e+01
2.000000000000000000e+00 3.258928656578063965e-01 4.026200103759765625e+01 2.689999961853027344e+01 3.920000076293945312e+01
2.200000000000000000e+01 6.294642686843872070e-01 4.216299819946289062e+01 3.028499984741210938e+01 3.921500015258789062e+01
0.000000000000000000e+00 6.428571343421936035e-01 4.249200057983398438e+01 3.170199966430664062e+01 4.279999923706054688e+01
1.400000000000000000e+01 7.455357313156127930e-01 4.154999923706054688e+01 3.526699829101562500e+01 4.359099960327148438e+01
2.200000000000000000e+01 7.276785969734191895e-01 3.901900100708007812e+01 4.095999908447265625e+01 4.648600006103515625e+01
1.500000000000000000e+01 6.875000000000000000e-01 3.996900177001953125e+01 4.387500000000000000e+01 4.881999969482421875e+01
1.000000000000000000e+00 5.937500000000000000e-01 3.853900146484375000e+01 4.722900009155273438e+01 4.980500030517578125e+01
1.300000000000000000e+01 5.848214030265808105e-01 4.073500061035156250e+01 5.040100097656250000e+01 5.019300079345703125e+01
0.000000000000000000e+00 3.125000000000000000e-01 4.102600097656250000e+01 5.194300079345703125e+01 5.356399917602539062e+01
0.000000000000000000e+00 1.383928507566452026e-01 4.143999862670898438e+01 5.556200027465820312e+01 5.480400085449218750e+01
3.000000000000000000e+00 1.607142835855484009e-01 4.522200012207031250e+01 5.536899948120117188e+01 5.549200057983398438e+01
3.000000000000000000e+00 4.553571343421936035e-01 4.515100097656250000e+01 5.403200149536132812e+01 5.194800186157226562e+01
1.800000000000000000e+01 4.821428656578063965e-01 4.562300109863281250e+01 5.035599899291992188e+01 5.308700180053710938e+01
1.900000000000000000e+01 6.116071343421936035e-01 4.375600051879882812e+01 4.721300125122070312e+01 5.166199874877929688e+01
7.000000000000000000e+00 4.062500000000000000e-01 4.120299911499023438e+01 4.515999984741210938e+01 5.380199813842773438e+01
1.600000000000000000e+01 3.928571343421936035e-01 3.954899978637695312e+01 4.182199859619140625e+01 5.291400146484375000e+01
1.500000000000000000e+01 3.660714328289031982e-01 3.626200103759765625e+01 4.175699996948242188e+01 5.116099929809570312e+01
0.000000000000000000e+00 4.508928656578063965e-01 3.594699859619140625e+01 3.845399856567382812e+01 4.918199920654296875e+01
1.700000000000000000e+01 4.910714328289031982e-01 3.802399826049804688e+01 3.543700027465820312e+01 4.792200088500976562e+01
9.000000000000000000e+00 3.973214328289031982e-01 3.736299896240234375e+01 3.229800033569335938e+01 4.580500030517578125e+01
1.300000000000000000e+01 4.687500000000000000e-01 3.859400177001953125e+01 3.026199913024902344e+01 4.281299972534179688e+01
1.800000000000000000e+01 4.151785671710968018e-01 3.713800048828125000e+01 2.965699958801269531e+01 3.934999847412109375e+01
1.700000000000000000e+01 1.696428507566452026e-01 3.444599914550781250e+01 2.715399932861328125e+01 3.821799850463867188e+01
7.000000000000000000e+00 8.482142537832260132e-02 3.442599868774414062e+01 2.500099945068359375e+01 3.513399887084960938e+01
1.700000000000000000e+01 1.205357164144515991e-01 3.290200042724609375e+01 2.754400062561035156e+01 3.276200103759765625e+01
9.000000000000000000e+00 3.571428656578063965e-01 3.551200103759765625e+01 3.023299980163574219e+01 3.358300018310546875e+01
7.000000000000000000e+00 3.750000000000000000e-01 3.328200149536132812e+01 3.222800064086914062e+01 3.596400070190429688e+01
1.200000000000000000e+01 3.883928656578063965e-01 3.332600021362304688e+01 3.278499984741210938e+01 3.971200180053710938e+01
9.000000000000000000e+00 9.821428358554840088e-02 2.931100082397460938e+01 3.397499847412109375e+01 4.549000167846679688e+01
1.200000000000000000e+01 2.946428656578063965e-01 3.203599929809570312e+01 3.651699829101562500e+01 4.620100021362304688e+01
1.800000000000000000e+01 1.830357164144515991e-01 2.973699951171875000e+01 3.900600051879882812e+01 4.793999862670898438e+01
1.800000000000000000e+01 5.357142910361289978e-02 2.604500007629394531e+01 3.989400100708007812e+01 4.807500076293945312e+01
7.000000000000000000e+00 1.785714365541934967e-02 2.403800010681152344e+01 4.293099975585937500e+01 4.677600097656250000e+01
7.000000000000000000e+00 0.000000000000000000e+00 2.351600074768066406e+01 4.394300079345703125e+01 5.042800140380859375e+01
7.000000000000000000e+00 3.125000000000000000e-02 2.721899986267089844e+01 4.358000183105468750e+01 5.134400177001953125e+01
1.500000000000000000e+01 1.517857164144515991e-01 2.863299942016601562e+01 4.521099853515625000e+01 4.820199966430664062e+01
2.200000000000000000e+01 1.026785746216773987e-01 2.852000045776367188e+01 4.913800048828125000e+01 4.871099853515625000e+01
7.000000000000000000e+00 2.098214328289031982e-01 3.056100082397460938e+01 5.215700149536132812e+01 4.761999893188476562e+01
9.000000000000000000e+00 3.839285671710968018e-01 3.445399856567382812e+01 5.224300003051757812e+01 4.787599945068359375e+01
1.100000000000000000e+01 6.696428656578063965e-01 3.754000091552734375e+01 5.134799957275390625e+01 4.587300109863281250e+01
2.000000000000000000e+01 7.678571343421936035e-01 3.790100097656250000e+01 4.756200027465820312e+01 4.523699951171875000e+01
1.300000000000000000e+01 8.973214030265808105e-01 4.092499923706054688e+01 4.550799942016601562e+01 4.408800125122070312e+01
2.200000000000000000e+01 9.196428656578063965e-01 4.081200027465820312e+01 4.199200057983398438e+01 4.254800033569335938e+01
7.000000000000000000e+00 9.330357313156127930e-01 4.412599945068359375e+01 4.003300094604492188e+01 4.298199844360351562e+01
1.100000000000000000e+01 9.241071343421936035e-01 4.444400024414062500e+01 3.704199981689453125e+01 4.051900100708007812e+01
3.000000000000000000e+00 8.258928656578063965e-01 4.729800033569335938e+01 3.473199844360351562e+01 4.151800155639648438e+01
1.800000000000000000e+01 8.571428656578063965e-01 4.822299957275390625e+01 3.406999969482421875e+01 3.797299957275390625e+01
1.300000000000000000e+01 7.410714030265808105e-01 5.175299835205078125e+01 3.259700012207031250e+01 3.885300064086914062e+01
1.700000000000000000e+01 5.982142686843872070e-01 5.032899856567382812e+01 2.972299957275390625e+01 4.094200134277343750e+01
2.000000000000000000e+01 6.071428656578063965e-01 4.809799957275390625e+01 2.900600051879882812e+01 3.791899871826171875e+01
1.900000000000000000e+01 5.758928656578063965e-01 5.107300186157226562e+01 2.900300025939941406e+01 3.541799926757812500e+01
1.300000000000000000e+01 3.616071343421936035e-01 5.337799835205078125e+01 2.718700027465820312e+01 3.785499954223632812e+01
0.000000000000000000e+00 2.321428507566452026e-01 5.094800186157226562e+01 2.422400093078613281e+01 3.820399856567382812e+01
1.200000000000000000e+01 2.053571492433547974e-01 5.112099838256835938e+01 2.390399932861328125e+01 3.447299957275390625e+01
9.000000000000000000e+00 1.160714253783226013e-01 5.502199935913085938e+01 2.366900062561035156e+01 3.443500137329101562e+01
1.100000000000000000e+01 3.214285671710968018e-01 5.545199966430664062e+01 2.730100059509277344e+01 3.313100051879882812e+01
1.700000000000000000e+01 4.776785671710968018e-01 5.743299865722656250e+01 3.027799987792968750e+01 3.454600143432617188e+01
1.600000000000000000e+01 6.964285969734191895e-01 5.562799835205078125e+01 3.354800033569335938e+01 3.380799865722656250e+01
1.500000000000000000e+01 7.812500000000000000e-01 5.705599975585937500e+01 3.718500137329101562e+01 3.388199996948242188e+01
7.000000000000000000e+00 8.750000000000000000e-01 5.377899932861328125e+01 3.756999969482421875e+01 3.974000167846679688e+01
0.000000000000000000e+00 9.910714030265808105e-01 4.739099884033203125e+01 4.046099853515625000e+01 3.790100097656250000e+01
7.000000000000000000e+00 9.955357313156127930e-01 4.578099822998046875e+01 4.334600067138671875e+01 3.991299819946289062e+01
2.200000000000000000e+01 9.732142686843872070e-01 4.267599868774414062e+01 4.534799957275390625e+01 3.893199920654296875e+01
2.200000000000000000e+01 9.508928656578063965e-01 4.150199890136718750e+01 4.839500045776367188e+01 4.065900039672851562e+01
1.500000000000000000e+01 8.526785969734191895e-01 3.812500000000000000e+01 5.017300033569335938e+01 4.028599929809570312e+01
1.800000000000000000e+01 6.741071343421936035e-01 3.575000000000000000e+01 5.255199813842773438e+01 4.233300018310546875e+01
0.000000000000000000e+00 5.178571343421936035e-01 3.247000122070312500e+01 5.070199966430664062e+01 4.279899978637695312e+01
2.000000000000000000e+00 2.678571343421936035e-01 2.896800041198730469e+01 5.216600036621093750e+01 4.270100021362304688e+01
3.000000000000000000e+00 2.500000000000000000e-01 3.012599945068359375e+01 5.567399978637695312e+01 4.167499923706054688e+01
1.700000000000000000e+01 8.035714179277420044e-02 2.696500015258789062e+01 5.685499954223632812e+01 4.001599884033203125e+01
9.000000000000000000e+00 4.017857089638710022e-02 2.486899948120117188e+01 5.455799865722656250e+01 4.226800155639648438e+01
1.600000000000000000e+01 7.142857462167739868e-02 2.454999923706054688e+01 5.079299926757812500e+01 4.278599929809570312e+01
1.000000000000000000e+00 1.562500000000000000e-01 2.563699913024902344e+01 4.852899932861328125e+01 3.983000183105468750e+01
1.000000000000000000e+00 2.589285671710968018e-01 2.655299949645996094e+01 4.504100036621093750e+01 3.867699813842773438e+01
2.000000000000000000e+01 5.223214030265808105e-01 3.008799934387207031e+01 4.456499862670898438e+01 3.744900131225585938e+01
1.800000000000000000e+01 6.383928656578063965e-01 3.181399917602539062e+01 4.201800155639648438e+01 3.521500015258789062e+01
1.100000000000000000e+01 8.125000000000000000e-01 3.550600051879882812e+01 4.165399932861328125e+01 3.492699813842773438e+01
0.000000000000000000e+00 8.169642686843872070e-01 3.701800155639648438e+01 3.961800003051757812e+01 3.203900146484375000e+01
0.000000000000000000e+00 9.017857313156127930e-01 4.061299896240234375e+01 3.845399856567382812e+01 3.209899902343750000e+01
1.200000000000000000e+01 8.303571343421936035e-01 4.246300125122070312e+01 3.704600143432617188e+01 2.915399932861328125e+01
1.200000000000000000e+01 8.482142686843872070e-01 4.570700073242187500e+01 3.531399917602539062e+01 3.034300041198730469e+01
1.700000000000000000e+01 7.767857313156127930e-01 4.896699905395507812e+01 3.430599975585937500e+01 2.872699928283691406e+01
1.600000000000000000e+01 7.366071343421936035e-01 5.244100189208984375e+01 3.376599884033203125e+01 3.033099937438964844e+01
2.000000000000000000e+01 7.946428656578063965e-01 5.384500122070312500e+01 3.715700149536132812e+01 2.911400032043457031e+01
1.700000000000000000e+01 8.883928656578063965e-01 5.060200119018554688e+01 3.896900177001953125e+01 2.859199905395507812e+01
2.000000000000000000e+01 9.553571343421936035e-01 4.725500106811523438e+01 3.984299850463867188e+01 3.035400009155273438e+01
1.700000000000000000e+01 9.419642686843872070e-01 4.441699981689453125e+01 4.190599822998046875e+01 2.912700080871582031e+01
1.800000000000000000e+01 9.642857313156127930e-01 4.159000015258789062e+01 4.300899887084960938e+01 3.136499977111816406e+01
1.800000000000000000e+01 8.616071343421936035e-01 3.816799926757812500e+01 4.419400024414062500e+01 3.011700057983398438e+01
0.000000000000000000e+00 7.857142686843872070e-01 3.514099884033203125e+01 4.530599975585937500e+01 3.197800064086914062e+01
2.200000000000000000e+01 5.892857313156127930e-01 3.137700080871582031e+01 4.537300109863281250e+01 3.152599906921386719e+01
2.200000000000000000e+01 4.196428656578063965e-01 2.887199974060058594e+01 4.733700180053710938e+01 3.368799972534179688e+01
1.800000000000000000e+01 1.473214328289031982e-01 2.513699913024902344e+01 4.680599975585937500e+01 3.402299880981445312e+01
2.000000000000000000e+00 3.571428731083869934e-02 2.237800025939941406e+01 4.880899810791015625e+01 3.560699844360351562e+01
1.600000000000000000e+01 4.464285913854837418e-03 1.985199928283691406e+01 4.650199890136718750e+01 3.738100051879882812e+01
5.000000000000000000e+00 1.250000000000000000e-01 6.786299896240234375e+01 5.027000045776367188e+01 2.898100090026855469e+01
1.600000000000000000e+01 2.723214328289031982e-01 6.675599670410156250e+01 4.699300003051757812e+01 3.081299972534179688e+01
1.200000000000000000e+01 5.357142686843872070e-01 6.322299957275390625e+01 4.808499908447265625e+01 3.176600074768066406e+01
1.400000000000000000e+01 5.491071343421936035e-01 6.135800170898437500e+01 5.016899871826171875e+01 2.904100036621093750e+01
2.200000000000000000e+01 7.142857313156127930e-01 5.765800094604492188e+01 5.066899871826171875e+01 2.870599937438964844e+01
1.300000000000000000e+01 6.607142686843872070e-01 5.580799865722656250e+01 5.135499954223632812e+01 2.537000083923339844e+01
2.200000000000000000e+01 7.321428656578063965e-01 5.220700073242187500e+01 5.280300140380859375e+01 2.600799942016601562e+01
1.200000000000000000e+01 6.785714030265808105e-01 4.952799987792968750e+01 5.269900131225585938e+01 2.340800094604492188e+01
3.000000000000000000e+00 6.250000000000000000e-01 4.614500045776367188e+01 5.414300155639648438e+01 2.323299980163574219e+01
0.000000000000000000e+00 5.401785969734191895e-01 4.379000091552734375e+01 5.200899887084960938e+01 2.121899986267089844e+01
2.200000000000000000e+01 4.241071343421936035e-01 4.064500045776367188e+01 5.416400146484375000e+01 2.132399940490722656e+01
1.000000000000000000e+00 2.276785671710968018e-01 4.223199844360351562e+01 5.680500030517578125e+01 1.915699958801269531e+01
9.000000000000000000e+00 2.633928656578063965e-01 4.463800048828125000e+01 5.406200027465820312e+01 1.768799972534179688e+01
1.700000000000000000e+01 2.544642984867095947e-01 4.794499969482421875e+01 5.588000106811523438e+01 1.838599967956542969e+01
1.600000000000000000e+01 3.437500000000000000e-01 5.089099884033203125e+01 5.624900054931640625e+01 2.087800025939941406e+01
0.000000000000000000e+00 5.133928656578063965e-01 4.958900070190429688e+01 5.731499862670898438e+01 2.424799919128417969e+01
1.100000000000000000e+01 3.169642984867095947e-01 5.172200012207031250e+01 6.051599884033203125e+01 2.476899909973144531e+01
2.000000000000000000e+00 3.392857015132904053e-01 5.287099838256835938e+01 6.179800033569335938e+01 2.821899986267089844e+01
2.200000000000000000e+01 6.339285969734191895e-01 5.153799819946289062e+01 5.887400054931640625e+01 3.036199951171875000e+01
0.000000000000000000e+00 6.473214030265808105e-01 5.296200180053710938e+01 5.921300125122070312e+01 3.388999938964843750e+01
1.400000000000000000e+01 7.589285969734191895e-01 5.439199829101562500e+01 5.624000167846679688e+01 3.581800079345703125e+01
2.200000000000000000e+01 7.232142686843872070e-01 5.856100082397460938e+01 5.221500015258789062e+01 3.928599929809570312e+01
1.500000000000000000e+01 7.008928656578063965e-01 5.865299987792968750e+01 5.031299972534179688e+01 4.260699844360351562e+01
1.000000000000000000e+00 5.669642686843872070e-01 6.114199829101562500e+01 4.801699829101562500e+01 4.437500000000000000e+01
1.300000000000000000e+01 5.000000000000000000e-01 6.067300033569335938e+01 4.552299880981445312e+01 4.716999816894531250e+01
0.000000000000000000e+00 2.232142835855484009e-01 6.289799880981445312e+01 4.633499908447265625e+01 5.029100036621093750e+01
0.000000000000000000e+00 6.696428358554840088e-02 6.499600219726562500e+01 4.393600082397460938e+01 5.254700088500976562e+01
3.000000000000000000e+00 7.589285820722579956e-02 6.204399871826171875e+01 4.368899917602539062e+01 5.504899978637695312e+01
3.000000000000000000e+00 2.812500000000000000e-01 5.979100036621093750e+01 4.305599975585937500e+01 5.188000106811523438e+01
1.800000000000000000e+01 3.526785671710968018e-01 5.812699890136718750e+01 4.646900177001953125e+01 5.174800109863281250e+01
1.900000000000000000e+01 5.714285969734191895e-01 5.728699874877929688e+01 4.837300109863281250e+01 4.863000106811523438e+01
7.000000000000000000e+00 4.732142984867095947e-01 5.908399963378906250e+01 5.167599868774414062e+01 4.795700073242187500e+01
1.600000000000000000e+01 5.089285969734191895e-01 5.917100143432617188e+01 5.393299865722656250e+01 4.478300094604492188e+01
1.500000000000000000e+01 3.303571343421936035e-01 6.253400039672851562e+01 5.475000000000000000e+01 4.311399841308593750e+01
0.000000000000000000e+00 3.794642984867095947e-01 6.216199874877929688e+01 5.573899841308593750e+01 3.949499893188476562e+01
1.700000000000000000e+01 4.866071343421936035e-01 5.961899948120117188e+01 5.771099853515625000e+01 3.748699951171875000e+01
9.000000000000000000e+00 4.464285671710968018e-01 5.875400161743164062e+01 5.915100097656250000e+01 3.409199905395507812e+01
1.300000000000000000e+01 4.642857015132904053e-01 5.624700164794921875e+01 6.015200042724609375e+01 3.133099937438964844e+01
1.800000000000000000e+01 4.419642984867095947e-01 5.611100006103515625e+01 5.884099960327148438e+01 2.775399971008300781e+01
1.700000000000000000e+01 1.875000000000000000e-01 5.759000015258789062e+01 6.020000076293945312e+01 2.454400062561035156e+01
7.000000000000000000e+00 8.928571641445159912e-02 5.580300140380859375e+01 6.117300033569335938e+01 2.134600067138671875e+01
1.700000000000000000e+01 1.428571492433547974e-01 5.624300003051757812e+01 5.755500030517578125e+01 2.018400001525878906e+01
9.000000000000000000e+00 4.285714328289031982e-01 5.478499984741210938e+01 5.628099822998046875e+01 2.351099967956542969e+01
7.000000000000000000e+00 4.330357015132904053e-01 5.800500106811523438e+01 5.523600006103515625e+01 2.512199974060058594e+01
1.200000000000000000e+01 4.375000000000000000e-01 6.001599884033203125e+01 5.582600021362304688e+01 2.842000007629394531e+01
9.000000000000000000e+00 1.339285671710968018e-01 6.600399780273437500e+01 5.609799957275390625e+01 3.129500007629394531e+01
1.200000000000000000e+01 3.035714328289031982e-01 6.436799621582031250e+01 5.477399826049804688e+01 3.444800186157226562e+01
1.800000000000000000e+01 2.008928507566452026e-01 6.730300140380859375e+01 5.261000061035156250e+01 3.576499938964843750e+01
1.800000000000000000e+01 4.910714179277420044e-02 7.101599884033203125e+01 5.164300155639648438e+01 3.498199844360351562e+01
7.000000000000000000e+00 2.678571455180644989e-02 7.204299926757812500e+01 4.805500030517578125e+01 3.443399810791015625e+01
7.000000000000000000e+00 8.928571827709674835e-03 7.410900115966796875e+01 4.827299880981445312e+01 3.768999862670898438e+01
7.000000000000000000e+00 6.250000000000000000e-02 7.098600006103515625e+01 4.927099990844726562e+01 3.986600112915039062e+01
1.500000000000000000e+01 1.919642835855484009e-01 6.873899841308593750e+01 4.680899810791015625e+01 3.810900115966796875e+01
2.200000000000000000e+01 1.294642835855484009e-01 6.927999877929687500e+01 4.340299987792968750e+01 3.981700134277343750e+01
7.000000000000000000e+00 2.366071492433547974e-01 6.716500091552734375e+01 4.039699935913085938e+01 4.113899993896484375e+01
9.000000000000000000e+00 4.107142984867095947e-01 6.393000030517578125e+01 4.078900146484375000e+01 4.307899856567382812e+01
1.100000000000000000e+01 6.651785969734191895e-01 6.033399963378906250e+01 4.180799865722656250e+01 4.290100097656250000e+01
2.000000000000000000e+01 7.633928656578063965e-01 5.945899963378906250e+01 4.497200012207031250e+01 4.103499984741210938e+01
1.300000000000000000e+01 8.839285969734191895e-01 5.639400100708007812e+01 4.699000167846679688e+01 3.994699859619140625e+01
2.200000000000000000e+01 9.107142686843872070e-01 5.534199905395507812e+01 4.984999847412109375e+01 3.776100158691406250e+01
7.000000000000000000e+00 9.285714030265808105e-01 5.234400177001953125e+01 5.208300018310546875e+01 3.851800155639648438e+01
1.100000000000000000e+01 9.151785969734191895e-01 5.090299987792968750e+01 5.372800064086914062e+01 3.545399856567382812e+01
3.000000000000000000e+00 8.214285969734191895e-01 4.850600051879882812e+01 5.681100082397460938e+01 3.589699935913085938e+01
1.800000000000000000e+01 8.392857313156127930e-01 4.618799972534179688e+01 5.592100143432617188e+01 3.301300048828125000e+01
1.300000000000000000e+01 7.544642686843872070e-01 4.324000167846679688e+01 5.774700164794921875e+01 3.458599853515625000e+01
1.700000000000000000e+01 5.803571343421936035e-01 4.500299835205078125e+01 6.118700027465820312e+01 3.427700042724609375e+01
2.000000000000000000e+01 5.580357313156127930e-01 4.573199844360351562e+01 6.059500122070312500e+01 3.058399963378906250e+01
1.900000000000000000e+01 5.312500000000000000e-01 4.202199935913085938e+01 5.997200012207031250e+01 3.005299949645996094e+01
1.300000000000000000e+01 3.348214328289031982e-01 4.076499938964843750e+01 6.296900177001953125e+01 3.209400177001953125e+01
0.000000000000000000e+00 1.964285671710968018e-01 4.292699813842773438e+01 6.538999938964843750e+01 3.030599975585937500e+01
1.200000000000000000e+01 1.651785671710968018e-01 4.166899871826171875e+01 6.428900146484375000e+01 2.687500000000000000e+01
9.000000000000000000e+00 1.116071417927742004e-01 3.809000015258789062e+01 6.441899871826171875e+01 2.835899925231933594e+01
1.100000000000000000e+01 2.901785671710968018e-01 3.749499893188476562e+01 6.069400024414062500e+01 2.812700080871582031e+01
1.700000000000000000e+01 4.017857015132904053e-01 3.575500106811523438e+01 5.895299911499023438e+01 3.103800010681152344e+01
1.600000000000000000e+01 6.830357313156127930e-01 3.779399871826171875e+01 5.592800140380859375e+01 3.225500106811523438e+01
1.500000000000000000e+01 7.723214030265808105e-01 3.667699813842773438e+01 5.291299819946289062e+01 3.428799819946289062e+01
7.000000000000000000e+00 8.794642686843872070e-01 4.175000000000000000e+01 5.362900161743164062e+01 3.856700134277343750e+01
0.000000000000000000e+00 9.776785969734191895e-01 4.722499847412109375e+01 5.012300109863281250e+01 3.577700042724609375e+01
7.000000000000000000e+00 9.866071343421936035e-01 4.959400177001953125e+01 4.858100128173828125e+01 3.826599884033203125e+01
2.200000000000000000e+01 9.821428656578063965e-01 5.188600158691406250e+01 4.585200119018554688e+01 3.681600189208984375e+01
2.200000000000000000e+01 9.598214030265808105e-01 5.395299911499023438e+01 4.354999923706054688e+01 3.905599975585937500e+01
1.500000000000000000e+01 8.705357313156127930e-01 5.691299819946289062e+01 4.129100036621093750e+01 3.808399963378906250e+01
1.800000000000000000e+01 6.919642686843872070e-01 6.010100173950195312e+01 3.931000137329101562e+01 3.907300186157226562e+01
0.000000000000000000e+00 5.535714030265808105e-01 6.329600143432617188e+01 4.113800048828125000e+01 3.767399978637695312e+01
2.000000000000000000e+00 3.080357015132904053e-01 6.606600189208984375e+01 3.893899917602539062e+01 3.640100097656250000e+01
3.000000000000000000e+00 2.857142984867095947e-01 6.480300140380859375e+01 3.530500030517578125e+01 3.615299987792968750e+01
1.700000000000000000e+01 1.071428582072257996e-01 6.712999725341796875e+01 3.422299957275390625e+01 3.326499938964843750e+01
9.000000000000000000e+00 2.232142910361289978e-02 7.063600158691406250e+01 3.566199874877929688e+01 3.265700149536132812e+01
1.600000000000000000e+01 5.803571268916130066e-02 7.077999877929687500e+01 3.947900009155273438e+01 3.189299964904785156e+01
1.000000000000000000e+00 1.741071492433547974e-01 6.771299743652343750e+01 4.064599990844726562e+01 2.989399909973144531e+01
1.000000000000000000e+00 2.767857015132904053e-01 6.588099670410156250e+01 4.365700149536132812e+01 2.822999954223632812e+01
2.000000000000000000e+01 5.446428656578063965e-01 6.218000030517578125e+01 4.425199890136718750e+01 2.872200012207031250e+01
1.800000000000000000e+01 6.205357313156127930e-01 5.978499984741210938e+01 4.611299896240234375e+01 2.641799926757812500e+01
1.100000000000000000e+01 8.080357313156127930e-01 5.649300003051757812e+01 4.645299911499023438e+01 2.822800064086914062e+01
0.000000000000000000e+00 8.035714030265808105e-01 5.367599868774414062e+01 4.740999984741210938e+01 2.593000030517578125e+01
0.000000000000000000e+00 9.062500000000000000e-01 5.065599822998046875e+01 4.882699966430664062e+01 2.780100059509277344e+01
1.200000000000000000e+01 8.437500000000000000e-01 4.770500183105468750e+01 4.889599990844726562e+01 2.542900085449218750e+01
1.200000000000000000e+01 8.348214030265808105e-01 4.496200180053710938e+01 5.117499923706054688e+01 2.673699951171875000e+01
1.700000000000000000e+01 7.500000000000000000e-01 4.120899963378906250e+01 5.187900161743164062e+01 2.618199920654296875e+01
1.600000000000000000e+01 7.098214030265808105e-01 3.860499954223632812e+01 5.346799850463867188e+01 2.869000053405761719e+01
2.000000000000000000e+01 7.901785969734191895e-01 3.744300079345703125e+01 5.020500183105468750e+01 3.027199935913085938e+01
1.700000000000000000e+01 8.928571343421936035e-01 4.027899932861328125e+01 4.782899856567382812e+01 2.913400077819824219e+01
2.000000000000000000e+01 9.464285969734191895e-01 4.406700134277343750e+01 4.747200012207031250e+01 2.908699989318847656e+01
1.700000000000000000e+01 9.375000000000000000e-01 4.664599990844726562e+01 4.487300109863281250e+01 2.800600051879882812e+01
1.800000000000000000e+01 9.687500000000000000e-01 5.009400177001953125e+01 4.447200012207031250e+01 2.937000083923339844e+01
1.800000000000000000e+01 8.660714030265808105e-01 5.265900039672851562e+01 4.265900039672851562e+01 2.713400077819824219e+01
0.000000000000000000e+00 7.991071343421936035e-01 5.616299819946289062e+01 4.176900100708007812e+01 2.815200042724609375e+01
2.200000000000000000e+01 6.026785969734191895e-01 5.868899917602539062e+01 4.120899963378906250e+01 2.532200050354003906e+01
2.200000000000000000e+01 4.598214328289031982e-01 6.199700164794921875e+01 3.977099990844726562e+01 2.665500068664550781e+01
1.800000000000000000e+01 1.785714328289031982e-01 6.508799743652343750e+01 4.009299850463867188e+01 2.451899909973144531e+01
2.000000000000000000e+00 4.464285820722579956e-02 6.884300231933593750e+01 3.981200027465820312e+01 2.503100013732910156e+01
1.600000000000000000e+01 1.339285727590322495e-02 7.125000000000000000e+01 4.284799957275390625e+01 2.510000038146972656e+01
