5.000000000000000000e+00 9.821428358554840088e-02 2.483399963378906250e+01 3.856600189208984375e+01 3.978300094604492188e+01
1.600000000000000000e+01 2.366071492433547974e-01 2.665600013732910156e+01 4.177700042724609375e+01 4.078300094604492188e+01
1.200000000000000000e+01 4.776785671710968018e-01 3.033399963378906250e+01 4.073799896240234375e+01 4.107300186157226562e+01
1.400000000000000000e+01 5.446428656578063965e-01 3.182099914550781250e+01 3.798400115966796875e+01 3.878599929809570312e+01
2.200000000000000000e+01 7.098214030265808105e-01 3.531900024414062500e+01 3.697700119018554688e+01 3.794800186157226562e+01
1.300000000000000000e+01 6.696428656578063965e-01 3.618899917602539062e+01 3.486999893188476562e+01 3.484600067138671875e+01
2.200000000000000000e+01 7.276785969734191895e-01 3.961899948120117188e+01 3.372399902343750000e+01 3.416500091552734375e+01
1.200000000000000000e+01 6.651785969734191895e-01 4.070999908447265625e+01 3.256200027465820312e+01 3.078800010681152344e+01
3.000000000000000000e+00 6.071428656578063965e-01 4.385200119018554688e+01 3.095899963378906250e+01 2.908399963378906250e+01
0.000000000000000000e+00 5.758928656578063965e-01 4.509199905395507812e+01 3.234700012207031250e+01 2.561400032043457031e+01
2.200000000000000000e+01 3.660714328289031982e-01 4.738100051879882812e+01 2.952499961853027344e+01 2.463199996948242188e+01
1.000000000000000000e+00 2.098214328289031982e-01 4.502099990844726562e+01 2.652799987792968750e+01 2.526799964904785156e+01
9.000000000000000000e+00 2.633928656578063965e-01 4.177299880981445312e+01 2.852199935913085938e+01 2.461400032043457031e+01
1.700000000000000000e+01 2.500000000000000000e-01 3.972000122070312500e+01 2.730599975585937500e+01 2.741600036621093750e+01
1.600000000000000000e+01 3.571428656578063965e-01 3.880699920654296875e+01 2.835700035095214844e+01 3.103499984741210938e+01
0.000000000000000000e+00 5.178571343421936035e-01 4.156600189208984375e+01 2.882500076293945312e+01 3.355400085449218750e+01
1.100000000000000000e+01 3.258928656578063965e-01 4.065599822998046875e+01 2.645000076293945312e+01 3.642100143432617188e+01
2.000000000000000000e+00 3.705357015132904053e-01 4.204299926757812500e+01 2.680500030517578125e+01 3.997900009155273438e+01
2.200000000000000000e+01 6.473214030265808105e-01 4.318500137329101562e+01 3.054800033569335938e+01 3.985100173950195312e+01
0.000000000000000000e+00 6.741071343421936035e-01 4.380300140380859375e+01 3.223699951171875000e+01 4.328799819946289062e+01
1.400000000000000000e+01 7.633928656578063965e-01 4.231900024414062500e+01 3.574200057983398438e+01 4.395299911499023438e+01
2.200000000000000000e+01 7.321428656578063965e-01 3.936800003051757812e+01 4.131000137329101562e+01 4.682300186157226562e+01
1.500000000000000000e+01 6.830357313156127930e-01 3.965200042724609375e+01 4.427099990844726562e+01 4.914500045776367188e+01
1.000000000000000000e+00 5.625000000000000000e-01 3.742800140380859375e+01 4.731900024414062500e+01 4.984500122070312500e+01
1.300000000000000000e+01 4.910714328289031982e-01 3.882799911499023438e+01 5.063700103759765625e+01 5.106000137329101562e+01
0.000000000000000000e+00 2.008928507566452026e-01 3.754299926757812500e+01 5.176300048828125000e+01 5.448600006103515625e+01
0.000000000000000000e+00 8.482142537832260132e-02 3.718899917602539062e+01 5.548799896240234375e+01 5.538499832153320312e+01
3.000000000000000000e+00 7.589285820722579956e-02 4.073500061035156250e+01 5.606499862670898438e+01 5.673199844360351562e+01
3.000000000000000000e+00 2.901785671710968018e-01 4.206200027465820312e+01 5.469100189208984375e+01 5.333599853515625000e+01
1.800000000000000000e+01 3.125000000000000000e-01 4.284199905395507812e+01 5.123600006103515625e+01 5.487799835205078125e+01
1.900000000000000000e+01 5.044642686843872070e-01 4.205199813842773438e+01 4.815599822998046875e+01 5.279499816894531250e+01
7.000000000000000000e+00 3.392857015132904053e-01 3.961800003051757812e+01 4.563999938964843750e+01 5.423799896240234375e+01
1.600000000000000000e+01 3.750000000000000000e-01 3.872000122070312500e+01 4.203300094604492188e+01 5.332099914550781250e+01
1.500000000000000000e+01 3.794642984867095947e-01 3.557500076293945312e+01 4.161000061035156250e+01 5.124499893188476562e+01
0.000000000000000000e+00 4.687500000000000000e-01 3.573500061035156250e+01 3.867100143432617188e+01 4.871300125122070312e+01
1.700000000000000000e+01 5.357142686843872070e-01 3.832300186157226562e+01 3.600600051879882812e+01 4.784099960327148438e+01
9.000000000000000000e+00 4.419642984867095947e-01 3.840700149536132812e+01 3.249800109863281250e+01 4.639400100708007812e+01
1.300000000000000000e+01 4.955357015132904053e-01 3.980099868774414062e+01 3.053100013732910156e+01 4.346799850463867188e+01
1.800000000000000000e+01 4.598214328289031982e-01 3.825699996948242188e+01 2.964500045776367188e+01 4.006100082397460938e+01
1.700000000000000000e+01 1.830357164144515991e-01 3.584000015258789062e+01 2.669599914550781250e+01 3.945700073242187500e+01
7.000000000000000000e+00 9.375000000000000000e-02 3.599700164794921875e+01 2.406900024414062500e+01 3.677000045776367188e+01
1.700000000000000000e+01 1.383928507566452026e-01 3.401499938964843750e+01 2.664999961853027344e+01 3.450099945068359375e+01
9.000000000000000000e+00 3.928571343421936035e-01 3.656700134277343750e+01 2.942900085449218750e+01 3.515399932861328125e+01
7.000000000000000000e+00 3.973214328289031982e-01 3.406399917602539062e+01 3.153100013732910156e+01 3.706600189208984375e+01
1.200000000000000000e+01 4.508928656578063965e-01 3.472200012207031250e+01 3.239099884033203125e+01 4.073799896240234375e+01
9.000000000000000000e+00 1.294642835855484009e-01 2.923299980163574219e+01 3.385400009155273438e+01 4.512400054931640625e+01
1.200000000000000000e+01 2.991071343421936035e-01 3.156100082397460938e+01 3.677099990844726562e+01 4.598099899291992188e+01
1.800000000000000000e+01 1.607142835855484009e-01 2.903800010681152344e+01 3.914899826049804688e+01 4.761299896240234375e+01
1.800000000000000000e+01 2.232142910361289978e-02 2.531200027465820312e+01 4.008100128173828125e+01 4.817800140380859375e+01
7.000000000000000000e+00 1.785714365541934967e-02 2.329299926757812500e+01 4.322999954223632812e+01 4.717599868774414062e+01
7.000000000000000000e+00 0.000000000000000000e+00 2.290900039672851562e+01 4.475699996948242188e+01 5.063399887084960938e+01
7.000000000000000000e+00 2.678571455180644989e-02 2.670499992370605469e+01 4.409400177001953125e+01 5.124700164794921875e+01
1.500000000000000000e+01 1.473214328289031982e-01 2.802099990844726562e+01 4.552199935913085938e+01 4.794499969482421875e+01
2.200000000000000000e+01 1.160714253783226013e-01 2.843899917602539062e+01 4.918099975585937500e+01 4.896099853515625000e+01
7.000000000000000000e+00 1.785714328289031982e-01 2.970999908447265625e+01 5.224599838256835938e+01 4.720899963378906250e+01
9.000000000000000000e+00 3.883928656578063965e-01 3.352099990844726562e+01 5.291699981689453125e+01 4.712099838256835938e+01
1.100000000000000000e+01 6.339285969734191895e-01 3.701699829101562500e+01 5.180500030517578125e+01 4.600000000000000000e+01
2.000000000000000000e+01 7.366071343421936035e-01 3.777500152587890625e+01 4.798600006103515625e+01 4.559799957275390625e+01
1.300000000000000000e+01 8.660714030265808105e-01 4.093299865722656250e+01 4.609500122070312500e+01 4.476399993896484375e+01
2.200000000000000000e+01 9.196428656578063965e-01 4.111000061035156250e+01 4.274499893188476562e+01 4.286000061035156250e+01
7.000000000000000000e+00 9.330357313156127930e-01 4.430300140380859375e+01 4.069300079345703125e+01 4.324399948120117188e+01
1.100000000000000000e+01 9.241071343421936035e-01 4.446400070190429688e+01 3.780199813842773438e+01 4.093199920654296875e+01
3.000000000000000000e+00 8.571428656578063965e-01 4.751499938964843750e+01 3.528400039672851562e+01 4.093399810791015625e+01
1.800000000000000000e+01 8.794642686843872070e-01 4.869800186157226562e+01 3.496699905395507812e+01 3.736100006103515625e+01
1.300000000000000000e+01 7.812500000000000000e-01 5.190200042724609375e+01 3.318700027465820312e+01 3.780899810791015625e+01
1.700000000000000000e+01 6.160714030265808105e-01 5.078300094604492188e+01 2.985300064086914062e+01 3.953300094604492188e+01
2.000000000000000000e+01 5.848214030265808105e-01 4.861700057983398438e+01 2.864599990844726562e+01 3.655799865722656250e+01
1.900000000000000000e+01 5.312500000000000000e-01 5.170600128173828125e+01 2.854500007629394531e+01 3.429000091552734375e+01
1.300000000000000000e+01 3.482142984867095947e-01 5.414699935913085938e+01 2.690600013732910156e+01 3.697000122070312500e+01
0.000000000000000000e+00 2.187500000000000000e-01 5.167499923706054688e+01 2.403300094604492188e+01 3.702299880981445312e+01
1.200000000000000000e+01 1.428571492433547974e-01 5.245100021362304688e+01 2.317799949645996094e+01 3.334099960327148438e+01
9.000000000000000000e+00 1.071428582072257996e-01 5.625000000000000000e+01 2.392200088500976562e+01 3.368299865722656250e+01
1.100000000000000000e+01 2.857142984867095947e-01 5.632799911499023438e+01 2.731900024414062500e+01 3.200199890136718750e+01
1.700000000000000000e+01 4.553571343421936035e-01 5.806000137329101562e+01 3.057799911499023438e+01 3.316500091552734375e+01
1.600000000000000000e+01 7.008928656578063965e-01 5.566999816894531250e+01 3.366299819946289062e+01 3.268600082397460938e+01
1.500000000000000000e+01 7.946428656578063965e-01 5.652299880981445312e+01 3.735800170898437500e+01 3.260200119018554688e+01
7.000000000000000000e+00 8.839285969734191895e-01 5.362699890136718750e+01 3.754600143432617188e+01 3.869699859619140625e+01
0.000000000000000000e+00 9.910714030265808105e-01 4.725799942016601562e+01 4.102799987792968750e+01 3.822600173950195312e+01
7.000000000000000000e+00 9.866071343421936035e-01 4.605199813842773438e+01 4.369400024414062500e+01 4.072000122070312500e+01
2.200000000000000000e+01 9.776785969734191895e-01 4.347600173950195312e+01 4.647800064086914062e+01 3.993199920654296875e+01
2.200000000000000000e+01 9.285714030265808105e-01 4.186999893188476562e+01 4.932500076293945312e+01 4.191799926757812500e+01
1.500000000000000000e+01 8.437500000000000000e-01 3.849800109863281250e+01 5.052899932861328125e+01 4.074800109863281250e+01
1.800000000000000000e+01 6.785714030265808105e-01 3.549100112915039062e+01 5.262099838256835938e+01 4.193099975585937500e+01
0.000000000000000000e+00 5.535714030265808105e-01 3.222999954223632812e+01 5.059600067138671875e+01 4.213299942016601562e+01
2.000000000000000000e+00 2.767857015132904053e-01 2.858499908447265625e+01 5.133700180053710938e+01 4.248799896240234375e+01
3.000000000000000000e+00 2.410714328289031982e-01 2.899699974060058594e+01 5.489899826049804688e+01 4.138499832153320312e+01
1.700000000000000000e+01 5.803571268916130066e-02 2.567300033569335938e+01 5.613499832153320312e+01 4.005699920654296875e+01
9.000000000000000000e+00 3.125000000000000000e-02 2.386199951171875000e+01 5.332699966430664062e+01 4.187500000000000000e+01
1.600000000000000000e+01 7.142857462167739868e-02 2.407500076293945312e+01 4.954299926757812500e+01 4.166799926757812500e+01
1.000000000000000000e+00 2.053571492433547974e-01 2.583600044250488281e+01 4.781200027465820312e+01 3.865800094604492188e+01
1.000000000000000000e+00 2.812500000000000000e-01 2.673900032043457031e+01 4.423600006103515625e+01 3.763700103759765625e+01
2.000000000000000000e+01 5.669642686843872070e-01 3.048600006103515625e+01 4.387400054931640625e+01 3.724700164794921875e+01
1.800000000000000000e+01 6.294642686843872070e-01 3.207600021362304688e+01 4.103499984741210938e+01 3.522299957275390625e+01
1.100000000000000000e+01 8.035714030265808105e-01 3.592599868774414062e+01 4.092499923706054688e+01 3.531000137329101562e+01
0.000000000000000000e+00 8.125000000000000000e-01 3.758800125122070312e+01 3.905699920654296875e+01 3.245299911499023438e+01
0.000000000000000000e+00 9.062500000000000000e-01 4.124800109863281250e+01 3.848300170898437500e+01 3.294699859619140625e+01
1.200000000000000000e+01 8.482142686843872070e-01 4.287300109863281250e+01 3.677600097656250000e+01 3.002700042724609375e+01
1.200000000000000000e+01 8.348214030265808105e-01 4.613199996948242188e+01 3.493399810791015625e+01 3.098600006103515625e+01
1.700000000000000000e+01 7.455357313156127930e-01 4.896400070190429688e+01 3.439799880981445312e+01 2.846999931335449219e+01
1.600000000000000000e+01 7.053571343421936035e-01 5.282500076293945312e+01 3.385100173950195312e+01 2.892200088500976562e+01
2.000000000000000000e+01 7.723214030265808105e-01 5.406200027465820312e+01 3.744499969482421875e+01 2.835099983215332031e+01
1.700000000000000000e+01 8.750000000000000000e-01 5.075799942016601562e+01 3.936899948120117188e+01 2.835000038146972656e+01
2.000000000000000000e+01 9.553571343421936035e-01 4.752000045776367188e+01 3.993399810791015625e+01 3.005800056457519531e+01
1.700000000000000000e+01 9.464285969734191895e-01 4.437799835205078125e+01 4.186999893188476562e+01 2.910700035095214844e+01
1.800000000000000000e+01 9.687500000000000000e-01 4.220199966430664062e+01 4.304000091552734375e+01 3.189800071716308594e+01
1.800000000000000000e+01 8.973214030265808105e-01 3.867200088500976562e+01 4.404000091552734375e+01 3.104400062561035156e+01
0.000000000000000000e+00 8.080357313156127930e-01 3.557699966430664062e+01 4.520999908447265625e+01 3.311600112915039062e+01
2.200000000000000000e+01 6.383928656578063965e-01 3.227299880981445312e+01 4.483499908447265625e+01 3.155699920654296875e+01
2.200000000000000000e+01 5.000000000000000000e-01 2.973900032043457031e+01 4.686399841308593750e+01 3.344699859619140625e+01
1.800000000000000000e+01 2.276785671710968018e-01 2.607900047302246094e+01 4.594599914550781250e+01 3.287200164794921875e+01
2.000000000000000000e+00 5.357142910361289978e-02 2.289599990844726562e+01 4.747900009155273438e+01 3.423799896240234375e+01
1.600000000000000000e+01 8.928571827709674835e-03 1.967700004577636719e+01 4.560800170898437500e+01 3.337699890136718750e+01
5.000000000000000000e+00 1.026785746216773987e-01 6.821700286865234375e+01 5.064599990844726562e+01 2.765999984741210938e+01
1.600000000000000000e+01 2.544642984867095947e-01 6.719100189208984375e+01 4.827799987792968750e+01 3.047400093078613281e+01
1.200000000000000000e+01 5.133928656578063965e-01 6.352999877929687500e+01 4.928699874877929688e+01 3.092099952697753906e+01
1.400000000000000000e+01 5.223214030265808105e-01 6.146799850463867188e+01 5.084600067138671875e+01 2.808300018310546875e+01
2.200000000000000000e+01 6.964285969734191895e-01 5.778200149536132812e+01 5.151100158691406250e+01 2.806299972534179688e+01
1.300000000000000000e+01 6.428571343421936035e-01 5.555199813842773438e+01 5.206900024414062500e+01 2.497500038146972656e+01
2.200000000000000000e+01 7.187500000000000000e-01 5.222399902343750000e+01 5.361999893188476562e+01 2.606599998474121094e+01
1.200000000000000000e+01 6.517857313156127930e-01 4.956399917602539062e+01 5.338999938964843750e+01 2.334300041198730469e+01
3.000000000000000000e+00 6.116071343421936035e-01 4.615000152587890625e+01 5.511700057983398438e+01 2.362899971008300781e+01
0.000000000000000000e+00 5.892857313156127930e-01 4.327600097656250000e+01 5.302099990844726562e+01 2.226399993896484375e+01
2.200000000000000000e+01 4.196428656578063965e-01 4.053900146484375000e+01 5.574900054931640625e+01 2.236199951171875000e+01
1.000000000000000000e+00 2.232142835855484009e-01 4.231299972534179688e+01 5.781600189208984375e+01 1.956200027465820312e+01
9.000000000000000000e+00 3.035714328289031982e-01 4.443799972534179688e+01 5.475000000000000000e+01 1.860099983215332031e+01
1.700000000000000000e+01 2.678571343421936035e-01 4.788600158691406250e+01 5.639799880981445312e+01 1.875099945068359375e+01
1.600000000000000000e+01 3.437500000000000000e-01 5.104199981689453125e+01 5.668899917602539062e+01 2.087100028991699219e+01
0.000000000000000000e+00 4.821428656578063965e-01 5.017900085449218750e+01 5.831600189208984375e+01 2.420199966430664062e+01
1.100000000000000000e+01 2.946428656578063965e-01 5.185100173950195312e+01 6.155500030517578125e+01 2.525900077819824219e+01
2.000000000000000000e+00 3.348214328289031982e-01 5.247999954223632812e+01 6.262200164794921875e+01 2.880500030517578125e+01
2.200000000000000000e+01 6.205357313156127930e-01 5.141500091552734375e+01 5.930799865722656250e+01 3.045999908447265625e+01
0.000000000000000000e+00 6.562500000000000000e-01 5.315900039672851562e+01 5.911000061035156250e+01 3.388499832153320312e+01
1.400000000000000000e+01 7.589285969734191895e-01 5.442900085449218750e+01 5.613399887084960938e+01 3.574900054931640625e+01
2.200000000000000000e+01 7.410714030265808105e-01 5.837699890136718750e+01 5.191199874877929688e+01 3.924000167846679688e+01
1.500000000000000000e+01 7.142857313156127930e-01 5.887599945068359375e+01 5.025299835205078125e+01 4.261399841308593750e+01
1.000000000000000000e+00 5.982142686843872070e-01 6.122600173950195312e+01 4.768099975585937500e+01 4.409999847412109375e+01
1.300000000000000000e+01 6.026785969734191895e-01 5.986700057983398438e+01 4.490999984741210938e+01 4.644499969482421875e+01
0.000000000000000000e+00 3.214285671710968018e-01 6.187500000000000000e+01 4.478400039672851562e+01 4.971200180053710938e+01
0.000000000000000000e+00 1.696428507566452026e-01 6.229000091552734375e+01 4.199399948120117188e+01 5.217200088500976562e+01
3.000000000000000000e+00 1.517857164144515991e-01 5.971799850463867188e+01 4.340800094604492188e+01 5.463999938964843750e+01
3.000000000000000000e+00 4.241071343421936035e-01 5.696099853515625000e+01 4.299300003051757812e+01 5.196200180053710938e+01
1.800000000000000000e+01 4.732142984867095947e-01 5.734000015258789062e+01 4.682899856567382812e+01 5.111700057983398438e+01
1.900000000000000000e+01 6.250000000000000000e-01 5.730199813842773438e+01 4.840499877929687500e+01 4.783599853515625000e+01
7.000000000000000000e+00 4.464285671710968018e-01 6.004600143432617188e+01 5.114699935913085938e+01 4.798199844360351562e+01
1.600000000000000000e+01 4.107142984867095947e-01 6.098300170898437500e+01 5.383700180053710938e+01 4.545899963378906250e+01
1.500000000000000000e+01 4.062500000000000000e-01 6.309799957275390625e+01 5.306900024414062500e+01 4.237099838256835938e+01
0.000000000000000000e+00 4.642857015132904053e-01 6.218899917602539062e+01 5.499300003051757812e+01 3.913299942016601562e+01
1.700000000000000000e+01 5.089285969734191895e-01 5.964300155639648438e+01 5.752999877929687500e+01 3.784799957275390625e+01
9.000000000000000000e+00 4.375000000000000000e-01 5.894400024414062500e+01 5.936600112915039062e+01 3.456000137329101562e+01
1.300000000000000000e+01 4.866071343421936035e-01 5.623699951171875000e+01 6.008499908447265625e+01 3.194599914550781250e+01
1.800000000000000000e+01 4.285714328289031982e-01 5.603900146484375000e+01 5.944499969482421875e+01 2.819199943542480469e+01
1.700000000000000000e+01 1.562500000000000000e-01 5.737099838256835938e+01 6.174599838256835938e+01 2.534199905395507812e+01
7.000000000000000000e+00 6.696428358554840088e-02 5.586500167846679688e+01 6.266600036621093750e+01 2.187599945068359375e+01
1.700000000000000000e+01 1.205357164144515991e-01 5.640200042724609375e+01 5.917599868774414062e+01 2.040500068664550781e+01
9.000000000000000000e+00 3.616071343421936035e-01 5.492599868774414062e+01 5.771200180053710938e+01 2.356299972534179688e+01
7.000000000000000000e+00 3.526785671710968018e-01 5.830099868774414062e+01 5.639400100708007812e+01 2.486000061035156250e+01
1.200000000000000000e+01 3.839285671710968018e-01 6.027299880981445312e+01 5.681999969482421875e+01 2.805200004577636719e+01
9.000000000000000000e+00 1.339285671710968018e-01 6.625199890136718750e+01 5.710300064086914062e+01 3.156299972534179688e+01
1.200000000000000000e+01 3.303571343421936035e-01 6.407800292968750000e+01 5.515900039672851562e+01 3.406399917602539062e+01
1.800000000000000000e+01 2.455357164144515991e-01 6.693499755859375000e+01 5.312200164794921875e+01 3.576300048828125000e+01
1.800000000000000000e+01 6.250000000000000000e-02 7.066600036621093750e+01 5.205500030517578125e+01 3.505300140380859375e+01
7.000000000000000000e+00 4.464285820722579956e-02 7.191500091552734375e+01 4.856200027465820312e+01 3.415599822998046875e+01
7.000000000000000000e+00 1.339285727590322495e-02 7.414800262451171875e+01 4.862500000000000000e+01 3.727799987792968750e+01
7.000000000000000000e+00 4.910714179277420044e-02 7.144000244140625000e+01 4.920100021362304688e+01 3.995399856567382812e+01
1.500000000000000000e+01 1.919642835855484009e-01 6.883499908447265625e+01 4.720399856567382812e+01 3.812699890136718750e+01
2.200000000000000000e+01 1.116071417927742004e-01 6.998699951171875000e+01 4.395999908447265625e+01 3.988100051879882812e+01
7.000000000000000000e+00 2.321428507566452026e-01 6.775800323486328125e+01 4.086999893188476562e+01 4.026300048828125000e+01
9.000000000000000000e+00 4.330357015132904053e-01 6.433100128173828125e+01 4.112099838256835938e+01 4.209500122070312500e+01
1.100000000000000000e+01 6.919642686843872070e-01 6.058900070190429688e+01 4.208399963378906250e+01 4.177600097656250000e+01
2.000000000000000000e+01 7.678571343421936035e-01 5.973400115966796875e+01 4.529700088500976562e+01 4.004299926757812500e+01
1.300000000000000000e+01 9.017857313156127930e-01 5.634000015258789062e+01 4.689699935913085938e+01 3.958000183105468750e+01
2.200000000000000000e+01 9.151785969734191895e-01 5.541899871826171875e+01 4.962699890136718750e+01 3.706800079345703125e+01
7.000000000000000000e+00 9.375000000000000000e-01 5.239300155639648438e+01 5.177700042724609375e+01 3.805199813842773438e+01
1.100000000000000000e+01 9.107142686843872070e-01 5.076599884033203125e+01 5.376699829101562500e+01 3.507600021362304688e+01
3.000000000000000000e+00 8.169642686843872070e-01 4.883000183105468750e+01 5.692599868774414062e+01 3.596699905395507812e+01
1.800000000000000000e+01 8.258928656578063965e-01 4.570299911499023438e+01 5.660300064086914062e+01 3.393000030517578125e+01
1.300000000000000000e+01 7.232142686843872070e-01 4.337200164794921875e+01 5.852700042724609375e+01 3.629199981689453125e+01
1.700000000000000000e+01 5.714285969734191895e-01 4.543700027465820312e+01 6.171599960327148438e+01 3.569699859619140625e+01
2.000000000000000000e+01 5.803571343421936035e-01 4.559799957275390625e+01 6.109899902343750000e+01 3.177499961853027344e+01
1.900000000000000000e+01 5.401785969734191895e-01 4.195600128173828125e+01 6.074100112915039062e+01 3.121699905395507812e+01
1.300000000000000000e+01 3.169642984867095947e-01 4.115200042724609375e+01 6.403800201416015625e+01 3.316400146484375000e+01
0.000000000000000000e+00 1.964285671710968018e-01 4.377099990844726562e+01 6.601699829101562500e+01 3.128400039672851562e+01
1.200000000000000000e+01 1.741071492433547974e-01 4.172999954223632812e+01 6.475900268554687500e+01 2.818600082397460938e+01
9.000000000000000000e+00 1.250000000000000000e-01 3.826900100708007812e+01 6.538400268554687500e+01 2.995899963378906250e+01
1.100000000000000000e+01 3.080357015132904053e-01 3.725400161743164062e+01 6.158399963378906250e+01 3.018799972534179688e+01
1.700000000000000000e+01 4.017857015132904053e-01 3.582699966430664062e+01 5.982799911499023438e+01 3.332899856567382812e+01
1.600000000000000000e+01 6.607142686843872070e-01 3.817800140380859375e+01 5.722800064086914062e+01 3.510400009155273438e+01
1.500000000000000000e+01 7.544642686843872070e-01 3.731900024414062500e+01 5.381200027465820312e+01 3.647800064086914062e+01
7.000000000000000000e+00 8.705357313156127930e-01 4.329800033569335938e+01 5.414799880981445312e+01 3.942499923706054688e+01
0.000000000000000000e+00 9.821428656578063965e-01 4.719100189208984375e+01 5.006600189208984375e+01 3.491600036621093750e+01
7.000000000000000000e+00 9.955357313156127930e-01 4.989300155639648438e+01 4.805799865722656250e+01 3.698400115966796875e+01
2.200000000000000000e+01 9.732142686843872070e-01 5.270800018310546875e+01 4.546799850463867188e+01 3.591699981689453125e+01
2.200000000000000000e+01 9.642857313156127930e-01 5.464500045776367188e+01 4.306900024414062500e+01 3.822100067138671875e+01
1.500000000000000000e+01 8.526785969734191895e-01 5.758000183105468750e+01 4.090700149536132812e+01 3.725199890136718750e+01
1.800000000000000000e+01 6.875000000000000000e-01 6.064500045776367188e+01 3.891699981689453125e+01 3.842699813842773438e+01
0.000000000000000000e+00 5.491071343421936035e-01 6.364400100708007812e+01 4.050500106811523438e+01 3.663000106811523438e+01
2.000000000000000000e+00 2.723214328289031982e-01 6.711699676513671875e+01 3.922999954223632812e+01 3.547800064086914062e+01
3.000000000000000000e+00 2.142857164144515991e-01 6.662899780273437500e+01 3.570399856567382812e+01 3.686800003051757812e+01
1.700000000000000000e+01 8.928571641445159912e-02 6.810700225830078125e+01 3.346200180053710938e+01 3.422499847412109375e+01
9.000000000000000000e+00 3.571428731083869934e-02 7.077799987792968750e+01 3.613100051879882812e+01 3.330300140380859375e+01
1.600000000000000000e+01 8.035714179277420044e-02 7.040499877929687500e+01 3.985200119018554688e+01 3.268199920654296875e+01
1.000000000000000000e+00 1.875000000000000000e-01 6.785500335693359375e+01 4.109600067138671875e+01 3.017900085449218750e+01
1.000000000000000000e+00 2.589285671710968018e-01 6.668800354003906250e+01 4.430199813842773438e+01 2.850499916076660156e+01
2.000000000000000000e+01 5.267857313156127930e-01 6.290900039672851562e+01 4.456900024414062500e+01 2.881500053405761719e+01
1.800000000000000000e+01 5.937500000000000000e-01 6.041500091552734375e+01 4.649499893188476562e+01 2.670599937438964844e+01
1.100000000000000000e+01 7.901785969734191895e-01 5.683100128173828125e+01 4.686999893188476562e+01 2.813100051879882812e+01
0.000000000000000000e+00 7.991071343421936035e-01 5.378300094604492188e+01 4.783100128173828125e+01 2.581699943542480469e+01
0.000000000000000000e+00 8.883928656578063965e-01 5.047900009155273438e+01 4.909000015258789062e+01 2.749099922180175781e+01
1.200000000000000000e+01 8.303571343421936035e-01 4.721599960327148438e+01 4.972700119018554688e+01 2.549900054931640625e+01
1.200000000000000000e+01 8.392857313156127930e-01 4.500400161743164062e+01 5.208300018310546875e+01 2.753400039672851562e+01
1.700000000000000000e+01 7.767857313156127930e-01 4.126800155639648438e+01 5.270500183105468750e+01 2.761000061035156250e+01
1.600000000000000000e+01 7.857142686843872070e-01 3.908399963378906250e+01 5.337599945068359375e+01 3.067200088500976562e+01
2.000000000000000000e+01 8.214285969734191895e-01 3.750000000000000000e+01 4.990599822998046875e+01 3.122800064086914062e+01
1.700000000000000000e+01 8.928571343421936035e-01 3.999399948120117188e+01 4.759400177001953125e+01 2.965099906921386719e+01
2.000000000000000000e+01 9.598214030265808105e-01 4.378400039672851562e+01 4.768099975585937500e+01 2.942499923706054688e+01
1.700000000000000000e+01 9.419642686843872070e-01 4.620800018310546875e+01 4.523600006103515625e+01 2.772800064086914062e+01
1.800000000000000000e+01 9.508928656578063965e-01 4.990100097656250000e+01 4.491600036621093750e+01 2.843099975585937500e+01
1.800000000000000000e+01 8.616071343421936035e-01 5.269699859619140625e+01 4.273699951171875000e+01 2.731800079345703125e+01
0.000000000000000000e+00 7.500000000000000000e-01 5.645000076293945312e+01 4.236800003051757812e+01 2.712500000000000000e+01
2.200000000000000000e+01 5.580357313156127930e-01 5.931299972534179688e+01 4.171500015258789062e+01 2.472200012207031250e+01
2.200000000000000000e+01 4.151785671710968018e-01 6.258900070190429688e+01 4.050000000000000000e+01 2.648200035095214844e+01
1.800000000000000000e+01 1.651785671710968018e-01 6.615200042724609375e+01 4.066099929809570312e+01 2.534399986267089844e+01
2.000000000000000000e+00 4.017857089638710022e-02 6.924199676513671875e+01 3.840900039672851562e+01 2.590999984741210938e+01
1.600000000000000000e+01 4.464285913854837418e-03 7.277600097656250000e+01 3.969699859619140625e+01 2.582299995422363281e+01
