1 1 14 0 0.0059880239520957446 0 0 43.716 49.873 21.737
1 2 18 0 0.0718562874251496 0 0 44.751 46.612 23.274
1 3 7 0 0.27544910179640725 0 0 41.668 44.489 23.269
1 4 20 0 0.5748502994011976 0 0 40.923 41.584 25.579
1 5 13 0 0.7604790419161677 0 0 38.107 39.101 25.023
1 6 12 0 0.9281437125748503 0 0 37.195 37.705 28.414
1 7 22 0 0.9580838323353293 0 0 34.972 34.652 28.229
1 8 22 0 0.9880239520958084 0 0 32.647 33.857 31.084
1 9 22 0 0.9700598802395209 0 0 32.581 30.125 31.146
1 10 9 0 0.9221556886227544 0 0 30.375 27.502 32.823
1 11 0 0 0.7964071856287425 0 0 27.003 26.067 33.843
1 12 9 0 0.658682634730539 0 0 23.769 27.953 33.496
1 13 9 0 0.6347305389221557 0 0 23.064 29.362 36.913
1 14 22 0 0.8383233532934131 0 0 26.474 30.356 38.161
1 15 9 0 0.8502994011976048 0 0 25.840 34.083 37.562
1 16 13 0 0.9461077844311377 0 0 27.629 34.708 34.272
1 17 17 0 0.8263473053892215 0 0 25.263 37.362 33.092
1 18 0 0 0.7904191616766467 0 0 25.318 38.962 36.531
1 19 12 0 0.9101796407185628 0 0 29.134 38.934 36.623
1 20 18 0 0.8922155688622755 0 0 29.033 40.421 33.131
1 21 11 0 0.6467065868263473 0 0 26.677 43.277 33.845
1 22 6 0 0.6407185628742516 0 0 28.367 44.224 37.132
1 23 12 0 0.7365269461077844 0 0 31.705 44.725 35.367
1 24 11 0 0.5389221556886228 0 0 30.378 46.720 32.494
1 25 6 0 0.33532934131736525 0 0 27.174 48.507 33.392
1 26 2 0 0.3053892215568862 0 0 27.387 48.486 37.173
1 27 10 0 0.21556886227544902 0 0 23.992 47.320 38.397
1 28 15 0 0.3413173652694611 0 0 22.617 43.889 39.197
1 29 22 0 0.24550898203592808 0 0 20.038 42.945 36.617
1 30 3 0 0.08982035928143717 0 0 16.945 41.330 38.184
1 31 7 0 0.10179640718562877 0 0 15.936 39.339 35.124
1 32 20 0 0.2335329341317366 0 0 17.358 36.551 33.082
1 33 3 0 0.17365269461077848 0 0 17.184 36.008 29.356
1 34 16 0 0.281437125748503 0 0 19.116 33.989 26.923
1 35 18 0 0.43113772455089827 0 0 22.055 36.132 25.733
1 36 11 0 0.26347305389221565 0 0 22.570 35.686 22.014
1 37 7 0 0.13772455089820357 0 0 22.648 39.082 20.379
1 38 3 0 0.25149700598802394 0 0 23.361 41.402 23.326
1 39 17 0 0.437125748502994 0 0 26.961 42.395 24.205
1 40 20 0 0.5449101796407185 0 0 28.836 43.974 27.107
1 41 1 0 0.4850299401197605 0 0 31.969 46.047 26.572
1 42 13 0 0.34730538922155685 0 0 34.004 48.907 28.020
1 43 6 0 0.16167664670658677 0 0 37.453 50.562 28.287
1 44 22 0 0.19760479041916168 0 0 39.469 50.763 31.398
1 45 22 0 0.08383233532934131 0 0 42.991 51.242 32.805
1 46 11 0 0.20958083832335328 0 0 44.371 48.280 34.560
1 47 3 0 0.059880239520958 0 0 47.771 48.580 36.233
1 48 9 0 0.0 0 0 48.729 51.688 34.425
1 49 7 0 0.02395209580838331 0 0 47.858 50.102 31.091
1 50 18 0 0.04790419161676651 0 0 44.778 51.059 29.071
1 51 5 0 0.16766467065868274 0 0 42.707 48.325 27.501
1 52 12 0 0.3173652694610779 0 0 39.359 47.371 26.153
1 53 12 0 0.6047904191616766 0 0 37.559 44.410 27.640
1 54 3 0 0.652694610778443 0 0 34.794 42.649 25.701
1 55 11 0 0.8562874251497006 0 0 32.777 40.203 27.743
1 56 12 0 0.8622754491017964 0 0 31.045 37.049 26.558
1 57 3 0 0.874251497005988 0 0 28.293 34.985 28.073
1 58 18 0 0.8203592814371258 0 0 28.046 31.400 26.913
1 59 0 0 0.5508982035928144 0 0 24.796 30.993 25.121
1 60 9 0 0.4011976047904191 0 0 22.809 27.825 25.525
1 61 6 0 0.39520958083832336 0 0 23.121 24.931 27.939
1 62 7 0 0.13173652694610782 0 0 22.134 22.071 25.639
1 63 7 0 0.11377245508982048 0 0 25.012 20.595 23.689
1 64 20 0 0.029940119760479056 0 0 24.119 21.560 20.149
1 65 17 0 0.053892215568862256 0 0 22.295 24.886 20.537
1 66 0 0 0.31137724550898194 0 0 25.051 26.522 22.506
1 67 14 0 0.3652694610778443 0 0 27.296 28.893 20.653
1 68 1 0 0.6167664670658684 0 0 29.712 28.454 23.560
1 69 3 0 0.5089820359281436 0 0 32.659 27.418 21.435
1 70 6 0 0.4251497005988024 0 0 32.513 30.545 19.299
1 71 20 0 0.6646706586826348 0 0 32.778 32.817 22.295
1 72 14 0 0.7724550898203593 0 0 35.547 30.644 23.650
1 73 1 0 0.4970059880239521 0 0 37.584 30.693 20.418
1 74 18 0 0.49101796407185627 0 0 37.830 34.458 20.119
1 75 9 0 0.7485029940119761 0 0 38.634 34.693 23.771
1 76 7 0 0.6766467065868262 0 0 41.995 35.653 25.152
1 77 9 0 0.8682634730538922 0 0 41.198 34.507 28.717
1 78 15 0 0.9640718562874252 0 0 38.639 32.466 30.539
1 79 12 0 0.9940119760479041 0 0 36.872 32.943 33.775
1 80 5 0 0.9820359281437125 0 0 35.898 29.571 35.062
1 81 22 0 0.9760479041916168 0 0 32.740 30.180 37.072
1 82 15 0 0.8802395209580838 0 0 30.825 28.112 39.567
1 83 0 0 0.7425149700598803 0 0 28.592 29.032 42.460
1 84 11 0 0.5209580838323353 0 0 29.598 27.788 45.825
1 85 2 0 0.28742514970059885 0 0 26.243 26.302 46.761
1 86 2 0 0.3772455089820359 0 0 25.616 24.626 43.439
1 87 18 0 0.2694610778443114 0 0 27.692 21.415 43.504
1 88 13 0 0.3293413173652695 0 0 26.639 20.454 39.960
1 89 17 0 0.6227544910179641 0 0 28.218 23.637 38.583
1 90 15 0 0.5868263473053892 0 0 31.434 22.727 40.331
1 91 7 0 0.3892215568862275 0 0 31.319 19.191 38.892
1 92 3 0 0.5329341317365269 0 0 31.376 20.524 35.343
1 93 11 0 0.7245508982035929 0 0 34.639 22.461 35.840
1 94 10 0 0.5029940119760479 0 0 36.902 19.686 34.793
1 95 10 0 0.4730538922155688 0 0 35.233 19.250 31.522
1 96 20 0 0.7544910179640718 0 0 35.077 23.043 31.089
1 97 1 0 0.7065868263473054 0 0 38.843 23.329 31.617
1 98 7 0 0.4610778443113772 0 0 39.451 20.791 28.924
1 99 6 0 0.5149700598802396 0 0 36.918 22.166 26.469
1 100 11 0 0.6826347305389222 0 0 38.553 25.546 26.647
1 101 13 0 0.45508982035928147 0 0 41.889 24.017 25.746
1 102 1 0 0.22754491017964074 0 0 40.499 22.110 22.852
1 103 22 0 0.35928143712574856 0 0 38.551 24.955 21.280
1 104 13 0 0.37125748502994016 0 0 41.605 27.096 21.692
1 105 3 0 0.09580838323353291 0 0 43.996 24.591 20.082
1 106 17 0 0.14371257485029942 0 0 46.333 24.520 22.987
1 107 7 0 0.14970059880239517 0 0 47.357 22.909 26.235
1 108 3 0 0.2934131736526946 0 0 48.052 26.210 27.924
1 109 22 0 0.5688622754491017 0 0 45.317 28.747 28.472
1 110 16 0 0.7305389221556886 0 0 45.163 31.806 30.780
1 111 14 0 0.8982035928143712 0 0 42.400 31.273 33.254
1 112 22 0 0.9401197604790419 0 0 40.961 32.144 36.701
1 113 12 0 0.9341317365269461 0 0 38.646 30.000 38.820
1 114 22 0 0.9520958083832335 0 0 35.618 31.920 40.037
1 115 9 0 0.844311377245509 0 0 33.423 31.230 43.060
1 116 2 0 0.8323353293413174 0 0 30.309 33.272 42.717
1 117 13 0 0.5808383233532934 0 0 27.943 33.905 45.567
1 118 5 0 0.46706586826347307 0 0 30.389 34.332 48.395
1 119 3 0 0.20359281437125742 0 0 28.157 36.679 50.348
1 120 12 0 0.11976047904191622 0 0 25.871 33.756 51.248
1 121 16 0 0.017964071856287345 0 0 26.422 31.577 54.257
1 122 17 0 0.03592814371257491 0 0 25.963 28.288 52.431
1 123 1 0 0.10778443113772451 0 0 29.167 26.700 51.236
1 124 18 0 0.06586826347305386 0 0 28.127 23.313 49.974
1 125 22 0 0.221556886227545 0 0 31.318 23.560 47.941
1 126 3 0 0.12574850299401197 0 0 34.341 23.685 50.150
1 127 18 0 0.23952095808383234 0 0 36.723 26.595 49.603
1 128 13 0 0.07784431137724557 0 0 39.784 24.477 50.389
1 129 6 0 0.15568862275449102 0 0 38.796 22.061 47.662
1 130 0 0 0.47904191616766467 0 0 37.963 24.706 45.113
1 131 6 0 0.40718562874251496 0 0 41.403 26.219 45.555
1 132 3 0 0.19161676646706582 0 0 43.007 22.839 45.400
1 133 12 0 0.38323353293413165 0 0 41.200 22.154 42.098
1 134 0 0 0.5568862275449102 0 0 42.406 25.525 40.870
1 135 1 0 0.29940119760479034 0 0 45.982 24.851 42.096
1 136 17 0 0.17964071856287422 0 0 45.882 21.480 40.425
1 137 20 0 0.4131736526946108 0 0 45.228 23.382 37.243
1 138 9 0 0.3532934131736526 0 0 47.765 25.866 38.373
1 139 11 0 0.5988023952095809 0 0 45.371 28.696 38.392
1 140 16 0 0.6706586826347305 0 0 44.123 31.547 40.659
1 141 15 0 0.7784431137724551 0 0 40.878 31.416 42.621
1 142 11 0 0.8143712574850299 0 0 38.607 34.301 43.221
1 143 7 0 0.718562874251497 0 0 35.599 34.514 45.522
1 144 18 0 0.7844311377245509 0 0 33.022 37.006 44.417
1 145 17 0 0.6287425149700598 0 0 29.493 38.296 44.833
1 146 0 0 0.6946107784431137 0 0 27.645 39.411 41.774
1 147 13 0 0.41916167664670656 0 0 24.640 40.391 43.923
1 148 18 0 0.2574850299401197 0 0 26.273 42.877 46.155
1 149 1 0 0.4491017964071856 0 0 29.198 43.760 43.986
1 150 6 0 0.44311377245508976 0 0 31.918 42.355 46.154
1 151 9 0 0.592814371257485 0 0 35.165 41.837 44.264
1 152 22 0 0.8083832335329342 0 0 33.653 41.914 40.785
1 153 3 0 0.7005988023952096 0 0 36.267 44.104 39.126
1 154 3 0 0.688622754491018 0 0 39.028 42.114 40.851
1 155 0 0 0.9041916167664671 0 0 38.019 38.834 39.244
1 156 15 0 0.9161676646706587 0 0 38.266 40.262 35.719
1 157 20 0 0.7664670658682635 0 0 41.365 42.182 36.412
1 158 18 0 0.8023952095808383 0 0 42.920 38.981 37.754
1 159 12 0 0.8862275449101796 0 0 42.164 37.482 34.400
1 160 22 0 0.7125748502994012 0 0 43.751 40.398 32.598
1 161 1 0 0.5269461077844311 0 0 46.867 39.842 34.680
1 162 7 0 0.6107784431137725 0 0 46.928 36.192 33.797
1 163 11 0 0.562874251497006 0 0 46.660 37.029 30.067
1 164 1 0 0.32335329341317365 0 0 49.404 39.616 30.540
1 165 13 0 0.18562874251497008 0 0 51.889 37.464 32.587
1 166 10 0 0.041916167664670656 0 0 54.688 36.297 30.407
1 167 13 0 0.0119760479041916 0 0 56.263 32.948 31.347
