1 1 14 0 0.03592814371257491 0 0 42.443 53.465 29.722
1 2 18 0 0.14970059880239517 0 0 43.148 49.796 30.340
1 3 7 0 0.33532934131736525 0 0 40.431 47.522 28.942
1 4 20 0 0.5988023952095809 0 0 40.291 44.297 30.838
1 5 13 0 0.7784431137724551 0 0 38.726 41.279 29.137
1 6 12 0 0.9341317365269461 0 0 37.276 39.287 32.021
1 7 22 0 0.9580838323353293 0 0 35.447 36.047 31.039
1 8 22 0 0.9880239520958084 0 0 32.859 34.350 33.252
1 9 22 0 0.9760479041916168 0 0 33.548 30.714 32.934
1 10 9 0 0.9401197604790419 0 0 31.150 28.151 34.327
1 11 0 0 0.7964071856287425 0 0 28.482 25.481 33.759
1 12 9 0 0.6167664670658684 0 0 24.811 25.972 33.019
1 13 9 0 0.6047904191616766 0 0 23.430 26.953 36.456
1 14 22 0 0.8263473053892215 0 0 26.073 28.944 38.212
1 15 9 0 0.844311377245509 0 0 24.714 32.369 37.255
1 16 13 0 0.9461077844311377 0 0 27.261 33.896 34.863
1 17 17 0 0.8203592814371258 0 0 24.645 36.015 33.130
1 18 0 0 0.7664670658682635 0 0 23.211 37.104 36.419
1 19 12 0 0.9041916167664671 0 0 26.611 37.928 37.904
1 20 18 0 0.8802395209580838 0 0 27.415 39.916 34.785
1 21 11 0 0.652694610778443 0 0 24.444 42.173 35.122
1 22 6 0 0.6467065868263473 0 0 24.994 42.507 38.870
1 23 12 0 0.7425149700598803 0 0 28.431 44.015 38.273
1 24 11 0 0.5568862275449102 0 0 27.266 46.223 35.454
1 25 6 0 0.32335329341317365 0 0 23.859 47.545 36.488
1 26 2 0 0.3772455089820359 0 0 23.583 46.053 39.997
1 27 10 0 0.2934131736526946 0 0 20.396 44.296 38.996
1 28 15 0 0.34730538922155685 0 0 19.198 40.749 38.949
1 29 22 0 0.25149700598802394 0 0 17.418 39.378 35.899
1 30 3 0 0.12574850299401197 0 0 14.914 36.546 36.033
1 31 7 0 0.10179640718562877 0 0 14.908 36.348 32.230
1 32 20 0 0.23952095808383234 0 0 17.582 34.199 30.558
1 33 3 0 0.19161676646706582 0 0 18.816 34.086 27.024
1 34 16 0 0.3892215568862275 0 0 22.174 32.911 25.651
1 35 18 0 0.46706586826347307 0 0 24.604 35.803 25.123
1 36 11 0 0.29940119760479034 0 0 25.860 36.498 21.619
1 37 7 0 0.14371257485029942 0 0 25.218 40.060 20.465
1 38 3 0 0.28742514970059885 0 0 25.024 41.718 23.786
1 39 17 0 0.41916167664670656 0 0 28.041 43.277 25.367
1 40 20 0 0.5508982035928144 0 0 28.311 44.601 28.893
1 41 1 0 0.5089820359281436 0 0 31.002 46.898 30.186
1 42 13 0 0.4131736526946108 0 0 31.602 49.436 32.917
1 43 6 0 0.19760479041916168 0 0 34.388 51.943 33.579
1 44 22 0 0.2335329341317366 0 0 35.295 51.735 37.255
1 45 22 0 0.15568862275449102 0 0 38.052 52.528 39.752
1 46 11 0 0.2694610778443114 0 0 40.280 49.723 40.976
1 47 3 0 0.07784431137724557 0 0 42.921 50.753 43.494
1 48 9 0 0.0119760479041916 0 0 43.196 54.294 42.288
1 49 7 0 0.04790419161676651 0 0 43.057 53.790 38.519
1 50 18 0 0.06586826347305386 0 0 40.020 53.882 36.317
1 51 5 0 0.221556886227545 0 0 39.724 50.844 33.966
1 52 12 0 0.39520958083832336 0 0 37.074 49.370 31.753
1 53 12 0 0.658682634730539 0 0 35.848 45.972 32.810
1 54 3 0 0.6946107784431137 0 0 34.621 44.054 29.737
1 55 11 0 0.8682634730538922 0 0 32.651 40.922 30.644
1 56 12 0 0.8622754491017964 0 0 32.269 37.859 28.447
1 57 3 0 0.8982035928143712 0 0 29.698 35.113 29.023
1 58 18 0 0.8323353293413174 0 0 30.372 31.630 27.677
1 59 0 0 0.5748502994011976 0 0 27.510 30.618 25.412
1 60 9 0 0.3173652694610779 0 0 27.031 28.906 22.074
1 61 6 0 0.08383233532934131 0 0 23.832 27.402 20.839
1 62 7 0 0.02395209580838331 0 0 25.350 25.875 17.762
1 63 7 0 0.041916167664670656 0 0 28.528 23.880 18.016
1 64 20 0 0.0 0 0 30.360 24.617 14.781
1 65 17 0 0.0059880239520957446 0 0 29.835 28.366 14.487
1 66 0 0 0.11976047904191622 0 0 30.278 29.374 18.092
1 67 14 0 0.24550898203592808 0 0 32.586 32.150 19.216
1 68 1 0 0.5209580838323353 0 0 32.696 30.659 22.740
1 69 3 0 0.44311377245508976 0 0 36.290 29.631 22.176
1 70 6 0 0.38323353293413165 0 0 37.386 33.004 20.777
1 71 20 0 0.6287425149700598 0 0 35.690 34.540 23.831
1 72 14 0 0.7305389221556886 0 0 38.224 32.560 25.874
1 73 1 0 0.4730538922155688 0 0 41.095 33.483 23.594
1 74 18 0 0.4970059880239521 0 0 40.254 37.130 23.755
1 75 9 0 0.7844311377245509 0 0 40.139 37.006 27.597
1 76 7 0 0.6826347305389222 0 0 43.102 37.969 29.851
1 77 9 0 0.8922155688622755 0 0 41.442 37.203 33.279
1 78 15 0 0.9640718562874252 0 0 39.124 34.327 34.039
1 79 12 0 0.9940119760479041 0 0 36.565 34.413 36.708
1 80 5 0 0.9820359281437125 0 0 35.539 30.779 37.105
1 81 22 0 0.9700598802395209 0 0 32.268 30.065 38.809
1 82 15 0 0.8562874251497006 0 0 30.448 27.256 40.682
1 83 0 0 0.688622754491018 0 0 27.134 27.193 42.538
1 84 11 0 0.5029940119760479 0 0 27.487 26.328 46.215
1 85 2 0 0.27544910179640725 0 0 24.432 24.030 46.134
1 86 2 0 0.3413173652694611 0 0 25.470 22.124 42.984
1 87 18 0 0.2574850299401197 0 0 28.254 19.641 43.194
1 88 13 0 0.3053892215568862 0 0 28.353 18.808 39.483
1 89 17 0 0.5808383233532934 0 0 28.999 22.423 38.669
1 90 15 0 0.6107784431137725 0 0 32.061 22.526 40.991
1 91 7 0 0.4251497005988024 0 0 33.485 19.409 39.308
1 92 3 0 0.562874251497006 0 0 33.620 21.053 35.924
1 93 11 0 0.7604790419161677 0 0 36.117 23.556 37.321
1 94 10 0 0.5149700598802396 0 0 38.987 21.122 36.894
1 95 10 0 0.49101796407185627 0 0 38.068 20.903 33.206
1 96 20 0 0.7485029940119761 0 0 38.064 24.630 32.876
1 97 1 0 0.6706586826347305 0 0 41.366 25.320 34.520
1 98 7 0 0.437125748502994 0 0 43.048 23.043 32.129
1 99 6 0 0.5269461077844311 0 0 41.187 24.575 29.155
1 100 11 0 0.6766467065868262 0 0 41.846 28.196 30.098
1 101 13 0 0.45508982035928147 0 0 45.496 27.273 30.076
1 102 1 0 0.26347305389221565 0 0 45.136 25.324 26.841
1 103 22 0 0.3532934131736526 0 0 43.389 27.967 24.738
1 104 13 0 0.3652694610778443 0 0 45.810 30.557 26.025
1 105 3 0 0.11377245508982048 0 0 49.127 28.598 25.593
1 106 17 0 0.18562874251497008 0 0 50.019 29.881 29.030
1 107 7 0 0.13173652694610782 0 0 51.510 28.104 32.033
1 108 3 0 0.3293413173652695 0 0 49.779 30.360 34.413
1 109 22 0 0.5868263473053892 0 0 46.609 32.232 33.562
1 110 16 0 0.7724550898203593 0 0 44.973 34.954 35.584
1 111 14 0 0.874251497005988 0 0 42.492 32.823 37.426
1 112 22 0 0.9281437125748503 0 0 40.118 33.491 40.361
1 113 12 0 0.9221556886227544 0 0 37.791 30.843 41.615
1 114 22 0 0.9520958083832335 0 0 34.319 32.018 42.539
1 115 9 0 0.8502994011976048 0 0 31.634 30.242 44.525
1 116 2 0 0.8383233532934131 0 0 28.203 31.637 43.723
1 117 13 0 0.5688622754491017 0 0 25.059 31.636 45.872
1 118 5 0 0.4491017964071856 0 0 26.678 32.063 49.263
1 119 3 0 0.20359281437125742 0 0 23.556 33.763 50.670
1 120 12 0 0.10778443113772451 0 0 21.816 30.386 51.023
1 121 16 0 0.017964071856287345 0 0 22.154 28.837 54.438
1 122 17 0 0.029940119760479056 0 0 22.926 25.343 53.294
1 123 1 0 0.08982035928143717 0 0 25.615 24.199 50.953
1 124 18 0 0.0718562874251496 0 0 26.404 20.941 49.235
1 125 22 0 0.21556886227544902 0 0 29.850 22.225 48.388
1 126 3 0 0.13772455089820357 0 0 31.841 23.070 51.509
1 127 18 0 0.20958083832335328 0 0 33.955 26.220 51.984
1 128 13 0 0.09580838323353291 0 0 36.982 24.077 52.726
1 129 6 0 0.17964071856287422 0 0 36.594 22.020 49.627
1 130 0 0 0.4610778443113772 0 0 36.610 24.989 47.294
1 131 6 0 0.37125748502994016 0 0 39.628 26.488 49.090
1 132 3 0 0.17365269461077848 0 0 41.521 23.162 48.791
1 133 12 0 0.40718562874251496 0 0 40.892 23.366 45.049
1 134 0 0 0.5329341317365269 0 0 42.011 26.898 45.086
1 135 1 0 0.22754491017964074 0 0 45.138 26.334 47.135
1 136 17 0 0.16766467065868274 0 0 46.225 23.574 44.841
1 137 20 0 0.4011976047904191 0 0 46.131 25.978 41.924
1 138 9 0 0.35928143712574856 0 0 47.476 29.090 43.632
1 139 11 0 0.6227544910179641 0 0 44.351 31.118 42.946
1 140 16 0 0.6646706586826348 0 0 42.047 33.306 44.987
1 141 15 0 0.7365269461077844 0 0 38.849 31.782 46.169
1 142 11 0 0.8083832335329342 0 0 35.920 34.131 46.488
1 143 7 0 0.7005988023952096 0 0 32.411 33.633 47.905
1 144 18 0 0.8023952095808383 0 0 29.709 35.705 46.105
1 145 17 0 0.6347305389221557 0 0 25.920 35.999 45.931
1 146 0 0 0.7245508982035929 0 0 24.812 37.228 42.629
1 147 13 0 0.43113772455089827 0 0 21.136 37.228 43.920
1 148 18 0 0.31137724550898194 0 0 21.817 39.607 46.734
1 149 1 0 0.47904191616766467 0 0 24.847 41.311 45.376
1 150 6 0 0.4850299401197605 0 0 27.402 40.295 47.909
1 151 9 0 0.6407185628742516 0 0 30.978 40.669 46.840
1 152 22 0 0.8143712574850299 0 0 30.306 41.024 43.130
1 153 3 0 0.7125748502994012 0 0 32.808 43.840 42.844
1 154 3 0 0.7065868263473054 0 0 35.134 41.859 45.133
1 155 0 0 0.9101796407185628 0 0 35.078 38.840 42.865
1 156 15 0 0.9161676646706587 0 0 35.896 40.919 39.815
1 157 20 0 0.7544910179640718 0 0 38.328 43.288 41.467
1 158 18 0 0.7904191616766467 0 0 40.412 40.420 42.687
1 159 12 0 0.8862275449101796 0 0 40.658 39.203 39.128
1 160 22 0 0.718562874251497 0 0 41.949 42.543 37.811
1 161 1 0 0.5449101796407185 0 0 44.426 42.445 40.661
1 162 7 0 0.592814371257485 0 0 45.747 39.178 39.284
1 163 11 0 0.5389221556886228 0 0 46.479 40.712 35.854
1 164 1 0 0.281437125748503 0 0 48.308 43.646 37.476
1 165 13 0 0.16167664670658677 0 0 50.988 41.269 38.808
1 166 10 0 0.059880239520958 0 0 53.651 40.936 36.132
1 167 13 0 0.053892215568862256 0 0 54.655 37.262 35.836
