5.000000000000000000e+00 1.383928507566452026e-01 2.660099983215332031e+01 3.840100097656250000e+01 4.293899917602539062e+01
1.600000000000000000e+01 2.142857164144515991e-01 2.675300025939941406e+01 4.192699813842773438e+01 4.116799926757812500e+01
1.200000000000000000e+01 5.089285969734191895e-01 3.055500030517578125e+01 4.157400131225585938e+01 4.049900054931640625e+01
1.400000000000000000e+01 5.491071343421936035e-01 3.165800094604492188e+01 3.857899856567382812e+01 3.835900115966796875e+01
2.200000000000000000e+01 7.098214030265808105e-01 3.532400131225585938e+01 3.746699905395507812e+01 3.777899932861328125e+01
1.300000000000000000e+01 6.919642686843872070e-01 3.613600158691406250e+01 3.513399887084960938e+01 3.482099914550781250e+01
2.200000000000000000e+01 7.410714030265808105e-01 3.972900009155273438e+01 3.401200103759765625e+01 3.402899932861328125e+01
1.200000000000000000e+01 6.741071343421936035e-01 4.056700134277343750e+01 3.285300064086914062e+01 3.042600059509277344e+01
3.000000000000000000e+00 6.383928656578063965e-01 4.382400131225585938e+01 3.130599975585937500e+01 2.906399917602539062e+01
0.000000000000000000e+00 6.205357313156127930e-01 4.474200057983398438e+01 3.302500152587890625e+01 2.582500076293945312e+01
2.200000000000000000e+01 4.687500000000000000e-01 4.739300155639648438e+01 3.041300010681152344e+01 2.483399963378906250e+01
1.000000000000000000e+00 2.544642984867095947e-01 4.545700073242187500e+01 2.713500022888183594e+01 2.556299972534179688e+01
9.000000000000000000e+00 2.276785671710968018e-01 4.196099853515625000e+01 2.828700065612792969e+01 2.433200073242187500e+01
1.700000000000000000e+01 2.633928656578063965e-01 4.036999893188476562e+01 2.734099960327148438e+01 2.764699935913085938e+01
1.600000000000000000e+01 4.062500000000000000e-01 3.898799896240234375e+01 2.882999992370605469e+01 3.080900001525878906e+01
0.000000000000000000e+00 5.133928656578063965e-01 4.124499893188476562e+01 2.872900009155273438e+01 3.388600158691406250e+01
1.100000000000000000e+01 3.080357015132904053e-01 3.970700073242187500e+01 2.641200065612792969e+01 3.655099868774414062e+01
2.000000000000000000e+00 3.169642984867095947e-01 4.040599822998046875e+01 2.665200042724609375e+01 4.032199859619140625e+01
2.200000000000000000e+01 6.026785969734191895e-01 4.206800079345703125e+01 3.012500000000000000e+01 3.999300003051757812e+01
0.000000000000000000e+00 6.428571343421936035e-01 4.177199935913085938e+01 3.208300018310546875e+01 4.324900054931640625e+01
1.400000000000000000e+01 7.589285969734191895e-01 4.107500076293945312e+01 3.582400131225585938e+01 4.351800155639648438e+01
2.200000000000000000e+01 7.276785969734191895e-01 3.899399948120117188e+01 4.141999816894531250e+01 4.673300170898437500e+01
1.500000000000000000e+01 6.964285969734191895e-01 3.981700134277343750e+01 4.440200042724609375e+01 4.887099838256835938e+01
1.000000000000000000e+00 5.848214030265808105e-01 3.792499923706054688e+01 4.761399841308593750e+01 4.940599822998046875e+01
1.300000000000000000e+01 5.223214030265808105e-01 3.961999893188476562e+01 5.096900177001953125e+01 5.043700027465820312e+01
0.000000000000000000e+00 2.321428507566452026e-01 3.904399871826171875e+01 5.270500183105468750e+01 5.386299896240234375e+01
0.000000000000000000e+00 9.375000000000000000e-02 3.856299972534179688e+01 5.651399993896484375e+01 5.447999954223632812e+01
3.000000000000000000e+00 1.071428582072257996e-01 4.230400085449218750e+01 5.694200134277343750e+01 5.519900131225585938e+01
3.000000000000000000e+00 3.437500000000000000e-01 4.275999832153320312e+01 5.502199935913085938e+01 5.184199905395507812e+01
1.800000000000000000e+01 3.928571343421936035e-01 4.395299911499023438e+01 5.173899841308593750e+01 5.343600082397460938e+01
1.900000000000000000e+01 5.669642686843872070e-01 4.317399978637695312e+01 4.829899978637695312e+01 5.188899993896484375e+01
7.000000000000000000e+00 4.107142984867095947e-01 4.070600128173828125e+01 4.601300048828125000e+01 5.373099899291992188e+01
1.600000000000000000e+01 4.464285671710968018e-01 3.999000167846679688e+01 4.227799987792968750e+01 5.303499984741210938e+01
1.500000000000000000e+01 4.241071343421936035e-01 3.659700012207031250e+01 4.220600128173828125e+01 5.131399917602539062e+01
0.000000000000000000e+00 4.508928656578063965e-01 3.577799987792968750e+01 3.898199844360351562e+01 4.942100143432617188e+01
1.700000000000000000e+01 4.821428656578063965e-01 3.737699890136718750e+01 3.567800140380859375e+01 4.836899948120117188e+01
9.000000000000000000e+00 3.482142984867095947e-01 3.709400177001953125e+01 3.232099914550781250e+01 4.645500183105468750e+01
1.300000000000000000e+01 4.642857015132904053e-01 3.829399871826171875e+01 3.052499961853027344e+01 4.348799896240234375e+01
1.800000000000000000e+01 4.330357015132904053e-01 3.704600143432617188e+01 2.970899963378906250e+01 3.994800186157226562e+01
1.700000000000000000e+01 1.607142835855484009e-01 3.492599868774414062e+01 2.671699905395507812e+01 3.908700180053710938e+01
7.000000000000000000e+00 7.142857462167739868e-02 3.475299835205078125e+01 2.454000091552734375e+01 3.584899902343750000e+01
1.700000000000000000e+01 1.294642835855484009e-01 3.362200164794921875e+01 2.698399925231933594e+01 3.311100006103515625e+01
9.000000000000000000e+00 3.839285671710968018e-01 3.617800140380859375e+01 2.956999969482421875e+01 3.439699935913085938e+01
7.000000000000000000e+00 4.017857015132904053e-01 3.361999893188476562e+01 3.184300041198730469e+01 3.624300003051757812e+01
1.200000000000000000e+01 4.196428656578063965e-01 3.373699951171875000e+01 3.246699905395507812e+01 4.010499954223632812e+01
9.000000000000000000e+00 1.205357164144515991e-01 2.891399955749511719e+01 3.413199996948242188e+01 4.474300003051757812e+01
1.200000000000000000e+01 3.125000000000000000e-01 3.169400024414062500e+01 3.670999908447265625e+01 4.572299957275390625e+01
1.800000000000000000e+01 1.741071492433547974e-01 2.938699913024902344e+01 3.905699920654296875e+01 4.763499832153320312e+01
1.800000000000000000e+01 4.910714179277420044e-02 2.564299964904785156e+01 4.019300079345703125e+01 4.779999923706054688e+01
7.000000000000000000e+00 2.678571455180644989e-02 2.409000015258789062e+01 4.362099838256835938e+01 4.677899932861328125e+01
7.000000000000000000e+00 4.464285913854837418e-03 2.355400085449218750e+01 4.439799880981445312e+01 5.052199935913085938e+01
7.000000000000000000e+00 4.464285820722579956e-02 2.723399925231933594e+01 4.361500167846679688e+01 5.109000015258789062e+01
1.500000000000000000e+01 1.517857164144515991e-01 2.827300071716308594e+01 4.559000015258789062e+01 4.791500091552734375e+01
2.200000000000000000e+01 1.026785746216773987e-01 2.865200042724609375e+01 4.916899871826171875e+01 4.935499954223632812e+01
7.000000000000000000e+00 1.875000000000000000e-01 2.997699928283691406e+01 5.234000015258789062e+01 4.759400177001953125e+01
9.000000000000000000e+00 3.571428656578063965e-01 3.377000045776367188e+01 5.274499893188476562e+01 4.735499954223632812e+01
1.100000000000000000e+01 6.562500000000000000e-01 3.710400009155273438e+01 5.188700103759765625e+01 4.558700180053710938e+01
2.000000000000000000e+01 7.500000000000000000e-01 3.796300125122070312e+01 4.819499969482421875e+01 4.515499877929687500e+01
1.300000000000000000e+01 8.883928656578063965e-01 4.058700180053710938e+01 4.596400070190429688e+01 4.370000076293945312e+01
2.200000000000000000e+01 9.196428656578063965e-01 4.071400070190429688e+01 4.229899978637695312e+01 4.246099853515625000e+01
7.000000000000000000e+00 9.375000000000000000e-01 4.405400085449218750e+01 4.053599929809570312e+01 4.258200073242187500e+01
1.100000000000000000e+01 9.151785969734191895e-01 4.406900024414062500e+01 3.729999923706054688e+01 4.069300079345703125e+01
3.000000000000000000e+00 8.214285969734191895e-01 4.644400024414062500e+01 3.453599929809570312e+01 4.169599914550781250e+01
1.800000000000000000e+01 8.392857313156127930e-01 4.802700042724609375e+01 3.396900177001953125e+01 3.824200057983398438e+01
1.300000000000000000e+01 7.455357313156127930e-01 5.143000030517578125e+01 3.280500030517578125e+01 3.964899826049804688e+01
1.700000000000000000e+01 5.982142686843872070e-01 4.954800033569335938e+01 2.985199928283691406e+01 4.141699981689453125e+01
2.000000000000000000e+01 6.294642686843872070e-01 4.813999938964843750e+01 2.922400093078613281e+01 3.789199829101562500e+01
1.900000000000000000e+01 5.580357313156127930e-01 5.159799957275390625e+01 2.885499954223632812e+01 3.615700149536132812e+01
1.300000000000000000e+01 3.616071343421936035e-01 5.289699935913085938e+01 2.698200035095214844e+01 3.914699935913085938e+01
0.000000000000000000e+00 2.723214328289031982e-01 4.988600158691406250e+01 2.469899940490722656e+01 3.851800155639648438e+01
1.200000000000000000e+01 2.410714328289031982e-01 5.057300186157226562e+01 2.435499954223632812e+01 3.466299819946289062e+01
9.000000000000000000e+00 1.473214328289031982e-01 5.436999893188476562e+01 2.373500061035156250e+01 3.509299850463867188e+01
1.100000000000000000e+01 2.991071343421936035e-01 5.546099853515625000e+01 2.692600059509277344e+01 3.321599960327148438e+01
1.700000000000000000e+01 3.750000000000000000e-01 5.791999816894531250e+01 2.932099914550781250e+01 3.479600143432617188e+01
1.600000000000000000e+01 6.517857313156127930e-01 5.618000030517578125e+01 3.235400009155273438e+01 3.614699935913085938e+01
1.500000000000000000e+01 7.544642686843872070e-01 5.683100128173828125e+01 3.599200057983398438e+01 3.482699966430664062e+01
7.000000000000000000e+00 8.928571343421936035e-01 5.308100128173828125e+01 3.796300125122070312e+01 4.021400070190429688e+01
0.000000000000000000e+00 9.732142686843872070e-01 4.701399993896484375e+01 3.996699905395507812e+01 3.755500030517578125e+01
7.000000000000000000e+00 9.955357313156127930e-01 4.573600006103515625e+01 4.307400131225585938e+01 3.942599868774414062e+01
2.200000000000000000e+01 9.821428656578063965e-01 4.286500167846679688e+01 4.550699996948242188e+01 3.871400070190429688e+01
2.200000000000000000e+01 9.464285969734191895e-01 4.164599990844726562e+01 4.861299896240234375e+01 4.059400177001953125e+01
1.500000000000000000e+01 8.526785969734191895e-01 3.825899887084960938e+01 5.025899887084960938e+01 4.013199996948242188e+01
1.800000000000000000e+01 6.875000000000000000e-01 3.560900115966796875e+01 5.234000015258789062e+01 4.189099884033203125e+01
0.000000000000000000e+00 5.446428656578063965e-01 3.223799896240234375e+01 5.063999938964843750e+01 4.202999877929687500e+01
2.000000000000000000e+00 2.812500000000000000e-01 2.868400001525878906e+01 5.195500183105468750e+01 4.163399887084960938e+01
3.000000000000000000e+00 2.455357164144515991e-01 2.966200065612792969e+01 5.540100097656250000e+01 4.063399887084960938e+01
1.700000000000000000e+01 8.035714179277420044e-02 2.648500061035156250e+01 5.597700119018554688e+01 3.854499816894531250e+01
9.000000000000000000e+00 3.125000000000000000e-02 2.418499946594238281e+01 5.423300170898437500e+01 4.109199905395507812e+01
1.600000000000000000e+01 5.803571268916130066e-02 2.359900093078613281e+01 5.052500152587890625e+01 4.122000122070312500e+01
1.000000000000000000e+00 1.696428507566452026e-01 2.543700027465820312e+01 4.836000061035156250e+01 3.857099914550781250e+01
1.000000000000000000e+00 2.500000000000000000e-01 2.633600044250488281e+01 4.482699966430664062e+01 3.751100158691406250e+01
2.000000000000000000e+01 5.357142686843872070e-01 3.002599906921386719e+01 4.438899993896484375e+01 3.651900100708007812e+01
1.800000000000000000e+01 6.250000000000000000e-01 3.168600082397460938e+01 4.154999923706054688e+01 3.475899887084960938e+01
1.100000000000000000e+01 8.169642686843872070e-01 3.555099868774414062e+01 4.129399871826171875e+01 3.486000061035156250e+01
0.000000000000000000e+00 7.946428656578063965e-01 3.700999832153320312e+01 3.907500076293945312e+01 3.205699920654296875e+01
0.000000000000000000e+00 9.017857313156127930e-01 4.076499938964843750e+01 3.858300018310546875e+01 3.234000015258789062e+01
1.200000000000000000e+01 8.437500000000000000e-01 4.277199935913085938e+01 3.696300125122070312e+01 2.956599998474121094e+01
1.200000000000000000e+01 8.616071343421936035e-01 4.604700088500976562e+01 3.556700134277343750e+01 3.087599945068359375e+01
1.700000000000000000e+01 7.857142686843872070e-01 4.931499862670898438e+01 3.458599853515625000e+01 2.904500007629394531e+01
1.600000000000000000e+01 7.767857313156127930e-01 5.277000045776367188e+01 3.434199905395507812e+01 3.079500007629394531e+01
2.000000000000000000e+01 8.125000000000000000e-01 5.441400146484375000e+01 3.760100173950195312e+01 2.956299972534179688e+01
1.700000000000000000e+01 9.107142686843872070e-01 5.114500045776367188e+01 3.956200027465820312e+01 2.901600074768066406e+01
2.000000000000000000e+01 9.687500000000000000e-01 4.771200180053710938e+01 4.008000183105468750e+01 3.050399971008300781e+01
1.700000000000000000e+01 9.508928656578063965e-01 4.437400054931640625e+01 4.183399963378906250e+01 2.952199935913085938e+01
1.800000000000000000e+01 9.642857313156127930e-01 4.143700027465820312e+01 4.286100006103515625e+01 3.178100013732910156e+01
1.800000000000000000e+01 8.571428656578063965e-01 3.802700042724609375e+01 4.369100189208984375e+01 3.041200065612792969e+01
0.000000000000000000e+00 7.812500000000000000e-01 3.493600082397460938e+01 4.502600097656250000e+01 3.213100051879882812e+01
2.200000000000000000e+01 5.625000000000000000e-01 3.125200080871582031e+01 4.482500076293945312e+01 3.100699996948242188e+01
2.200000000000000000e+01 4.375000000000000000e-01 2.889399909973144531e+01 4.725400161743164062e+01 3.280400085449218750e+01
1.800000000000000000e+01 1.562500000000000000e-01 2.513100051879882812e+01 4.638800048828125000e+01 3.294699859619140625e+01
2.000000000000000000e+00 3.571428731083869934e-02 2.230699920654296875e+01 4.868000030517578125e+01 3.421900177001953125e+01
1.600000000000000000e+01 1.339285727590322495e-02 1.987100028991699219e+01 4.669900131225585938e+01 3.651200103759765625e+01
5.000000000000000000e+00 1.250000000000000000e-01 6.777600097656250000e+01 5.028699874877929688e+01 2.790699958801269531e+01
1.600000000000000000e+01 2.232142835855484009e-01 6.730599975585937500e+01 4.754899978637695312e+01 3.056500053405761719e+01
1.200000000000000000e+01 5.000000000000000000e-01 6.384600067138671875e+01 4.858399963378906250e+01 3.149200057983398438e+01
1.400000000000000000e+01 5.178571343421936035e-01 6.190399932861328125e+01 5.077099990844726562e+01 2.913400077819824219e+01
2.200000000000000000e+01 7.008928656578063965e-01 5.807400131225585938e+01 5.143600082397460938e+01 2.918199920654296875e+01
1.300000000000000000e+01 6.696428656578063965e-01 5.589400100708007812e+01 5.224399948120117188e+01 2.617900085449218750e+01
2.200000000000000000e+01 7.232142686843872070e-01 5.218899917602539062e+01 5.363299942016601562e+01 2.646800041198730469e+01
1.200000000000000000e+01 6.651785969734191895e-01 4.952299880981445312e+01 5.317900085449218750e+01 2.362899971008300781e+01
3.000000000000000000e+00 6.116071343421936035e-01 4.589099884033203125e+01 5.444599914550781250e+01 2.318600082397460938e+01
0.000000000000000000e+00 5.714285969734191895e-01 4.352899932861328125e+01 5.186199951171875000e+01 2.150300025939941406e+01
2.200000000000000000e+01 3.660714328289031982e-01 4.094699859619140625e+01 5.456000137329101562e+01 2.074500083923339844e+01
1.000000000000000000e+00 2.008928507566452026e-01 4.322299957275390625e+01 5.663399887084960938e+01 1.844799995422363281e+01
9.000000000000000000e+00 2.857142984867095947e-01 4.550799942016601562e+01 5.368700027465820312e+01 1.779100036621093750e+01
1.700000000000000000e+01 2.767857015132904053e-01 4.877500152587890625e+01 5.547900009155273438e+01 1.851000022888183594e+01
1.600000000000000000e+01 3.526785671710968018e-01 5.125500106811523438e+01 5.639599990844726562e+01 2.126399993896484375e+01
0.000000000000000000e+00 5.044642686843872070e-01 5.007300186157226562e+01 5.788499832153320312e+01 2.459499931335449219e+01
1.100000000000000000e+01 3.214285671710968018e-01 5.187699890136718750e+01 6.114300155639648438e+01 2.564299964904785156e+01
2.000000000000000000e+00 3.303571343421936035e-01 5.256299972534179688e+01 6.243199920654296875e+01 2.915299987792968750e+01
2.200000000000000000e+01 6.339285969734191895e-01 5.133700180053710938e+01 5.941699981689453125e+01 3.109099960327148438e+01
0.000000000000000000e+00 6.473214030265808105e-01 5.274900054931640625e+01 5.945299911499023438e+01 3.474499893188476562e+01
1.400000000000000000e+01 7.321428656578063965e-01 5.453599929809570312e+01 5.640599822998046875e+01 3.623400115966796875e+01
2.200000000000000000e+01 7.142857313156127930e-01 5.875500106811523438e+01 5.212400054931640625e+01 3.918600082397460938e+01
1.500000000000000000e+01 6.830357313156127930e-01 5.966999816894531250e+01 4.999599838256835938e+01 4.231800079345703125e+01
1.000000000000000000e+00 5.803571343421936035e-01 6.189199829101562500e+01 4.685800170898437500e+01 4.303799819946289062e+01
1.300000000000000000e+01 5.267857313156127930e-01 6.115200042724609375e+01 4.454999923706054688e+01 4.617900085449218750e+01
0.000000000000000000e+00 2.366071492433547974e-01 6.367900085449218750e+01 4.476800155639648438e+01 4.897499847412109375e+01
0.000000000000000000e+00 8.928571641445159912e-02 6.510800170898437500e+01 4.177600097656250000e+01 5.087300109863281250e+01
3.000000000000000000e+00 9.821428358554840088e-02 6.220199966430664062e+01 4.174000167846679688e+01 5.341099929809570312e+01
3.000000000000000000e+00 3.348214328289031982e-01 5.954899978637695312e+01 4.188899993896484375e+01 5.059899902343750000e+01
1.800000000000000000e+01 3.883928656578063965e-01 5.888999938964843750e+01 4.572200012207031250e+01 5.094400024414062500e+01
1.900000000000000000e+01 5.535714030265808105e-01 5.877999877929687500e+01 4.793899917602539062e+01 4.788499832153320312e+01
7.000000000000000000e+00 3.794642984867095947e-01 6.164199829101562500e+01 5.031700134277343750e+01 4.716400146484375000e+01
1.600000000000000000e+01 4.955357015132904053e-01 6.076399993896484375e+01 5.300999832153320312e+01 4.468600082397460938e+01
1.500000000000000000e+01 3.258928656578063965e-01 6.361700057983398438e+01 5.370999908447265625e+01 4.235100173950195312e+01
0.000000000000000000e+00 3.705357015132904053e-01 6.242900085449218750e+01 5.587300109863281250e+01 3.943099975585937500e+01
1.700000000000000000e+01 4.866071343421936035e-01 5.962500000000000000e+01 5.802600097656250000e+01 3.820299911499023438e+01
9.000000000000000000e+00 4.151785671710968018e-01 5.859400177001953125e+01 5.981299972534179688e+01 3.500299835205078125e+01
1.300000000000000000e+01 4.732142984867095947e-01 5.619100189208984375e+01 6.041899871826171875e+01 3.224100112915039062e+01
1.800000000000000000e+01 4.553571343421936035e-01 5.602999877929687500e+01 5.934400177001953125e+01 2.851300048828125000e+01
1.700000000000000000e+01 1.919642835855484009e-01 5.750699996948242188e+01 6.096599960327148438e+01 2.544499969482421875e+01
7.000000000000000000e+00 8.482142537832260132e-02 5.612699890136718750e+01 6.140700149536132812e+01 2.187199974060058594e+01
1.700000000000000000e+01 1.830357164144515991e-01 5.656999969482421875e+01 5.777099990844726562e+01 2.094199943542480469e+01
9.000000000000000000e+00 4.776785671710968018e-01 5.490499877929687500e+01 5.645199966430664062e+01 2.414699935913085938e+01
7.000000000000000000e+00 4.419642984867095947e-01 5.826800155639648438e+01 5.557799911499023438e+01 2.560199928283691406e+01
1.200000000000000000e+01 3.973214328289031982e-01 6.008599853515625000e+01 5.662599945068359375e+01 2.877700042724609375e+01
9.000000000000000000e+00 1.116071417927742004e-01 6.635900115966796875e+01 5.681999969482421875e+01 3.152400016784667969e+01
1.200000000000000000e+01 2.901785671710968018e-01 6.470700073242187500e+01 5.483800125122070312e+01 3.431700134277343750e+01
1.800000000000000000e+01 1.785714328289031982e-01 6.768000030517578125e+01 5.275099945068359375e+01 3.546599960327148438e+01
1.800000000000000000e+01 4.017857089638710022e-02 7.127999877929687500e+01 5.175099945068359375e+01 3.416299819946289062e+01
7.000000000000000000e+00 1.785714365541934967e-02 7.272699737548828125e+01 4.834899902343750000e+01 3.281299972534179688e+01
7.000000000000000000e+00 0.000000000000000000e+00 7.500199890136718750e+01 4.741999816894531250e+01 3.573199844360351562e+01
7.000000000000000000e+00 2.232142910361289978e-02 7.253399658203125000e+01 4.875099945068359375e+01 3.830199813842773438e+01
1.500000000000000000e+01 1.428571492433547974e-01 6.952100372314453125e+01 4.659400177001953125e+01 3.702600097656250000e+01
2.200000000000000000e+01 1.339285671710968018e-01 6.955300140380859375e+01 4.309299850463867188e+01 3.867499923706054688e+01
7.000000000000000000e+00 2.187500000000000000e-01 6.747699737548828125e+01 3.996599960327148438e+01 3.939099884033203125e+01
9.000000000000000000e+00 4.285714328289031982e-01 6.432900238037109375e+01 3.996200180053710938e+01 4.153099822998046875e+01
1.100000000000000000e+01 6.607142686843872070e-01 6.082199859619140625e+01 4.130500030517578125e+01 4.137300109863281250e+01
2.000000000000000000e+01 7.723214030265808105e-01 5.971799850463867188e+01 4.468199920654296875e+01 3.996400070190429688e+01
1.300000000000000000e+01 8.839285969734191895e-01 5.648199844360351562e+01 4.674000167846679688e+01 3.998300170898437500e+01
2.200000000000000000e+01 9.241071343421936035e-01 5.541699981689453125e+01 4.932199859619140625e+01 3.730799865722656250e+01
7.000000000000000000e+00 9.285714030265808105e-01 5.274300003051757812e+01 5.190800094604492188e+01 3.842699813842773438e+01
1.100000000000000000e+01 9.062500000000000000e-01 5.109199905395507812e+01 5.388899993896484375e+01 3.564199829101562500e+01
3.000000000000000000e+00 8.258928656578063965e-01 4.859500122070312500e+01 5.672299957275390625e+01 3.615100097656250000e+01
1.800000000000000000e+01 8.482142686843872070e-01 4.611299896240234375e+01 5.576900100708007812e+01 3.353200149536132812e+01
1.300000000000000000e+01 7.633928656578063965e-01 4.297499847412109375e+01 5.745600128173828125e+01 3.489400100708007812e+01
1.700000000000000000e+01 5.937500000000000000e-01 4.445500183105468750e+01 6.096599960327148438e+01 3.484099960327148438e+01
2.000000000000000000e+01 5.758928656578063965e-01 4.525299835205078125e+01 6.060200119018554688e+01 3.117600059509277344e+01
1.900000000000000000e+01 5.312500000000000000e-01 4.158300018310546875e+01 6.023500061035156250e+01 3.036700057983398438e+01
1.300000000000000000e+01 3.392857015132904053e-01 4.046099853515625000e+01 6.281800079345703125e+01 3.300299835205078125e+01
0.000000000000000000e+00 2.098214328289031982e-01 4.292200088500976562e+01 6.522200012207031250e+01 3.129199981689453125e+01
1.200000000000000000e+01 1.651785671710968018e-01 4.087599945068359375e+01 6.466000366210937500e+01 2.806500053405761719e+01
9.000000000000000000e+00 1.160714253783226013e-01 3.735400009155273438e+01 6.477200317382812500e+01 2.966799926757812500e+01
1.100000000000000000e+01 2.946428656578063965e-01 3.683300018310546875e+01 6.094599914550781250e+01 2.936199951171875000e+01
1.700000000000000000e+01 4.598214328289031982e-01 3.561800003051757812e+01 5.895600128173828125e+01 3.235900115966796875e+01
1.600000000000000000e+01 6.785714030265808105e-01 3.703699874877929688e+01 5.543899917602539062e+01 3.290200042724609375e+01
1.500000000000000000e+01 7.678571343421936035e-01 3.632600021362304688e+01 5.248300170898437500e+01 3.525799942016601562e+01
7.000000000000000000e+00 8.794642686843872070e-01 4.172800064086914062e+01 5.343399810791015625e+01 3.834600067138671875e+01
0.000000000000000000e+00 9.776785969734191895e-01 4.752199935913085938e+01 5.007699966430664062e+01 3.569800186157226562e+01
7.000000000000000000e+00 9.910714030265808105e-01 4.983399963378906250e+01 4.820800018310546875e+01 3.806299972534179688e+01
2.200000000000000000e+01 9.866071343421936035e-01 5.189500045776367188e+01 4.552899932861328125e+01 3.644300079345703125e+01
2.200000000000000000e+01 9.598214030265808105e-01 5.408800125122070312e+01 4.338499832153320312e+01 3.882699966430664062e+01
1.500000000000000000e+01 8.705357313156127930e-01 5.673600006103515625e+01 4.098199844360351562e+01 3.742300033569335938e+01
1.800000000000000000e+01 7.053571343421936035e-01 5.970899963378906250e+01 3.872299957275390625e+01 3.814799880981445312e+01
0.000000000000000000e+00 5.892857313156127930e-01 6.268399810791015625e+01 3.970899963378906250e+01 3.608700180053710938e+01
2.000000000000000000e+00 3.035714328289031982e-01 6.600599670410156250e+01 3.827700042724609375e+01 3.496500015258789062e+01
3.000000000000000000e+00 2.678571343421936035e-01 6.491899871826171875e+01 3.457199859619140625e+01 3.526599884033203125e+01
1.700000000000000000e+01 7.589285820722579956e-02 6.719599914550781250e+01 3.307600021362304688e+01 3.252199935913085938e+01
9.000000000000000000e+00 5.357142910361289978e-02 6.988099670410156250e+01 3.578300094604492188e+01 3.267699813842773438e+01
1.600000000000000000e+01 6.696428358554840088e-02 7.025700378417968750e+01 3.962099838256835938e+01 3.195800018310546875e+01
1.000000000000000000e+00 2.053571492433547974e-01 6.725700378417968750e+01 4.082600021362304688e+01 2.982299995422363281e+01
1.000000000000000000e+00 2.589285671710968018e-01 6.618499755859375000e+01 4.391400146484375000e+01 2.794400024414062500e+01
2.000000000000000000e+01 5.401785969734191895e-01 6.253900146484375000e+01 4.472999954223632812e+01 2.871699905395507812e+01
1.800000000000000000e+01 6.160714030265808105e-01 6.003599929809570312e+01 4.677899932861328125e+01 2.673999977111816406e+01
1.100000000000000000e+01 8.080357313156127930e-01 5.667800140380859375e+01 4.703099822998046875e+01 2.867099952697753906e+01
0.000000000000000000e+00 8.035714030265808105e-01 5.383599853515625000e+01 4.778599929809570312e+01 2.620999908447265625e+01
0.000000000000000000e+00 8.973214030265808105e-01 5.046599960327148438e+01 4.901599884033203125e+01 2.769000053405761719e+01
1.200000000000000000e+01 8.348214030265808105e-01 4.733300018310546875e+01 4.955799865722656250e+01 2.560000038146972656e+01
1.200000000000000000e+01 8.303571343421936035e-01 4.465999984741210938e+01 5.184700012207031250e+01 2.696599960327148438e+01
1.700000000000000000e+01 7.366071343421936035e-01 4.080799865722656250e+01 5.211399841308593750e+01 2.663100051879882812e+01
1.600000000000000000e+01 7.187500000000000000e-01 3.806499862670898438e+01 5.309099960327148438e+01 2.936899948120117188e+01
2.000000000000000000e+01 7.901785969734191895e-01 3.690399932861328125e+01 4.958300018310546875e+01 3.011800003051757812e+01
1.700000000000000000e+01 8.750000000000000000e-01 3.982300186157226562e+01 4.737300109863281250e+01 2.898800086975097656e+01
2.000000000000000000e+01 9.419642686843872070e-01 4.358200073242187500e+01 4.756900024414062500e+01 2.909300041198730469e+01
1.700000000000000000e+01 9.330357313156127930e-01 4.615999984741210938e+01 4.508300018310546875e+01 2.761800003051757812e+01
1.800000000000000000e+01 9.553571343421936035e-01 4.980300140380859375e+01 4.471500015258789062e+01 2.880299949645996094e+01
1.800000000000000000e+01 8.660714030265808105e-01 5.269699859619140625e+01 4.281800079345703125e+01 2.709700012207031250e+01
0.000000000000000000e+00 7.991071343421936035e-01 5.634799957275390625e+01 4.252999877929687500e+01 2.821800041198730469e+01
2.200000000000000000e+01 6.071428656578063965e-01 5.860599899291992188e+01 4.220100021362304688e+01 2.517900085449218750e+01
2.200000000000000000e+01 4.910714328289031982e-01 6.174700164794921875e+01 4.037500000000000000e+01 2.631599998474121094e+01
1.800000000000000000e+01 1.964285671710968018e-01 6.506199645996093750e+01 4.066199874877929688e+01 2.445899963378906250e+01
2.000000000000000000e+00 6.250000000000000000e-02 6.833499908447265625e+01 3.896300125122070312e+01 2.528700065612792969e+01
1.600000000000000000e+01 8.928571827709674835e-03 7.177600097656250000e+01 4.060200119018554688e+01 2.482200050354003906e+01
