1 1 14 0 0.017964071856287345 0 0 39.850 55.523 32.122
1 2 18 0 0.11377245508982048 0 0 40.882 51.935 31.558
1 3 7 0 0.3053892215568862 0 0 38.542 49.359 30.100
1 4 20 0 0.5748502994011976 0 0 38.909 45.691 30.938
1 5 13 0 0.7125748502994012 0 0 37.753 42.605 29.071
1 6 12 0 0.9101796407185628 0 0 36.982 39.906 31.562
1 7 22 0 0.9580838323353293 0 0 35.982 36.317 30.830
1 8 22 0 0.9880239520958084 0 0 33.858 34.331 33.260
1 9 22 0 0.9700598802395209 0 0 35.030 30.820 32.621
1 10 9 0 0.9341317365269461 0 0 34.543 27.333 33.999
1 11 0 0 0.8023952095808383 0 0 31.990 24.568 34.035
1 12 9 0 0.6347305389221557 0 0 28.446 24.443 32.764
1 13 9 0 0.652694610778443 0 0 26.500 25.509 35.853
1 14 22 0 0.8143712574850299 0 0 28.675 27.197 38.492
1 15 9 0 0.844311377245509 0 0 26.865 30.490 38.564
1 16 13 0 0.9461077844311377 0 0 28.908 32.124 35.842
1 17 17 0 0.8502994011976048 0 0 26.120 34.484 34.818
1 18 0 0 0.7964071856287425 0 0 24.865 35.138 38.330
1 19 12 0 0.9041916167664671 0 0 28.104 36.503 39.673
1 20 18 0 0.8862275449101796 0 0 28.108 38.906 36.762
1 21 11 0 0.6646706586826348 0 0 24.535 39.842 37.416
1 22 6 0 0.6287425149700598 0 0 25.437 40.503 40.982
1 23 12 0 0.718562874251497 0 0 28.189 42.761 39.720
1 24 11 0 0.5389221556886228 0 0 26.070 44.710 37.225
1 25 6 0 0.3173652694610779 0 0 22.763 45.131 39.058
1 26 2 0 0.33532934131736525 0 0 23.742 44.311 42.665
1 27 10 0 0.19760479041916168 0 0 20.749 42.309 43.456
1 28 15 0 0.27544910179640725 0 0 20.000 38.678 43.070
1 29 22 0 0.221556886227545 0 0 18.230 37.531 39.937
1 30 3 0 0.13173652694610782 0 0 16.830 34.002 40.134
1 31 7 0 0.08982035928143717 0 0 15.616 34.252 36.541
1 32 20 0 0.2335329341317366 0 0 17.956 32.671 33.970
1 33 3 0 0.17964071856287422 0 0 18.411 32.731 30.205
1 34 16 0 0.2934131736526946 0 0 20.963 31.534 27.709
1 35 18 0 0.4491017964071856 0 0 23.357 34.300 26.730
1 36 11 0 0.19161676646706582 0 0 23.468 34.948 23.000
1 37 7 0 0.16167664670658677 0 0 24.164 38.674 22.908
1 38 3 0 0.32335329341317365 0 0 23.630 40.337 26.235
1 39 17 0 0.437125748502994 0 0 26.387 42.695 27.213
1 40 20 0 0.562874251497006 0 0 27.464 43.459 30.719
1 41 1 0 0.5029940119760479 0 0 29.487 46.429 31.865
1 42 13 0 0.4011976047904191 0 0 29.609 48.811 34.772
1 43 6 0 0.18562874251497008 0 0 31.618 51.834 35.827
1 44 22 0 0.2694610778443114 0 0 33.193 51.167 39.209
1 45 22 0 0.13772455089820357 0 0 35.969 52.239 41.612
1 46 11 0 0.281437125748503 0 0 38.988 50.000 42.163
1 47 3 0 0.07784431137724557 0 0 41.650 51.255 44.627
1 48 9 0 0.0119760479041916 0 0 40.518 54.856 44.254
1 49 7 0 0.03592814371257491 0 0 40.325 54.928 40.474
1 50 18 0 0.06586826347305386 0 0 37.259 54.667 38.290
1 51 5 0 0.21556886227544902 0 0 37.408 51.896 35.659
1 52 12 0 0.3652694610778443 0 0 35.110 50.054 33.330
1 53 12 0 0.6227544910179641 0 0 34.597 46.304 33.539
1 54 3 0 0.658682634730539 0 0 33.183 44.647 30.426
1 55 11 0 0.8622754491017964 0 0 32.237 41.140 31.286
1 56 12 0 0.8383233532934131 0 0 32.085 38.367 28.788
1 57 3 0 0.8682634730538922 0 0 29.736 35.519 29.662
1 58 18 0 0.8562874251497006 0 0 31.003 32.124 28.567
1 59 0 0 0.6407185628742516 0 0 27.880 30.447 27.335
1 60 9 0 0.40718562874251496 0 0 26.625 27.633 25.142
1 61 6 0 0.25149700598802394 0 0 27.791 24.122 24.403
1 62 7 0 0.059880239520958 0 0 26.666 23.634 20.801
1 63 7 0 0.029940119760479056 0 0 29.378 23.892 18.161
1 64 20 0 0.0 0 0 27.433 26.105 15.813
1 65 17 0 0.041916167664670656 0 0 27.008 29.359 17.803
1 66 0 0 0.16766467065868274 0 0 30.044 28.940 20.025
1 67 14 0 0.38323353293413165 0 0 31.878 32.173 21.022
1 68 1 0 0.5508982035928144 0 0 34.115 30.405 23.497
1 69 3 0 0.45508982035928147 0 0 37.326 31.064 21.722
1 70 6 0 0.3892215568862275 0 0 36.429 34.555 20.579
1 71 20 0 0.6107784431137725 0 0 35.560 35.654 24.046
1 72 14 0 0.688622754491018 0 0 38.748 34.095 25.250
1 73 1 0 0.4610778443113772 0 0 41.097 35.611 22.695
1 74 18 0 0.4970059880239521 0 0 39.598 38.968 23.534
1 75 9 0 0.7485029940119761 0 0 39.732 38.493 27.298
1 76 7 0 0.7005988023952096 0 0 42.298 40.315 29.312
1 77 9 0 0.8922155688622755 0 0 41.442 38.406 32.491
1 78 15 0 0.9640718562874252 0 0 40.002 34.991 33.295
1 79 12 0 0.9940119760479041 0 0 37.742 34.476 36.218
1 80 5 0 0.9820359281437125 0 0 37.687 30.772 36.845
1 81 22 0 0.9760479041916168 0 0 34.538 29.561 38.604
1 82 15 0 0.874251497005988 0 0 33.914 26.150 40.141
1 83 0 0 0.7305389221556886 0 0 31.261 25.161 42.589
1 84 11 0 0.5149700598802396 0 0 32.187 23.861 46.014
1 85 2 0 0.28742514970059885 0 0 29.572 21.064 46.028
1 86 2 0 0.3532934131736526 0 0 30.341 19.719 42.550
1 87 18 0 0.22754491017964074 0 0 33.477 17.539 42.356
1 88 13 0 0.31137724550898194 0 0 33.549 17.530 38.547
1 89 17 0 0.5868263473053892 0 0 33.398 21.277 38.377
1 90 15 0 0.5988023952095809 0 0 36.790 21.681 39.947
1 91 7 0 0.4131736526946108 0 0 38.661 18.859 38.386
1 92 3 0 0.5269461077844311 0 0 38.613 20.499 34.983
1 93 11 0 0.7245508982035929 0 0 40.236 23.759 36.143
1 94 10 0 0.5089820359281436 0 0 43.488 22.545 34.675
1 95 10 0 0.47904191616766467 0 0 41.552 21.474 31.552
1 96 20 0 0.7065868263473054 0 0 40.052 24.916 31.096
1 97 1 0 0.6706586826347305 0 0 43.417 26.520 31.877
1 98 7 0 0.4251497005988024 0 0 44.897 24.589 28.938
1 99 6 0 0.49101796407185627 0 0 42.066 25.754 26.698
1 100 11 0 0.6167664670658684 0 0 42.798 29.310 27.675
1 101 13 0 0.44311377245508976 0 0 46.523 28.809 27.364
1 102 1 0 0.20958083832335328 0 0 46.033 27.652 23.814
1 103 22 0 0.3413173652694611 0 0 43.671 30.497 22.950
1 104 13 0 0.35928143712574856 0 0 46.024 33.124 24.364
1 105 3 0 0.08383233532934131 0 0 49.309 31.788 22.960
1 106 17 0 0.14371257485029942 0 0 50.779 32.082 26.376
1 107 7 0 0.20359281437125742 0 0 51.253 29.933 29.423
1 108 3 0 0.37125748502994016 0 0 50.653 33.015 31.527
1 109 22 0 0.6047904191616766 0 0 47.275 34.682 31.673
1 110 16 0 0.7724550898203593 0 0 45.738 36.864 34.329
1 111 14 0 0.8982035928143712 0 0 43.743 34.398 36.408
1 112 22 0 0.9401197604790419 0 0 41.806 34.042 39.617
1 113 12 0 0.9161676646706587 0 0 40.363 30.815 40.975
1 114 22 0 0.9520958083832335 0 0 36.840 31.315 42.362
1 115 9 0 0.8323353293413174 0 0 34.902 28.888 44.466
1 116 2 0 0.8203592814371258 0 0 31.114 29.513 44.122
1 117 13 0 0.5688622754491017 0 0 28.460 28.236 46.498
1 118 5 0 0.4730538922155688 0 0 29.970 29.225 49.792
1 119 3 0 0.24550898203592808 0 0 26.590 29.912 51.257
1 120 12 0 0.10778443113772451 0 0 26.243 26.210 51.985
1 121 16 0 0.0059880239520957446 0 0 26.755 24.968 55.508
1 122 17 0 0.02395209580838331 0 0 29.037 22.288 53.994
1 123 1 0 0.10179640718562877 0 0 31.678 21.911 51.435
1 124 18 0 0.0718562874251496 0 0 32.278 18.917 49.174
1 125 22 0 0.23952095808383234 0 0 35.377 20.226 47.349
1 126 3 0 0.11976047904191622 0 0 37.942 20.999 50.030
1 127 18 0 0.26347305389221565 0 0 39.139 24.541 50.605
1 128 13 0 0.09580838323353291 0 0 42.556 23.322 51.289
1 129 6 0 0.12574850299401197 0 0 42.951 21.309 48.091
1 130 0 0 0.46706586826347307 0 0 41.662 24.328 46.210
1 131 6 0 0.3772455089820359 0 0 44.006 26.709 47.989
1 132 3 0 0.14970059880239517 0 0 46.946 24.472 47.265
1 133 12 0 0.39520958083832336 0 0 46.085 24.538 43.602
1 134 0 0 0.5329341317365269 0 0 45.998 28.312 43.615
1 135 1 0 0.2574850299401197 0 0 49.278 28.371 45.380
1 136 17 0 0.15568862275449102 0 0 50.817 26.203 42.720
1 137 20 0 0.41916167664670656 0 0 49.416 28.301 39.920
1 138 9 0 0.34730538922155685 0 0 50.626 31.410 41.694
1 139 11 0 0.592814371257485 0 0 47.153 32.909 41.939
1 140 16 0 0.6766467065868262 0 0 44.480 33.883 44.355
1 141 15 0 0.7544910179640718 0 0 41.599 31.841 45.573
1 142 11 0 0.8083832335329342 0 0 38.360 33.799 46.083
1 143 7 0 0.7365269461077844 0 0 35.553 32.115 47.923
1 144 18 0 0.7904191616766467 0 0 32.169 33.404 46.787
1 145 17 0 0.6467065868263473 0 0 28.425 33.087 46.877
1 146 0 0 0.6946107784431137 0 0 26.194 34.727 44.233
1 147 13 0 0.43113772455089827 0 0 23.158 34.304 46.398
1 148 18 0 0.29940119760479034 0 0 24.429 35.944 49.604
1 149 1 0 0.4850299401197605 0 0 26.480 38.385 47.575
1 150 6 0 0.5209580838323353 0 0 29.624 37.301 49.257
1 151 9 0 0.6826347305389222 0 0 33.022 37.959 47.676
1 152 22 0 0.8263473053892215 0 0 31.720 38.699 44.233
1 153 3 0 0.7604790419161677 0 0 33.043 42.211 43.966
1 154 3 0 0.7664670658682635 0 0 36.378 40.943 45.284
1 155 0 0 0.9281437125748503 0 0 36.486 38.207 42.671
1 156 15 0 0.9221556886227544 0 0 36.371 40.809 39.836
1 157 20 0 0.7784431137724551 0 0 38.612 43.212 41.678
1 158 18 0 0.7844311377245509 0 0 41.400 40.734 42.502
1 159 12 0 0.8802395209580838 0 0 41.620 39.715 38.887
1 160 22 0 0.7425149700598803 0 0 41.908 43.345 37.941
1 161 1 0 0.5449101796407185 0 0 44.775 43.731 40.383
1 162 7 0 0.5808383233532934 0 0 46.567 40.938 38.706
1 163 11 0 0.5568862275449102 0 0 45.894 42.619 35.397
1 164 1 0 0.3293413173652695 0 0 47.191 45.959 36.744
1 165 13 0 0.17365269461077848 0 0 50.301 44.268 38.060
1 166 10 0 0.04790419161676651 0 0 53.370 44.764 35.876
1 167 13 0 0.053892215568862256 0 0 53.964 42.714 32.747
