1 1 14 0 0.017964071856287345 0 0 37.207 56.054 31.601
1 2 18 0 0.11976047904191622 0 0 37.218 52.501 30.352
1 3 7 0 0.28742514970059885 0 0 34.651 49.784 29.961
1 4 20 0 0.5868263473053892 0 0 35.808 46.195 30.053
1 5 13 0 0.7365269461077844 0 0 33.836 43.186 28.789
1 6 12 0 0.9221556886227544 0 0 34.357 40.374 31.255
1 7 22 0 0.9580838323353293 0 0 32.863 37.029 30.260
1 8 22 0 0.9820359281437125 0 0 32.383 34.386 32.883
1 9 22 0 0.9700598802395209 0 0 33.355 31.033 31.601
1 10 9 0 0.9281437125748503 0 0 33.310 27.472 32.894
1 11 0 0 0.8023952095808383 0 0 31.259 24.381 33.681
1 12 9 0 0.6467065868263473 0 0 27.833 24.334 35.268
1 13 9 0 0.5988023952095809 0 0 27.655 24.364 39.016
1 14 22 0 0.8263473053892215 0 0 30.899 26.175 39.732
1 15 9 0 0.8383233532934131 0 0 29.288 29.381 41.013
1 16 13 0 0.9341317365269461 0 0 29.441 31.436 37.907
1 17 17 0 0.844311377245509 0 0 26.586 33.798 38.690
1 18 0 0 0.7844311377245509 0 0 27.405 33.925 42.368
1 19 12 0 0.8982035928143712 0 0 30.906 35.249 41.804
1 20 18 0 0.8862275449101796 0 0 29.551 37.959 39.528
1 21 11 0 0.6646706586826348 0 0 26.765 39.025 41.927
1 22 6 0 0.6407185628742516 0 0 29.315 39.063 44.720
1 23 12 0 0.6766467065868262 0 0 30.903 41.916 42.914
1 24 11 0 0.5149700598802396 0 0 27.829 43.670 41.678
1 25 6 0 0.29940119760479034 0 0 25.617 43.333 44.711
1 26 2 0 0.3293413173652695 0 0 27.739 41.817 47.433
1 27 10 0 0.2574850299401197 0 0 24.953 39.225 47.600
1 28 15 0 0.39520958083832336 0 0 24.745 35.504 46.749
1 29 22 0 0.3652694610778443 0 0 22.166 34.236 44.318
1 30 3 0 0.09580838323353291 0 0 19.012 32.514 45.469
1 31 7 0 0.10778443113772451 0 0 17.462 32.149 42.044
1 32 20 0 0.20359281437125742 0 0 18.818 30.318 38.977
1 33 3 0 0.20958083832335328 0 0 18.133 32.127 35.767
1 34 16 0 0.3532934131736526 0 0 19.725 32.014 32.301
1 35 18 0 0.45508982035928147 0 0 20.726 35.639 32.469
1 36 11 0 0.3053892215568862 0 0 20.407 35.568 28.731
1 37 7 0 0.13173652694610782 0 0 18.934 39.024 28.165
1 38 3 0 0.2335329341317366 0 0 19.876 40.450 31.542
1 39 17 0 0.4131736526946108 0 0 23.007 42.664 31.720
1 40 20 0 0.5209580838323353 0 0 25.057 43.159 34.823
1 41 1 0 0.5029940119760479 0 0 27.603 45.858 35.251
1 42 13 0 0.40718562874251496 0 0 29.030 48.058 37.930
1 43 6 0 0.2694610778443114 0 0 32.051 50.364 38.103
1 44 22 0 0.32335329341317365 0 0 34.985 49.692 40.326
1 45 22 0 0.13772455089820357 0 0 38.101 51.550 41.315
1 46 11 0 0.26347305389221565 0 0 41.040 49.345 40.387
1 47 3 0 0.07784431137724557 0 0 44.481 50.762 41.067
1 48 9 0 0.0119760479041916 0 0 43.278 54.374 41.314
1 49 7 0 0.03592814371257491 0 0 41.459 54.264 38.007
1 50 18 0 0.059880239520958 0 0 37.756 54.012 37.560
1 51 5 0 0.27544910179640725 0 0 36.818 50.891 35.623
1 52 12 0 0.34730538922155685 0 0 33.272 50.133 34.411
1 53 12 0 0.6227544910179641 0 0 32.965 46.360 34.463
1 54 3 0 0.652694610778443 0 0 30.480 44.794 32.070
1 55 11 0 0.8622754491017964 0 0 30.387 41.255 33.302
1 56 12 0 0.8562874251497006 0 0 28.781 38.798 30.823
1 57 3 0 0.8682634730538922 0 0 27.175 35.629 32.191
1 58 18 0 0.8323353293413174 0 0 27.044 32.361 30.354
1 59 0 0 0.5568862275449102 0 0 23.582 31.415 29.287
1 60 9 0 0.3413173652694611 0 0 22.321 28.369 27.369
1 61 6 0 0.19161676646706582 0 0 22.716 24.631 27.579
1 62 7 0 0.041916167664670656 0 0 20.996 23.873 24.255
1 63 7 0 0.02395209580838331 0 0 21.599 24.837 20.647
1 64 20 0 0.0 0 0 18.594 27.160 20.187
1 65 17 0 0.053892215568862256 0 0 19.684 29.356 23.071
1 66 0 0 0.14970059880239517 0 0 23.413 29.040 22.214
1 67 14 0 0.2934131736526946 0 0 24.804 32.496 22.620
1 68 1 0 0.5389221556886228 0 0 28.206 31.281 23.870
1 69 3 0 0.4491017964071856 0 0 30.350 32.370 20.936
1 70 6 0 0.35928143712574856 0 0 28.501 35.702 20.716
1 71 20 0 0.6107784431137725 0 0 29.467 36.548 24.344
1 72 14 0 0.688622754491018 0 0 33.054 35.540 23.684
1 73 1 0 0.44311377245508976 0 0 33.507 37.688 20.515
1 74 18 0 0.47904191616766467 0 0 32.575 40.711 22.425
1 75 9 0 0.7485029940119761 0 0 34.630 39.613 25.464
1 76 7 0 0.7005988023952096 0 0 37.774 41.580 26.353
1 77 9 0 0.8802395209580838 0 0 38.873 39.453 29.330
1 78 15 0 0.9640718562874252 0 0 37.722 36.056 30.464
1 79 12 0 0.9940119760479041 0 0 37.230 34.685 33.977
1 80 5 0 0.9880239520958084 0 0 37.405 30.921 33.790
1 81 22 0 0.9760479041916168 0 0 35.669 29.227 36.775
1 82 15 0 0.874251497005988 0 0 36.308 25.863 38.304
1 83 0 0 0.718562874251497 0 0 35.325 24.231 41.594
1 84 11 0 0.4970059880239521 0 0 37.949 22.562 43.747
1 85 2 0 0.25149700598802394 0 0 35.707 19.627 44.607
1 86 2 0 0.33532934131736525 0 0 34.928 18.655 41.027
1 87 18 0 0.21556886227544902 0 0 37.690 17.039 38.930
1 88 13 0 0.31137724550898194 0 0 35.891 17.460 35.628
1 89 17 0 0.6047904191616766 0 0 35.564 21.229 35.959
1 90 15 0 0.592814371257485 0 0 39.370 21.491 35.869
1 91 7 0 0.43113772455089827 0 0 39.327 19.121 32.833
1 92 3 0 0.5748502994011976 0 0 37.363 21.552 30.654
1 93 11 0 0.7784431137724551 0 0 39.598 24.534 31.391
1 94 10 0 0.5449101796407185 0 0 41.708 23.730 28.326
1 95 10 0 0.5089820359281436 0 0 38.553 23.466 26.206
1 96 20 0 0.7904191616766467 0 0 37.261 26.805 27.372
1 97 1 0 0.7664670658682635 0 0 40.587 28.485 26.857
1 98 7 0 0.4850299401197605 0 0 40.905 27.000 23.372
1 99 6 0 0.5269461077844311 0 0 37.302 28.135 22.729
1 100 11 0 0.6826347305389222 0 0 38.169 31.626 23.805
1 101 13 0 0.4610778443113772 0 0 41.173 31.613 21.551
1 102 1 0 0.22754491017964074 0 0 39.091 30.264 18.624
1 103 22 0 0.37125748502994016 0 0 36.328 32.941 19.094
1 104 13 0 0.3772455089820359 0 0 38.764 35.837 19.520
1 105 3 0 0.11377245508982048 0 0 40.893 34.497 16.712
1 106 17 0 0.14371257485029942 0 0 44.046 35.089 18.636
1 107 7 0 0.17964071856287422 0 0 46.447 33.232 20.843
1 108 3 0 0.281437125748503 0 0 47.037 36.239 23.063
1 109 22 0 0.5808383233532934 0 0 43.867 36.660 25.109
1 110 16 0 0.7724550898203593 0 0 43.646 37.947 28.637
1 111 14 0 0.9161676646706587 0 0 42.198 35.418 31.050
1 112 22 0 0.9520958083832335 0 0 42.184 34.535 34.746
1 113 12 0 0.9401197604790419 0 0 41.750 31.141 36.270
1 114 22 0 0.9461077844311377 0 0 39.753 30.945 39.404
1 115 9 0 0.8502994011976048 0 0 39.093 28.009 41.677
1 116 2 0 0.8203592814371258 0 0 35.934 28.387 43.747
1 117 13 0 0.5329341317365269 0 0 35.179 26.842 47.094
1 118 5 0 0.437125748502994 0 0 38.493 27.366 48.817
1 119 3 0 0.15568862275449102 0 0 37.100 27.428 52.358
1 120 12 0 0.08383233532934131 0 0 36.064 23.787 52.087
1 121 16 0 0.0059880239520957446 0 0 38.005 21.240 54.128
1 122 17 0 0.029940119760479056 0 0 39.533 19.253 51.221
1 123 1 0 0.08982035928143717 0 0 40.045 19.409 47.540
1 124 18 0 0.06586826347305386 0 0 39.210 16.784 45.003
1 125 22 0 0.19760479041916168 0 0 41.165 19.052 42.630
1 126 3 0 0.12574850299401197 0 0 44.774 19.448 43.685
1 127 18 0 0.18562874251497008 0 0 46.303 22.903 44.354
1 128 13 0 0.0718562874251496 0 0 49.544 21.941 42.802
1 129 6 0 0.16167664670658677 0 0 47.913 21.151 39.536
1 130 0 0 0.49101796407185627 0 0 45.886 24.372 39.419
1 131 6 0 0.3892215568862275 0 0 48.960 26.534 39.772
1 132 3 0 0.16766467065868274 0 0 50.949 24.347 37.300
1 133 12 0 0.4011976047904191 0 0 48.121 24.461 34.746
1 134 0 0 0.5508982035928144 0 0 48.118 28.239 35.279
1 135 1 0 0.23952095808383234 0 0 51.871 28.361 34.901
1 136 17 0 0.17365269461077848 0 0 51.701 26.345 31.663
1 137 20 0 0.4251497005988024 0 0 49.430 29.008 30.256
1 138 9 0 0.38323353293413165 0 0 51.217 31.923 31.825
1 139 11 0 0.6287425149700598 0 0 48.081 33.133 33.663
1 140 16 0 0.6706586826347305 0 0 47.392 33.726 37.336
1 141 15 0 0.7425149700598803 0 0 45.650 31.268 39.651
1 142 11 0 0.8083832335329342 0 0 43.282 33.051 41.984
1 143 7 0 0.7245508982035929 0 0 41.565 31.228 44.848
1 144 18 0 0.7604790419161677 0 0 38.156 32.218 46.010
1 145 17 0 0.6167664670658684 0 0 34.957 31.180 47.631
1 146 0 0 0.6946107784431137 0 0 31.670 32.540 46.357
1 147 13 0 0.41916167664670656 0 0 29.451 32.018 49.480
1 148 18 0 0.24550898203592808 0 0 31.698 33.742 51.988
1 149 1 0 0.46706586826347307 0 0 33.140 36.428 49.798
1 150 6 0 0.4730538922155688 0 0 36.904 35.861 49.846
1 151 9 0 0.658682634730539 0 0 39.131 36.296 46.811
1 152 22 0 0.8143712574850299 0 0 36.291 37.712 44.720
1 153 3 0 0.7065868263473054 0 0 37.577 41.203 44.397
1 154 3 0 0.7125748502994012 0 0 41.069 39.894 43.794
1 155 0 0 0.9041916167664671 0 0 39.894 37.767 40.954
1 156 15 0 0.9101796407185628 0 0 38.020 40.586 39.163
1 157 20 0 0.7305389221556886 0 0 40.893 42.942 39.841
1 158 18 0 0.7964071856287425 0 0 43.455 40.531 38.431
1 159 12 0 0.8922155688622755 0 0 41.379 40.010 35.334
1 160 22 0 0.7544910179640718 0 0 41.295 43.696 34.621
1 161 1 0 0.562874251497006 0 0 44.973 43.768 35.461
1 162 7 0 0.6347305389221557 0 0 45.618 41.154 32.811
1 163 11 0 0.5688622754491017 0 0 43.893 43.293 30.137
1 164 1 0 0.3173652694610779 0 0 46.238 46.036 31.267
1 165 13 0 0.221556886227545 0 0 49.333 43.839 31.138
1 166 10 0 0.10179640718562877 0 0 50.787 43.684 27.701
1 167 13 0 0.04790419161676651 0 0 53.349 40.995 26.920
