1 1 14 0 0.0059880239520957446 0 0 19.743 33.617 52.068
1 2 18 0 0.059880239520958 0 0 21.341 36.041 49.586
1 3 7 0 0.27544910179640725 0 0 21.197 35.811 45.855
1 4 20 0 0.5688622754491017 0 0 23.889 36.640 43.314
1 5 13 0 0.718562874251497 0 0 23.899 37.659 39.737
1 6 12 0 0.9101796407185628 0 0 27.038 36.231 38.169
1 7 22 0 0.9580838323353293 0 0 28.000 37.013 34.609
1 8 22 0 0.9880239520958084 0 0 30.310 34.919 32.361
1 9 22 0 0.9760479041916168 0 0 32.500 36.843 29.998
1 10 9 0 0.9281437125748503 0 0 35.006 36.110 27.256
1 11 0 0 0.7904191616766467 0 0 35.796 35.316 23.681
1 12 9 0 0.6407185628742516 0 0 33.941 32.726 21.653
1 13 9 0 0.5988023952095809 0 0 34.670 29.036 22.131
1 14 22 0 0.8143712574850299 0 0 36.313 29.327 25.498
1 15 9 0 0.844311377245509 0 0 33.736 27.319 27.271
1 16 13 0 0.9401197604790419 0 0 31.463 29.905 28.770
1 17 17 0 0.8263473053892215 0 0 28.294 27.833 28.339
1 18 0 0 0.7724550898203593 0 0 30.218 24.702 29.275
1 19 12 0 0.8982035928143712 0 0 31.394 26.004 32.585
1 20 18 0 0.8802395209580838 0 0 27.970 27.167 33.619
1 21 11 0 0.652694610778443 0 0 26.218 24.015 32.523
1 22 6 0 0.6047904191616766 0 0 28.856 21.931 34.243
1 23 12 0 0.688622754491018 0 0 28.432 23.803 37.445
1 24 11 0 0.5329341317365269 0 0 24.779 23.229 37.590
1 25 6 0 0.26347305389221565 0 0 23.796 20.004 35.978
1 26 2 0 0.281437125748503 0 0 27.168 18.331 36.278
1 27 10 0 0.19161676646706582 0 0 27.397 17.300 32.648
1 28 15 0 0.3892215568862275 0 0 28.667 19.432 29.829
1 29 22 0 0.31137724550898194 0 0 26.817 20.788 26.800
1 30 3 0 0.14371257485029942 0 0 27.906 20.400 23.200
1 31 7 0 0.11377245508982048 0 0 25.019 22.320 21.601
1 32 20 0 0.25149700598802394 0 0 25.043 26.084 21.239
1 33 3 0 0.24550898203592808 0 0 22.319 28.686 21.953
1 34 16 0 0.40718562874251496 0 0 22.477 32.459 22.763
1 35 18 0 0.5089820359281436 0 0 21.338 31.811 26.287
1 36 11 0 0.4251497005988024 0 0 19.855 35.246 26.725
1 37 7 0 0.15568862275449102 0 0 16.448 33.793 27.442
1 38 3 0 0.28742514970059885 0 0 17.426 30.677 29.392
1 39 17 0 0.32335329341317365 0 0 17.272 31.037 33.118
1 40 20 0 0.4970059880239521 0 0 19.752 28.727 34.727
1 41 1 0 0.5029940119760479 0 0 20.342 29.054 38.448
1 42 13 0 0.43113772455089827 0 0 21.723 27.108 41.423
1 43 6 0 0.20359281437125742 0 0 21.636 27.230 45.239
1 44 22 0 0.19760479041916168 0 0 24.577 25.750 46.987
1 45 22 0 0.09580838323353291 0 0 26.439 25.876 50.247
1 46 11 0 0.21556886227544902 0 0 29.601 27.790 50.002
1 47 3 0 0.06586826347305386 0 0 31.941 28.342 52.919
1 48 9 0 0.0 0 0 29.248 27.406 55.332
1 49 7 0 0.02395209580838331 0 0 26.474 29.551 53.977
1 50 18 0 0.041916167664670656 0 0 23.563 28.707 51.625
1 51 5 0 0.16766467065868274 0 0 23.289 31.165 48.798
1 52 12 0 0.34730538922155685 0 0 21.833 31.457 45.341
1 53 12 0 0.6227544910179641 0 0 23.965 31.757 42.190
1 54 3 0 0.6467065868263473 0 0 22.120 32.998 39.170
1 55 11 0 0.8562874251497006 0 0 24.343 32.573 36.213
1 56 12 0 0.8502994011976048 0 0 24.043 34.725 33.124
1 57 3 0 0.8862275449101796 0 0 25.693 33.589 30.010
1 58 18 0 0.8383233532934131 0 0 26.923 35.721 27.143
1 59 0 0 0.6347305389221557 0 0 26.934 35.438 23.395
1 60 9 0 0.4131736526946108 0 0 27.345 37.062 20.014
1 61 6 0 0.3652694610778443 0 0 30.076 39.559 19.232
1 62 7 0 0.4011976047904191 0 0 30.515 42.733 21.179
1 63 7 0 0.12574850299401197 0 0 27.877 45.075 19.876
1 64 20 0 0.04790419161676651 0 0 28.085 48.738 20.627
1 65 17 0 0.03592814371257491 0 0 24.415 48.497 21.495
1 66 0 0 0.029940119760479056 0 0 22.706 50.003 24.518
1 67 14 0 0.08982035928143717 0 0 21.287 46.723 25.769
1 68 1 0 0.3532934131736526 0 0 24.731 45.075 25.827
1 69 3 0 0.3413173652694611 0 0 25.747 47.422 28.565
1 70 6 0 0.2694610778443114 0 0 22.610 46.740 30.471
1 71 20 0 0.5389221556886228 0 0 23.213 42.976 30.424
1 72 14 0 0.6946107784431137 0 0 26.583 43.456 32.047
1 73 1 0 0.5149700598802396 0 0 25.030 45.884 34.545
1 74 18 0 0.5269461077844311 0 0 22.540 43.303 35.729
1 75 9 0 0.7604790419161677 0 0 25.388 41.187 36.907
1 76 7 0 0.6706586826347305 0 0 26.888 41.840 40.316
1 77 9 0 0.874251497005988 0 0 30.173 40.334 39.301
1 78 15 0 0.9640718562874252 0 0 31.974 38.453 36.616
1 79 12 0 0.9940119760479041 0 0 33.827 35.321 35.685
1 80 5 0 0.9820359281437125 0 0 36.153 36.255 32.820
1 81 22 0 0.9700598802395209 0 0 37.333 33.398 30.734
1 82 15 0 0.8682634730538922 0 0 40.074 32.754 28.213
1 83 0 0 0.7305389221556886 0 0 41.163 29.369 26.903
1 84 11 0 0.5209580838323353 0 0 44.824 28.173 27.338
1 85 2 0 0.2574850299401197 0 0 45.176 27.060 23.666
1 86 2 0 0.3293413173652695 0 0 43.830 30.095 21.942
1 87 18 0 0.2335329341317366 0 0 45.921 33.232 21.961
1 88 13 0 0.3053892215568862 0 0 43.139 35.395 20.677
1 89 17 0 0.6167664670658684 0 0 41.067 34.786 23.853
1 90 15 0 0.5808383233532934 0 0 43.877 36.052 25.941
1 91 7 0 0.39520958083832336 0 0 44.335 39.137 23.733
1 92 3 0 0.5568862275449102 0 0 40.857 40.505 24.469
1 93 11 0 0.6826347305389222 0 0 41.304 40.762 28.255
1 94 10 0 0.47904191616766467 0 0 42.203 44.417 27.965
1 95 10 0 0.4850299401197605 0 0 38.995 45.201 26.139
1 96 20 0 0.7544910179640718 0 0 36.925 42.914 28.263
1 97 1 0 0.7125748502994012 0 0 38.054 44.513 31.432
1 98 7 0 0.46706586826347307 0 0 37.542 47.932 29.931
1 99 6 0 0.5449101796407185 0 0 34.001 47.058 28.851
1 100 11 0 0.6646706586826348 0 0 33.311 45.983 32.356
1 101 13 0 0.4610778443113772 0 0 34.775 49.151 33.881
1 102 1 0 0.221556886227545 0 0 33.083 51.296 31.295
1 103 22 0 0.29940119760479034 0 0 29.588 50.232 32.236
1 104 13 0 0.38323353293413165 0 0 30.137 49.514 35.891
1 105 3 0 0.10179640718562877 0 0 31.644 52.936 36.518
1 106 17 0 0.17365269461077848 0 0 34.364 51.420 38.630
1 107 7 0 0.3173652694610779 0 0 37.401 49.314 38.715
1 108 3 0 0.3772455089820359 0 0 36.268 47.684 41.905
1 109 22 0 0.592814371257485 0 0 33.538 45.423 40.527
1 110 16 0 0.7964071856287425 0 0 34.070 41.751 41.448
1 111 14 0 0.9041916167664671 0 0 36.035 39.785 38.875
1 112 22 0 0.9461077844311377 0 0 37.688 36.454 38.579
1 113 12 0 0.9341317365269461 0 0 40.144 35.618 35.805
1 114 22 0 0.9520958083832335 0 0 39.669 32.130 34.547
1 115 9 0 0.8622754491017964 0 0 41.651 29.988 32.096
1 116 2 0 0.8323353293413174 0 0 39.598 27.113 30.714
1 117 13 0 0.5748502994011976 0 0 40.799 24.033 28.841
1 118 5 0 0.4491017964071856 0 0 43.573 22.879 31.178
1 119 3 0 0.18562874251497008 0 0 43.007 19.185 30.602
1 120 12 0 0.0718562874251496 0 0 45.204 19.629 27.535
1 121 16 0 0.0119760479041916 0 0 48.832 18.646 28.301
1 122 17 0 0.017964071856287345 0 0 50.021 21.526 26.080
1 123 1 0 0.07784431137724557 0 0 49.193 25.196 26.284
1 124 18 0 0.053892215568862256 0 0 49.861 28.262 24.199
1 125 22 0 0.22754491017964074 0 0 48.927 31.014 26.625
1 126 3 0 0.11976047904191622 0 0 51.607 32.240 29.029
1 127 18 0 0.20958083832335328 0 0 50.726 31.184 32.502
1 128 13 0 0.08383233532934131 0 0 52.998 33.587 34.295
1 129 6 0 0.13173652694610782 0 0 51.973 36.455 32.077
1 130 0 0 0.4730538922155688 0 0 48.364 35.800 33.124
1 131 6 0 0.37125748502994016 0 0 49.180 35.502 36.837
1 132 3 0 0.13772455089820357 0 0 51.201 38.696 36.658
1 133 12 0 0.35928143712574856 0 0 48.396 40.240 34.610
1 134 0 0 0.562874251497006 0 0 45.834 39.043 37.142
1 135 1 0 0.2934131736526946 0 0 47.882 40.549 39.973
1 136 17 0 0.16167664670658677 0 0 48.314 43.676 37.814
1 137 20 0 0.41916167664670656 0 0 44.549 44.356 37.616
1 138 9 0 0.44311377245508976 0 0 44.080 42.690 41.004
1 139 11 0 0.6766467065868262 0 0 41.892 39.735 40.212
1 140 16 0 0.7425149700598803 0 0 42.106 36.102 41.203
1 141 15 0 0.7844311377245509 0 0 43.237 33.576 38.599
1 142 11 0 0.8083832335329342 0 0 42.145 29.966 38.246
1 143 7 0 0.7065868263473054 0 0 42.785 27.064 35.875
1 144 18 0 0.7784431137724551 0 0 39.740 25.081 34.720
1 145 17 0 0.6107784431137725 0 0 38.386 22.263 32.561
1 146 0 0 0.7005988023952096 0 0 34.740 22.498 31.679
1 147 13 0 0.437125748502994 0 0 34.271 19.202 29.793
1 148 18 0 0.23952095808383234 0 0 36.276 17.048 32.222
1 149 1 0 0.45508982035928147 0 0 35.185 18.952 35.293
1 150 6 0 0.49101796407185627 0 0 38.274 20.433 36.907
1 151 9 0 0.658682634730539 0 0 37.998 23.685 38.901
1 152 22 0 0.8203592814371258 0 0 34.535 24.560 37.569
1 153 3 0 0.7485029940119761 0 0 32.912 25.030 40.997
1 154 3 0 0.7365269461077844 0 0 36.001 26.622 42.411
1 155 0 0 0.9161676646706587 0 0 36.041 29.428 39.838
1 156 15 0 0.9221556886227544 0 0 32.444 30.353 40.566
1 157 20 0 0.7664670658682635 0 0 32.933 30.075 44.360
1 158 18 0 0.8023952095808383 0 0 36.013 32.266 44.101
1 159 12 0 0.8922155688622755 0 0 33.804 34.840 42.543
1 160 22 0 0.7245508982035929 0 0 31.365 34.460 45.409
1 161 1 0 0.5508982035928144 0 0 34.255 35.300 47.782
1 162 7 0 0.6287425149700598 0 0 35.041 38.379 45.836
1 163 11 0 0.5868263473053892 0 0 31.525 39.647 46.024
1 164 1 0 0.33532934131736525 0 0 31.178 38.592 49.694
1 165 13 0 0.17964071856287422 0 0 33.999 40.882 50.722
1 166 10 0 0.14970059880239517 0 0 32.596 44.061 49.326
1 167 13 0 0.10778443113772451 0 0 28.898 43.850 49.824
