5.000000000000000000e+00 1.116071417927742004e-01 2.545199966430664062e+01 3.915399932861328125e+01 3.996400070190429688e+01
1.600000000000000000e+01 2.366071492433547974e-01 2.710000038146972656e+01 4.206999969482421875e+01 4.182500076293945312e+01
1.200000000000000000e+01 5.133928656578063965e-01 3.075900077819824219e+01 4.133900070190429688e+01 4.105500030517578125e+01
1.400000000000000000e+01 5.535714030265808105e-01 3.197100067138671875e+01 3.835599899291992188e+01 3.881399917602539062e+01
2.200000000000000000e+01 7.053571343421936035e-01 3.527299880981445312e+01 3.717100143432617188e+01 3.739699935913085938e+01
1.300000000000000000e+01 6.696428656578063965e-01 3.574499893188476562e+01 3.524300003051757812e+01 3.409099960327148438e+01
2.200000000000000000e+01 7.187500000000000000e-01 3.929299926757812500e+01 3.383800125122070312e+01 3.336500167846679688e+01
1.200000000000000000e+01 6.473214030265808105e-01 4.015299987792968750e+01 3.261899948120117188e+01 2.983399963378906250e+01
3.000000000000000000e+00 5.803571343421936035e-01 4.330500030517578125e+01 3.078300094604492188e+01 2.871400070190429688e+01
0.000000000000000000e+00 5.312500000000000000e-01 4.485300064086914062e+01 3.197699928283691406e+01 2.533399963378906250e+01
2.200000000000000000e+01 3.526785671710968018e-01 4.743899917602539062e+01 2.911100006103515625e+01 2.497699928283691406e+01
1.000000000000000000e+00 1.964285671710968018e-01 4.458000183105468750e+01 2.660799980163574219e+01 2.478899955749511719e+01
9.000000000000000000e+00 2.276785671710968018e-01 4.154499816894531250e+01 2.869000053405761719e+01 2.374099922180175781e+01
1.700000000000000000e+01 2.187500000000000000e-01 3.935800170898437500e+01 2.752099990844726562e+01 2.674500083923339844e+01
1.600000000000000000e+01 3.169642984867095947e-01 3.770100021362304688e+01 2.862500000000000000e+01 3.002400016784667969e+01
0.000000000000000000e+00 4.732142984867095947e-01 4.043799972534179688e+01 2.836899948120117188e+01 3.278099822998046875e+01
1.100000000000000000e+01 2.901785671710968018e-01 3.954100036621093750e+01 2.618600082397460938e+01 3.591699981689453125e+01
2.000000000000000000e+00 3.437500000000000000e-01 4.074100112915039062e+01 2.680299949645996094e+01 3.955199813842773438e+01
2.200000000000000000e+01 6.294642686843872070e-01 4.239699935913085938e+01 3.028899955749511719e+01 3.915399932861328125e+01
0.000000000000000000e+00 6.428571343421936035e-01 4.223899841308593750e+01 3.173600006103515625e+01 4.265399932861328125e+01
1.400000000000000000e+01 7.455357313156127930e-01 4.194900131225585938e+01 3.530599975585937500e+01 4.388000106811523438e+01
2.200000000000000000e+01 7.232142686843872070e-01 3.900999832153320312e+01 4.099900054931640625e+01 4.654600143432617188e+01
1.500000000000000000e+01 6.919642686843872070e-01 3.996200180053710938e+01 4.402399826049804688e+01 4.883100128173828125e+01
1.000000000000000000e+00 5.669642686843872070e-01 3.798300170898437500e+01 4.725600051879882812e+01 4.982099914550781250e+01
1.300000000000000000e+01 5.357142686843872070e-01 4.006800079345703125e+01 5.024499893188476562e+01 5.057600021362304688e+01
0.000000000000000000e+00 2.767857015132904053e-01 4.015399932861328125e+01 5.197399902343750000e+01 5.402199935913085938e+01
0.000000000000000000e+00 1.250000000000000000e-01 4.052600097656250000e+01 5.554800033569335938e+01 5.503200149536132812e+01
3.000000000000000000e+00 1.026785746216773987e-01 4.406499862670898438e+01 5.520000076293945312e+01 5.646699905395507812e+01
3.000000000000000000e+00 3.616071343421936035e-01 4.478400039672851562e+01 5.397000122070312500e+01 5.289899826049804688e+01
1.800000000000000000e+01 4.241071343421936035e-01 4.488399887084960938e+01 5.014899826049804688e+01 5.377199935913085938e+01
1.900000000000000000e+01 6.071428656578063965e-01 4.325299835205078125e+01 4.735599899291992188e+01 5.163100051879882812e+01
7.000000000000000000e+00 4.062500000000000000e-01 4.068299865722656250e+01 4.540200042724609375e+01 5.363600158691406250e+01
1.600000000000000000e+01 4.598214328289031982e-01 3.951200103759765625e+01 4.183200073242187500e+01 5.252399826049804688e+01
1.500000000000000000e+01 3.660714328289031982e-01 3.591500091552734375e+01 4.165000152587890625e+01 5.124399948120117188e+01
0.000000000000000000e+00 4.464285671710968018e-01 3.591500091552734375e+01 3.841400146484375000e+01 4.922900009155273438e+01
1.700000000000000000e+01 4.866071343421936035e-01 3.771900177001953125e+01 3.526399993896484375e+01 4.805599975585937500e+01
9.000000000000000000e+00 4.285714328289031982e-01 3.744699859619140625e+01 3.238299942016601562e+01 4.564899826049804688e+01
1.300000000000000000e+01 4.910714328289031982e-01 3.862699890136718750e+01 3.066099929809570312e+01 4.251399993896484375e+01
1.800000000000000000e+01 4.642857015132904053e-01 3.715299987792968750e+01 2.983600044250488281e+01 3.915100097656250000e+01
1.700000000000000000e+01 1.607142835855484009e-01 3.445999908447265625e+01 2.715299987792968750e+01 3.875600051879882812e+01
7.000000000000000000e+00 7.142857462167739868e-02 3.424000167846679688e+01 2.454800033569335938e+01 3.609400177001953125e+01
1.700000000000000000e+01 9.375000000000000000e-02 3.249499893188476562e+01 2.700000000000000000e+01 3.362799835205078125e+01
9.000000000000000000e+00 3.482142984867095947e-01 3.537900161743164062e+01 2.947299957275390625e+01 3.425699996948242188e+01
7.000000000000000000e+00 4.017857015132904053e-01 3.338600158691406250e+01 3.217900085449218750e+01 3.610200119018554688e+01
1.200000000000000000e+01 4.776785671710968018e-01 3.381900024414062500e+01 3.318199920654296875e+01 3.975500106811523438e+01
9.000000000000000000e+00 1.160714253783226013e-01 2.932299995422363281e+01 3.379199981689453125e+01 4.479800033569335938e+01
1.200000000000000000e+01 3.080357015132904053e-01 3.202899932861328125e+01 3.634600067138671875e+01 4.592200088500976562e+01
1.800000000000000000e+01 1.741071492433547974e-01 2.954000091552734375e+01 3.873799896240234375e+01 4.765399932861328125e+01
1.800000000000000000e+01 4.464285820722579956e-02 2.591399955749511719e+01 3.977299880981445312e+01 4.790599822998046875e+01
7.000000000000000000e+00 1.785714365541934967e-02 2.395100021362304688e+01 4.289899826049804688e+01 4.684799957275390625e+01
7.000000000000000000e+00 0.000000000000000000e+00 2.346400070190429688e+01 4.386999893188476562e+01 5.045399856567382812e+01
7.000000000000000000e+00 4.017857089638710022e-02 2.722999954223632812e+01 4.366299819946289062e+01 5.098799896240234375e+01
1.500000000000000000e+01 1.517857164144515991e-01 2.823100090026855469e+01 4.554000091552734375e+01 4.778200149536132812e+01
2.200000000000000000e+01 9.821428358554840088e-02 2.852300071716308594e+01 4.909199905395507812e+01 4.923899841308593750e+01
7.000000000000000000e+00 1.919642835855484009e-01 3.042200088500976562e+01 5.235900115966796875e+01 4.799700164794921875e+01
9.000000000000000000e+00 3.705357015132904053e-01 3.425099945068359375e+01 5.258300018310546875e+01 4.797999954223632812e+01
1.100000000000000000e+01 6.517857313156127930e-01 3.744699859619140625e+01 5.153699874877929688e+01 4.604499816894531250e+01
2.000000000000000000e+01 7.633928656578063965e-01 3.800899887084960938e+01 4.791999816894531250e+01 4.525299835205078125e+01
1.300000000000000000e+01 8.928571343421936035e-01 4.072000122070312500e+01 4.577700042724609375e+01 4.389099884033203125e+01
2.200000000000000000e+01 9.107142686843872070e-01 4.076300048828125000e+01 4.207400131225585938e+01 4.268399810791015625e+01
7.000000000000000000e+00 9.285714030265808105e-01 4.422299957275390625e+01 4.047499847412109375e+01 4.316999816894531250e+01
1.100000000000000000e+01 9.196428656578063965e-01 4.434600067138671875e+01 3.743999862670898438e+01 4.090999984741210938e+01
3.000000000000000000e+00 8.526785969734191895e-01 4.743600082397460938e+01 3.511100006103515625e+01 4.123199844360351562e+01
1.800000000000000000e+01 8.616071343421936035e-01 4.795100021362304688e+01 3.436800003051757812e+01 3.757400131225585938e+01
1.300000000000000000e+01 7.812500000000000000e-01 5.153099822998046875e+01 3.313999938964843750e+01 3.840399932861328125e+01
1.700000000000000000e+01 6.339285969734191895e-01 5.037500000000000000e+01 3.031999969482421875e+01 4.049499893188476562e+01
2.000000000000000000e+01 5.892857313156127930e-01 4.810800170898437500e+01 2.877499961853027344e+01 3.789099884033203125e+01
1.900000000000000000e+01 5.580357313156127930e-01 5.089599990844726562e+01 2.867300033569335938e+01 3.530699920654296875e+01
1.300000000000000000e+01 4.196428656578063965e-01 5.345000076293945312e+01 2.755500030517578125e+01 3.802299880981445312e+01
0.000000000000000000e+00 2.633928656578063965e-01 5.096599960327148438e+01 2.472900009155273438e+01 3.883100128173828125e+01
1.200000000000000000e+01 2.053571492433547974e-01 5.100199890136718750e+01 2.396400070190429688e+01 3.505799865722656250e+01
9.000000000000000000e+00 1.205357164144515991e-01 5.487599945068359375e+01 2.359199905395507812e+01 3.510200119018554688e+01
1.100000000000000000e+01 2.991071343421936035e-01 5.531999969482421875e+01 2.680800056457519531e+01 3.313399887084960938e+01
1.700000000000000000e+01 4.508928656578063965e-01 5.744200134277343750e+01 2.978499984741210938e+01 3.435900115966796875e+01
1.600000000000000000e+01 6.875000000000000000e-01 5.571900177001953125e+01 3.310200119018554688e+01 3.368899917602539062e+01
1.500000000000000000e+01 7.767857313156127930e-01 5.677099990844726562e+01 3.677399826049804688e+01 3.375699996948242188e+01
7.000000000000000000e+00 8.973214030265808105e-01 5.334400177001953125e+01 3.779899978637695312e+01 3.956299972534179688e+01
0.000000000000000000e+00 9.866071343421936035e-01 4.702799987792968750e+01 4.068399810791015625e+01 3.801300048828125000e+01
7.000000000000000000e+00 9.910714030265808105e-01 4.588600158691406250e+01 4.367900085449218750e+01 4.026499938964843750e+01
2.200000000000000000e+01 9.732142686843872070e-01 4.277899932861328125e+01 4.558800125122070312e+01 3.905400085449218750e+01
2.200000000000000000e+01 9.508928656578063965e-01 4.159500122070312500e+01 4.874200057983398438e+01 4.072700119018554688e+01
1.500000000000000000e+01 8.392857313156127930e-01 3.824200057983398438e+01 5.063999938964843750e+01 4.057400131225585938e+01
1.800000000000000000e+01 6.607142686843872070e-01 3.582600021362304688e+01 5.291299819946289062e+01 4.240599822998046875e+01
0.000000000000000000e+00 5.178571343421936035e-01 3.232600021362304688e+01 5.123600006103515625e+01 4.276499938964843750e+01
2.000000000000000000e+00 2.455357164144515991e-01 2.881399917602539062e+01 5.264400100708007812e+01 4.300299835205078125e+01
3.000000000000000000e+00 2.500000000000000000e-01 2.998299980163574219e+01 5.580199813842773438e+01 4.129299926757812500e+01
1.700000000000000000e+01 8.928571641445159912e-02 2.683799934387207031e+01 5.621300125122070312e+01 3.915299987792968750e+01
9.000000000000000000e+00 2.678571455180644989e-02 2.454800033569335938e+01 5.453400039672851562e+01 4.184199905395507812e+01
1.600000000000000000e+01 6.250000000000000000e-02 2.447699928283691406e+01 5.083200073242187500e+01 4.261899948120117188e+01
1.000000000000000000e+00 1.875000000000000000e-01 2.591699981689453125e+01 4.869900131225585938e+01 3.984000015258789062e+01
1.000000000000000000e+00 2.812500000000000000e-01 2.685799980163574219e+01 4.520700073242187500e+01 3.870800018310546875e+01
2.000000000000000000e+01 5.625000000000000000e-01 3.052400016784667969e+01 4.458000183105468750e+01 3.762599945068359375e+01
1.800000000000000000e+01 6.562500000000000000e-01 3.211000061035156250e+01 4.193000030517578125e+01 3.535499954223632812e+01
1.100000000000000000e+01 8.214285969734191895e-01 3.587799835205078125e+01 4.125600051879882812e+01 3.500899887084960938e+01
0.000000000000000000e+00 7.991071343421936035e-01 3.685800170898437500e+01 3.914899826049804688e+01 3.193499946594238281e+01
0.000000000000000000e+00 8.839285969734191895e-01 4.059000015258789062e+01 3.812500000000000000e+01 3.216500091552734375e+01
1.200000000000000000e+01 8.348214030265808105e-01 4.274800109863281250e+01 3.677799987792968750e+01 2.931599998474121094e+01
1.200000000000000000e+01 8.258928656578063965e-01 4.588899993896484375e+01 3.485400009155273438e+01 3.029999923706054688e+01
1.700000000000000000e+01 7.500000000000000000e-01 4.927999877929687500e+01 3.415900039672851562e+01 2.849600028991699219e+01
1.600000000000000000e+01 7.321428656578063965e-01 5.256800079345703125e+01 3.363199996948242188e+01 3.056100082397460938e+01
2.000000000000000000e+01 7.901785969734191895e-01 5.393399810791015625e+01 3.689300155639648438e+01 2.909300041198730469e+01
1.700000000000000000e+01 8.794642686843872070e-01 5.068700027465820312e+01 3.882400131225585938e+01 2.853400039672851562e+01
2.000000000000000000e+01 9.598214030265808105e-01 4.729800033569335938e+01 3.965599822998046875e+01 3.018499946594238281e+01
1.700000000000000000e+01 9.464285969734191895e-01 4.420999908447265625e+01 4.168199920654296875e+01 2.920499992370605469e+01
1.800000000000000000e+01 9.687500000000000000e-01 4.148799896240234375e+01 4.268199920654296875e+01 3.172699928283691406e+01
1.800000000000000000e+01 8.660714030265808105e-01 3.806800079345703125e+01 4.390100097656250000e+01 3.046500015258789062e+01
0.000000000000000000e+00 8.035714030265808105e-01 3.519300079345703125e+01 4.534999847412109375e+01 3.260800170898437500e+01
2.200000000000000000e+01 5.937500000000000000e-01 3.142900085449218750e+01 4.525400161743164062e+01 3.172699928283691406e+01
2.200000000000000000e+01 4.687500000000000000e-01 2.903300094604492188e+01 4.717300033569335938e+01 3.378400039672851562e+01
1.800000000000000000e+01 1.830357164144515991e-01 2.536599922180175781e+01 4.691600036621093750e+01 3.409199905395507812e+01
2.000000000000000000e+00 3.571428731083869934e-02 2.242900085449218750e+01 4.875400161743164062e+01 3.583300018310546875e+01
1.600000000000000000e+01 8.928571827709674835e-03 1.988699913024902344e+01 4.622999954223632812e+01 3.732199859619140625e+01
5.000000000000000000e+00 1.294642835855484009e-01 6.776699829101562500e+01 5.031499862670898438e+01 2.830599975585937500e+01
1.600000000000000000e+01 2.723214328289031982e-01 6.701399993896484375e+01 4.734999847412109375e+01 3.067700004577636719e+01
1.200000000000000000e+01 5.044642686843872070e-01 6.354199981689453125e+01 4.867399978637695312e+01 3.109799957275390625e+01
1.400000000000000000e+01 5.223214030265808105e-01 6.165499877929687500e+01 5.018399810791015625e+01 2.821999931335449219e+01
2.200000000000000000e+01 6.964285969734191895e-01 5.786500167846679688e+01 5.100899887084960938e+01 2.854899978637695312e+01
1.300000000000000000e+01 6.741071343421936035e-01 5.563600158691406250e+01 5.170299911499023438e+01 2.561599922180175781e+01
2.200000000000000000e+01 7.366071343421936035e-01 5.210499954223632812e+01 5.300699996948242188e+01 2.627499961853027344e+01
1.200000000000000000e+01 6.830357313156127930e-01 4.964099884033203125e+01 5.258700180053710938e+01 2.347299957275390625e+01
3.000000000000000000e+00 6.160714030265808105e-01 4.621699905395507812e+01 5.431299972534179688e+01 2.306699943542480469e+01
0.000000000000000000e+00 5.446428656578063965e-01 4.362099838256835938e+01 5.221900177001953125e+01 2.132299995422363281e+01
2.200000000000000000e+01 3.928571343421936035e-01 4.066400146484375000e+01 5.451599884033203125e+01 2.122200012207031250e+01
1.000000000000000000e+00 2.098214328289031982e-01 4.232099914550781250e+01 5.753499984741210938e+01 1.949799919128417969e+01
9.000000000000000000e+00 2.589285671710968018e-01 4.492399978637695312e+01 5.514500045776367188e+01 1.794799995422363281e+01
1.700000000000000000e+01 2.142857164144515991e-01 4.804100036621093750e+01 5.739300155639648438e+01 1.880100059509277344e+01
1.600000000000000000e+01 3.392857015132904053e-01 5.101699829101562500e+01 5.680599975585937500e+01 2.095700073242187500e+01
0.000000000000000000e+00 5.000000000000000000e-01 5.015900039672851562e+01 5.783100128173828125e+01 2.448800086975097656e+01
1.100000000000000000e+01 3.214285671710968018e-01 5.206900024414062500e+01 6.099399948120117188e+01 2.552499961853027344e+01
2.000000000000000000e+00 3.348214328289031982e-01 5.297600173950195312e+01 6.231000137329101562e+01 2.899300003051757812e+01
2.200000000000000000e+01 6.250000000000000000e-01 5.161700057983398438e+01 5.909700012207031250e+01 3.071400070190429688e+01
0.000000000000000000e+00 6.383928656578063965e-01 5.307899856567382812e+01 5.923400115966796875e+01 3.411199951171875000e+01
1.400000000000000000e+01 7.410714030265808105e-01 5.445100021362304688e+01 5.626599884033203125e+01 3.596300125122070312e+01
2.200000000000000000e+01 7.142857313156127930e-01 5.884899902343750000e+01 5.176699829101562500e+01 3.917399978637695312e+01
1.500000000000000000e+01 7.098214030265808105e-01 5.867200088500976562e+01 5.012699890136718750e+01 4.256200027465820312e+01
1.000000000000000000e+00 5.982142686843872070e-01 6.110699844360351562e+01 4.764300155639648438e+01 4.401100158691406250e+01
1.300000000000000000e+01 5.089285969734191895e-01 6.080899810791015625e+01 4.546200180053710938e+01 4.703099822998046875e+01
0.000000000000000000e+00 2.544642984867095947e-01 6.284799957275390625e+01 4.710300064086914062e+01 4.972700119018554688e+01
0.000000000000000000e+00 7.589285820722579956e-02 6.478199768066406250e+01 4.487400054931640625e+01 5.232600021362304688e+01
3.000000000000000000e+00 8.482142537832260132e-02 6.185100173950195312e+01 4.451300048828125000e+01 5.484799957275390625e+01
3.000000000000000000e+00 2.946428656578063965e-01 5.987799835205078125e+01 4.352600097656250000e+01 5.174599838256835938e+01
1.800000000000000000e+01 3.883928656578063965e-01 5.792599868774414062e+01 4.686000061035156250e+01 5.140900039672851562e+01
1.900000000000000000e+01 6.205357313156127930e-01 5.722600173950195312e+01 4.853799819946289062e+01 4.794699859619140625e+01
7.000000000000000000e+00 4.821428656578063965e-01 5.924599838256835938e+01 5.172600173950195312e+01 4.778799819946289062e+01
1.600000000000000000e+01 5.267857313156127930e-01 5.920899963378906250e+01 5.383399963378906250e+01 4.454100036621093750e+01
1.500000000000000000e+01 3.258928656578063965e-01 6.283900070190429688e+01 5.440100097656250000e+01 4.321200180053710938e+01
0.000000000000000000e+00 4.151785671710968018e-01 6.209799957275390625e+01 5.548199844360351562e+01 3.963600158691406250e+01
1.700000000000000000e+01 4.955357015132904053e-01 5.956800079345703125e+01 5.765599822998046875e+01 3.761100006103515625e+01
9.000000000000000000e+00 3.973214328289031982e-01 5.905899810791015625e+01 5.938199996948242188e+01 3.419300079345703125e+01
1.300000000000000000e+01 4.375000000000000000e-01 5.648799896240234375e+01 6.032400131225585938e+01 3.165699958801269531e+01
1.800000000000000000e+01 4.419642984867095947e-01 5.615700149536132812e+01 5.899100112915039062e+01 2.808600044250488281e+01
1.700000000000000000e+01 1.696428507566452026e-01 5.773199844360351562e+01 6.068999862670898438e+01 2.498399925231933594e+01
7.000000000000000000e+00 8.035714179277420044e-02 5.608599853515625000e+01 6.196699905395507812e+01 2.179299926757812500e+01
1.700000000000000000e+01 1.383928507566452026e-01 5.645600128173828125e+01 5.842800140380859375e+01 2.045599937438964844e+01
9.000000000000000000e+00 3.839285671710968018e-01 5.487799835205078125e+01 5.698199844360351562e+01 2.378499984741210938e+01
7.000000000000000000e+00 3.750000000000000000e-01 5.819499969482421875e+01 5.536199951171875000e+01 2.476499938964843750e+01
1.200000000000000000e+01 4.107142984867095947e-01 5.991699981689453125e+01 5.609799957275390625e+01 2.821199989318847656e+01
9.000000000000000000e+00 1.473214328289031982e-01 6.589800262451171875e+01 5.636500167846679688e+01 3.126199913024902344e+01
1.200000000000000000e+01 3.303571343421936035e-01 6.417299652099609375e+01 5.452299880981445312e+01 3.410900115966796875e+01
1.800000000000000000e+01 2.232142835855484009e-01 6.699600219726562500e+01 5.237200164794921875e+01 3.535300064086914062e+01
1.800000000000000000e+01 4.910714179277420044e-02 7.060800170898437500e+01 5.148099899291992188e+01 3.462200164794921875e+01
7.000000000000000000e+00 2.232142910361289978e-02 7.215399932861328125e+01 4.809500122070312500e+01 3.399499893188476562e+01
7.000000000000000000e+00 4.464285913854837418e-03 7.425099945068359375e+01 4.848600006103515625e+01 3.716500091552734375e+01
7.000000000000000000e+00 5.803571268916130066e-02 7.097200012207031250e+01 4.900099945068359375e+01 3.914599990844726562e+01
1.500000000000000000e+01 1.785714328289031982e-01 6.901799774169921875e+01 4.628099822998046875e+01 3.733000183105468750e+01
2.200000000000000000e+01 1.071428582072257996e-01 6.969300079345703125e+01 4.335800170898437500e+01 3.970999908447265625e+01
7.000000000000000000e+00 2.321428507566452026e-01 6.728500366210937500e+01 4.049599838256835938e+01 4.062799835205078125e+01
9.000000000000000000e+00 4.330357015132904053e-01 6.417099761962890625e+01 4.140800094604492188e+01 4.241699981689453125e+01
1.100000000000000000e+01 6.785714030265808105e-01 6.036299896240234375e+01 4.152299880981445312e+01 4.239400100708007812e+01
2.000000000000000000e+01 7.723214030265808105e-01 5.932300186157226562e+01 4.479299926757812500e+01 4.066600036621093750e+01
1.300000000000000000e+01 9.017857313156127930e-01 5.619900131225585938e+01 4.676399993896484375e+01 4.011700057983398438e+01
2.200000000000000000e+01 9.151785969734191895e-01 5.545899963378906250e+01 4.934600067138671875e+01 3.727799987792968750e+01
7.000000000000000000e+00 9.330357313156127930e-01 5.244599914550781250e+01 5.145100021362304688e+01 3.807199859619140625e+01
1.100000000000000000e+01 9.241071343421936035e-01 5.084799957275390625e+01 5.345700073242187500e+01 3.515200042724609375e+01
3.000000000000000000e+00 8.437500000000000000e-01 4.838499832153320312e+01 5.635300064086914062e+01 3.563999938964843750e+01
1.800000000000000000e+01 8.571428656578063965e-01 4.561999893188476562e+01 5.552000045776367188e+01 3.305599975585937500e+01
1.300000000000000000e+01 7.544642686843872070e-01 4.291500091552734375e+01 5.755500030517578125e+01 3.492900085449218750e+01
1.700000000000000000e+01 6.116071343421936035e-01 4.486600112915039062e+01 6.093700027465820312e+01 3.459500122070312500e+01
2.000000000000000000e+01 6.026785969734191895e-01 4.558900070190429688e+01 6.026100158691406250e+01 3.084300041198730469e+01
1.900000000000000000e+01 5.491071343421936035e-01 4.188199996948242188e+01 5.968999862670898438e+01 2.998999977111816406e+01
1.300000000000000000e+01 3.571428656578063965e-01 4.108599853515625000e+01 6.280300140380859375e+01 3.216899871826171875e+01
0.000000000000000000e+00 2.410714328289031982e-01 4.369100189208984375e+01 6.487799835205078125e+01 3.020499992370605469e+01
1.200000000000000000e+01 2.008928507566452026e-01 4.190399932861328125e+01 6.384700012207031250e+01 2.698699951171875000e+01
9.000000000000000000e+00 1.339285671710968018e-01 3.851200103759765625e+01 6.456500244140625000e+01 2.862999916076660156e+01
1.100000000000000000e+01 2.857142984867095947e-01 3.741500091552734375e+01 6.099800109863281250e+01 2.823299980163574219e+01
1.700000000000000000e+01 3.794642984867095947e-01 3.587200164794921875e+01 5.933499908447265625e+01 3.135000038146972656e+01
1.600000000000000000e+01 6.651785969734191895e-01 3.773400115966796875e+01 5.627099990844726562e+01 3.246500015258789062e+01
1.500000000000000000e+01 7.589285969734191895e-01 3.681100082397460938e+01 5.317399978637695312e+01 3.458900070190429688e+01
7.000000000000000000e+00 8.705357313156127930e-01 4.194300079345703125e+01 5.391299819946289062e+01 3.891199874877929688e+01
0.000000000000000000e+00 9.821428656578063965e-01 4.716899871826171875e+01 5.011299896240234375e+01 3.564199829101562500e+01
7.000000000000000000e+00 9.955357313156127930e-01 4.971900177001953125e+01 4.808499908447265625e+01 3.758499908447265625e+01
2.200000000000000000e+01 9.776785969734191895e-01 5.234099960327148438e+01 4.553300094604492188e+01 3.633700180053710938e+01
2.200000000000000000e+01 9.642857313156127930e-01 5.387400054931640625e+01 4.322100067138671875e+01 3.901300048828125000e+01
1.500000000000000000e+01 8.750000000000000000e-01 5.681499862670898438e+01 4.106999969482421875e+01 3.772999954223632812e+01
1.800000000000000000e+01 7.008928656578063965e-01 6.007699966430664062e+01 3.924100112915039062e+01 3.873400115966796875e+01
0.000000000000000000e+00 5.714285969734191895e-01 6.311100006103515625e+01 4.073899841308593750e+01 3.682300186157226562e+01
2.000000000000000000e+00 3.035714328289031982e-01 6.628900146484375000e+01 3.887400054931640625e+01 3.567800140380859375e+01
3.000000000000000000e+00 3.125000000000000000e-01 6.457099914550781250e+01 3.551200103759765625e+01 3.649599838256835938e+01
1.700000000000000000e+01 1.428571492433547974e-01 6.655999755859375000e+01 3.370899963378906250e+01 3.373400115966796875e+01
9.000000000000000000e+00 5.357142910361289978e-02 6.972000122070312500e+01 3.594599914550781250e+01 3.415499877929687500e+01
1.600000000000000000e+01 6.696428358554840088e-02 7.031300354003906250e+01 3.921699905395507812e+01 3.228499984741210938e+01
1.000000000000000000e+00 1.651785671710968018e-01 6.770400238037109375e+01 4.049800109863281250e+01 2.968199920654296875e+01
1.000000000000000000e+00 2.678571343421936035e-01 6.621499633789062500e+01 4.360800170898437500e+01 2.800900077819824219e+01
2.000000000000000000e+01 5.401785969734191895e-01 6.249000167846679688e+01 4.411899948120117188e+01 2.896299934387207031e+01
1.800000000000000000e+01 5.758928656578063965e-01 6.049499893188476562e+01 4.608499908447265625e+01 2.649500083923339844e+01
1.100000000000000000e+01 7.857142686843872070e-01 5.698500061035156250e+01 4.627500152587890625e+01 2.805500030517578125e+01
0.000000000000000000e+00 8.080357313156127930e-01 5.392599868774414062e+01 4.762599945068359375e+01 2.604500007629394531e+01
0.000000000000000000e+00 9.062500000000000000e-01 5.042900085449218750e+01 4.847999954223632812e+01 2.729400062561035156e+01
1.200000000000000000e+01 8.169642686843872070e-01 4.749900054931640625e+01 4.872100067138671875e+01 2.478400039672851562e+01
1.200000000000000000e+01 8.303571343421936035e-01 4.491999816894531250e+01 5.092499923706054688e+01 2.645299911499023438e+01
1.700000000000000000e+01 7.678571343421936035e-01 4.107699966430664062e+01 5.129499816894531250e+01 2.627599906921386719e+01
1.600000000000000000e+01 7.276785969734191895e-01 3.885599899291992188e+01 5.322900009155273438e+01 2.884900093078613281e+01
2.000000000000000000e+01 8.125000000000000000e-01 3.746699905395507812e+01 5.008100128173828125e+01 3.052499961853027344e+01
1.700000000000000000e+01 8.883928656578063965e-01 3.997000122070312500e+01 4.747000122070312500e+01 2.923200035095214844e+01
2.000000000000000000e+01 9.419642686843872070e-01 4.366400146484375000e+01 4.703799819946289062e+01 2.886899948120117188e+01
1.700000000000000000e+01 9.375000000000000000e-01 4.628499984741210938e+01 4.464400100708007812e+01 2.783499908447265625e+01
1.800000000000000000e+01 9.553571343421936035e-01 4.995600128173828125e+01 4.439699935913085938e+01 2.857600021362304688e+01
1.800000000000000000e+01 8.482142686843872070e-01 5.266699981689453125e+01 4.232699966430664062e+01 2.674900054931640625e+01
0.000000000000000000e+00 7.946428656578063965e-01 5.622100067138671875e+01 4.174700164794921875e+01 2.808300018310546875e+01
2.200000000000000000e+01 5.848214030265808105e-01 5.873799896240234375e+01 4.113499832153320312e+01 2.523200035095214844e+01
2.200000000000000000e+01 4.553571343421936035e-01 6.199800109863281250e+01 3.990999984741210938e+01 2.643899917602539062e+01
1.800000000000000000e+01 1.562500000000000000e-01 6.525399780273437500e+01 3.973199844360351562e+01 2.452000045776367188e+01
2.000000000000000000e+00 3.125000000000000000e-02 6.899199676513671875e+01 3.926399993896484375e+01 2.500300025939941406e+01
1.600000000000000000e+01 1.339285727590322495e-02 7.112200164794921875e+01 4.240499877929687500e+01 2.607900047302246094e+01
