5.000000000000000000e+00 8.928571641445159912e-02 2.580599975585937500e+01 3.768000030517578125e+01 4.129700088500976562e+01
1.600000000000000000e+01 2.098214328289031982e-01 2.681200027465820312e+01 4.131600189208984375e+01 4.149200057983398438e+01
1.200000000000000000e+01 4.866071343421936035e-01 3.056999969482421875e+01 4.079999923706054688e+01 4.081900024414062500e+01
1.400000000000000000e+01 5.267857313156127930e-01 3.183200073242187500e+01 3.803599929809570312e+01 3.859799957275390625e+01
2.200000000000000000e+01 7.053571343421936035e-01 3.530899810791015625e+01 3.735300064086914062e+01 3.719900131225585938e+01
1.300000000000000000e+01 6.785714030265808105e-01 3.610699844360351562e+01 3.522800064086914062e+01 3.409299850463867188e+01
2.200000000000000000e+01 7.321428656578063965e-01 3.969300079345703125e+01 3.417200088500976562e+01 3.344100189208984375e+01
1.200000000000000000e+01 6.696428656578063965e-01 4.094300079345703125e+01 3.271699905395507812e+01 3.006100082397460938e+01
3.000000000000000000e+00 6.294642686843872070e-01 4.420399856567382812e+01 3.161700057983398438e+01 2.859300041198730469e+01
0.000000000000000000e+00 5.937500000000000000e-01 4.505199813842773438e+01 3.338100051879882812e+01 2.522599983215332031e+01
2.200000000000000000e+01 4.107142984867095947e-01 4.765900039672851562e+01 3.049300003051757812e+01 2.490099906921386719e+01
1.000000000000000000e+00 2.366071492433547974e-01 4.500000000000000000e+01 2.805800056457519531e+01 2.403800010681152344e+01
9.000000000000000000e+00 2.946428656578063965e-01 4.192900085449218750e+01 3.037400054931640625e+01 2.406900024414062500e+01
1.700000000000000000e+01 2.767857015132904053e-01 4.049399948120117188e+01 2.847599983215332031e+01 2.701399993896484375e+01
1.600000000000000000e+01 3.616071343421936035e-01 3.902999877929687500e+01 2.900799942016601562e+01 3.051399993896484375e+01
0.000000000000000000e+00 5.133928656578063965e-01 4.147900009155273438e+01 2.908499908447265625e+01 3.340499877929687500e+01
1.100000000000000000e+01 2.991071343421936035e-01 3.995299911499023438e+01 2.670700073242187500e+01 3.602999877929687500e+01
2.000000000000000000e+00 3.303571343421936035e-01 4.084099960327148438e+01 2.714599990844726562e+01 3.978699874877929688e+01
2.200000000000000000e+01 6.339285969734191895e-01 4.282400131225585938e+01 3.033099937438964844e+01 3.932899856567382812e+01
0.000000000000000000e+00 6.607142686843872070e-01 4.300699996948242188e+01 3.202999877929687500e+01 4.279600143432617188e+01
1.400000000000000000e+01 7.366071343421936035e-01 4.210699844360351562e+01 3.547299957275390625e+01 4.402899932861328125e+01
2.200000000000000000e+01 7.276785969734191895e-01 3.954600143432617188e+01 4.082500076293945312e+01 4.671400070190429688e+01
1.500000000000000000e+01 6.919642686843872070e-01 4.028799819946289062e+01 4.373899841308593750e+01 4.895199966430664062e+01
1.000000000000000000e+00 5.580357313156127930e-01 3.832799911499023438e+01 4.676699829101562500e+01 5.027199935913085938e+01
1.300000000000000000e+01 5.223214030265808105e-01 4.022200012207031250e+01 5.006600189208984375e+01 5.099700164794921875e+01
0.000000000000000000e+00 2.544642984867095947e-01 3.969499969482421875e+01 5.170199966430664062e+01 5.435900115966796875e+01
0.000000000000000000e+00 8.482142537832260132e-02 3.975000000000000000e+01 5.547600173950195312e+01 5.563700103759765625e+01
3.000000000000000000e+00 9.821428358554840088e-02 4.345800018310546875e+01 5.522999954223632812e+01 5.647499847412109375e+01
3.000000000000000000e+00 3.392857015132904053e-01 4.421900177001953125e+01 5.366199874877929688e+01 5.303699874877929688e+01
1.800000000000000000e+01 3.526785671710968018e-01 4.484700012207031250e+01 5.015299987792968750e+01 5.435300064086914062e+01
1.900000000000000000e+01 5.446428656578063965e-01 4.339400100708007812e+01 4.707500076293945312e+01 5.252000045776367188e+01
7.000000000000000000e+00 3.258928656578063965e-01 4.082400131225585938e+01 4.495899963378906250e+01 5.455500030517578125e+01
1.600000000000000000e+01 3.705357015132904053e-01 3.991199874877929688e+01 4.138199996948242188e+01 5.311600112915039062e+01
1.500000000000000000e+01 3.660714328289031982e-01 3.652600097656250000e+01 4.138299942016601562e+01 5.128200149536132812e+01
0.000000000000000000e+00 4.062500000000000000e-01 3.630400085449218750e+01 3.805699920654296875e+01 4.948400115966796875e+01
1.700000000000000000e+01 4.910714328289031982e-01 3.860800170898437500e+01 3.528300094604492188e+01 4.824200057983398438e+01
9.000000000000000000e+00 4.375000000000000000e-01 3.819300079345703125e+01 3.244699859619140625e+01 4.598099899291992188e+01
1.300000000000000000e+01 4.776785671710968018e-01 3.931700134277343750e+01 3.050499916076660156e+01 4.304100036621093750e+01
1.800000000000000000e+01 4.642857015132904053e-01 3.769200134277343750e+01 3.014999961853027344e+01 3.962200164794921875e+01
1.700000000000000000e+01 1.830357164144515991e-01 3.506200027465820312e+01 2.736800003051757812e+01 3.874499893188476562e+01
7.000000000000000000e+00 6.696428358554840088e-02 3.476200103759765625e+01 2.472500038146972656e+01 3.595800018310546875e+01
1.700000000000000000e+01 1.473214328289031982e-01 3.413100051879882812e+01 2.750200080871582031e+01 3.326800155639648438e+01
9.000000000000000000e+00 4.330357015132904053e-01 3.670700073242187500e+01 3.014200019836425781e+01 3.431200027465820312e+01
7.000000000000000000e+00 4.241071343421936035e-01 3.404700088500976562e+01 3.220399856567382812e+01 3.614400100708007812e+01
1.200000000000000000e+01 4.732142984867095947e-01 3.437500000000000000e+01 3.309099960327148438e+01 3.985200119018554688e+01
9.000000000000000000e+00 1.339285671710968018e-01 2.983600044250488281e+01 3.432500076293945312e+01 4.512699890136718750e+01
1.200000000000000000e+01 3.214285671710968018e-01 3.235400009155273438e+01 3.697000122070312500e+01 4.606000137329101562e+01
1.800000000000000000e+01 2.008928507566452026e-01 2.982600021362304688e+01 3.937400054931640625e+01 4.754999923706054688e+01
1.800000000000000000e+01 4.910714179277420044e-02 2.608399963378906250e+01 4.024900054931640625e+01 4.796799850463867188e+01
7.000000000000000000e+00 2.232142910361289978e-02 2.389100074768066406e+01 4.311299896240234375e+01 4.695399856567382812e+01
7.000000000000000000e+00 0.000000000000000000e+00 2.342499923706054688e+01 4.456000137329101562e+01 5.041799926757812500e+01
7.000000000000000000e+00 2.678571455180644989e-02 2.714500045776367188e+01 4.405300140380859375e+01 5.124000167846679688e+01
1.500000000000000000e+01 1.607142835855484009e-01 2.877700042724609375e+01 4.544400024414062500e+01 4.812599945068359375e+01
2.200000000000000000e+01 9.375000000000000000e-02 2.856800079345703125e+01 4.922200012207031250e+01 4.906299972534179688e+01
7.000000000000000000e+00 1.964285671710968018e-01 3.046800041198730469e+01 5.225799942016601562e+01 4.775699996948242188e+01
9.000000000000000000e+00 3.571428656578063965e-01 3.422700119018554688e+01 5.270899963378906250e+01 4.775600051879882812e+01
1.100000000000000000e+01 6.517857313156127930e-01 3.759700012207031250e+01 5.166799926757812500e+01 4.629399871826171875e+01
2.000000000000000000e+01 7.455357313156127930e-01 3.831700134277343750e+01 4.788800048828125000e+01 4.570999908447265625e+01
1.300000000000000000e+01 8.794642686843872070e-01 4.147999954223632812e+01 4.579700088500976562e+01 4.465299987792968750e+01
2.200000000000000000e+01 9.151785969734191895e-01 4.097800064086914062e+01 4.243299865722656250e+01 4.278799819946289062e+01
7.000000000000000000e+00 9.285714030265808105e-01 4.432199859619140625e+01 4.053799819946289062e+01 4.318999862670898438e+01
1.100000000000000000e+01 9.107142686843872070e-01 4.452099990844726562e+01 3.733499908447265625e+01 4.102799987792968750e+01
3.000000000000000000e+00 8.348214030265808105e-01 4.739199829101562500e+01 3.485599899291992188e+01 4.147299957275390625e+01
1.800000000000000000e+01 8.705357313156127930e-01 4.828900146484375000e+01 3.454600143432617188e+01 3.764500045776367188e+01
1.300000000000000000e+01 7.812500000000000000e-01 5.181800079345703125e+01 3.320299911499023438e+01 3.811199951171875000e+01
1.700000000000000000e+01 6.250000000000000000e-01 5.075699996948242188e+01 3.020899963378906250e+01 4.018600082397460938e+01
2.000000000000000000e+01 5.848214030265808105e-01 4.858599853515625000e+01 2.898600006103515625e+01 3.741099929809570312e+01
1.900000000000000000e+01 5.669642686843872070e-01 5.144599914550781250e+01 2.902700042724609375e+01 3.488800048828125000e+01
1.300000000000000000e+01 3.973214328289031982e-01 5.400199890136718750e+01 2.779599952697753906e+01 3.744499969482421875e+01
0.000000000000000000e+00 2.410714328289031982e-01 5.184400177001953125e+01 2.480299949645996094e+01 3.801499938964843750e+01
1.200000000000000000e+01 1.919642835855484009e-01 5.208700180053710938e+01 2.415399932861328125e+01 3.424900054931640625e+01
9.000000000000000000e+00 1.383928507566452026e-01 5.594400024414062500e+01 2.471699905395507812e+01 3.469499969482421875e+01
1.100000000000000000e+01 2.857142984867095947e-01 5.575500106811523438e+01 2.748399925231933594e+01 3.213299942016601562e+01
1.700000000000000000e+01 4.508928656578063965e-01 5.778200149536132812e+01 3.054599952697753906e+01 3.345800018310546875e+01
1.600000000000000000e+01 7.008928656578063965e-01 5.558000183105468750e+01 3.372499847412109375e+01 3.314500045776367188e+01
1.500000000000000000e+01 7.991071343421936035e-01 5.678499984741210938e+01 3.736299896240234375e+01 3.328200149536132812e+01
7.000000000000000000e+00 8.839285969734191895e-01 5.375799942016601562e+01 3.784199905395507812e+01 3.927199935913085938e+01
0.000000000000000000e+00 9.910714030265808105e-01 4.732400131225585938e+01 4.083700180053710938e+01 3.833900070190429688e+01
7.000000000000000000e+00 9.866071343421936035e-01 4.618000030517578125e+01 4.365100097656250000e+01 4.076399993896484375e+01
2.200000000000000000e+01 9.776785969734191895e-01 4.321099853515625000e+01 4.560800170898437500e+01 3.947800064086914062e+01
2.200000000000000000e+01 9.464285969734191895e-01 4.183900070190429688e+01 4.868899917602539062e+01 4.124599838256835938e+01
1.500000000000000000e+01 8.437500000000000000e-01 3.849900054931640625e+01 5.052299880981445312e+01 4.095000076293945312e+01
1.800000000000000000e+01 6.651785969734191895e-01 3.584400177001953125e+01 5.293600082397460938e+01 4.255699920654296875e+01
0.000000000000000000e+00 5.312500000000000000e-01 3.256200027465820312e+01 5.081499862670898438e+01 4.282199859619140625e+01
2.000000000000000000e+00 2.589285671710968018e-01 2.895000076293945312e+01 5.163499832153320312e+01 4.328400039672851562e+01
3.000000000000000000e+00 1.562500000000000000e-01 2.917900085449218750e+01 5.542800140380859375e+01 4.341299819946289062e+01
1.700000000000000000e+01 7.589285820722579956e-02 2.685600090026855469e+01 5.598400115966796875e+01 4.043700027465820312e+01
9.000000000000000000e+00 3.125000000000000000e-02 2.447800064086914062e+01 5.368799972534179688e+01 4.237300109863281250e+01
1.600000000000000000e+01 5.357142910361289978e-02 2.385300064086914062e+01 4.986399841308593750e+01 4.181200027465820312e+01
1.000000000000000000e+00 1.741071492433547974e-01 2.580999946594238281e+01 4.794599914550781250e+01 3.900899887084960938e+01
1.000000000000000000e+00 2.633928656578063965e-01 2.677199935913085938e+01 4.449599838256835938e+01 3.772999954223632812e+01
2.000000000000000000e+01 5.401785969734191895e-01 3.040099906921386719e+01 4.359999847412109375e+01 3.717900085449218750e+01
1.800000000000000000e+01 6.160714030265808105e-01 3.187800025939941406e+01 4.121300125122070312e+01 3.480699920654296875e+01
1.100000000000000000e+01 8.080357313156127930e-01 3.572200012207031250e+01 4.128099822998046875e+01 3.504899978637695312e+01
0.000000000000000000e+00 8.035714030265808105e-01 3.729800033569335938e+01 3.923400115966796875e+01 3.216299819946289062e+01
0.000000000000000000e+00 9.017857313156127930e-01 4.098799896240234375e+01 3.856999969482421875e+01 3.253699874877929688e+01
1.200000000000000000e+01 8.571428656578063965e-01 4.299499893188476562e+01 3.703400039672851562e+01 2.958300018310546875e+01
1.200000000000000000e+01 8.526785969734191895e-01 4.639799880981445312e+01 3.549300003051757812e+01 3.033499908447265625e+01
1.700000000000000000e+01 7.500000000000000000e-01 4.950299835205078125e+01 3.433399963378906250e+01 2.872500038146972656e+01
1.600000000000000000e+01 7.187500000000000000e-01 5.307199859619140625e+01 3.411399841308593750e+01 3.011499977111816406e+01
2.000000000000000000e+01 7.678571343421936035e-01 5.438899993896484375e+01 3.733800125122070312e+01 2.849099922180175781e+01
1.700000000000000000e+01 8.660714030265808105e-01 5.108000183105468750e+01 3.919900131225585938e+01 2.802099990844726562e+01
2.000000000000000000e+01 9.553571343421936035e-01 4.790000152587890625e+01 4.005300140380859375e+01 2.984799957275390625e+01
1.700000000000000000e+01 9.419642686843872070e-01 4.462200164794921875e+01 4.184299850463867188e+01 2.907600021362304688e+01
1.800000000000000000e+01 9.687500000000000000e-01 4.218500137329101562e+01 4.260900115966796875e+01 3.195700073242187500e+01
1.800000000000000000e+01 8.928571343421936035e-01 3.877899932861328125e+01 4.387599945068359375e+01 3.066300010681152344e+01
0.000000000000000000e+00 8.125000000000000000e-01 3.568899917602539062e+01 4.499000167846679688e+01 3.256000137329101562e+01
2.200000000000000000e+01 6.071428656578063965e-01 3.201699829101562500e+01 4.467100143432617188e+01 3.127400016784667969e+01
2.200000000000000000e+01 4.955357015132904053e-01 2.980200004577636719e+01 4.686199951171875000e+01 3.341199874877929688e+01
1.800000000000000000e+01 2.187500000000000000e-01 2.612700080871582031e+01 4.663700103759765625e+01 3.315000152587890625e+01
2.000000000000000000e+00 6.250000000000000000e-02 2.357799911499023438e+01 4.925099945068359375e+01 3.428599929809570312e+01
1.600000000000000000e+01 8.928571827709674835e-03 2.004999923706054688e+01 4.799000167846679688e+01 3.556399917602539062e+01
5.000000000000000000e+00 1.026785746216773987e-01 6.796299743652343750e+01 5.072000122070312500e+01 2.838599967956542969e+01
1.600000000000000000e+01 2.321428507566452026e-01 6.744000244140625000e+01 4.768700027465820312e+01 3.068099975585937500e+01
1.200000000000000000e+01 5.000000000000000000e-01 6.383700180053710938e+01 4.864400100708007812e+01 3.133300018310546875e+01
1.400000000000000000e+01 5.089285969734191895e-01 6.181800079345703125e+01 5.087500000000000000e+01 2.888100051879882812e+01
2.200000000000000000e+01 6.964285969734191895e-01 5.797900009155273438e+01 5.132799911499023438e+01 2.864500045776367188e+01
1.300000000000000000e+01 6.428571343421936035e-01 5.606700134277343750e+01 5.204899978637695312e+01 2.537199974060058594e+01
2.200000000000000000e+01 7.098214030265808105e-01 5.250299835205078125e+01 5.324800109863281250e+01 2.591900062561035156e+01
1.200000000000000000e+01 6.562500000000000000e-01 4.968799972534179688e+01 5.324100112915039062e+01 2.335099983215332031e+01
3.000000000000000000e+00 5.982142686843872070e-01 4.636899948120117188e+01 5.485100173950195312e+01 2.329199981689453125e+01
0.000000000000000000e+00 5.892857313156127930e-01 4.376800155639648438e+01 5.235300064086914062e+01 2.211400032043457031e+01
2.200000000000000000e+01 3.794642984867095947e-01 4.109099960327148438e+01 5.502799987792968750e+01 2.153300094604492188e+01
1.000000000000000000e+00 2.276785671710968018e-01 4.303200149536132812e+01 5.752399826049804688e+01 1.954899978637695312e+01
9.000000000000000000e+00 2.500000000000000000e-01 4.510599899291992188e+01 5.472100067138671875e+01 1.781699943542480469e+01
1.700000000000000000e+01 2.455357164144515991e-01 4.822299957275390625e+01 5.649599838256835938e+01 1.874699974060058594e+01
1.600000000000000000e+01 3.348214328289031982e-01 5.088600158691406250e+01 5.683399963378906250e+01 2.138299942016601562e+01
0.000000000000000000e+00 5.178571343421936035e-01 4.947999954223632812e+01 5.782699966430664062e+01 2.477400016784667969e+01
1.100000000000000000e+01 3.169642984867095947e-01 5.126900100708007812e+01 6.108499908447265625e+01 2.551199913024902344e+01
2.000000000000000000e+00 3.080357015132904053e-01 5.244400024414062500e+01 6.261700057983398438e+01 2.884199905395507812e+01
2.200000000000000000e+01 6.205357313156127930e-01 5.135499954223632812e+01 5.939899826049804688e+01 3.074099922180175781e+01
0.000000000000000000e+00 6.473214030265808105e-01 5.267599868774414062e+01 5.941099929809570312e+01 3.422000122070312500e+01
1.400000000000000000e+01 7.544642686843872070e-01 5.410699844360351562e+01 5.648300170898437500e+01 3.607600021362304688e+01
2.200000000000000000e+01 7.410714030265808105e-01 5.802099990844726562e+01 5.228099822998046875e+01 3.936299896240234375e+01
1.500000000000000000e+01 7.142857313156127930e-01 5.834199905395507812e+01 5.046900177001953125e+01 4.269599914550781250e+01
1.000000000000000000e+00 6.383928656578063965e-01 6.045800018310546875e+01 4.764199829101562500e+01 4.417100143432617188e+01
1.300000000000000000e+01 6.026785969734191895e-01 5.934600067138671875e+01 4.487799835205078125e+01 4.681200027465820312e+01
0.000000000000000000e+00 3.035714328289031982e-01 6.117900085449218750e+01 4.508900070190429688e+01 5.013100051879882812e+01
0.000000000000000000e+00 1.160714253783226013e-01 6.231800079345703125e+01 4.265999984741210938e+01 5.290399932861328125e+01
3.000000000000000000e+00 1.250000000000000000e-01 5.922000122070312500e+01 4.297100067138671875e+01 5.504600143432617188e+01
3.000000000000000000e+00 3.928571343421936035e-01 5.695800018310546875e+01 4.284799957275390625e+01 5.194100189208984375e+01
1.800000000000000000e+01 4.821428656578063965e-01 5.627299880981445312e+01 4.647499847412109375e+01 5.161800003051757812e+01
1.900000000000000000e+01 6.116071343421936035e-01 5.711100006103515625e+01 4.824000167846679688e+01 4.829299926757812500e+01
7.000000000000000000e+00 4.553571343421936035e-01 5.968299865722656250e+01 5.114400100708007812e+01 4.797399902343750000e+01
1.600000000000000000e+01 4.687500000000000000e-01 5.973099899291992188e+01 5.410300064086914062e+01 4.550000000000000000e+01
1.500000000000000000e+01 4.196428656578063965e-01 6.237900161743164062e+01 5.330899810791015625e+01 4.278099822998046875e+01
0.000000000000000000e+00 4.598214328289031982e-01 6.175199890136718750e+01 5.542399978637695312e+01 3.950099945068359375e+01
1.700000000000000000e+01 5.044642686843872070e-01 5.923899841308593750e+01 5.787300109863281250e+01 3.784400177001953125e+01
9.000000000000000000e+00 3.883928656578063965e-01 5.874499893188476562e+01 5.972499847412109375e+01 3.454100036621093750e+01
1.300000000000000000e+01 3.839285671710968018e-01 5.629000091552734375e+01 6.085400009155273438e+01 3.178599929809570312e+01
1.800000000000000000e+01 4.419642984867095947e-01 5.591400146484375000e+01 5.921599960327148438e+01 2.830100059509277344e+01
1.700000000000000000e+01 1.785714328289031982e-01 5.741400146484375000e+01 6.089099884033203125e+01 2.521500015258789062e+01
7.000000000000000000e+00 8.035714179277420044e-02 5.554700088500976562e+01 6.186600112915039062e+01 2.200499916076660156e+01
1.700000000000000000e+01 1.294642835855484009e-01 5.596300125122070312e+01 5.838899993896484375e+01 2.043300056457519531e+01
9.000000000000000000e+00 3.750000000000000000e-01 5.502700042724609375e+01 5.685499954223632812e+01 2.379299926757812500e+01
7.000000000000000000e+00 3.482142984867095947e-01 5.847000122070312500e+01 5.560100173950195312e+01 2.494199943542480469e+01
1.200000000000000000e+01 4.151785671710968018e-01 5.964500045776367188e+01 5.635900115966796875e+01 2.845499992370605469e+01
9.000000000000000000e+00 1.651785671710968018e-01 6.505400085449218750e+01 5.712599945068359375e+01 3.192000007629394531e+01
1.200000000000000000e+01 3.437500000000000000e-01 6.366199874877929688e+01 5.460800170898437500e+01 3.440700149536132812e+01
1.800000000000000000e+01 2.232142835855484009e-01 6.699900054931640625e+01 5.301699829101562500e+01 3.516799926757812500e+01
1.800000000000000000e+01 4.464285820722579956e-02 7.059600067138671875e+01 5.286000061035156250e+01 3.413399887084960938e+01
7.000000000000000000e+00 1.785714365541934967e-02 7.256099700927734375e+01 4.953300094604492188e+01 3.380099868774414062e+01
7.000000000000000000e+00 4.464285913854837418e-03 7.435299682617187500e+01 5.022399902343750000e+01 3.707500076293945312e+01
7.000000000000000000e+00 4.017857089638710022e-02 7.115000152587890625e+01 5.057500076293945312e+01 3.926200103759765625e+01
1.500000000000000000e+01 1.428571492433547974e-01 6.917900085449218750e+01 4.778099822998046875e+01 3.754299926757812500e+01
2.200000000000000000e+01 1.071428582072257996e-01 6.973300170898437500e+01 4.507400131225585938e+01 4.009899902343750000e+01
7.000000000000000000e+00 2.142857164144515991e-01 6.788600158691406250e+01 4.176699829101562500e+01 4.056800079345703125e+01
9.000000000000000000e+00 4.017857015132904053e-01 6.447899627685546875e+01 4.200400161743164062e+01 4.240599822998046875e+01
1.100000000000000000e+01 6.741071343421936035e-01 6.074000167846679688e+01 4.193199920654296875e+01 4.222000122070312500e+01
2.000000000000000000e+01 7.901785969734191895e-01 5.919900131225585938e+01 4.502500152587890625e+01 4.069800186157226562e+01
1.300000000000000000e+01 9.062500000000000000e-01 5.591899871826171875e+01 4.692499923706054688e+01 4.019499969482421875e+01
2.200000000000000000e+01 9.241071343421936035e-01 5.498400115966796875e+01 4.954800033569335938e+01 3.761500167846679688e+01
7.000000000000000000e+00 9.508928656578063965e-01 5.186700057983398438e+01 5.154800033569335938e+01 3.829399871826171875e+01
1.100000000000000000e+01 9.196428656578063965e-01 5.043799972534179688e+01 5.375699996948242188e+01 3.546400070190429688e+01
3.000000000000000000e+00 8.214285969734191895e-01 4.831999969482421875e+01 5.688700103759765625e+01 3.622999954223632812e+01
1.800000000000000000e+01 8.303571343421936035e-01 4.543600082397460938e+01 5.634999847412109375e+01 3.377199935913085938e+01
1.300000000000000000e+01 7.232142686843872070e-01 4.246400070190429688e+01 5.798400115966796875e+01 3.561600112915039062e+01
1.700000000000000000e+01 5.803571343421936035e-01 4.429999923706054688e+01 6.130699920654296875e+01 3.521200180053710938e+01
2.000000000000000000e+01 5.714285969734191895e-01 4.491400146484375000e+01 6.088800048828125000e+01 3.152899932861328125e+01
1.900000000000000000e+01 5.357142686843872070e-01 4.133200073242187500e+01 6.008100128173828125e+01 3.063899993896484375e+01
1.300000000000000000e+01 3.125000000000000000e-01 4.009099960327148438e+01 6.314899826049804688e+01 3.289099884033203125e+01
0.000000000000000000e+00 2.053571492433547974e-01 4.256499862670898438e+01 6.537999725341796875e+01 3.096199989318847656e+01
1.200000000000000000e+01 1.696428507566452026e-01 4.119699859619140625e+01 6.421499633789062500e+01 2.762800025939941406e+01
9.000000000000000000e+00 1.116071417927742004e-01 3.755799865722656250e+01 6.435199737548828125e+01 2.903800010681152344e+01
1.100000000000000000e+01 2.812500000000000000e-01 3.694100189208984375e+01 6.058900070190429688e+01 2.856599998474121094e+01
1.700000000000000000e+01 4.285714328289031982e-01 3.554700088500976562e+01 5.862400054931640625e+01 3.167900085449218750e+01
1.600000000000000000e+01 6.830357313156127930e-01 3.802299880981445312e+01 5.636000061035156250e+01 3.343000030517578125e+01
1.500000000000000000e+01 7.723214030265808105e-01 3.710100173950195312e+01 5.322800064086914062e+01 3.522700119018554688e+01
7.000000000000000000e+00 8.883928656578063965e-01 4.244200134277343750e+01 5.371900177001953125e+01 3.896200180053710938e+01
0.000000000000000000e+00 9.821428656578063965e-01 4.712099838256835938e+01 5.007199859619140625e+01 3.483200073242187500e+01
7.000000000000000000e+00 9.955357313156127930e-01 4.985800170898437500e+01 4.764400100708007812e+01 3.626399993896484375e+01
2.200000000000000000e+01 9.732142686843872070e-01 5.259199905395507812e+01 4.542100143432617188e+01 3.530199813842773438e+01
2.200000000000000000e+01 9.642857313156127930e-01 5.413999938964843750e+01 4.339799880981445312e+01 3.808800125122070312e+01
1.500000000000000000e+01 8.616071343421936035e-01 5.727799987792968750e+01 4.123099899291992188e+01 3.743000030517578125e+01
1.800000000000000000e+01 6.875000000000000000e-01 6.039599990844726562e+01 3.933300018310546875e+01 3.879100036621093750e+01
0.000000000000000000e+00 5.625000000000000000e-01 6.343999862670898438e+01 4.106700134277343750e+01 3.704000091552734375e+01
2.000000000000000000e+00 2.723214328289031982e-01 6.641400146484375000e+01 3.886899948120117188e+01 3.596300125122070312e+01
3.000000000000000000e+00 2.901785671710968018e-01 6.480300140380859375e+01 3.581900024414062500e+01 3.738899993896484375e+01
1.700000000000000000e+01 1.205357164144515991e-01 6.640200042724609375e+01 3.307600021362304688e+01 3.533399963378906250e+01
9.000000000000000000e+00 5.803571268916130066e-02 6.931600189208984375e+01 3.524599838256835938e+01 3.413000106811523438e+01
1.600000000000000000e+01 7.142857462167739868e-02 6.971600341796875000e+01 3.902199935913085938e+01 3.305300140380859375e+01
1.000000000000000000e+00 1.875000000000000000e-01 6.748300170898437500e+01 4.033200073242187500e+01 3.032099914550781250e+01
1.000000000000000000e+00 2.678571343421936035e-01 6.612699890136718750e+01 4.354299926757812500e+01 2.889800071716308594e+01
2.000000000000000000e+01 5.535714030265808105e-01 6.251100158691406250e+01 4.422600173950195312e+01 2.926899909973144531e+01
1.800000000000000000e+01 5.758928656578063965e-01 6.068600082397460938e+01 4.641500091552734375e+01 2.664399909973144531e+01
1.100000000000000000e+01 7.767857313156127930e-01 5.720800018310546875e+01 4.658499908447265625e+01 2.801199913024902344e+01
0.000000000000000000e+00 7.946428656578063965e-01 5.423400115966796875e+01 4.744400024414062500e+01 2.577300071716308594e+01
0.000000000000000000e+00 8.750000000000000000e-01 5.101699829101562500e+01 4.884899902343750000e+01 2.720899963378906250e+01
1.200000000000000000e+01 8.258928656578063965e-01 4.788800048828125000e+01 4.963199996948242188e+01 2.528899955749511719e+01
1.200000000000000000e+01 8.392857313156127930e-01 4.518700027465820312e+01 5.163899993896484375e+01 2.715900039672851562e+01
1.700000000000000000e+01 7.857142686843872070e-01 4.146699905395507812e+01 5.187099838256835938e+01 2.696599960327148438e+01
1.600000000000000000e+01 7.633928656578063965e-01 3.902999877929687500e+01 5.315700149536132812e+01 2.974500083923339844e+01
2.000000000000000000e+01 8.169642686843872070e-01 3.754100036621093750e+01 4.961500167846679688e+01 3.058499908447265625e+01
1.700000000000000000e+01 8.973214030265808105e-01 4.041999816894531250e+01 4.745100021362304688e+01 2.947400093078613281e+01
2.000000000000000000e+01 9.598214030265808105e-01 4.411800003051757812e+01 4.753699874877929688e+01 2.938999938964843750e+01
1.700000000000000000e+01 9.330357313156127930e-01 4.631600189208984375e+01 4.503200149536132812e+01 2.745599937438964844e+01
1.800000000000000000e+01 9.375000000000000000e-01 5.005599975585937500e+01 4.477299880981445312e+01 2.813100051879882812e+01
1.800000000000000000e+01 8.482142686843872070e-01 5.295100021362304688e+01 4.257600021362304688e+01 2.679599952697753906e+01
0.000000000000000000e+00 7.589285969734191895e-01 5.665800094604492188e+01 4.227000045776367188e+01 2.740500068664550781e+01
2.200000000000000000e+01 5.491071343421936035e-01 5.917800140380859375e+01 4.161299896240234375e+01 2.477400016784667969e+01
2.200000000000000000e+01 4.464285671710968018e-01 6.209400177001953125e+01 4.011199951171875000e+01 2.674799919128417969e+01
1.800000000000000000e+01 1.517857164144515991e-01 6.544899749755859375e+01 3.990700149536132812e+01 2.494700050354003906e+01
2.000000000000000000e+00 3.571428731083869934e-02 6.907099914550781250e+01 3.937200164794921875e+01 2.591300010681152344e+01
1.600000000000000000e+01 1.339285727590322495e-02 7.166600036621093750e+01 4.220100021362304688e+01 2.640099906921386719e+01
