5.000000000000000000e+00 9.821428358554840088e-02 2.554800033569335938e+01 3.955599975585937500e+01 4.168500137329101562e+01
1.600000000000000000e+01 2.678571343421936035e-01 2.758200073242187500e+01 4.282799911499023438e+01 4.207500076293945312e+01
1.200000000000000000e+01 5.223214030265808105e-01 3.103000068664550781e+01 4.149100112915039062e+01 4.106999969482421875e+01
1.400000000000000000e+01 5.669642686843872070e-01 3.213100051879882812e+01 3.863100051879882812e+01 3.883399963378906250e+01
2.200000000000000000e+01 7.187500000000000000e-01 3.542200088500976562e+01 3.753300094604492188e+01 3.736100006103515625e+01
1.300000000000000000e+01 6.696428656578063965e-01 3.583700180053710938e+01 3.530400085449218750e+01 3.418899917602539062e+01
2.200000000000000000e+01 7.053571343421936035e-01 3.908200073242187500e+01 3.363199996948242188e+01 3.339300155639648438e+01
1.200000000000000000e+01 6.428571343421936035e-01 4.010499954223632812e+01 3.233599853515625000e+01 3.006900024414062500e+01
3.000000000000000000e+00 5.312500000000000000e-01 4.301699829101562500e+01 3.035499954223632812e+01 2.856500053405761719e+01
0.000000000000000000e+00 5.178571343421936035e-01 4.446400070190429688e+01 3.179800033569335938e+01 2.530900001525878906e+01
2.200000000000000000e+01 2.991071343421936035e-01 4.680500030517578125e+01 2.876300048828125000e+01 2.458799934387207031e+01
1.000000000000000000e+00 1.294642835855484009e-01 4.414699935913085938e+01 2.613800048828125000e+01 2.418199920654296875e+01
9.000000000000000000e+00 2.276785671710968018e-01 4.104499816894531250e+01 2.832999992370605469e+01 2.432600021362304688e+01
1.700000000000000000e+01 1.919642835855484009e-01 3.936899948120117188e+01 2.685899925231933594e+01 2.727400016784667969e+01
1.600000000000000000e+01 3.214285671710968018e-01 3.817800140380859375e+01 2.827700042724609375e+01 3.057500076293945312e+01
0.000000000000000000e+00 4.821428656578063965e-01 4.093099975585937500e+01 2.858799934387207031e+01 3.317399978637695312e+01
1.100000000000000000e+01 2.946428656578063965e-01 4.006499862670898438e+01 2.635499954223632812e+01 3.594499969482421875e+01
2.000000000000000000e+00 3.303571343421936035e-01 4.051800155639648438e+01 2.678700065612792969e+01 3.976599884033203125e+01
2.200000000000000000e+01 6.205357313156127930e-01 4.246300125122070312e+01 3.007699966430664062e+01 3.945100021362304688e+01
0.000000000000000000e+00 6.294642686843872070e-01 4.272600173950195312e+01 3.146299934387207031e+01 4.299800109863281250e+01
1.400000000000000000e+01 7.455357313156127930e-01 4.178499984741210938e+01 3.516699981689453125e+01 4.355500030517578125e+01
2.200000000000000000e+01 7.544642686843872070e-01 3.961800003051757812e+01 4.124000167846679688e+01 4.641199874877929688e+01
1.500000000000000000e+01 7.098214030265808105e-01 4.078200149536132812e+01 4.401399993896484375e+01 4.862099838256835938e+01
1.000000000000000000e+00 6.026785969734191895e-01 3.906200027465820312e+01 4.713000106811523438e+01 4.984700012207031250e+01
1.300000000000000000e+01 5.714285969734191895e-01 4.096500015258789062e+01 5.050600051879882812e+01 5.020500183105468750e+01
0.000000000000000000e+00 2.857142984867095947e-01 4.071400070190429688e+01 5.213999938964843750e+01 5.372999954223632812e+01
0.000000000000000000e+00 1.473214328289031982e-01 4.078400039672851562e+01 5.587300109863281250e+01 5.446599960327148438e+01
3.000000000000000000e+00 1.116071417927742004e-01 4.438299942016601562e+01 5.563499832153320312e+01 5.585800170898437500e+01
3.000000000000000000e+00 3.839285671710968018e-01 4.510599899291992188e+01 5.434999847412109375e+01 5.223600006103515625e+01
1.800000000000000000e+01 4.285714328289031982e-01 4.581999969482421875e+01 5.084199905395507812e+01 5.346599960327148438e+01
1.900000000000000000e+01 6.250000000000000000e-01 4.449499893188476562e+01 4.777799987792968750e+01 5.151900100708007812e+01
7.000000000000000000e+00 4.598214328289031982e-01 4.206600189208984375e+01 4.577999877929687500e+01 5.357699966430664062e+01
1.600000000000000000e+01 4.732142984867095947e-01 4.124100112915039062e+01 4.197299957275390625e+01 5.275999832153320312e+01
1.500000000000000000e+01 4.107142984867095947e-01 3.752799987792968750e+01 4.174200057983398438e+01 5.159899902343750000e+01
0.000000000000000000e+00 4.464285671710968018e-01 3.642499923706054688e+01 3.867300033569335938e+01 4.953799819946289062e+01
1.700000000000000000e+01 4.910714328289031982e-01 3.810699844360351562e+01 3.570299911499023438e+01 4.799499893188476562e+01
9.000000000000000000e+00 3.705357015132904053e-01 3.750400161743164062e+01 3.233700180053710938e+01 4.625299835205078125e+01
1.300000000000000000e+01 4.508928656578063965e-01 3.872200012207031250e+01 3.035600090026855469e+01 4.318600082397460938e+01
1.800000000000000000e+01 4.419642984867095947e-01 3.742399978637695312e+01 2.980400085449218750e+01 3.948699951171875000e+01
1.700000000000000000e+01 1.651785671710968018e-01 3.506299972534179688e+01 2.694599914550781250e+01 3.862900161743164062e+01
7.000000000000000000e+00 7.589285820722579956e-02 3.476300048828125000e+01 2.464200019836425781e+01 3.552000045776367188e+01
1.700000000000000000e+01 1.205357164144515991e-01 3.331000137329101562e+01 2.738599967956542969e+01 3.346200180053710938e+01
9.000000000000000000e+00 3.616071343421936035e-01 3.629000091552734375e+01 2.944899940490722656e+01 3.458100128173828125e+01
7.000000000000000000e+00 3.928571343421936035e-01 3.405099868774414062e+01 3.163699913024902344e+01 3.666500091552734375e+01
1.200000000000000000e+01 3.883928656578063965e-01 3.350799942016601562e+01 3.275500106811523438e+01 4.025799942016601562e+01
9.000000000000000000e+00 1.428571492433547974e-01 2.945000076293945312e+01 3.485499954223632812e+01 4.528799819946289062e+01
1.200000000000000000e+01 3.348214328289031982e-01 3.219300079345703125e+01 3.737099838256835938e+01 4.625999832153320312e+01
1.800000000000000000e+01 2.098214328289031982e-01 3.007999992370605469e+01 4.006000137329101562e+01 4.821599960327148438e+01
1.800000000000000000e+01 4.910714179277420044e-02 2.645100021362304688e+01 4.136000061035156250e+01 4.855400085449218750e+01
7.000000000000000000e+00 3.571428731083869934e-02 2.513199996948242188e+01 4.472000122070312500e+01 4.747600173950195312e+01
7.000000000000000000e+00 0.000000000000000000e+00 2.455800056457519531e+01 4.586800003051757812e+01 5.111600112915039062e+01
7.000000000000000000e+00 3.125000000000000000e-02 2.805699920654296875e+01 4.472800064086914062e+01 5.197600173950195312e+01
1.500000000000000000e+01 1.830357164144515991e-01 2.953700065612792969e+01 4.616099929809570312e+01 4.873500061035156250e+01
2.200000000000000000e+01 1.071428582072257996e-01 2.975499916076660156e+01 4.987200164794921875e+01 4.991699981689453125e+01
7.000000000000000000e+00 2.142857164144515991e-01 3.103199958801269531e+01 5.288399887084960938e+01 4.788499832153320312e+01
9.000000000000000000e+00 3.973214328289031982e-01 3.482199859619140625e+01 5.285699844360351562e+01 4.770299911499023438e+01
1.100000000000000000e+01 6.741071343421936035e-01 3.809899902343750000e+01 5.201100158691406250e+01 4.573199844360351562e+01
2.000000000000000000e+01 7.723214030265808105e-01 3.859700012207031250e+01 4.822299957275390625e+01 4.525600051879882812e+01
1.300000000000000000e+01 8.973214030265808105e-01 4.128499984741210938e+01 4.591099929809570312e+01 4.388600158691406250e+01
2.200000000000000000e+01 9.196428656578063965e-01 4.075500106811523438e+01 4.249800109863281250e+01 4.233700180053710938e+01
7.000000000000000000e+00 9.464285969734191895e-01 4.386899948120117188e+01 4.039400100708007812e+01 4.243000030517578125e+01
1.100000000000000000e+01 9.107142686843872070e-01 4.397399902343750000e+01 3.717200088500976562e+01 4.044100189208984375e+01
3.000000000000000000e+00 8.392857313156127930e-01 4.690999984741210938e+01 3.459400177001953125e+01 4.105400085449218750e+01
1.800000000000000000e+01 8.482142686843872070e-01 4.738399887084960938e+01 3.375400161743164062e+01 3.744800186157226562e+01
1.300000000000000000e+01 7.857142686843872070e-01 5.104299926757812500e+01 3.288700103759765625e+01 3.810400009155273438e+01
1.700000000000000000e+01 6.071428656578063965e-01 5.031399917602539062e+01 2.964800071716308594e+01 3.985900115966796875e+01
2.000000000000000000e+01 5.535714030265808105e-01 4.784400177001953125e+01 2.838999938964843750e+01 3.719300079345703125e+01
1.900000000000000000e+01 5.089285969734191895e-01 5.085100173950195312e+01 2.810199928283691406e+01 3.468500137329101562e+01
1.300000000000000000e+01 3.526785671710968018e-01 5.314699935913085938e+01 2.671100044250488281e+01 3.735800170898437500e+01
0.000000000000000000e+00 1.741071492433547974e-01 5.116500091552734375e+01 2.363100051879882812e+01 3.748500061035156250e+01
1.200000000000000000e+01 1.160714253783226013e-01 5.194599914550781250e+01 2.297900009155273438e+01 3.369800186157226562e+01
9.000000000000000000e+00 9.375000000000000000e-02 5.570100021362304688e+01 2.361499977111816406e+01 3.440000152587890625e+01
1.100000000000000000e+01 3.080357015132904053e-01 5.541799926757812500e+01 2.724699974060058594e+01 3.311000061035156250e+01
1.700000000000000000e+01 4.776785671710968018e-01 5.726300048828125000e+01 3.034199905395507812e+01 3.434700012207031250e+01
1.600000000000000000e+01 7.008928656578063965e-01 5.501100158691406250e+01 3.346099853515625000e+01 3.345899963378906250e+01
1.500000000000000000e+01 7.812500000000000000e-01 5.679100036621093750e+01 3.685300064086914062e+01 3.346699905395507812e+01
7.000000000000000000e+00 9.062500000000000000e-01 5.320600128173828125e+01 3.783599853515625000e+01 3.893199920654296875e+01
0.000000000000000000e+00 9.776785969734191895e-01 4.658900070190429688e+01 3.996799850463867188e+01 3.723300170898437500e+01
7.000000000000000000e+00 9.910714030265808105e-01 4.577199935913085938e+01 4.303300094604492188e+01 3.931999969482421875e+01
2.200000000000000000e+01 9.821428656578063965e-01 4.279700088500976562e+01 4.533800125122070312e+01 3.842399978637695312e+01
2.200000000000000000e+01 9.642857313156127930e-01 4.154700088500976562e+01 4.841699981689453125e+01 4.030699920654296875e+01
1.500000000000000000e+01 8.571428656578063965e-01 3.831999969482421875e+01 5.054199981689453125e+01 4.018899917602539062e+01
1.800000000000000000e+01 6.785714030265808105e-01 3.602899932861328125e+01 5.298899841308593750e+01 4.198600006103515625e+01
0.000000000000000000e+00 5.491071343421936035e-01 3.287699890136718750e+01 5.095899963378906250e+01 4.285400009155273438e+01
2.000000000000000000e+00 2.767857015132904053e-01 2.920000076293945312e+01 5.209299850463867188e+01 4.238499832153320312e+01
3.000000000000000000e+00 2.008928507566452026e-01 2.975900077819824219e+01 5.592499923706054688e+01 4.247100067138671875e+01
1.700000000000000000e+01 6.250000000000000000e-02 2.658600044250488281e+01 5.669400024414062500e+01 4.034400177001953125e+01
9.000000000000000000e+00 1.785714365541934967e-02 2.421400070190429688e+01 5.404999923706054688e+01 4.192300033569335938e+01
1.600000000000000000e+01 6.696428358554840088e-02 2.463899993896484375e+01 5.028300094604492188e+01 4.223799896240234375e+01
1.000000000000000000e+00 2.366071492433547974e-01 2.646299934387207031e+01 4.848899841308593750e+01 3.937300109863281250e+01
1.000000000000000000e+00 3.035714328289031982e-01 2.741799926757812500e+01 4.493000030517578125e+01 3.842499923706054688e+01
2.000000000000000000e+01 5.937500000000000000e-01 3.096500015258789062e+01 4.456700134277343750e+01 3.720500183105468750e+01
1.800000000000000000e+01 6.517857313156127930e-01 3.206499862670898438e+01 4.152600097656250000e+01 3.512900161743164062e+01
1.100000000000000000e+01 8.258928656578063965e-01 3.585599899291992188e+01 4.121300125122070312e+01 3.465700149536132812e+01
0.000000000000000000e+00 8.080357313156127930e-01 3.729800033569335938e+01 3.897999954223632812e+01 3.174900054931640625e+01
0.000000000000000000e+00 8.883928656578063965e-01 4.093999862670898438e+01 3.803300094604492188e+01 3.203499984741210938e+01
1.200000000000000000e+01 8.214285969734191895e-01 4.258300018310546875e+01 3.636299896240234375e+01 2.904800033569335938e+01
1.200000000000000000e+01 8.169642686843872070e-01 4.585599899291992188e+01 3.459099960327148438e+01 3.012599945068359375e+01
1.700000000000000000e+01 7.276785969734191895e-01 4.920600128173828125e+01 3.394699859619140625e+01 2.830500030517578125e+01
1.600000000000000000e+01 6.964285969734191895e-01 5.276399993896484375e+01 3.352700042724609375e+01 2.977899932861328125e+01
2.000000000000000000e+01 7.633928656578063965e-01 5.432500076293945312e+01 3.686700057983398438e+01 2.857900047302246094e+01
1.700000000000000000e+01 8.660714030265808105e-01 5.112300109863281250e+01 3.892800140380859375e+01 2.797699928283691406e+01
2.000000000000000000e+01 9.508928656578063965e-01 4.775600051879882812e+01 3.952799987792968750e+01 2.961700057983398438e+01
1.700000000000000000e+01 9.285714030265808105e-01 4.441400146484375000e+01 4.106900024414062500e+01 2.845800018310546875e+01
1.800000000000000000e+01 9.598214030265808105e-01 4.165999984741210938e+01 4.249800109863281250e+01 3.074399948120117188e+01
1.800000000000000000e+01 8.705357313156127930e-01 3.814899826049804688e+01 4.396599960327148438e+01 3.010799980163574219e+01
0.000000000000000000e+00 8.125000000000000000e-01 3.548099899291992188e+01 4.531399917602539062e+01 3.253099822998046875e+01
2.200000000000000000e+01 6.116071343421936035e-01 3.182999992370605469e+01 4.502099990844726562e+01 3.130100059509277344e+01
2.200000000000000000e+01 4.687500000000000000e-01 2.952000045776367188e+01 4.734000015258789062e+01 3.340299987792968750e+01
1.800000000000000000e+01 1.964285671710968018e-01 2.581100082397460938e+01 4.634799957275390625e+01 3.350699996948242188e+01
2.000000000000000000e+00 5.803571268916130066e-02 2.315900039672851562e+01 4.796599960327148438e+01 3.579199981689453125e+01
1.600000000000000000e+01 1.339285727590322495e-02 2.081699943542480469e+01 4.594900131225585938e+01 3.820999908447265625e+01
5.000000000000000000e+00 1.383928507566452026e-01 6.749700164794921875e+01 5.049100112915039062e+01 2.854299926757812500e+01
1.600000000000000000e+01 2.633928656578063965e-01 6.686199951171875000e+01 4.740999984741210938e+01 3.071199989318847656e+01
1.200000000000000000e+01 5.133928656578063965e-01 6.328200149536132812e+01 4.868299865722656250e+01 3.128400039672851562e+01
1.400000000000000000e+01 4.955357015132904053e-01 6.181200027465820312e+01 5.059199905395507812e+01 2.834099960327148438e+01
2.200000000000000000e+01 6.875000000000000000e-01 5.804499816894531250e+01 5.121400070190429688e+01 2.849699974060058594e+01
1.300000000000000000e+01 6.607142686843872070e-01 5.576300048828125000e+01 5.170700073242187500e+01 2.535499954223632812e+01
2.200000000000000000e+01 7.142857313156127930e-01 5.245600128173828125e+01 5.313399887084960938e+01 2.598699951171875000e+01
1.200000000000000000e+01 6.562500000000000000e-01 4.978599929809570312e+01 5.307500076293945312e+01 2.334300041198730469e+01
3.000000000000000000e+00 5.982142686843872070e-01 4.630599975585937500e+01 5.454100036621093750e+01 2.308499908447265625e+01
0.000000000000000000e+00 5.357142686843872070e-01 4.349599838256835938e+01 5.259600067138671875e+01 2.140800094604492188e+01
2.200000000000000000e+01 3.660714328289031982e-01 4.085800170898437500e+01 5.539799880981445312e+01 2.160400009155273438e+01
1.000000000000000000e+00 1.875000000000000000e-01 4.264300155639648438e+01 5.779299926757812500e+01 1.930500030517578125e+01
9.000000000000000000e+00 2.455357164144515991e-01 4.479000091552734375e+01 5.506700134277343750e+01 1.762299919128417969e+01
1.700000000000000000e+01 2.500000000000000000e-01 4.797100067138671875e+01 5.686600112915039062e+01 1.872400093078613281e+01
1.600000000000000000e+01 3.392857015132904053e-01 5.110400009155273438e+01 5.664300155639648438e+01 2.082999992370605469e+01
0.000000000000000000e+00 5.044642686843872070e-01 4.995100021362304688e+01 5.760499954223632812e+01 2.444899940490722656e+01
1.100000000000000000e+01 3.169642984867095947e-01 5.161500167846679688e+01 6.084400177001953125e+01 2.518000030517578125e+01
2.000000000000000000e+00 3.125000000000000000e-01 5.229100036621093750e+01 6.252700042724609375e+01 2.858499908447265625e+01
2.200000000000000000e+01 6.160714030265808105e-01 5.116400146484375000e+01 5.943799972534179688e+01 3.051099967956542969e+01
0.000000000000000000e+00 6.383928656578063965e-01 5.309799957275390625e+01 5.937099838256835938e+01 3.389599990844726562e+01
1.400000000000000000e+01 7.589285969734191895e-01 5.395700073242187500e+01 5.638999938964843750e+01 3.594599914550781250e+01
2.200000000000000000e+01 7.321428656578063965e-01 5.801800155639648438e+01 5.210200119018554688e+01 3.957300186157226562e+01
1.500000000000000000e+01 7.232142686843872070e-01 5.812200164794921875e+01 5.019599914550781250e+01 4.280699920654296875e+01
1.000000000000000000e+00 6.339285969734191895e-01 6.036100006103515625e+01 4.750500106811523438e+01 4.436299896240234375e+01
1.300000000000000000e+01 5.758928656578063965e-01 5.923400115966796875e+01 4.503900146484375000e+01 4.704199981689453125e+01
0.000000000000000000e+00 2.901785671710968018e-01 6.129100036621093750e+01 4.526100158691406250e+01 5.022299957275390625e+01
0.000000000000000000e+00 1.250000000000000000e-01 6.190800094604492188e+01 4.236500167846679688e+01 5.284799957275390625e+01
3.000000000000000000e+00 1.607142835855484009e-01 5.870000076293945312e+01 4.285699844360351562e+01 5.486999893188476562e+01
3.000000000000000000e+00 4.553571343421936035e-01 5.643999862670898438e+01 4.302799987792968750e+01 5.169300079345703125e+01
1.800000000000000000e+01 4.642857015132904053e-01 5.654600143432617188e+01 4.677500152587890625e+01 5.157400131225585938e+01
1.900000000000000000e+01 6.473214030265808105e-01 5.642900085449218750e+01 4.838700103759765625e+01 4.811899948120117188e+01
7.000000000000000000e+00 4.866071343421936035e-01 5.896500015258789062e+01 5.123300170898437500e+01 4.774900054931640625e+01
1.600000000000000000e+01 5.267857313156127930e-01 5.890299987792968750e+01 5.385200119018554688e+01 4.493999862670898438e+01
1.500000000000000000e+01 3.482142984867095947e-01 6.228599929809570312e+01 5.466500091552734375e+01 4.336199951171875000e+01
0.000000000000000000e+00 4.017857015132904053e-01 6.175000000000000000e+01 5.597200012207031250e+01 3.979299926757812500e+01
1.700000000000000000e+01 5.000000000000000000e-01 5.891999816894531250e+01 5.778799819946289062e+01 3.794100189208984375e+01
9.000000000000000000e+00 3.750000000000000000e-01 5.851200103759765625e+01 5.994800186157226562e+01 3.485800170898437500e+01
1.300000000000000000e+01 4.151785671710968018e-01 5.627099990844726562e+01 6.043500137329101562e+01 3.185700035095214844e+01
1.800000000000000000e+01 4.330357015132904053e-01 5.571900177001953125e+01 5.924900054931640625e+01 2.832099914550781250e+01
1.700000000000000000e+01 1.785714328289031982e-01 5.713700103759765625e+01 6.104700088500976562e+01 2.539200019836425781e+01
7.000000000000000000e+00 8.035714179277420044e-02 5.580199813842773438e+01 6.187699890136718750e+01 2.187400054931640625e+01
1.700000000000000000e+01 1.339285671710968018e-01 5.635200119018554688e+01 5.831499862670898438e+01 2.062400054931640625e+01
9.000000000000000000e+00 3.794642984867095947e-01 5.472299957275390625e+01 5.705599975585937500e+01 2.384499931335449219e+01
7.000000000000000000e+00 4.062500000000000000e-01 5.783100128173828125e+01 5.595000076293945312e+01 2.554400062561035156e+01
1.200000000000000000e+01 4.375000000000000000e-01 5.965700149536132812e+01 5.634999847412109375e+01 2.890999984741210938e+01
9.000000000000000000e+00 1.517857164144515991e-01 6.615200042724609375e+01 5.571099853515625000e+01 3.207099914550781250e+01
1.200000000000000000e+01 3.437500000000000000e-01 6.421399688720703125e+01 5.411199951171875000e+01 3.490100097656250000e+01
1.800000000000000000e+01 2.321428507566452026e-01 6.720099639892578125e+01 5.201200103759765625e+01 3.613199996948242188e+01
1.800000000000000000e+01 5.357142910361289978e-02 7.067299652099609375e+01 5.060499954223632812e+01 3.493700027465820312e+01
7.000000000000000000e+00 2.232142910361289978e-02 7.201300048828125000e+01 4.707400131225585938e+01 3.458599853515625000e+01
7.000000000000000000e+00 4.464285913854837418e-03 7.399700164794921875e+01 4.722100067138671875e+01 3.791199874877929688e+01
7.000000000000000000e+00 4.464285820722579956e-02 7.111299896240234375e+01 4.874700164794921875e+01 4.000500106811523438e+01
1.500000000000000000e+01 2.053571492433547974e-01 6.847899627685546875e+01 4.652099990844726562e+01 3.841699981689453125e+01
2.200000000000000000e+01 1.026785746216773987e-01 6.947000122070312500e+01 4.329899978637695312e+01 4.039300155639648438e+01
7.000000000000000000e+00 2.410714328289031982e-01 6.721800231933593750e+01 4.022999954223632812e+01 4.093899917602539062e+01
9.000000000000000000e+00 4.196428656578063965e-01 6.394200134277343750e+01 4.113399887084960938e+01 4.263800048828125000e+01
1.100000000000000000e+01 6.830357313156127930e-01 6.024100112915039062e+01 4.205899810791015625e+01 4.228900146484375000e+01
2.000000000000000000e+01 7.767857313156127930e-01 5.934400177001953125e+01 4.531800079345703125e+01 4.042300033569335938e+01
1.300000000000000000e+01 9.017857313156127930e-01 5.594699859619140625e+01 4.698699951171875000e+01 3.988399887084960938e+01
2.200000000000000000e+01 9.241071343421936035e-01 5.477299880981445312e+01 4.966799926757812500e+01 3.722200012207031250e+01
7.000000000000000000e+00 9.419642686843872070e-01 5.177299880981445312e+01 5.197100067138671875e+01 3.828799819946289062e+01
1.100000000000000000e+01 9.151785969734191895e-01 5.057500076293945312e+01 5.367300033569335938e+01 3.503300094604492188e+01
3.000000000000000000e+00 8.348214030265808105e-01 4.823400115966796875e+01 5.664500045776367188e+01 3.558800125122070312e+01
1.800000000000000000e+01 8.437500000000000000e-01 4.538499832153320312e+01 5.574399948120117188e+01 3.316199874877929688e+01
1.300000000000000000e+01 7.500000000000000000e-01 4.275899887084960938e+01 5.758499908447265625e+01 3.499100112915039062e+01
1.700000000000000000e+01 5.803571343421936035e-01 4.433800125122070312e+01 6.094800186157226562e+01 3.454199981689453125e+01
2.000000000000000000e+01 5.892857313156127930e-01 4.485499954223632812e+01 6.013199996948242188e+01 3.075300025939941406e+01
1.900000000000000000e+01 5.446428656578063965e-01 4.122200012207031250e+01 5.955099868774414062e+01 2.995599937438964844e+01
1.300000000000000000e+01 3.258928656578063965e-01 4.016400146484375000e+01 6.285800170898437500e+01 3.168099975585937500e+01
0.000000000000000000e+00 2.232142835855484009e-01 4.269400024414062500e+01 6.469699859619140625e+01 2.934799957275390625e+01
1.200000000000000000e+01 1.696428507566452026e-01 4.084199905395507812e+01 6.339400100708007812e+01 2.634499931335449219e+01
9.000000000000000000e+00 8.928571641445159912e-02 3.747900009155273438e+01 6.430200195312500000e+01 2.793400001525878906e+01
1.100000000000000000e+01 2.589285671710968018e-01 3.634299850463867188e+01 6.079499816894531250e+01 2.848200035095214844e+01
1.700000000000000000e+01 3.571428656578063965e-01 3.526800155639648438e+01 5.922999954223632812e+01 3.173900032043457031e+01
1.600000000000000000e+01 6.651785969734191895e-01 3.773899841308593750e+01 5.673300170898437500e+01 3.349399948120117188e+01
1.500000000000000000e+01 7.366071343421936035e-01 3.675500106811523438e+01 5.346400070190429688e+01 3.511999893188476562e+01
7.000000000000000000e+00 8.794642686843872070e-01 4.181600189208984375e+01 5.385900115966796875e+01 3.890499877929687500e+01
0.000000000000000000e+00 9.732142686843872070e-01 4.685499954223632812e+01 5.011399841308593750e+01 3.505400085449218750e+01
7.000000000000000000e+00 9.955357313156127930e-01 4.941199874877929688e+01 4.808000183105468750e+01 3.713000106811523438e+01
2.200000000000000000e+01 9.866071343421936035e-01 5.198600006103515625e+01 4.564099884033203125e+01 3.591400146484375000e+01
2.200000000000000000e+01 9.687500000000000000e-01 5.409500122070312500e+01 4.333200073242187500e+01 3.829700088500976562e+01
1.500000000000000000e+01 8.750000000000000000e-01 5.718999862670898438e+01 4.123199844360351562e+01 3.742599868774414062e+01
1.800000000000000000e+01 6.919642686843872070e-01 6.011899948120117188e+01 3.931100082397460938e+01 3.883599853515625000e+01
0.000000000000000000e+00 5.625000000000000000e-01 6.309000015258789062e+01 4.052299880981445312e+01 3.684299850463867188e+01
2.000000000000000000e+00 2.812500000000000000e-01 6.658300018310546875e+01 3.936700057983398438e+01 3.586299896240234375e+01
3.000000000000000000e+00 2.544642984867095947e-01 6.566899871826171875e+01 3.581200027465820312e+01 3.703200149536132812e+01
1.700000000000000000e+01 7.142857462167739868e-02 6.801200103759765625e+01 3.351800155639648438e+01 3.491099929809570312e+01
9.000000000000000000e+00 4.017857089638710022e-02 7.032399749755859375e+01 3.651499938964843750e+01 3.426100158691406250e+01
1.600000000000000000e+01 8.482142537832260132e-02 6.988099670410156250e+01 4.015499877929687500e+01 3.301699829101562500e+01
1.000000000000000000e+00 2.187500000000000000e-01 6.730799865722656250e+01 4.069599914550781250e+01 3.003599929809570312e+01
1.000000000000000000e+00 2.723214328289031982e-01 6.597799682617187500e+01 4.366299819946289062e+01 2.817600059509277344e+01
2.000000000000000000e+01 5.401785969734191895e-01 6.231700134277343750e+01 4.430699920654296875e+01 2.865299987792968750e+01
1.800000000000000000e+01 5.848214030265808105e-01 6.010599899291992188e+01 4.640000152587890625e+01 2.640099906921386719e+01
1.100000000000000000e+01 7.991071343421936035e-01 5.694699859619140625e+01 4.672999954223632812e+01 2.841300010681152344e+01
0.000000000000000000e+00 8.035714030265808105e-01 5.410100173950195312e+01 4.736600112915039062e+01 2.595999908447265625e+01
0.000000000000000000e+00 8.928571343421936035e-01 5.078300094604492188e+01 4.867399978637695312e+01 2.740900039672851562e+01
1.200000000000000000e+01 8.303571343421936035e-01 4.790200042724609375e+01 4.901100158691406250e+01 2.492700004577636719e+01
1.200000000000000000e+01 8.526785969734191895e-01 4.527500152587890625e+01 5.097000122070312500e+01 2.671400070190429688e+01
1.700000000000000000e+01 7.678571343421936035e-01 4.149700164794921875e+01 5.140800094604492188e+01 2.623399925231933594e+01
1.600000000000000000e+01 7.410714030265808105e-01 3.904999923706054688e+01 5.285699844360351562e+01 2.881299972534179688e+01
2.000000000000000000e+01 7.901785969734191895e-01 3.709999847412109375e+01 4.973600006103515625e+01 2.981500053405761719e+01
1.700000000000000000e+01 8.839285969734191895e-01 3.985599899291992188e+01 4.735100173950195312e+01 2.882999992370605469e+01
2.000000000000000000e+01 9.375000000000000000e-01 4.368099975585937500e+01 4.725099945068359375e+01 2.841900062561035156e+01
1.700000000000000000e+01 9.330357313156127930e-01 4.631700134277343750e+01 4.473799896240234375e+01 2.738100051879882812e+01
1.800000000000000000e+01 9.553571343421936035e-01 5.002799987792968750e+01 4.441699981689453125e+01 2.853700065612792969e+01
1.800000000000000000e+01 8.616071343421936035e-01 5.288999938964843750e+01 4.250600051879882812e+01 2.686000061035156250e+01
0.000000000000000000e+00 7.946428656578063965e-01 5.650199890136718750e+01 4.218999862670898438e+01 2.788100051879882812e+01
2.200000000000000000e+01 5.580357313156127930e-01 5.895000076293945312e+01 4.131299972534179688e+01 2.503700065612792969e+01
2.200000000000000000e+01 4.241071343421936035e-01 6.194900131225585938e+01 3.951300048828125000e+01 2.655800056457519531e+01
1.800000000000000000e+01 1.562500000000000000e-01 6.544300079345703125e+01 3.933900070190429688e+01 2.487999916076660156e+01
2.000000000000000000e+00 2.678571455180644989e-02 6.903099822998046875e+01 3.858599853515625000e+01 2.614200019836425781e+01
1.600000000000000000e+01 8.928571827709674835e-03 7.120300292968750000e+01 4.172600173950195312e+01 2.526499938964843750e+01
