1 1 14 0 0.017964071856287345 0 0 33.109 55.400 32.477
1 2 18 0 0.11976047904191622 0 0 35.312 52.418 32.141
1 3 7 0 0.29940119760479034 0 0 33.954 49.081 30.967
1 4 20 0 0.5808383233532934 0 0 35.785 45.881 31.966
1 5 13 0 0.7365269461077844 0 0 34.974 42.791 29.946
1 6 12 0 0.9221556886227544 0 0 35.240 39.980 32.492
1 7 22 0 0.9580838323353293 0 0 35.545 36.433 31.328
1 8 22 0 0.9880239520958084 0 0 34.728 33.498 33.550
1 9 22 0 0.9700598802395209 0 0 36.934 30.541 32.881
1 10 9 0 0.9281437125748503 0 0 37.290 27.119 34.418
1 11 0 0 0.8083832335329342 0 0 35.848 23.597 34.294
1 12 9 0 0.6826347305389222 0 0 32.223 22.728 34.108
1 13 9 0 0.5868263473053892 0 0 30.149 22.270 37.271
1 14 22 0 0.8203592814371258 0 0 32.211 24.635 39.331
1 15 9 0 0.8502994011976048 0 0 29.711 27.478 39.575
1 16 13 0 0.9341317365269461 0 0 30.729 29.696 36.619
1 17 17 0 0.8562874251497006 0 0 27.313 31.046 35.751
1 18 0 0 0.8143712574850299 0 0 26.466 31.156 39.422
1 19 12 0 0.9161676646706587 0 0 29.291 33.503 40.235
1 20 18 0 0.8862275449101796 0 0 28.057 35.911 37.581
1 21 11 0 0.6766467065868262 0 0 24.405 35.632 38.529
1 22 6 0 0.6287425149700598 0 0 25.214 36.195 42.181
1 23 12 0 0.7125748502994012 0 0 27.080 39.358 41.424
1 24 11 0 0.5508982035928144 0 0 24.686 40.771 38.838
1 25 6 0 0.35928143712574856 0 0 21.290 39.353 39.629
1 26 2 0 0.32335329341317365 0 0 21.931 38.635 43.338
1 27 10 0 0.27544910179640725 0 0 20.542 35.112 42.972
1 28 15 0 0.4011976047904191 0 0 21.510 31.483 42.383
1 29 22 0 0.3892215568862275 0 0 21.148 29.293 39.260
1 30 3 0 0.13772455089820357 0 0 18.844 26.339 39.042
1 31 7 0 0.14371257485029942 0 0 19.374 25.089 35.482
1 32 20 0 0.24550898203592808 0 0 21.915 25.020 32.807
1 33 3 0 0.25149700598802394 0 0 21.857 27.420 29.940
1 34 16 0 0.33532934131736525 0 0 24.405 28.158 27.213
1 35 18 0 0.4610778443113772 0 0 24.491 31.886 27.819
1 36 11 0 0.281437125748503 0 0 25.436 32.684 24.231
1 37 7 0 0.12574850299401197 0 0 22.879 35.337 23.378
1 38 3 0 0.221556886227545 0 0 22.239 36.354 26.908
1 39 17 0 0.3652694610778443 0 0 23.810 39.441 28.354
1 40 20 0 0.5209580838323353 0 0 24.765 40.314 31.949
1 41 1 0 0.49101796407185627 0 0 26.238 43.684 32.720
1 42 13 0 0.3173652694610779 0 0 25.925 46.444 35.256
1 43 6 0 0.16167664670658677 0 0 27.283 49.749 36.417
1 44 22 0 0.22754491017964074 0 0 28.663 49.171 39.899
1 45 22 0 0.11377245508982048 0 0 30.766 51.574 41.936
1 46 11 0 0.23952095808383234 0 0 34.001 49.939 42.968
1 47 3 0 0.08383233532934131 0 0 36.261 51.733 45.442
1 48 9 0 0.0119760479041916 0 0 34.761 55.122 44.828
1 49 7 0 0.03592814371257491 0 0 34.648 54.753 41.082
1 50 18 0 0.053892215568862256 0 0 31.921 53.639 38.682
1 51 5 0 0.19760479041916168 0 0 32.575 51.100 35.996
1 52 12 0 0.34730538922155685 0 0 30.636 48.715 33.791
1 53 12 0 0.6227544910179641 0 0 31.347 45.093 34.345
1 54 3 0 0.6347305389221557 0 0 30.288 43.102 31.272
1 55 11 0 0.844311377245509 0 0 30.458 39.568 32.050
1 56 12 0 0.8622754491017964 0 0 31.134 36.700 29.596
1 57 3 0 0.8682634730538922 0 0 30.274 33.068 30.385
1 58 18 0 0.8383233532934131 0 0 32.271 30.211 28.989
1 59 0 0 0.6167664670658684 0 0 30.019 27.125 28.243
1 60 9 0 0.41916167664670656 0 0 29.939 23.623 26.762
1 61 6 0 0.18562874251497008 0 0 32.063 21.266 24.773
1 62 7 0 0.07784431137724557 0 0 31.964 22.448 21.139
1 63 7 0 0.04790419161676651 0 0 35.044 22.892 18.993
1 64 20 0 0.0 0 0 34.863 24.610 15.615
1 65 17 0 0.029940119760479056 0 0 31.548 26.098 16.702
1 66 0 0 0.15568862275449102 0 0 32.979 27.208 20.058
1 67 14 0 0.3053892215568862 0 0 33.187 30.888 20.938
1 68 1 0 0.5329341317365269 0 0 36.023 30.189 23.394
1 69 3 0 0.4251497005988024 0 0 38.794 32.235 21.787
1 70 6 0 0.39520958083832336 0 0 36.261 34.958 21.031
1 71 20 0 0.6407185628742516 0 0 35.271 35.307 24.643
1 72 14 0 0.7005988023952096 0 0 38.966 35.097 25.572
1 73 1 0 0.47904191616766467 0 0 40.374 37.583 23.112
1 74 18 0 0.4970059880239521 0 0 37.714 40.218 23.767
1 75 9 0 0.7544910179640718 0 0 38.290 39.666 27.511
1 76 7 0 0.718562874251497 0 0 40.229 42.062 29.776
1 77 9 0 0.8982035928143712 0 0 39.639 40.258 33.041
1 78 15 0 0.9640718562874252 0 0 39.656 36.547 33.706
1 79 12 0 0.9940119760479041 0 0 38.053 34.883 36.699
1 80 5 0 0.9820359281437125 0 0 39.494 31.420 36.995
1 81 22 0 0.9760479041916168 0 0 37.144 29.204 38.854
1 82 15 0 0.874251497005988 0 0 37.721 25.793 40.455
1 83 0 0 0.7245508982035929 0 0 35.627 23.866 42.964
1 84 11 0 0.5029940119760479 0 0 37.452 22.684 46.037
1 85 2 0 0.26347305389221565 0 0 35.833 19.232 46.202
1 86 2 0 0.3532934131736526 0 0 36.610 18.502 42.543
1 87 18 0 0.20958083832335328 0 0 40.132 17.281 41.909
1 88 13 0 0.3293413173652695 0 0 40.136 17.861 38.207
1 89 17 0 0.6107784431137725 0 0 38.701 21.314 38.347
1 90 15 0 0.592814371257485 0 0 41.937 22.397 39.949
1 91 7 0 0.44311377245508976 0 0 44.085 20.683 37.346
1 92 3 0 0.5748502994011976 0 0 42.710 22.586 34.398
1 93 11 0 0.7844311377245509 0 0 43.819 25.881 35.905
1 94 10 0 0.5389221556886228 0 0 47.166 25.686 34.168
1 95 10 0 0.5089820359281436 0 0 45.438 24.674 30.896
1 96 20 0 0.7904191616766467 0 0 43.106 27.663 31.036
1 97 1 0 0.7305389221556886 0 0 45.975 29.986 31.834
1 98 7 0 0.4730538922155688 0 0 47.904 28.661 28.827
1 99 6 0 0.5269461077844311 0 0 44.815 29.185 26.657
1 100 11 0 0.6706586826347305 0 0 44.231 32.781 27.721
1 101 13 0 0.4491017964071856 0 0 47.888 33.635 27.150
1 102 1 0 0.20359281437125742 0 0 47.923 32.040 23.736
1 103 22 0 0.31137724550898194 0 0 44.816 33.921 22.796
1 104 13 0 0.3772455089820359 0 0 45.696 37.242 24.314
1 105 3 0 0.10778443113772451 0 0 49.315 37.508 23.144
1 106 17 0 0.17964071856287422 0 0 50.263 38.599 26.644
1 107 7 0 0.28742514970059885 0 0 51.141 36.574 29.723
1 108 3 0 0.37125748502994016 0 0 50.619 39.465 31.976
1 109 22 0 0.5688622754491017 0 0 46.855 39.710 31.618
1 110 16 0 0.8023952095808383 0 0 44.727 40.060 34.764
1 111 14 0 0.9101796407185628 0 0 43.630 36.741 36.186
1 112 22 0 0.9461077844311377 0 0 42.212 36.068 39.629
1 113 12 0 0.9520958083832335 0 0 41.697 32.522 40.930
1 114 22 0 0.9401197604790419 0 0 38.685 31.684 43.073
1 115 9 0 0.8323353293413174 0 0 37.977 28.575 45.117
1 116 2 0 0.8263473053892215 0 0 34.240 27.863 44.914
1 117 13 0 0.5449101796407185 0 0 32.542 25.848 47.594
1 118 5 0 0.45508982035928147 0 0 35.016 26.638 50.244
1 119 3 0 0.16766467065868274 0 0 32.530 26.372 53.061
1 120 12 0 0.08982035928143717 0 0 32.281 22.586 52.629
1 121 16 0 0.0059880239520957446 0 0 33.550 20.613 55.532
1 122 17 0 0.02395209580838331 0 0 35.917 18.651 53.314
1 123 1 0 0.09580838323353291 0 0 38.094 19.501 50.375
1 124 18 0 0.0718562874251496 0 0 40.189 17.474 48.055
1 125 22 0 0.21556886227544902 0 0 42.047 20.413 46.814
1 126 3 0 0.10179640718562877 0 0 44.829 21.296 49.212
1 127 18 0 0.19161676646706582 0 0 44.915 24.976 49.902
1 128 13 0 0.06586826347305386 0 0 48.654 25.074 50.399
1 129 6 0 0.13173652694610782 0 0 49.172 23.701 46.884
1 130 0 0 0.43113772455089827 0 0 46.648 26.147 45.526
1 131 6 0 0.2934131736526946 0 0 48.421 28.886 47.410
1 132 3 0 0.14970059880239517 0 0 51.845 28.018 46.014
1 133 12 0 0.3413173652694611 0 0 50.316 27.579 42.539
1 134 0 0 0.5149700598802396 0 0 48.943 31.045 42.949
1 135 1 0 0.2335329341317366 0 0 52.292 32.565 43.850
1 136 17 0 0.17365269461077848 0 0 53.807 31.068 40.735
1 137 20 0 0.46706586826347307 0 0 51.270 32.753 38.470
1 138 9 0 0.40718562874251496 0 0 51.591 35.814 40.523
1 139 11 0 0.658682634730539 0 0 47.877 36.021 40.912
1 140 16 0 0.7065868263473054 0 0 45.450 36.610 43.688
1 141 15 0 0.7724550898203593 0 0 43.764 33.558 45.295
1 142 11 0 0.7604790419161677 0 0 40.582 33.854 47.334
1 143 7 0 0.6946107784431137 0 0 37.789 31.569 48.467
1 144 18 0 0.7664670658682635 0 0 34.073 32.052 47.807
1 145 17 0 0.6047904191616766 0 0 30.781 30.367 48.004
1 146 0 0 0.688622754491018 0 0 28.148 30.866 45.340
1 147 13 0 0.4131736526946108 0 0 25.320 29.096 47.278
1 148 18 0 0.2574850299401197 0 0 25.485 31.511 50.218
1 149 1 0 0.4850299401197605 0 0 26.910 34.523 48.429
1 150 6 0 0.437125748502994 0 0 29.853 34.933 50.743
1 151 9 0 0.562874251497006 0 0 32.747 36.975 49.365
1 152 22 0 0.7784431137724551 0 0 31.018 37.224 45.939
1 153 3 0 0.652694610778443 0 0 31.495 40.970 45.869
1 154 3 0 0.6646706586826348 0 0 34.989 40.285 47.224
1 155 0 0 0.8802395209580838 0 0 35.928 37.908 44.464
1 156 15 0 0.9041916167664671 0 0 34.970 40.166 41.658
1 157 20 0 0.7425149700598803 0 0 36.252 43.271 43.285
1 158 18 0 0.7964071856287425 0 0 39.588 41.580 43.739
1 159 12 0 0.8922155688622755 0 0 39.441 41.078 39.988
1 160 22 0 0.7485029940119761 0 0 38.512 44.702 39.212
1 161 1 0 0.5568862275449102 0 0 41.639 45.683 41.114
1 162 7 0 0.6467065868263473 0 0 43.852 43.498 38.913
1 163 11 0 0.5988023952095809 0 0 42.487 45.021 35.710
1 164 1 0 0.38323353293413165 0 0 42.851 48.452 37.158
1 165 13 0 0.2694610778443114 0 0 46.293 47.732 38.600
1 166 10 0 0.059880239520958 0 0 49.189 49.474 36.961
1 167 13 0 0.041916167664670656 0 0 52.171 47.781 35.352
