1 1 14 0 0.0119760479041916 0 0 22.745 30.056 51.084
1 2 18 0 0.13173652694610782 0 0 25.024 32.615 49.471
1 3 7 0 0.29940119760479034 0 0 24.009 33.556 46.020
1 4 20 0 0.5748502994011976 0 0 26.867 34.665 43.692
1 5 13 0 0.718562874251497 0 0 26.285 36.872 40.609
1 6 12 0 0.9221556886227544 0 0 28.840 35.739 38.000
1 7 22 0 0.9401197604790419 0 0 29.168 37.771 34.842
1 8 22 0 0.9820359281437125 0 0 30.989 35.879 32.112
1 9 22 0 0.9700598802395209 0 0 32.885 38.048 29.621
1 10 9 0 0.9281437125748503 0 0 35.215 37.635 26.684
1 11 0 0 0.8023952095808383 0 0 35.335 37.479 22.936
1 12 9 0 0.5988023952095809 0 0 33.684 35.642 20.083
1 13 9 0 0.5868263473053892 0 0 34.292 31.930 19.845
1 14 22 0 0.8323353293413174 0 0 35.427 31.142 23.340
1 15 9 0 0.844311377245509 0 0 32.563 28.989 24.649
1 16 13 0 0.9341317365269461 0 0 31.213 31.457 27.127
1 17 17 0 0.8383233532934131 0 0 27.870 29.751 26.796
1 18 0 0 0.7784431137724551 0 0 29.490 26.335 26.634
1 19 12 0 0.8982035928143712 0 0 31.305 26.645 30.003
1 20 18 0 0.874251497005988 0 0 28.089 27.652 31.627
1 21 11 0 0.6467065868263473 0 0 26.010 24.913 30.172
1 22 6 0 0.592814371257485 0 0 28.644 22.289 30.807
1 23 12 0 0.6766467065868262 0 0 28.568 23.175 34.481
1 24 11 0 0.5329341317365269 0 0 24.791 23.699 34.726
1 25 6 0 0.28742514970059885 0 0 23.225 21.076 32.496
1 26 2 0 0.26347305389221565 0 0 26.192 18.851 31.929
1 27 10 0 0.23952095808383234 0 0 26.193 19.031 28.162
1 28 15 0 0.37125748502994016 0 0 28.245 20.861 25.553
1 29 22 0 0.39520958083832336 0 0 26.271 23.541 23.665
1 30 3 0 0.11377245508982048 0 0 24.904 22.387 20.382
1 31 7 0 0.09580838323353291 0 0 23.413 25.539 18.972
1 32 20 0 0.25149700598802394 0 0 24.205 29.176 19.579
1 33 3 0 0.221556886227545 0 0 21.774 31.880 20.703
1 34 16 0 0.35928143712574856 0 0 22.428 35.357 22.117
1 35 18 0 0.43113772455089827 0 0 20.895 34.132 25.379
1 36 11 0 0.19161676646706582 0 0 18.033 36.413 26.105
1 37 7 0 0.06586826347305386 0 0 14.953 34.554 27.077
1 38 3 0 0.15568862275449102 0 0 16.167 33.049 30.332
1 39 17 0 0.45508982035928147 0 0 19.218 33.172 32.547
1 40 20 0 0.5269461077844311 0 0 20.817 30.118 33.858
1 41 1 0 0.4970059880239521 0 0 21.576 29.229 37.441
1 42 13 0 0.4491017964071856 0 0 22.968 26.370 39.554
1 43 6 0 0.20359281437125742 0 0 22.816 25.156 43.146
1 44 22 0 0.24550898203592808 0 0 26.130 23.822 44.481
1 45 22 0 0.10179640718562877 0 0 27.952 23.163 47.769
1 46 11 0 0.18562874251497008 0 0 31.443 24.580 47.809
1 47 3 0 0.04790419161676651 0 0 33.548 23.900 50.841
1 48 9 0 0.0 0 0 30.359 23.036 52.705
1 49 7 0 0.02395209580838331 0 0 28.835 26.440 51.952
1 50 18 0 0.053892215568862256 0 0 25.760 26.051 49.788
1 51 5 0 0.22754491017964074 0 0 25.459 28.509 46.982
1 52 12 0 0.3772455089820359 0 0 23.691 29.539 43.954
1 53 12 0 0.6646706586826348 0 0 25.701 30.446 40.823
1 54 3 0 0.658682634730539 0 0 23.749 33.006 38.930
1 55 11 0 0.8622754491017964 0 0 25.496 33.007 35.592
1 56 12 0 0.8562874251497006 0 0 25.126 35.850 33.150
1 57 3 0 0.8682634730538922 0 0 26.000 35.242 29.543
1 58 18 0 0.8263473053892215 0 0 27.257 38.016 27.245
1 59 0 0 0.6167664670658684 0 0 26.690 38.212 23.554
1 60 9 0 0.437125748502994 0 0 27.608 40.650 20.846
1 61 6 0 0.4011976047904191 0 0 30.457 43.058 20.784
1 62 7 0 0.38323353293413165 0 0 30.524 45.956 23.165
1 63 7 0 0.13772455089820357 0 0 28.583 49.075 22.844
1 64 20 0 0.059880239520958 0 0 29.322 52.020 25.082
1 65 17 0 0.03592814371257491 0 0 26.189 51.974 27.008
1 66 0 0 0.029940119760479056 0 0 24.884 52.607 30.504
1 67 14 0 0.08383233532934131 0 0 22.876 49.464 29.910
1 68 1 0 0.32335329341317365 0 0 25.985 47.435 29.349
1 69 3 0 0.3293413173652695 0 0 27.940 48.829 32.311
1 70 6 0 0.2574850299401197 0 0 25.055 48.072 34.665
1 71 20 0 0.5029940119760479 0 0 24.914 44.539 33.434
1 72 14 0 0.6946107784431137 0 0 28.660 44.251 34.233
1 73 1 0 0.49101796407185627 0 0 28.180 45.839 37.599
1 74 18 0 0.5508982035928144 0 0 25.784 42.927 38.389
1 75 9 0 0.8143712574850299 0 0 28.925 40.750 38.575
1 76 7 0 0.7125748502994012 0 0 30.141 39.850 41.947
1 77 9 0 0.8862275449101796 0 0 32.781 37.934 40.107
1 78 15 0 0.9640718562874252 0 0 33.787 37.892 36.503
1 79 12 0 0.9940119760479041 0 0 34.787 34.957 34.285
1 80 5 0 0.9880239520958084 0 0 37.299 36.167 31.713
1 81 22 0 0.9760479041916168 0 0 37.446 33.759 28.941
1 82 15 0 0.8802395209580838 0 0 39.651 33.285 25.953
1 83 0 0 0.7365269461077844 0 0 40.359 30.407 23.610
1 84 11 0 0.5209580838323353 0 0 43.914 29.109 23.545
1 85 2 0 0.281437125748503 0 0 43.865 28.839 19.742
1 86 2 0 0.3413173652694611 0 0 42.749 32.397 19.049
1 87 18 0 0.2934131736526946 0 0 45.135 35.179 19.882
1 88 13 0 0.33532934131736525 0 0 42.412 37.732 19.173
1 89 17 0 0.6407185628742516 0 0 40.232 36.412 21.994
1 90 15 0 0.6047904191616766 0 0 43.346 36.823 24.111
1 91 7 0 0.44311377245508976 0 0 43.874 40.309 22.692
1 92 3 0 0.5688622754491017 0 0 40.386 41.438 23.778
1 93 11 0 0.7724550898203593 0 0 40.984 40.463 27.425
1 94 10 0 0.5389221556886228 0 0 42.641 43.850 27.964
1 95 10 0 0.5089820359281436 0 0 39.589 45.685 26.808
1 96 20 0 0.7604790419161677 0 0 37.231 43.682 28.960
1 97 1 0 0.7245508982035929 0 0 39.536 44.075 31.938
1 98 7 0 0.46706586826347307 0 0 39.341 47.812 31.277
1 99 6 0 0.5149700598802396 0 0 35.542 47.812 31.141
1 100 11 0 0.6706586826347305 0 0 35.294 45.861 34.417
1 101 13 0 0.4610778443113772 0 0 37.857 48.146 36.026
1 102 1 0 0.21556886227544902 0 0 35.815 51.176 35.245
1 103 22 0 0.3053892215568862 0 0 32.426 50.017 36.339
1 104 13 0 0.3532934131736526 0 0 33.313 48.375 39.644
1 105 3 0 0.10778443113772451 0 0 35.229 51.415 40.893
1 106 17 0 0.16766467065868274 0 0 38.128 49.187 41.754
1 107 7 0 0.31137724550898194 0 0 40.892 47.440 39.812
1 108 3 0 0.40718562874251496 0 0 41.135 44.416 42.111
1 109 22 0 0.6227544910179641 0 0 37.796 42.827 41.109
1 110 16 0 0.7964071856287425 0 0 37.454 39.053 41.592
1 111 14 0 0.9161676646706587 0 0 38.408 37.717 38.271
1 112 22 0 0.9580838323353293 0 0 39.291 34.294 36.882
1 113 12 0 0.9461077844311377 0 0 40.990 33.931 33.560
1 114 22 0 0.9520958083832335 0 0 39.955 30.819 31.568
1 115 9 0 0.8502994011976048 0 0 41.862 29.397 28.680
1 116 2 0 0.8203592814371258 0 0 39.279 27.326 26.825
1 117 13 0 0.5568862275449102 0 0 39.817 24.730 24.129
1 118 5 0 0.41916167664670656 0 0 42.725 22.794 25.742
1 119 3 0 0.17365269461077848 0 0 41.523 19.410 24.534
1 120 12 0 0.08982035928143717 0 0 43.060 20.481 21.300
1 121 16 0 0.0059880239520957446 0 0 46.654 19.426 21.158
1 122 17 0 0.017964071856287345 0 0 47.953 22.696 19.725
1 123 1 0 0.11976047904191622 0 0 47.400 26.219 20.860
1 124 18 0 0.0718562874251496 0 0 48.338 29.545 19.219
1 125 22 0 0.2335329341317366 0 0 48.293 31.566 22.416
1 126 3 0 0.12574850299401197 0 0 51.458 31.693 24.430
1 127 18 0 0.20958083832335328 0 0 50.865 30.102 27.808
1 128 13 0 0.07784431137724557 0 0 53.613 32.266 29.258
1 129 6 0 0.14970059880239517 0 0 52.018 35.368 27.972
1 130 0 0 0.47904191616766467 0 0 48.686 34.495 29.551
1 131 6 0 0.34730538922155685 0 0 50.523 33.723 32.773
1 132 3 0 0.16167664670658677 0 0 52.362 37.031 32.824
1 133 12 0 0.4131736526946108 0 0 49.104 38.773 32.070
1 134 0 0 0.562874251497006 0 0 47.513 36.836 34.872
1 135 1 0 0.2694610778443114 0 0 50.407 37.389 37.225
1 136 17 0 0.17964071856287422 0 0 50.454 41.071 36.544
1 137 20 0 0.3652694610778443 0 0 47.177 41.828 38.160
1 138 9 0 0.3892215568862275 0 0 47.521 38.751 40.348
1 139 11 0 0.652694610778443 0 0 44.423 36.856 39.133
1 140 16 0 0.7425149700598803 0 0 44.224 33.089 38.463
1 141 15 0 0.7844311377245509 0 0 44.652 31.488 35.088
1 142 11 0 0.8083832335329342 0 0 43.105 28.102 34.450
1 143 7 0 0.688622754491018 0 0 43.195 25.778 31.429
1 144 18 0 0.7485029940119761 0 0 39.949 24.246 30.432
1 145 17 0 0.6107784431137725 0 0 38.018 22.568 27.703
1 146 0 0 0.7005988023952096 0 0 34.302 23.239 27.390
1 147 13 0 0.4251497005988024 0 0 33.794 20.253 25.247
1 148 18 0 0.27544910179640725 0 0 35.543 17.684 27.518
1 149 1 0 0.4730538922155688 0 0 34.722 19.132 30.898
1 150 6 0 0.4850299401197605 0 0 38.330 19.726 31.992
1 151 9 0 0.6287425149700598 0 0 38.500 22.054 34.967
1 152 22 0 0.7904191616766467 0 0 34.899 23.156 34.552
1 153 3 0 0.6826347305389222 0 0 34.021 22.981 38.179
1 154 3 0 0.7065868263473054 0 0 37.446 24.365 39.147
1 155 0 0 0.9041916167664671 0 0 37.239 27.502 37.076
1 156 15 0 0.9101796407185628 0 0 33.874 28.254 38.618
1 157 20 0 0.7305389221556886 0 0 34.661 27.176 42.199
1 158 18 0 0.7664670658682635 0 0 37.874 29.254 42.072
1 159 12 0 0.8922155688622755 0 0 35.967 32.214 40.826
1 160 22 0 0.7544910179640718 0 0 33.709 31.945 43.840
1 161 1 0 0.5449101796407185 0 0 36.605 31.356 46.280
1 162 7 0 0.6347305389221557 0 0 38.067 34.584 44.826
1 163 11 0 0.5808383233532934 0 0 34.785 36.390 45.639
1 164 1 0 0.3173652694610779 0 0 34.978 35.111 49.147
1 165 13 0 0.19760479041916168 0 0 38.084 37.112 49.918
1 166 10 0 0.14371257485029942 0 0 36.139 40.321 50.159
1 167 13 0 0.041916167664670656 0 0 33.538 39.265 52.677
