5.000000000000000000e+00 1.562500000000000000e-01 2.673200035095214844e+01 3.709400177001953125e+01 4.069200134277343750e+01
1.600000000000000000e+01 2.276785671710968018e-01 2.698100090026855469e+01 4.097499847412109375e+01 4.115399932861328125e+01
1.200000000000000000e+01 5.044642686843872070e-01 3.076499938964843750e+01 4.075699996948242188e+01 4.132099914550781250e+01
1.400000000000000000e+01 5.535714030265808105e-01 3.196400070190429688e+01 3.811000061035156250e+01 3.878699874877929688e+01
2.200000000000000000e+01 7.276785969734191895e-01 3.555799865722656250e+01 3.761000061035156250e+01 3.773699951171875000e+01
1.300000000000000000e+01 6.830357313156127930e-01 3.623099899291992188e+01 3.537900161743164062e+01 3.474399948120117188e+01
2.200000000000000000e+01 7.500000000000000000e-01 3.978900146484375000e+01 3.419400024414062500e+01 3.413100051879882812e+01
1.200000000000000000e+01 6.875000000000000000e-01 4.080599975585937500e+01 3.310599899291992188e+01 3.060799980163574219e+01
3.000000000000000000e+00 6.339285969734191895e-01 4.397399902343750000e+01 3.135099983215332031e+01 2.937500000000000000e+01
0.000000000000000000e+00 6.250000000000000000e-01 4.528300094604492188e+01 3.290200042724609375e+01 2.621599960327148438e+01
2.200000000000000000e+01 4.330357015132904053e-01 4.760699844360351562e+01 3.017200088500976562e+01 2.504400062561035156e+01
1.000000000000000000e+00 2.410714328289031982e-01 4.488299942016601562e+01 2.744799995422363281e+01 2.493000030517578125e+01
9.000000000000000000e+00 3.169642984867095947e-01 4.203200149536132812e+01 2.991799926757812500e+01 2.431399917602539062e+01
1.700000000000000000e+01 2.723214328289031982e-01 4.003599929809570312e+01 2.846999931335449219e+01 2.717099952697753906e+01
1.600000000000000000e+01 3.794642984867095947e-01 3.902399826049804688e+01 2.896100044250488281e+01 3.075399971008300781e+01
0.000000000000000000e+00 5.446428656578063965e-01 4.201100158691406250e+01 2.910400009155273438e+01 3.329499816894531250e+01
1.100000000000000000e+01 3.437500000000000000e-01 4.158700180053710938e+01 2.647299957275390625e+01 3.601200103759765625e+01
2.000000000000000000e+00 3.705357015132904053e-01 4.312799835205078125e+01 2.682099914550781250e+01 3.970100021362304688e+01
2.200000000000000000e+01 6.607142686843872070e-01 4.370100021362304688e+01 3.057699966430664062e+01 3.954000091552734375e+01
0.000000000000000000e+00 6.919642686843872070e-01 4.357300186157226562e+01 3.258200073242187500e+01 4.271900177001953125e+01
1.400000000000000000e+01 7.901785969734191895e-01 4.241500091552734375e+01 3.605599975585937500e+01 4.376399993896484375e+01
2.200000000000000000e+01 7.232142686843872070e-01 3.911199951171875000e+01 4.104499816894531250e+01 4.682199859619140625e+01
1.500000000000000000e+01 6.696428656578063965e-01 3.941999816894531250e+01 4.411100006103515625e+01 4.907099914550781250e+01
1.000000000000000000e+00 5.267857313156127930e-01 3.726100158691406250e+01 4.713600158691406250e+01 5.011199951171875000e+01
1.300000000000000000e+01 4.598214328289031982e-01 3.828900146484375000e+01 5.059999847412109375e+01 5.126900100708007812e+01
0.000000000000000000e+00 1.696428507566452026e-01 3.776800155639648438e+01 5.138299942016601562e+01 5.500699996948242188e+01
0.000000000000000000e+00 5.803571268916130066e-02 3.713199996948242188e+01 5.496400070190429688e+01 5.643799972534179688e+01
3.000000000000000000e+00 8.928571641445159912e-02 4.068500137329101562e+01 5.610800170898437500e+01 5.587599945068359375e+01
3.000000000000000000e+00 3.348214328289031982e-01 4.109299850463867188e+01 5.417900085449218750e+01 5.247999954223632812e+01
1.800000000000000000e+01 3.571428656578063965e-01 4.286100006103515625e+01 5.125899887084960938e+01 5.405699920654296875e+01
1.900000000000000000e+01 5.312500000000000000e-01 4.242399978637695312e+01 4.787400054931640625e+01 5.248500061035156250e+01
7.000000000000000000e+00 3.303571343421936035e-01 3.997000122070312500e+01 4.583599853515625000e+01 5.445800018310546875e+01
1.600000000000000000e+01 3.839285671710968018e-01 3.945600128173828125e+01 4.222100067138671875e+01 5.317200088500976562e+01
1.500000000000000000e+01 3.616071343421936035e-01 3.613800048828125000e+01 4.142900085449218750e+01 5.151800155639648438e+01
0.000000000000000000e+00 4.419642984867095947e-01 3.642900085449218750e+01 3.805300140380859375e+01 4.958300018310546875e+01
1.700000000000000000e+01 5.089285969734191895e-01 3.877799987792968750e+01 3.522100067138671875e+01 4.829499816894531250e+01
9.000000000000000000e+00 4.151785671710968018e-01 3.845999908447265625e+01 3.197500038146972656e+01 4.625799942016601562e+01
1.300000000000000000e+01 4.910714328289031982e-01 3.981700134277343750e+01 3.020299911499023438e+01 4.323500061035156250e+01
1.800000000000000000e+01 4.642857015132904053e-01 3.845800018310546875e+01 2.937199974060058594e+01 3.980300140380859375e+01
1.700000000000000000e+01 1.964285671710968018e-01 3.565299987792968750e+01 2.692099952697753906e+01 3.856999969482421875e+01
7.000000000000000000e+00 9.375000000000000000e-02 3.600500106811523438e+01 2.459399986267089844e+01 3.552999877929687500e+01
1.700000000000000000e+01 1.517857164144515991e-01 3.394300079345703125e+01 2.718600082397460938e+01 3.351200103759765625e+01
9.000000000000000000e+00 4.241071343421936035e-01 3.634799957275390625e+01 2.998800086975097656e+01 3.445199966430664062e+01
7.000000000000000000e+00 4.464285671710968018e-01 3.409600067138671875e+01 3.196100044250488281e+01 3.672100067138671875e+01
1.200000000000000000e+01 4.732142984867095947e-01 3.468000030517578125e+01 3.257500076293945312e+01 4.036999893188476562e+01
9.000000000000000000e+00 1.294642835855484009e-01 3.000000000000000000e+01 3.350000000000000000e+01 4.538100051879882812e+01
1.200000000000000000e+01 3.214285671710968018e-01 3.228499984741210938e+01 3.653900146484375000e+01 4.597399902343750000e+01
1.800000000000000000e+01 1.741071492433547974e-01 2.939900016784667969e+01 3.876599884033203125e+01 4.720299911499023438e+01
1.800000000000000000e+01 3.125000000000000000e-02 2.551399993896484375e+01 3.903099822998046875e+01 4.751200103759765625e+01
7.000000000000000000e+00 2.232142910361289978e-02 2.367600059509277344e+01 4.227000045776367188e+01 4.661199951171875000e+01
7.000000000000000000e+00 0.000000000000000000e+00 2.268700027465820312e+01 4.307799911499023438e+01 5.009700012207031250e+01
7.000000000000000000e+00 2.678571455180644989e-02 2.630200004577636719e+01 4.269800186157226562e+01 5.120399856567382812e+01
1.500000000000000000e+01 1.071428582072257996e-01 2.757900047302246094e+01 4.486600112915039062e+01 4.825400161743164062e+01
2.200000000000000000e+01 8.482142537832260132e-02 2.769000053405761719e+01 4.829100036621093750e+01 4.982699966430664062e+01
7.000000000000000000e+00 9.821428358554840088e-02 2.857500076293945312e+01 5.168600082397460938e+01 4.827000045776367188e+01
9.000000000000000000e+00 2.812500000000000000e-01 3.245100021362304688e+01 5.182799911499023438e+01 4.823199844360351562e+01
1.100000000000000000e+01 5.803571343421936035e-01 3.581999969482421875e+01 5.164099884033203125e+01 4.633399963378906250e+01
2.000000000000000000e+01 7.053571343421936035e-01 3.700699996948242188e+01 4.798199844360351562e+01 4.571799850463867188e+01
1.300000000000000000e+01 8.526785969734191895e-01 4.022900009155273438e+01 4.618700027465820312e+01 4.449900054931640625e+01
2.200000000000000000e+01 9.107142686843872070e-01 4.049700164794921875e+01 4.265700149536132812e+01 4.281399917602539062e+01
7.000000000000000000e+00 9.419642686843872070e-01 4.406600189208984375e+01 4.123199844360351562e+01 4.308700180053710938e+01
1.100000000000000000e+01 9.375000000000000000e-01 4.466199874877929688e+01 3.819499969482421875e+01 4.084500122070312500e+01
3.000000000000000000e+00 8.705357313156127930e-01 4.751699829101562500e+01 3.578499984741210938e+01 4.128400039672851562e+01
1.800000000000000000e+01 8.928571343421936035e-01 4.917499923706054688e+01 3.536800003051757812e+01 3.774900054931640625e+01
1.300000000000000000e+01 7.857142686843872070e-01 5.227700042724609375e+01 3.361999893188476562e+01 3.899800109863281250e+01
1.700000000000000000e+01 6.160714030265808105e-01 5.141899871826171875e+01 3.019099998474121094e+01 4.038499832153320312e+01
2.000000000000000000e+01 6.071428656578063965e-01 4.949800109863281250e+01 2.912599945068359375e+01 3.735200119018554688e+01
1.900000000000000000e+01 5.714285969734191895e-01 5.251800155639648438e+01 2.930699920654296875e+01 3.498699951171875000e+01
1.300000000000000000e+01 3.660714328289031982e-01 5.463299942016601562e+01 2.759499931335449219e+01 3.761700057983398438e+01
0.000000000000000000e+00 2.544642984867095947e-01 5.192699813842773438e+01 2.489999961853027344e+01 3.795299911499023438e+01
1.200000000000000000e+01 2.142857164144515991e-01 5.191299819946289062e+01 2.433300018310546875e+01 3.412200164794921875e+01
9.000000000000000000e+00 1.473214328289031982e-01 5.573699951171875000e+01 2.425200080871582031e+01 3.419400024414062500e+01
1.100000000000000000e+01 3.080357015132904053e-01 5.595100021362304688e+01 2.754000091552734375e+01 3.230799865722656250e+01
1.700000000000000000e+01 4.866071343421936035e-01 5.787799835205078125e+01 3.078300094604492188e+01 3.336000061035156250e+01
1.600000000000000000e+01 7.008928656578063965e-01 5.549300003051757812e+01 3.354800033569335938e+01 3.458700180053710938e+01
1.500000000000000000e+01 7.946428656578063965e-01 5.669200134277343750e+01 3.704899978637695312e+01 3.392399978637695312e+01
7.000000000000000000e+00 9.151785969734191895e-01 5.344300079345703125e+01 3.843899917602539062e+01 3.897700119018554688e+01
0.000000000000000000e+00 9.955357313156127930e-01 4.702999877929687500e+01 4.175299835205078125e+01 3.786700057983398438e+01
7.000000000000000000e+00 9.910714030265808105e-01 4.543700027465820312e+01 4.409299850463867188e+01 4.040700149536132812e+01
2.200000000000000000e+01 9.821428656578063965e-01 4.261899948120117188e+01 4.630500030517578125e+01 3.906999969482421875e+01
2.200000000000000000e+01 9.285714030265808105e-01 4.126900100708007812e+01 4.902099990844726562e+01 4.149100112915039062e+01
1.500000000000000000e+01 8.258928656578063965e-01 3.781299972534179688e+01 5.067399978637695312e+01 4.073799896240234375e+01
1.800000000000000000e+01 6.428571343421936035e-01 3.459799957275390625e+01 5.224100112915039062e+01 4.204800033569335938e+01
0.000000000000000000e+00 5.133928656578063965e-01 3.147999954223632812e+01 5.006600189208984375e+01 4.260400009155273438e+01
2.000000000000000000e+00 2.232142835855484009e-01 2.789900016784667969e+01 5.118700027465820312e+01 4.279000091552734375e+01
3.000000000000000000e+00 1.830357164144515991e-01 2.824500083923339844e+01 5.468500137329101562e+01 4.131999969482421875e+01
1.700000000000000000e+01 4.017857089638710022e-02 2.521800041198730469e+01 5.650699996948242188e+01 3.977399826049804688e+01
9.000000000000000000e+00 1.785714365541934967e-02 2.315600013732910156e+01 5.389199829101562500e+01 4.165599822998046875e+01
1.600000000000000000e+01 6.696428358554840088e-02 2.397100067138671875e+01 5.019100189208984375e+01 4.203400039672851562e+01
1.000000000000000000e+00 1.785714328289031982e-01 2.578400039672851562e+01 4.827799987792968750e+01 3.922800064086914062e+01
1.000000000000000000e+00 2.500000000000000000e-01 2.638100051879882812e+01 4.468299865722656250e+01 3.821799850463867188e+01
2.000000000000000000e+01 5.357142686843872070e-01 3.012000083923339844e+01 4.402099990844726562e+01 3.766699981689453125e+01
1.800000000000000000e+01 6.205357313156127930e-01 3.178899955749511719e+01 4.145800018310546875e+01 3.534099960327148438e+01
1.100000000000000000e+01 8.125000000000000000e-01 3.560800170898437500e+01 4.142699813842773438e+01 3.506100082397460938e+01
0.000000000000000000e+00 8.303571343421936035e-01 3.763399887084960938e+01 3.931600189208984375e+01 3.259400177001953125e+01
0.000000000000000000e+00 9.196428656578063965e-01 4.144699859619140625e+01 3.870999908447265625e+01 3.292100143432617188e+01
1.200000000000000000e+01 8.482142686843872070e-01 4.320500183105468750e+01 3.707899856567382812e+01 2.996800041198730469e+01
1.200000000000000000e+01 8.571428656578063965e-01 4.649900054931640625e+01 3.553400039672851562e+01 3.120400047302246094e+01
1.700000000000000000e+01 7.991071343421936035e-01 4.932699966430664062e+01 3.495500183105468750e+01 2.896500015258789062e+01
1.600000000000000000e+01 7.321428656578063965e-01 5.297700119018554688e+01 3.416899871826171875e+01 2.998600006103515625e+01
2.000000000000000000e+01 7.678571343421936035e-01 5.441799926757812500e+01 3.739899826049804688e+01 2.856399917602539062e+01
1.700000000000000000e+01 8.883928656578063965e-01 5.117800140380859375e+01 3.944800186157226562e+01 2.874099922180175781e+01
2.000000000000000000e+01 9.598214030265808105e-01 4.773600006103515625e+01 4.023899841308593750e+01 3.017799949645996094e+01
1.700000000000000000e+01 9.553571343421936035e-01 4.455400085449218750e+01 4.192800140380859375e+01 2.891300010681152344e+01
1.800000000000000000e+01 9.642857313156127930e-01 4.186999893188476562e+01 4.306399917602539062e+01 3.142200088500976562e+01
1.800000000000000000e+01 8.616071343421936035e-01 3.833599853515625000e+01 4.401800155639648438e+01 3.034099960327148438e+01
0.000000000000000000e+00 8.214285969734191895e-01 3.577999877929687500e+01 4.536100006103515625e+01 3.287300109863281250e+01
2.200000000000000000e+01 6.383928656578063965e-01 3.206399917602539062e+01 4.527199935913085938e+01 3.218799972534179688e+01
2.200000000000000000e+01 5.000000000000000000e-01 2.958600044250488281e+01 4.757899856567382812e+01 3.403499984741210938e+01
1.800000000000000000e+01 2.053571492433547974e-01 2.593600082397460938e+01 4.687099838256835938e+01 3.340399932861328125e+01
2.000000000000000000e+00 5.357142910361289978e-02 2.272699928283691406e+01 4.819599914550781250e+01 3.492900085449218750e+01
1.600000000000000000e+01 4.464285913854837418e-03 1.989299964904785156e+01 4.655400085449218750e+01 3.690200042724609375e+01
5.000000000000000000e+00 1.116071417927742004e-01 6.803500366210937500e+01 5.025199890136718750e+01 2.805599975585937500e+01
1.600000000000000000e+01 2.455357164144515991e-01 6.729699707031250000e+01 4.757699966430664062e+01 3.072699928283691406e+01
1.200000000000000000e+01 5.223214030265808105e-01 6.355899810791015625e+01 4.869100189208984375e+01 3.086499977111816406e+01
1.400000000000000000e+01 5.178571343421936035e-01 6.190800094604492188e+01 5.048500061035156250e+01 2.790600013732910156e+01
2.200000000000000000e+01 6.741071343421936035e-01 5.825500106811523438e+01 5.135200119018554688e+01 2.854599952697753906e+01
1.300000000000000000e+01 6.517857313156127930e-01 5.595700073242187500e+01 5.209400177001953125e+01 2.546699905395507812e+01
2.200000000000000000e+01 7.142857313156127930e-01 5.247999954223632812e+01 5.345500183105468750e+01 2.608799934387207031e+01
1.200000000000000000e+01 6.473214030265808105e-01 4.970500183105468750e+01 5.362599945068359375e+01 2.347100067138671875e+01
3.000000000000000000e+00 6.562500000000000000e-01 4.592300033569335938e+01 5.380400085449218750e+01 2.354500007629394531e+01
0.000000000000000000e+00 5.625000000000000000e-01 4.283900070190429688e+01 5.256600189208984375e+01 2.179100036621093750e+01
2.200000000000000000e+01 4.017857015132904053e-01 4.075799942016601562e+01 5.570500183105468750e+01 2.212999916076660156e+01
1.000000000000000000e+00 2.187500000000000000e-01 4.251800155639648438e+01 5.771300125122070312e+01 1.957200050354003906e+01
9.000000000000000000e+00 2.633928656578063965e-01 4.452899932861328125e+01 5.469699859619140625e+01 1.822400093078613281e+01
1.700000000000000000e+01 2.589285671710968018e-01 4.779100036621093750e+01 5.646699905395507812e+01 1.891500091552734375e+01
1.600000000000000000e+01 3.526785671710968018e-01 5.086700057983398438e+01 5.673799896240234375e+01 2.110600090026855469e+01
0.000000000000000000e+00 4.955357015132904053e-01 5.017300033569335938e+01 5.841799926757812500e+01 2.441099929809570312e+01
1.100000000000000000e+01 2.678571343421936035e-01 5.192300033569335938e+01 6.162400054931640625e+01 2.517900085449218750e+01
2.000000000000000000e+00 2.991071343421936035e-01 5.306299972534179688e+01 6.284400177001953125e+01 2.863400077819824219e+01
2.200000000000000000e+01 5.937500000000000000e-01 5.159999847412109375e+01 5.995199966430664062e+01 3.070299911499023438e+01
0.000000000000000000e+00 6.116071343421936035e-01 5.297700119018554688e+01 6.005199813842773438e+01 3.432300186157226562e+01
1.400000000000000000e+01 7.366071343421936035e-01 5.428799819946289062e+01 5.691699981689453125e+01 3.606499862670898438e+01
2.200000000000000000e+01 7.187500000000000000e-01 5.864199829101562500e+01 5.267599868774414062e+01 3.957400131225585938e+01
1.500000000000000000e+01 6.964285969734191895e-01 5.894499969482421875e+01 5.060200119018554688e+01 4.283599853515625000e+01
1.000000000000000000e+00 6.294642686843872070e-01 6.075799942016601562e+01 4.740100097656250000e+01 4.394699859619140625e+01
1.300000000000000000e+01 6.026785969734191895e-01 5.979499816894531250e+01 4.452399826049804688e+01 4.640000152587890625e+01
0.000000000000000000e+00 3.125000000000000000e-01 6.261999893188476562e+01 4.454399871826171875e+01 4.890999984741210938e+01
0.000000000000000000e+00 1.250000000000000000e-01 6.386999893188476562e+01 4.186299896240234375e+01 5.130400085449218750e+01
3.000000000000000000e+00 1.026785746216773987e-01 6.152299880981445312e+01 4.274100112915039062e+01 5.419200134277343750e+01
3.000000000000000000e+00 3.392857015132904053e-01 5.838199996948242188e+01 4.243700027465820312e+01 5.202399826049804688e+01
1.800000000000000000e+01 4.196428656578063965e-01 5.799599838256835938e+01 4.610599899291992188e+01 5.145399856567382812e+01
1.900000000000000000e+01 5.982142686843872070e-01 5.757500076293945312e+01 4.822600173950195312e+01 4.833100128173828125e+01
7.000000000000000000e+00 4.508928656578063965e-01 6.058200073242187500e+01 5.064799880981445312e+01 4.778200149536132812e+01
1.600000000000000000e+01 4.821428656578063965e-01 6.040499877929687500e+01 5.360400009155273438e+01 4.526100158691406250e+01
1.500000000000000000e+01 4.107142984867095947e-01 6.293799972534179688e+01 5.304299926757812500e+01 4.260800170898437500e+01
0.000000000000000000e+00 3.973214328289031982e-01 6.263600158691406250e+01 5.536600112915039062e+01 3.968799972534179688e+01
1.700000000000000000e+01 4.776785671710968018e-01 6.013700103759765625e+01 5.773600006103515625e+01 3.792800140380859375e+01
9.000000000000000000e+00 4.285714328289031982e-01 5.926900100708007812e+01 5.922299957275390625e+01 3.454600143432617188e+01
1.300000000000000000e+01 4.687500000000000000e-01 5.662799835205078125e+01 6.022800064086914062e+01 3.210200119018554688e+01
1.800000000000000000e+01 4.375000000000000000e-01 5.607400131225585938e+01 5.945000076293945312e+01 2.830699920654296875e+01
1.700000000000000000e+01 1.651785671710968018e-01 5.754199981689453125e+01 6.120000076293945312e+01 2.529100036621093750e+01
7.000000000000000000e+00 7.589285820722579956e-02 5.587200164794921875e+01 6.272100067138671875e+01 2.213599967956542969e+01
1.700000000000000000e+01 1.339285671710968018e-01 5.577500152587890625e+01 5.917800140380859375e+01 2.059300041198730469e+01
9.000000000000000000e+00 3.750000000000000000e-01 5.480199813842773438e+01 5.733100128173828125e+01 2.386700057983398438e+01
7.000000000000000000e+00 3.482142984867095947e-01 5.822900009155273438e+01 5.605899810791015625e+01 2.454500007629394531e+01
1.200000000000000000e+01 3.928571343421936035e-01 5.994800186157226562e+01 5.626699829101562500e+01 2.788100051879882812e+01
9.000000000000000000e+00 1.205357164144515991e-01 6.639900207519531250e+01 5.634899902343750000e+01 3.101399993896484375e+01
1.200000000000000000e+01 2.946428656578063965e-01 6.466999816894531250e+01 5.500000000000000000e+01 3.413199996948242188e+01
1.800000000000000000e+01 1.875000000000000000e-01 6.758399963378906250e+01 5.297000122070312500e+01 3.558800125122070312e+01
1.800000000000000000e+01 4.464285820722579956e-02 7.107599639892578125e+01 5.185699844360351562e+01 3.452199935913085938e+01
7.000000000000000000e+00 3.571428731083869934e-02 7.201899719238281250e+01 4.823799896240234375e+01 3.379700088500976562e+01
7.000000000000000000e+00 1.339285727590322495e-02 7.406700134277343750e+01 4.806700134277343750e+01 3.703400039672851562e+01
7.000000000000000000e+00 7.142857462167739868e-02 7.102200317382812500e+01 4.935699844360351562e+01 3.906299972534179688e+01
1.500000000000000000e+01 2.098214328289031982e-01 6.852100372314453125e+01 4.695700073242187500e+01 3.750099945068359375e+01
2.200000000000000000e+01 1.428571492433547974e-01 6.961199951171875000e+01 4.376499938964843750e+01 3.908000183105468750e+01
7.000000000000000000e+00 2.321428507566452026e-01 6.755000305175781250e+01 4.064699935913085938e+01 4.005899810791015625e+01
9.000000000000000000e+00 4.553571343421936035e-01 6.423600006103515625e+01 4.108200073242187500e+01 4.202700042724609375e+01
1.100000000000000000e+01 6.785714030265808105e-01 6.045700073242187500e+01 4.175899887084960938e+01 4.180199813842773438e+01
2.000000000000000000e+01 7.767857313156127930e-01 5.941400146484375000e+01 4.512699890136718750e+01 4.034999847412109375e+01
1.300000000000000000e+01 9.017857313156127930e-01 5.637699890136718750e+01 4.699900054931640625e+01 3.959999847412109375e+01
2.200000000000000000e+01 9.062500000000000000e-01 5.547600173950195312e+01 5.017599868774414062e+01 3.759299850463867188e+01
7.000000000000000000e+00 9.241071343421936035e-01 5.241500091552734375e+01 5.225500106811523438e+01 3.849800109863281250e+01
1.100000000000000000e+01 8.973214030265808105e-01 5.100000000000000000e+01 5.434199905395507812e+01 3.560800170898437500e+01
3.000000000000000000e+00 8.080357313156127930e-01 4.869599914550781250e+01 5.732400131225585938e+01 3.633599853515625000e+01
1.800000000000000000e+01 8.348214030265808105e-01 4.601699829101562500e+01 5.630300140380859375e+01 3.375699996948242188e+01
1.300000000000000000e+01 7.410714030265808105e-01 4.336500167846679688e+01 5.810599899291992188e+01 3.590499877929687500e+01
1.700000000000000000e+01 5.758928656578063965e-01 4.482899856567382812e+01 6.150899887084960938e+01 3.533499908447265625e+01
2.000000000000000000e+01 5.848214030265808105e-01 4.549599838256835938e+01 6.091400146484375000e+01 3.154000091552734375e+01
1.900000000000000000e+01 5.401785969734191895e-01 4.192300033569335938e+01 6.046400070190429688e+01 3.075300025939941406e+01
1.300000000000000000e+01 3.035714328289031982e-01 4.101399993896484375e+01 6.379999923706054688e+01 3.255599975585937500e+01
0.000000000000000000e+00 2.008928507566452026e-01 4.368500137329101562e+01 6.562500000000000000e+01 3.037199974060058594e+01
1.200000000000000000e+01 2.366071492433547974e-01 4.226100158691406250e+01 6.364400100708007812e+01 2.728000068664550781e+01
9.000000000000000000e+00 1.383928507566452026e-01 3.853599929809570312e+01 6.433499908447265625e+01 2.789500045776367188e+01
1.100000000000000000e+01 3.258928656578063965e-01 3.759500122070312500e+01 6.075000000000000000e+01 2.881100082397460938e+01
1.700000000000000000e+01 4.062500000000000000e-01 3.608300018310546875e+01 5.965700149536132812e+01 3.221500015258789062e+01
1.600000000000000000e+01 6.651785969734191895e-01 3.866400146484375000e+01 5.753099822998046875e+01 3.440700149536132812e+01
1.500000000000000000e+01 7.455357313156127930e-01 3.731299972534179688e+01 5.428599929809570312e+01 3.606100082397460938e+01
7.000000000000000000e+00 8.839285969734191895e-01 4.292300033569335938e+01 5.402799987792968750e+01 3.932600021362304688e+01
0.000000000000000000e+00 9.776785969734191895e-01 4.747399902343750000e+01 5.065200042724609375e+01 3.489300155639648438e+01
7.000000000000000000e+00 9.866071343421936035e-01 5.026200103759765625e+01 4.867800140380859375e+01 3.646799850463867188e+01
2.200000000000000000e+01 9.732142686843872070e-01 5.289799880981445312e+01 4.624200057983398438e+01 3.545100021362304688e+01
2.200000000000000000e+01 9.687500000000000000e-01 5.430500030517578125e+01 4.379600143432617188e+01 3.811100006103515625e+01
1.500000000000000000e+01 8.794642686843872070e-01 5.703499984741210938e+01 4.144100189208984375e+01 3.707099914550781250e+01
1.800000000000000000e+01 7.098214030265808105e-01 6.015299987792968750e+01 3.944100189208984375e+01 3.814799880981445312e+01
0.000000000000000000e+00 5.669642686843872070e-01 6.333399963378906250e+01 4.066500091552734375e+01 3.649300003051757812e+01
2.000000000000000000e+00 2.767857015132904053e-01 6.626300048828125000e+01 3.830599975585937500e+01 3.560800170898437500e+01
3.000000000000000000e+00 2.901785671710968018e-01 6.470200347900390625e+01 3.507699966430664062e+01 3.733000183105468750e+01
1.700000000000000000e+01 1.160714253783226013e-01 6.647599792480468750e+01 3.279499816894531250e+01 3.477500152587890625e+01
9.000000000000000000e+00 6.250000000000000000e-02 6.961900329589843750e+01 3.500000000000000000e+01 3.414799880981445312e+01
1.600000000000000000e+01 8.035714179277420044e-02 7.020600128173828125e+01 3.864099884033203125e+01 3.306200027465820312e+01
1.000000000000000000e+00 1.919642835855484009e-01 6.763800048828125000e+01 4.002099990844726562e+01 3.054999923706054688e+01
1.000000000000000000e+00 2.857142984867095947e-01 6.613899993896484375e+01 4.331800079345703125e+01 2.932600021362304688e+01
2.000000000000000000e+01 5.491071343421936035e-01 6.253300094604492188e+01 4.403300094604492188e+01 2.875799942016601562e+01
1.800000000000000000e+01 5.892857313156127930e-01 6.050500106811523438e+01 4.601300048828125000e+01 2.641399955749511719e+01
1.100000000000000000e+01 7.812500000000000000e-01 5.708399963378906250e+01 4.672399902343750000e+01 2.808099937438964844e+01
0.000000000000000000e+00 7.723214030265808105e-01 5.443600082397460938e+01 4.790000152587890625e+01 2.576399993896484375e+01
0.000000000000000000e+00 8.660714030265808105e-01 5.090599822998046875e+01 4.896200180053710938e+01 2.695199966430664062e+01
1.200000000000000000e+01 8.169642686843872070e-01 4.758599853515625000e+01 4.937900161743164062e+01 2.491900062561035156e+01
1.200000000000000000e+01 8.392857313156127930e-01 4.525999832153320312e+01 5.157899856567382812e+01 2.702899932861328125e+01
1.700000000000000000e+01 7.589285969734191895e-01 4.154299926757812500e+01 5.258499908447265625e+01 2.707900047302246094e+01
1.600000000000000000e+01 7.544642686843872070e-01 3.913800048828125000e+01 5.351100158691406250e+01 2.994499969482421875e+01
2.000000000000000000e+01 8.035714030265808105e-01 3.718999862670898438e+01 5.017900085449218750e+01 3.059900093078613281e+01
1.700000000000000000e+01 8.750000000000000000e-01 3.995299911499023438e+01 4.802999877929687500e+01 2.908799934387207031e+01
2.000000000000000000e+01 9.330357313156127930e-01 4.363999938964843750e+01 4.789400100708007812e+01 2.869000053405761719e+01
1.700000000000000000e+01 9.464285969734191895e-01 4.625699996948242188e+01 4.535499954223632812e+01 2.775099945068359375e+01
1.800000000000000000e+01 9.508928656578063965e-01 5.008399963378906250e+01 4.532300186157226562e+01 2.830200004577636719e+01
1.800000000000000000e+01 8.437500000000000000e-01 5.272700119018554688e+01 4.293399810791015625e+01 2.691600036621093750e+01
0.000000000000000000e+00 7.633928656578063965e-01 5.634500122070312500e+01 4.216099929809570312e+01 2.737500000000000000e+01
2.200000000000000000e+01 5.580357313156127930e-01 5.914500045776367188e+01 4.145500183105468750e+01 2.486599922180175781e+01
2.200000000000000000e+01 3.883928656578063965e-01 6.242499923706054688e+01 4.000000000000000000e+01 2.624699974060058594e+01
1.800000000000000000e+01 1.607142835855484009e-01 6.586199951171875000e+01 4.058300018310546875e+01 2.471299934387207031e+01
2.000000000000000000e+00 4.910714179277420044e-02 6.888200378417968750e+01 3.859899902343750000e+01 2.608600044250488281e+01
1.600000000000000000e+01 8.928571827709674835e-03 7.201300048828125000e+01 4.074399948120117188e+01 2.627700042724609375e+01
