1 1 14 0 0.0059880239520957446 0 0 29.476 24.073 54.323
1 2 18 0 0.10778443113772451 0 0 31.409 26.706 52.264
1 3 7 0 0.3173652694610779 0 0 29.388 28.137 49.335
1 4 20 0 0.5808383233532934 0 0 31.321 30.442 47.028
1 5 13 0 0.7245508982035929 0 0 29.343 32.746 44.799
1 6 12 0 0.9161676646706587 0 0 31.507 32.910 41.681
1 7 22 0 0.9580838323353293 0 0 30.639 35.229 38.825
1 8 22 0 0.9820359281437125 0 0 31.800 34.908 35.212
1 9 22 0 0.9700598802395209 0 0 32.586 38.254 33.745
1 10 9 0 0.9281437125748503 0 0 33.293 39.168 30.220
1 11 0 0 0.7904191616766467 0 0 32.455 40.509 26.802
1 12 9 0 0.6287425149700598 0 0 30.044 38.784 24.481
1 13 9 0 0.5688622754491017 0 0 30.928 35.580 22.627
1 14 22 0 0.8023952095808383 0 0 33.985 34.771 24.635
1 15 9 0 0.844311377245509 0 0 32.551 31.627 26.123
1 16 13 0 0.9341317365269461 0 0 31.200 32.425 29.640
1 17 17 0 0.8383233532934131 0 0 28.549 29.702 29.655
1 18 0 0 0.7844311377245509 0 0 31.009 27.468 27.903
1 19 12 0 0.8922155688622755 0 0 33.439 27.218 30.828
1 20 18 0 0.874251497005988 0 0 30.667 26.978 33.406
1 21 11 0 0.6407185628742516 0 0 28.584 24.305 31.700
1 22 6 0 0.592814371257485 0 0 31.712 22.411 30.630
1 23 12 0 0.6826347305389222 0 0 32.618 22.529 34.345
1 24 11 0 0.5329341317365269 0 0 29.306 21.863 36.013
1 25 6 0 0.29940119760479034 0 0 27.325 19.578 33.739
1 26 2 0 0.25149700598802394 0 0 30.136 18.357 31.625
1 27 10 0 0.17964071856287422 0 0 29.125 19.121 28.113
1 28 15 0 0.31137724550898194 0 0 29.706 21.786 25.506
1 29 22 0 0.3293413173652695 0 0 26.856 24.267 24.965
1 30 3 0 0.08982035928143717 0 0 24.539 24.390 21.997
1 31 7 0 0.09580838323353291 0 0 22.708 27.654 22.189
1 32 20 0 0.2694610778443114 0 0 22.698 30.814 24.354
1 33 3 0 0.22754491017964074 0 0 20.259 31.558 27.177
1 34 16 0 0.3772455089820359 0 0 20.691 34.439 29.552
1 35 18 0 0.47904191616766467 0 0 20.999 32.274 32.603
1 36 11 0 0.40718562874251496 0 0 20.063 35.099 35.013
1 37 7 0 0.13772455089820357 0 0 16.885 33.622 36.413
1 38 3 0 0.21556886227544902 0 0 18.625 30.448 37.242
1 39 17 0 0.46706586826347307 0 0 21.899 28.960 38.321
1 40 20 0 0.4730538922155688 0 0 23.822 25.705 38.679
1 41 1 0 0.5149700598802396 0 0 26.321 24.831 41.351
1 42 13 0 0.41916167664670656 0 0 28.926 22.096 41.890
1 43 6 0 0.18562874251497008 0 0 30.478 20.189 44.734
1 44 22 0 0.2934131736526946 0 0 34.325 20.364 44.574
1 45 22 0 0.11976047904191622 0 0 37.102 19.578 46.933
1 46 11 0 0.20958083832335328 0 0 39.939 22.091 46.847
1 47 3 0 0.059880239520958 0 0 43.073 21.280 48.808
1 48 9 0 0.0 0 0 41.549 19.493 51.779
1 49 7 0 0.029940119760479056 0 0 38.329 21.331 52.013
1 50 18 0 0.041916167664670656 0 0 34.981 20.620 50.258
1 51 5 0 0.19760479041916168 0 0 33.274 23.626 48.953
1 52 12 0 0.34730538922155685 0 0 30.192 24.074 46.853
1 53 12 0 0.6167664670658684 0 0 30.771 26.421 43.920
1 54 3 0 0.6706586826347305 0 0 27.873 28.584 42.954
1 55 11 0 0.8682634730538922 0 0 28.838 29.674 39.412
1 56 12 0 0.8562874251497006 0 0 26.758 32.525 37.966
1 57 3 0 0.8622754491017964 0 0 26.317 34.025 34.598
1 58 18 0 0.8323353293413174 0 0 26.264 37.520 33.487
1 59 0 0 0.562874251497006 0 0 23.620 38.707 31.046
1 60 9 0 0.4011976047904191 0 0 23.364 41.809 28.921
1 61 6 0 0.37125748502994016 0 0 25.565 44.751 28.278
1 62 7 0 0.4131736526946108 0 0 27.385 46.753 30.839
1 63 7 0 0.13173652694610782 0 0 25.856 50.060 32.065
1 64 20 0 0.0718562874251496 0 0 25.925 51.831 35.379
1 65 17 0 0.03592814371257491 0 0 22.865 50.806 37.349
1 66 0 0 0.02395209580838331 0 0 21.828 50.283 40.979
1 67 14 0 0.053892215568862256 0 0 20.386 46.854 40.304
1 68 1 0 0.281437125748503 0 0 23.311 45.609 38.205
1 69 3 0 0.28742514970059885 0 0 25.726 46.847 40.825
1 70 6 0 0.16766467065868274 0 0 23.751 44.987 43.469
1 71 20 0 0.45508982035928147 0 0 24.109 41.779 41.413
1 72 14 0 0.6107784431137725 0 0 27.852 42.294 41.522
1 73 1 0 0.44311377245508976 0 0 28.095 43.068 45.172
1 74 18 0 0.4251497005988024 0 0 26.178 39.860 45.890
1 75 9 0 0.7125748502994012 0 0 28.690 37.505 44.218
1 76 7 0 0.7485029940119761 0 0 32.204 37.039 45.662
1 77 9 0 0.8982035928143712 0 0 34.940 36.183 43.223
1 78 15 0 0.9640718562874252 0 0 35.049 36.885 39.523
1 79 12 0 0.9940119760479041 0 0 36.278 34.925 36.638
1 80 5 0 0.9880239520958084 0 0 37.492 37.120 33.799
1 81 22 0 0.9760479041916168 0 0 36.915 35.341 30.460
1 82 15 0 0.8862275449101796 0 0 38.265 36.520 27.099
1 83 0 0 0.7005988023952096 0 0 38.784 35.006 23.628
1 84 11 0 0.5029940119760479 0 0 42.224 34.790 22.017
1 85 2 0 0.24550898203592808 0 0 40.937 35.680 18.598
1 86 2 0 0.38323353293413165 0 0 39.000 38.513 20.284
1 87 18 0 0.3053892215568862 0 0 41.034 41.602 20.998
1 88 13 0 0.3532934131736526 0 0 38.015 43.661 21.965
1 89 17 0 0.658682634730539 0 0 37.330 41.013 24.565
1 90 15 0 0.652694610778443 0 0 40.826 41.346 26.060
1 91 7 0 0.4970059880239521 0 0 40.399 45.149 26.198
1 92 3 0 0.6227544910179641 0 0 37.071 44.798 28.001
1 93 11 0 0.8203592814371258 0 0 38.768 43.117 30.987
1 94 10 0 0.5748502994011976 0 0 39.918 46.489 32.261
1 95 10 0 0.5508982035928144 0 0 36.360 47.795 32.249
1 96 20 0 0.8083832335329342 0 0 35.237 44.751 34.141
1 97 1 0 0.7604790419161677 0 0 38.062 45.034 36.669
1 98 7 0 0.5089820359281436 0 0 37.103 48.700 37.077
1 99 6 0 0.5389221556886228 0 0 33.450 47.811 37.433
1 100 11 0 0.6946107784431137 0 0 34.484 45.239 40.086
1 101 13 0 0.4491017964071856 0 0 36.604 47.635 42.120
1 102 1 0 0.23952095808383234 0 0 33.841 50.185 41.872
1 103 22 0 0.32335329341317365 0 0 31.184 48.021 43.423
1 104 13 0 0.3652694610778443 0 0 33.440 46.024 45.839
1 105 3 0 0.11377245508982048 0 0 35.061 48.988 47.437
1 106 17 0 0.15568862275449102 0 0 38.485 47.502 47.036
1 107 7 0 0.2335329341317366 0 0 41.272 47.769 44.424
1 108 3 0 0.3892215568862275 0 0 42.491 44.206 44.904
1 109 22 0 0.6467065868263473 0 0 39.669 41.818 44.274
1 110 16 0 0.7964071856287425 0 0 39.777 38.023 44.108
1 111 14 0 0.9221556886227544 0 0 39.843 37.142 40.440
1 112 22 0 0.9520958083832335 0 0 41.522 34.925 37.903
1 113 12 0 0.9401197604790419 0 0 42.324 35.640 34.280
1 114 22 0 0.9461077844311377 0 0 41.174 33.187 31.666
1 115 9 0 0.8502994011976048 0 0 42.193 32.933 28.033
1 116 2 0 0.8143712574850299 0 0 39.530 30.933 26.205
1 117 13 0 0.5449101796407185 0 0 39.523 29.263 22.786
1 118 5 0 0.437125748502994 0 0 43.220 28.764 22.975
1 119 3 0 0.17365269461077848 0 0 42.930 25.523 21.170
1 120 12 0 0.08383233532934131 0 0 43.287 27.526 18.000
1 121 16 0 0.017964071856287345 0 0 46.838 28.228 16.922
1 122 17 0 0.0119760479041916 0 0 46.569 31.666 15.580
1 123 1 0 0.07784431137724557 0 0 45.857 34.430 17.957
1 124 18 0 0.04790419161676651 0 0 45.434 38.193 17.655
1 125 22 0 0.221556886227545 0 0 45.350 38.642 21.342
1 126 3 0 0.10179640718562877 0 0 49.036 39.127 22.161
1 127 18 0 0.14371257485029942 0 0 50.642 36.739 24.553
1 128 13 0 0.06586826347305386 0 0 52.862 39.398 26.007
1 129 6 0 0.14970059880239517 0 0 49.947 41.698 26.680
1 130 0 0 0.4850299401197605 0 0 48.051 39.047 28.561
1 131 6 0 0.33532934131736525 0 0 51.044 38.196 30.701
1 132 3 0 0.16167664670658677 0 0 51.474 41.905 31.464
1 133 12 0 0.49101796407185627 0 0 47.876 42.163 32.586
1 134 0 0 0.5568862275449102 0 0 48.253 39.183 34.903
1 135 1 0 0.27544910179640725 0 0 51.054 41.207 36.421
1 136 17 0 0.2574850299401197 0 0 49.243 44.507 36.279
1 137 20 0 0.5209580838323353 0 0 46.206 43.578 38.244
1 138 9 0 0.43113772455089827 0 0 48.327 41.084 40.170
1 139 11 0 0.688622754491018 0 0 46.231 38.054 39.325
1 140 16 0 0.7365269461077844 0 0 46.778 34.507 38.037
1 141 15 0 0.7784431137724551 0 0 46.441 33.805 34.335
1 142 11 0 0.7664670658682635 0 0 45.635 30.530 32.537
1 143 7 0 0.6766467065868262 0 0 45.041 29.694 28.970
1 144 18 0 0.7544910179640718 0 0 42.089 27.392 28.774
1 145 17 0 0.5868263473053892 0 0 40.065 25.559 26.163
1 146 0 0 0.6646706586826348 0 0 36.425 24.844 26.914
1 147 13 0 0.35928143712574856 0 0 36.180 22.891 23.677
1 148 18 0 0.19161676646706582 0 0 39.102 20.607 24.405
1 149 1 0 0.39520958083832336 0 0 38.340 20.561 28.175
1 150 6 0 0.4610778443113772 0 0 41.658 21.784 29.327
1 151 9 0 0.6347305389221557 0 0 42.163 23.766 32.566
1 152 22 0 0.8263473053892215 0 0 38.590 24.665 33.277
1 153 3 0 0.718562874251497 0 0 38.973 23.102 36.708
1 154 3 0 0.7305389221556886 0 0 42.203 25.003 37.300
1 155 0 0 0.9101796407185628 0 0 40.594 28.378 36.499
1 156 15 0 0.9041916167664671 0 0 38.026 27.751 39.088
1 157 20 0 0.7425149700598803 0 0 40.282 26.138 41.704
1 158 18 0 0.7724550898203593 0 0 42.766 28.963 41.470
1 159 12 0 0.8802395209580838 0 0 39.896 31.397 42.199
1 160 22 0 0.7065868263473054 0 0 39.019 29.264 45.259
1 161 1 0 0.5269461077844311 0 0 42.602 29.249 46.433
1 162 7 0 0.6047904191616766 0 0 42.845 32.933 45.665
1 163 11 0 0.5988023952095809 0 0 39.666 33.850 47.498
1 164 1 0 0.3413173652694611 0 0 40.853 31.963 50.505
1 165 13 0 0.20359281437125742 0 0 44.207 33.753 50.329
1 166 10 0 0.26347305389221565 0 0 42.887 37.242 50.251
1 167 13 0 0.12574850299401197 0 0 40.421 38.288 52.816
