1 1 14 0 0.03592814371257491 0 0 25.627 52.788 22.536
1 2 18 0 0.13772455089820357 0 0 27.828 49.752 22.614
1 3 7 0 0.3053892215568862 0 0 26.444 46.377 23.569
1 4 20 0 0.5868263473053892 0 0 29.358 44.139 24.723
1 5 13 0 0.7245508982035929 0 0 28.586 40.492 25.405
1 6 12 0 0.9161676646706587 0 0 30.556 39.729 28.512
1 7 22 0 0.9580838323353293 0 0 30.979 36.122 29.407
1 8 22 0 0.9880239520958084 0 0 31.969 34.938 32.783
1 9 22 0 0.9700598802395209 0 0 34.409 32.119 32.324
1 10 9 0 0.9401197604790419 0 0 35.910 29.783 34.921
1 11 0 0 0.8083832335329342 0 0 35.401 26.628 36.920
1 12 9 0 0.6467065868263473 0 0 32.587 25.721 39.242
1 13 9 0 0.5748502994011976 0 0 32.203 27.010 42.714
1 14 22 0 0.8143712574850299 0 0 34.110 30.203 42.182
1 15 9 0 0.8383233532934131 0 0 31.348 32.783 42.288
1 16 13 0 0.9461077844311377 0 0 30.634 33.423 38.670
1 17 17 0 0.8323353293413174 0 0 26.950 34.038 39.095
1 18 0 0 0.7844311377245509 0 0 27.711 35.895 42.289
1 19 12 0 0.9041916167664671 0 0 30.014 38.331 40.464
1 20 18 0 0.8862275449101796 0 0 27.430 38.940 37.787
1 21 11 0 0.652694610778443 0 0 24.470 39.345 40.117
1 22 6 0 0.6287425149700598 0 0 26.633 41.546 42.297
1 23 12 0 0.7365269461077844 0 0 27.600 43.608 39.277
1 24 11 0 0.562874251497006 0 0 24.144 44.020 37.841
1 25 6 0 0.3293413173652695 0 0 21.366 43.414 40.354
1 26 2 0 0.31137724550898194 0 0 23.399 44.189 43.444
1 27 10 0 0.2694610778443114 0 0 22.809 40.957 45.250
1 28 15 0 0.3772455089820359 0 0 24.972 38.168 46.447
1 29 22 0 0.3892215568862275 0 0 23.570 34.991 45.051
1 30 3 0 0.12574850299401197 0 0 21.805 32.873 47.548
1 31 7 0 0.11976047904191622 0 0 21.269 29.646 45.720
1 32 20 0 0.25149700598802394 0 0 22.364 27.984 42.521
1 33 3 0 0.21556886227544902 0 0 20.451 28.032 39.337
1 34 16 0 0.3173652694610779 0 0 21.668 26.870 35.876
1 35 18 0 0.4491017964071856 0 0 20.917 30.346 34.569
1 36 11 0 0.19760479041916168 0 0 19.194 28.870 31.557
1 37 7 0 0.14970059880239517 0 0 17.437 31.672 29.634
1 38 3 0 0.27544910179640725 0 0 18.265 34.356 32.192
1 39 17 0 0.437125748502994 0 0 19.734 37.613 31.139
1 40 20 0 0.5149700598802396 0 0 21.151 40.271 33.383
1 41 1 0 0.49101796407185627 0 0 22.064 43.539 31.737
1 42 13 0 0.37125748502994016 0 0 22.804 47.129 32.416
1 43 6 0 0.16167664670658677 0 0 23.215 50.512 30.812
1 44 22 0 0.19161676646706582 0 0 26.196 52.141 32.443
1 45 22 0 0.10179640718562877 0 0 28.544 55.015 31.786
1 46 11 0 0.24550898203592808 0 0 32.108 53.744 31.728
1 47 3 0 0.0718562874251496 0 0 34.662 56.545 32.030
1 48 9 0 0.0119760479041916 0 0 32.401 59.003 30.216
1 49 7 0 0.041916167664670656 0 0 30.950 56.814 27.544
1 50 18 0 0.059880239520958 0 0 28.002 54.449 27.926
1 51 5 0 0.28742514970059885 0 0 28.189 50.695 27.458
1 52 12 0 0.34730538922155685 0 0 25.343 48.233 27.658
1 53 12 0 0.6167664670658684 0 0 26.840 45.420 29.708
1 54 3 0 0.658682634730539 0 0 25.260 42.100 28.679
1 55 11 0 0.8622754491017964 0 0 26.553 39.347 30.969
1 56 12 0 0.8562874251497006 0 0 26.518 35.688 30.206
1 57 3 0 0.8682634730538922 0 0 26.918 32.744 32.591
1 58 18 0 0.844311377245509 0 0 28.702 29.529 32.200
1 59 0 0 0.5988023952095809 0 0 27.096 26.612 33.898
1 60 9 0 0.40718562874251496 0 0 27.638 22.893 34.367
1 61 6 0 0.22754491017964074 0 0 28.347 20.568 31.592
1 62 7 0 0.06586826347305386 0 0 25.371 19.807 29.257
1 63 7 0 0.0059880239520957446 0 0 24.252 16.331 28.399
1 64 20 0 0.0 0 0 23.300 16.406 24.748
1 65 17 0 0.017964071856287345 0 0 24.137 19.905 23.493
1 66 0 0 0.08982035928143717 0 0 27.403 21.925 23.412
1 67 14 0 0.281437125748503 0 0 26.438 25.009 25.361
1 68 1 0 0.5209580838323353 0 0 29.953 25.686 26.741
1 69 3 0 0.4251497005988024 0 0 30.993 26.314 23.186
1 70 6 0 0.39520958083832336 0 0 27.929 28.535 22.513
1 71 20 0 0.6766467065868262 0 0 28.983 31.033 25.176
1 72 14 0 0.7005988023952096 0 0 32.615 30.992 24.047
1 73 1 0 0.47904191616766467 0 0 31.269 31.926 20.624
1 74 18 0 0.5329341317365269 0 0 28.758 34.504 21.812
1 75 9 0 0.7904191616766467 0 0 31.300 36.393 23.911
1 76 7 0 0.7065868263473054 0 0 33.214 39.443 22.828
1 77 9 0 0.874251497005988 0 0 35.448 39.816 25.837
1 78 15 0 0.9640718562874252 0 0 36.070 37.204 28.405
1 79 12 0 0.9940119760479041 0 0 36.201 37.360 32.120
1 80 5 0 0.9820359281437125 0 0 38.471 34.615 33.301
1 81 22 0 0.9760479041916168 0 0 37.830 33.997 36.986
1 82 15 0 0.8802395209580838 0 0 39.515 31.845 39.544
1 83 0 0 0.7604790419161677 0 0 38.827 31.860 43.298
1 84 11 0 0.5029940119760479 0 0 41.813 31.809 45.520
1 85 2 0 0.2934131736526946 0 0 40.747 28.995 47.848
1 86 2 0 0.4011976047904191 0 0 40.301 26.702 44.906
1 87 18 0 0.26347305389221565 0 0 43.554 25.457 43.473
1 88 13 0 0.3532934131736526 0 0 41.733 23.586 40.796
1 89 17 0 0.6347305389221557 0 0 40.120 26.747 39.518
1 90 15 0 0.592814371257485 0 0 43.513 28.167 38.663
1 91 7 0 0.4131736526946108 0 0 44.990 25.184 36.904
1 92 3 0 0.5688622754491017 0 0 42.109 25.481 34.370
1 93 11 0 0.7544910179640718 0 0 42.967 29.037 33.425
1 94 10 0 0.5269461077844311 0 0 45.219 27.974 30.629
1 95 10 0 0.4970059880239521 0 0 42.625 25.571 29.212
1 96 20 0 0.7425149700598803 0 0 39.956 28.162 28.791
1 97 1 0 0.688622754491018 0 0 42.419 30.602 27.182
1 98 7 0 0.44311377245508976 0 0 43.179 28.072 24.436
1 99 6 0 0.5089820359281436 0 0 39.474 27.834 23.988
1 100 11 0 0.6706586826347305 0 0 38.981 31.628 23.851
1 101 13 0 0.45508982035928147 0 0 41.671 31.857 21.297
1 102 1 0 0.20359281437125742 0 0 40.507 29.012 19.184
1 103 22 0 0.32335329341317365 0 0 36.825 29.777 19.358
1 104 13 0 0.33532934131736525 0 0 37.297 33.358 18.317
1 105 3 0 0.11377245508982048 0 0 40.009 32.420 15.960
1 106 17 0 0.14371257485029942 0 0 42.576 34.936 17.132
1 107 7 0 0.18562874251497008 0 0 45.400 35.116 19.586
1 108 3 0 0.29940119760479034 0 0 44.661 38.627 20.686
1 109 22 0 0.5568862275449102 0 0 41.225 38.169 22.197
1 110 16 0 0.7305389221556886 0 0 40.582 40.550 25.158
1 111 14 0 0.8982035928143712 0 0 40.481 38.876 28.525
1 112 22 0 0.9341317365269461 0 0 41.115 39.809 32.096
1 113 12 0 0.9281437125748503 0 0 42.202 37.470 34.886
1 114 22 0 0.9520958083832335 0 0 40.047 37.869 38.021
1 115 9 0 0.8502994011976048 0 0 40.901 36.639 41.467
1 116 2 0 0.8263473053892215 0 0 37.908 36.188 43.708
1 117 13 0 0.5508982035928144 0 0 37.619 36.117 47.436
1 118 5 0 0.4610778443113772 0 0 40.698 38.177 48.019
1 119 3 0 0.17964071856287422 0 0 39.795 39.810 51.330
1 120 12 0 0.09580838323353291 0 0 40.610 36.571 52.904
1 121 16 0 0.02395209580838331 0 0 43.879 37.090 54.682
1 122 17 0 0.029940119760479056 0 0 45.475 33.879 53.327
1 123 1 0 0.10778443113772451 0 0 45.179 32.129 49.983
1 124 18 0 0.053892215568862256 0 0 45.958 28.592 48.782
1 125 22 0 0.2335329341317366 0 0 46.655 30.114 45.356
1 126 3 0 0.13173652694610782 0 0 49.544 32.469 45.538
1 127 18 0 0.20958083832335328 0 0 49.152 36.136 44.481
1 128 13 0 0.08383233532934131 0 0 52.540 35.884 42.839
1 129 6 0 0.15568862275449102 0 0 51.715 32.892 40.721
1 130 0 0 0.46706586826347307 0 0 48.482 34.461 39.621
1 131 6 0 0.35928143712574856 0 0 50.304 37.615 38.577
1 132 3 0 0.16766467065868274 0 0 52.972 35.767 36.615
1 133 12 0 0.41916167664670656 0 0 50.200 33.955 34.722
1 134 0 0 0.5389221556886228 0 0 48.587 37.330 33.954
1 135 1 0 0.2574850299401197 0 0 51.828 38.899 32.866
1 136 17 0 0.17365269461077848 0 0 52.802 35.911 30.757
1 137 20 0 0.43113772455089827 0 0 49.512 36.196 29.010
1 138 9 0 0.3652694610778443 0 0 49.699 39.990 28.871
1 139 11 0 0.6227544910179641 0 0 46.377 40.526 30.545
1 140 16 0 0.6946107784431137 0 0 45.093 42.575 33.397
1 141 15 0 0.7724550898203593 0 0 44.737 41.002 36.799
1 142 11 0 0.7964071856287425 0 0 42.335 42.417 39.289
1 143 7 0 0.6826347305389222 0 0 41.475 41.518 42.866
1 144 18 0 0.7784431137724551 0 0 37.926 41.128 43.765
1 145 17 0 0.6047904191616766 0 0 35.726 39.727 46.412
1 146 0 0 0.6646706586826348 0 0 32.161 38.892 45.757
1 147 13 0 0.38323353293413165 0 0 30.545 38.842 49.229
1 148 18 0 0.221556886227545 0 0 31.165 42.439 50.344
1 149 1 0 0.4730538922155688 0 0 31.356 43.563 46.741
1 150 6 0 0.4850299401197605 0 0 34.967 44.718 46.449
1 151 9 0 0.6407185628742516 0 0 36.144 45.403 42.955
1 152 22 0 0.8203592814371258 0 0 33.080 43.918 41.304
1 153 3 0 0.7125748502994012 0 0 32.243 46.834 39.035
1 154 3 0 0.718562874251497 0 0 35.871 47.358 38.300
1 155 0 0 0.9101796407185628 0 0 36.444 43.790 37.133
1 156 15 0 0.9221556886227544 0 0 33.967 44.176 34.354
1 157 20 0 0.7664670658682635 0 0 34.996 47.815 33.719
1 158 18 0 0.8023952095808383 0 0 38.551 46.571 33.311
1 159 12 0 0.8922155688622755 0 0 37.565 44.070 30.654
1 160 22 0 0.7485029940119761 0 0 35.404 46.603 28.867
1 161 1 0 0.5449101796407185 0 0 38.522 48.694 28.710
1 162 7 0 0.6107784431137725 0 0 40.345 45.779 27.169
1 163 11 0 0.5808383233532934 0 0 37.679 45.353 24.541
1 164 1 0 0.3413173652694611 0 0 37.917 49.139 23.981
1 165 13 0 0.23952095808383234 0 0 41.631 49.022 23.629
1 166 10 0 0.07784431137724557 0 0 43.209 48.166 20.293
1 167 13 0 0.04790419161676651 0 0 46.782 46.990 19.809
