1 1 14 0 0.03592814371257491 0 0 32.338 48.009 14.375
1 2 18 0 0.14371257485029942 0 0 34.926 45.939 16.259
1 3 7 0 0.3173652694610779 0 0 33.741 42.788 17.973
1 4 20 0 0.5988023952095809 0 0 35.411 41.545 21.163
1 5 13 0 0.7425149700598803 0 0 34.960 38.096 22.637
1 6 12 0 0.9161676646706587 0 0 35.298 38.792 26.363
1 7 22 0 0.9580838323353293 0 0 35.077 36.085 29.028
1 8 22 0 0.9880239520958084 0 0 34.243 36.608 32.697
1 9 22 0 0.9760479041916168 0 0 36.436 34.181 34.576
1 10 9 0 0.9401197604790419 0 0 36.749 33.253 38.230
1 11 0 0 0.7964071856287425 0 0 35.615 31.313 41.291
1 12 9 0 0.6467065868263473 0 0 32.044 31.063 42.517
1 13 9 0 0.6107784431137725 0 0 30.313 33.932 44.274
1 14 22 0 0.8143712574850299 0 0 32.530 36.754 43.222
1 15 9 0 0.8323353293413174 0 0 29.754 38.372 41.337
1 16 13 0 0.9221556886227544 0 0 30.205 36.816 37.856
1 17 17 0 0.8383233532934131 0 0 26.824 37.435 36.208
1 18 0 0 0.8023952095808383 0 0 26.529 40.675 38.183
1 19 12 0 0.9041916167664671 0 0 29.415 42.451 36.387
1 20 18 0 0.8922155688622755 0 0 27.934 41.506 33.082
1 21 11 0 0.652694610778443 0 0 24.319 42.489 33.703
1 22 6 0 0.6407185628742516 0 0 25.681 45.696 35.205
1 23 12 0 0.7485029940119761 0 0 27.593 46.343 32.027
1 24 11 0 0.5449101796407185 0 0 24.709 45.807 29.725
1 25 6 0 0.31137724550898194 0 0 21.485 46.462 31.600
1 26 2 0 0.3293413173652695 0 0 22.789 48.760 34.292
1 27 10 0 0.2574850299401197 0 0 20.879 46.995 36.991
1 28 15 0 0.33532934131736525 0 0 21.671 44.285 39.639
1 29 22 0 0.3892215568862275 0 0 21.186 40.603 39.170
1 30 3 0 0.13772455089820357 0 0 18.026 38.773 40.141
1 31 7 0 0.08982035928143717 0 0 17.386 35.078 39.655
1 32 20 0 0.20958083832335328 0 0 20.206 32.701 38.857
1 33 3 0 0.221556886227545 0 0 20.479 30.864 35.559
1 34 16 0 0.35928143712574856 0 0 23.514 29.151 34.147
1 35 18 0 0.4730538922155688 0 0 23.460 31.751 31.316
1 36 11 0 0.3053892215568862 0 0 23.693 29.360 28.405
1 37 7 0 0.11976047904191622 0 0 20.680 30.447 26.517
1 38 3 0 0.25149700598802394 0 0 20.911 34.149 26.992
1 39 17 0 0.41916167664670656 0 0 23.539 36.245 25.191
1 40 20 0 0.5688622754491017 0 0 25.074 39.550 26.392
1 41 1 0 0.5329341317365269 0 0 26.469 42.356 24.330
1 42 13 0 0.4131736526946108 0 0 26.163 46.126 23.914
1 43 6 0 0.19760479041916168 0 0 27.402 48.648 21.431
1 44 22 0 0.21556886227544902 0 0 29.402 51.398 22.947
1 45 22 0 0.11377245508982048 0 0 32.105 53.902 22.259
1 46 11 0 0.24550898203592808 0 0 35.549 53.236 23.527
1 47 3 0 0.08383233532934131 0 0 38.396 55.621 22.666
1 48 9 0 0.0059880239520957446 0 0 36.355 57.586 20.130
1 49 7 0 0.029940119760479056 0 0 35.159 54.523 18.325
1 50 18 0 0.06586826347305386 0 0 32.076 52.304 18.451
1 51 5 0 0.23952095808383234 0 0 32.827 48.754 19.541
1 52 12 0 0.3652694610778443 0 0 30.762 45.747 20.346
1 53 12 0 0.658682634730539 0 0 31.626 43.788 23.465
1 54 3 0 0.6646706586826348 0 0 30.313 40.194 23.390
1 55 11 0 0.8562874251497006 0 0 30.486 39.084 26.986
1 56 12 0 0.8622754491017964 0 0 30.568 35.422 28.008
1 57 3 0 0.8802395209580838 0 0 29.378 34.240 31.415
1 58 18 0 0.8502994011976048 0 0 31.027 31.374 33.322
1 59 0 0 0.6227544910179641 0 0 28.899 28.698 34.888
1 60 9 0 0.3532934131736526 0 0 27.897 25.148 34.202
1 61 6 0 0.10179640718562877 0 0 26.609 22.453 36.528
1 62 7 0 0.059880239520958 0 0 27.564 19.550 34.361
1 63 7 0 0.041916167664670656 0 0 31.046 18.106 33.899
1 64 20 0 0.0 0 0 30.513 15.973 30.803
1 65 17 0 0.0119760479041916 0 0 28.691 18.528 28.759
1 66 0 0 0.14970059880239517 0 0 30.755 21.453 29.931
1 67 14 0 0.34730538922155685 0 0 30.867 24.749 28.131
1 68 1 0 0.562874251497006 0 0 33.911 26.317 29.830
1 69 3 0 0.45508982035928147 0 0 36.534 25.508 27.267
1 70 6 0 0.3772455089820359 0 0 34.320 26.408 24.381
1 71 20 0 0.6287425149700598 0 0 33.577 29.735 26.029
1 72 14 0 0.7245508982035929 0 0 37.276 30.370 26.427
1 73 1 0 0.46706586826347307 0 0 37.923 29.158 22.885
1 74 18 0 0.49101796407185627 0 0 35.372 31.617 21.475
1 75 9 0 0.7724550898203593 0 0 36.939 34.103 23.872
1 76 7 0 0.6946107784431137 0 0 39.903 36.323 23.159
1 77 9 0 0.874251497005988 0 0 40.512 38.345 26.271
1 78 15 0 0.9640718562874252 0 0 39.814 37.485 29.891
1 79 12 0 0.9940119760479041 0 0 38.289 39.252 32.826
1 80 5 0 0.9820359281437125 0 0 39.797 37.541 35.881
1 81 22 0 0.9700598802395209 0 0 37.580 38.059 38.866
1 82 15 0 0.8682634730538922 0 0 37.952 37.672 42.627
1 83 0 0 0.7005988023952096 0 0 36.151 39.018 45.690
1 84 11 0 0.4850299401197605 0 0 37.959 40.727 48.534
1 85 2 0 0.27544910179640725 0 0 36.097 38.631 51.181
1 86 2 0 0.40718562874251496 0 0 36.953 35.471 49.445
1 87 18 0 0.2694610778443114 0 0 40.470 34.342 49.968
1 88 13 0 0.32335329341317365 0 0 39.853 31.205 48.071
1 89 17 0 0.6167664670658684 0 0 39.208 33.083 44.879
1 90 15 0 0.5748502994011976 0 0 42.474 34.954 45.184
1 91 7 0 0.38323353293413165 0 0 44.421 31.758 45.620
1 92 3 0 0.5269461077844311 0 0 42.844 30.053 42.555
1 93 11 0 0.688622754491018 0 0 44.052 32.767 40.201
1 94 10 0 0.5089820359281436 0 0 47.038 30.799 38.891
1 95 10 0 0.47904191616766467 0 0 44.903 27.807 38.033
1 96 20 0 0.7664670658682635 0 0 42.486 29.894 35.980
1 97 1 0 0.7065868263473054 0 0 45.293 31.684 34.142
1 98 7 0 0.4610778443113772 0 0 46.885 28.355 33.381
1 99 6 0 0.5149700598802396 0 0 43.639 27.094 31.934
1 100 11 0 0.6706586826347305 0 0 43.305 30.195 29.764
1 101 13 0 0.4491017964071856 0 0 46.703 29.511 28.188
1 102 1 0 0.26347305389221565 0 0 45.737 25.896 27.491
1 103 22 0 0.37125748502994016 0 0 42.504 26.774 25.736
1 104 13 0 0.39520958083832336 0 0 43.975 29.612 23.685
1 105 3 0 0.12574850299401197 0 0 47.177 27.765 22.924
1 106 17 0 0.16766467065868274 0 0 49.416 30.535 23.826
1 107 7 0 0.17964071856287422 0 0 51.425 32.087 26.705
1 108 3 0 0.29940119760479034 0 0 50.387 35.576 25.519
1 109 22 0 0.5868263473053892 0 0 47.196 35.884 27.480
1 110 16 0 0.7784431137724551 0 0 45.421 39.230 27.513
1 111 14 0 0.8982035928143712 0 0 43.808 39.368 30.942
1 112 22 0 0.9461077844311377 0 0 42.791 41.912 33.447
1 113 12 0 0.9341317365269461 0 0 42.619 41.363 37.157
1 114 22 0 0.9520958083832335 0 0 39.403 42.442 38.912
1 115 9 0 0.844311377245509 0 0 38.573 42.754 42.565
1 116 2 0 0.8083832335329342 0 0 34.863 42.938 43.415
1 117 13 0 0.5508982035928144 0 0 33.033 43.728 46.569
1 118 5 0 0.437125748502994 0 0 35.150 46.814 47.260
1 119 3 0 0.20359281437125742 0 0 32.093 48.336 48.850
1 120 12 0 0.10778443113772451 0 0 32.664 46.014 51.761
1 121 16 0 0.017964071856287345 0 0 34.577 48.094 54.286
1 122 17 0 0.02395209580838331 0 0 37.400 45.671 54.946
1 123 1 0 0.09580838323353291 0 0 39.004 42.888 53.120
1 124 18 0 0.07784431137724557 0 0 40.638 39.602 53.928
1 125 22 0 0.2335329341317366 0 0 42.346 39.610 50.623
1 126 3 0 0.13173652694610782 0 0 45.350 41.895 50.697
1 127 18 0 0.18562874251497008 0 0 45.718 44.859 48.365
1 128 13 0 0.0718562874251496 0 0 49.528 44.610 48.578
1 129 6 0 0.15568862275449102 0 0 49.311 41.061 47.387
1 130 0 0 0.44311377245508976 0 0 46.920 41.951 44.657
1 131 6 0 0.2934131736526946 0 0 49.188 44.655 43.398
1 132 3 0 0.16167664670658677 0 0 52.108 42.261 43.565
1 133 12 0 0.4011976047904191 0 0 50.222 39.588 41.727
1 134 0 0 0.5209580838323353 0 0 49.216 42.002 38.944
1 135 1 0 0.22754491017964074 0 0 52.822 43.175 38.963
1 136 17 0 0.19161676646706582 0 0 53.856 39.609 38.287
1 137 20 0 0.4251497005988024 0 0 51.781 39.384 35.116
1 138 9 0 0.3413173652694611 0 0 52.187 43.045 34.187
1 139 11 0 0.592814371257485 0 0 48.522 43.735 34.047
1 140 16 0 0.6766467065868262 0 0 45.798 46.135 35.154
1 141 15 0 0.7544910179640718 0 0 44.423 45.573 38.604
1 142 11 0 0.8203592814371258 0 0 40.866 46.906 38.686
1 143 7 0 0.7125748502994012 0 0 38.714 47.524 41.737
1 144 18 0 0.7604790419161677 0 0 34.988 47.378 41.634
1 145 17 0 0.5808383233532934 0 0 31.616 47.286 43.295
1 146 0 0 0.6826347305389222 0 0 29.116 45.285 41.149
1 147 13 0 0.43113772455089827 0 0 26.464 46.441 43.518
1 148 18 0 0.28742514970059885 0 0 26.820 50.187 42.958
1 149 1 0 0.5029940119760479 0 0 28.168 49.914 39.439
1 150 6 0 0.4970059880239521 0 0 31.539 51.289 40.439
1 151 9 0 0.6347305389221557 0 0 34.044 50.882 37.631
1 152 22 0 0.8263473053892215 0 0 32.110 48.220 35.731
1 153 3 0 0.7305389221556886 0 0 32.548 49.908 32.332
1 154 3 0 0.7365269461077844 0 0 36.291 50.579 32.870
1 155 0 0 0.9101796407185628 0 0 36.763 46.872 33.712
1 156 15 0 0.9281437125748503 0 0 36.004 45.649 30.257
1 157 20 0 0.7844311377245509 0 0 37.290 48.817 28.602
1 158 18 0 0.7904191616766467 0 0 40.572 48.214 30.318
1 159 12 0 0.8862275449101796 0 0 40.546 44.712 28.878
1 160 22 0 0.718562874251497 0 0 40.016 45.875 25.313
1 161 1 0 0.5389221556886228 0 0 42.995 48.211 25.641
1 162 7 0 0.6047904191616766 0 0 45.179 45.341 26.902
1 163 11 0 0.5568862275449102 0 0 44.309 43.447 23.739
1 164 1 0 0.281437125748503 0 0 45.488 46.232 21.436
1 165 13 0 0.17365269461077848 0 0 49.008 46.204 22.769
1 166 10 0 0.053892215568862256 0 0 51.987 45.181 20.700
1 167 13 0 0.04790419161676651 0 0 53.334 41.700 21.153
