1 1 14 0 0.029940119760479056 0 0 40.269 45.213 14.949
1 2 18 0 0.11377245508982048 0 0 41.609 43.740 18.140
1 3 7 0 0.3173652694610779 0 0 39.586 41.151 19.971
1 4 20 0 0.5808383233532934 0 0 39.491 40.833 23.752
1 5 13 0 0.7365269461077844 0 0 38.359 37.750 25.661
1 6 12 0 0.9161676646706587 0 0 36.615 39.265 28.689
1 7 22 0 0.9580838323353293 0 0 35.670 36.838 31.440
1 8 22 0 0.9880239520958084 0 0 33.146 37.784 34.117
1 9 22 0 0.9700598802395209 0 0 34.576 36.165 37.281
1 10 9 0 0.9341317365269461 0 0 32.878 35.945 40.687
1 11 0 0 0.8023952095808383 0 0 30.492 33.783 42.701
1 12 9 0 0.658682634730539 0 0 26.904 32.973 41.739
1 13 9 0 0.5868263473053892 0 0 24.207 35.532 42.400
1 14 22 0 0.8203592814371258 0 0 26.107 38.703 41.700
1 15 9 0 0.8323353293413174 0 0 24.475 39.583 38.428
1 16 13 0 0.9281437125748503 0 0 27.140 38.047 36.333
1 17 17 0 0.8383233532934131 0 0 25.031 37.169 33.325
1 18 0 0 0.7604790419161677 0 0 22.836 40.224 33.581
1 19 12 0 0.8922155688622755 0 0 25.753 42.513 32.920
1 20 18 0 0.8682634730538922 0 0 26.633 40.715 29.722
1 21 11 0 0.6047904191616766 0 0 23.023 40.901 28.649
1 22 6 0 0.592814371257485 0 0 23.057 44.581 29.422
1 23 12 0 0.688622754491018 0 0 26.263 45.314 27.457
1 24 11 0 0.4970059880239521 0 0 25.024 43.649 24.270
1 25 6 0 0.281437125748503 0 0 21.303 42.731 24.052
1 26 2 0 0.2574850299401197 0 0 20.096 45.641 26.157
1 27 10 0 0.22754491017964074 0 0 17.916 43.824 28.725
1 28 15 0 0.33532934131736525 0 0 17.663 42.674 32.330
1 29 22 0 0.3413173652694611 0 0 17.495 39.015 33.472
1 30 3 0 0.2335329341317366 0 0 16.712 37.352 36.762
1 31 7 0 0.14970059880239517 0 0 16.529 34.096 34.848
1 32 20 0 0.2934131736526946 0 0 19.464 31.779 34.742
1 33 3 0 0.23952095808383234 0 0 21.008 29.617 31.955
1 34 16 0 0.3053892215568862 0 0 24.193 27.708 31.388
1 35 18 0 0.4251497005988024 0 0 25.262 29.995 28.544
1 36 11 0 0.20359281437125742 0 0 26.810 26.994 26.868
1 37 7 0 0.08982035928143717 0 0 26.038 27.510 23.219
1 38 3 0 0.18562874251497008 0 0 25.007 31.182 23.338
1 39 17 0 0.3293413173652695 0 0 27.715 33.466 22.133
1 40 20 0 0.5089820359281436 0 0 27.957 37.082 23.091
1 41 1 0 0.4730538922155688 0 0 30.252 39.409 21.192
1 42 13 0 0.39520958083832336 0 0 30.061 43.052 20.318
1 43 6 0 0.16167664670658677 0 0 32.099 45.418 18.178
1 44 22 0 0.16766467065868274 0 0 32.612 48.921 19.534
1 45 22 0 0.08383233532934131 0 0 35.183 51.685 18.939
1 46 11 0 0.17365269461077848 0 0 37.312 52.176 22.027
1 47 3 0 0.0718562874251496 0 0 39.839 54.999 21.875
1 48 9 0 0.0059880239520957446 0 0 40.030 55.024 18.073
1 49 7 0 0.017964071856287345 0 0 40.306 51.364 17.128
1 50 18 0 0.04790419161676651 0 0 37.399 49.023 16.437
1 51 5 0 0.21556886227544902 0 0 37.554 46.689 19.374
1 52 12 0 0.35928143712574856 0 0 35.755 43.412 19.536
1 53 12 0 0.6107784431137725 0 0 34.655 42.287 22.964
1 54 3 0 0.652694610778443 0 0 33.844 38.637 23.538
1 55 11 0 0.8622754491017964 0 0 32.249 37.952 26.852
1 56 12 0 0.8502994011976048 0 0 32.876 34.686 28.625
1 57 3 0 0.874251497005988 0 0 30.531 33.641 31.406
1 58 18 0 0.844311377245509 0 0 31.519 31.648 34.415
1 59 0 0 0.5988023952095809 0 0 29.424 28.871 35.782
1 60 9 0 0.4131736526946108 0 0 29.774 26.049 38.318
1 61 6 0 0.2694610778443114 0 0 30.569 25.299 41.956
1 62 7 0 0.06586826347305386 0 0 30.974 21.551 42.091
1 63 7 0 0.03592814371257491 0 0 34.157 19.820 41.241
1 64 20 0 0.0 0 0 32.455 17.747 38.559
1 65 17 0 0.02395209580838331 0 0 33.795 18.849 35.169
1 66 0 0 0.14371257485029942 0 0 35.030 22.254 36.347
1 67 14 0 0.3652694610778443 0 0 35.846 24.820 33.735
1 68 1 0 0.5449101796407185 0 0 37.030 27.386 36.263
1 69 3 0 0.437125748502994 0 0 40.582 27.104 35.051
1 70 6 0 0.40718562874251496 0 0 39.606 27.024 31.414
1 71 20 0 0.6646706586826348 0 0 37.510 30.176 31.467
1 72 14 0 0.718562874251497 0 0 40.645 31.910 32.776
1 73 1 0 0.46706586826347307 0 0 42.801 30.054 30.326
1 74 18 0 0.5329341317365269 0 0 40.711 31.500 27.527
1 75 9 0 0.7664670658682635 0 0 40.450 34.940 29.103
1 76 7 0 0.7005988023952096 0 0 42.651 37.963 28.421
1 77 9 0 0.8982035928143712 0 0 40.594 40.361 30.550
1 78 15 0 0.9640718562874252 0 0 38.974 39.583 33.858
1 79 12 0 0.9940119760479041 0 0 35.933 41.239 35.365
1 80 5 0 0.9820359281437125 0 0 35.502 40.407 39.047
1 81 22 0 0.9760479041916168 0 0 31.952 40.908 40.268
1 82 15 0 0.8862275449101796 0 0 30.951 41.370 43.795
1 83 0 0 0.7245508982035929 0 0 27.558 42.461 45.108
1 84 11 0 0.5209580838323353 0 0 27.456 45.275 47.657
1 85 2 0 0.29940119760479034 0 0 24.810 43.507 49.689
1 86 2 0 0.3892215568862275 0 0 26.681 40.231 49.865
1 87 18 0 0.28742514970059885 0 0 29.687 39.884 52.128
1 88 13 0 0.37125748502994016 0 0 30.368 36.483 50.923
1 89 17 0 0.6347305389221557 0 0 30.694 37.443 47.290
1 90 15 0 0.6227544910179641 0 0 33.333 39.949 48.231
1 91 7 0 0.44311377245508976 0 0 35.182 37.604 50.593
1 92 3 0 0.5568862275449102 0 0 35.440 35.179 47.761
1 93 11 0 0.7784431137724551 0 0 37.427 37.666 45.518
1 94 10 0 0.5149700598802396 0 0 40.618 36.729 47.461
1 95 10 0 0.4850299401197605 0 0 40.231 33.131 46.461
1 96 20 0 0.7305389221556886 0 0 39.387 34.153 42.916
1 97 1 0 0.6826347305389222 0 0 42.348 36.485 42.614
1 98 7 0 0.45508982035928147 0 0 44.821 33.769 43.173
1 99 6 0 0.5389221556886228 0 0 43.080 31.528 40.616
1 100 11 0 0.6706586826347305 0 0 43.502 34.263 37.984
1 101 13 0 0.4610778443113772 0 0 47.210 34.767 38.703
1 102 1 0 0.24550898203592808 0 0 47.662 31.058 38.930
1 103 22 0 0.3772455089820359 0 0 46.063 30.237 35.600
1 104 13 0 0.38323353293413165 0 0 47.753 33.163 33.850
1 105 3 0 0.11976047904191622 0 0 51.216 32.919 35.249
1 106 17 0 0.19760479041916168 0 0 51.179 36.643 35.802
1 107 7 0 0.25149700598802394 0 0 50.727 39.022 38.675
1 108 3 0 0.34730538922155685 0 0 50.220 42.043 36.411
1 109 22 0 0.5748502994011976 0 0 47.013 40.712 34.925
1 110 16 0 0.7724550898203593 0 0 44.436 43.072 33.477
1 111 14 0 0.9101796407185628 0 0 41.279 43.159 35.524
1 112 22 0 0.9461077844311377 0 0 38.629 45.395 36.996
1 113 12 0 0.9401197604790419 0 0 37.083 44.861 40.424
1 114 22 0 0.9520958083832335 0 0 33.355 45.491 40.154
1 115 9 0 0.8562874251497006 0 0 30.766 46.251 42.760
1 116 2 0 0.8263473053892215 0 0 27.283 45.416 41.742
1 117 13 0 0.562874251497006 0 0 23.790 46.124 43.021
1 118 5 0 0.4491017964071856 0 0 24.456 49.752 43.961
1 119 3 0 0.19161676646706582 0 0 20.905 50.901 43.195
1 120 12 0 0.10179640718562877 0 0 19.912 49.576 46.551
1 121 16 0 0.0119760479041916 0 0 20.285 52.375 49.138
1 122 17 0 0.041916167664670656 0 0 22.179 50.146 51.556
1 123 1 0 0.10778443113772451 0 0 25.308 48.024 51.750
1 124 18 0 0.09580838323353291 0 0 27.024 45.242 53.615
1 125 22 0 0.27544910179640725 0 0 30.330 45.379 51.777
1 126 3 0 0.12574850299401197 0 0 31.993 48.520 53.118
1 127 18 0 0.20958083832335328 0 0 33.050 50.908 50.334
1 128 13 0 0.07784431137724557 0 0 36.104 51.991 52.337
1 129 6 0 0.13173652694610782 0 0 37.342 48.437 52.739
1 130 0 0 0.43113772455089827 0 0 36.702 47.926 49.052
1 131 6 0 0.31137724550898194 0 0 38.632 51.021 48.124
1 132 3 0 0.13772455089820357 0 0 41.502 50.047 50.376
1 133 12 0 0.3532934131736526 0 0 41.555 46.508 49.049
1 134 0 0 0.5269461077844311 0 0 41.379 47.864 45.499
1 135 1 0 0.221556886227545 0 0 44.587 49.513 46.481
1 136 17 0 0.15568862275449102 0 0 46.053 46.286 47.824
1 137 20 0 0.49101796407185627 0 0 45.003 44.508 44.618
1 138 9 0 0.4011976047904191 0 0 46.550 47.218 42.521
1 139 11 0 0.6407185628742516 0 0 43.474 47.231 40.387
1 140 16 0 0.6946107784431137 0 0 40.681 49.651 39.599
1 141 15 0 0.7904191616766467 0 0 37.426 49.273 41.402
1 142 11 0 0.8083832335329342 0 0 34.251 50.585 39.793
1 143 7 0 0.7544910179640718 0 0 30.692 50.469 40.794
1 144 18 0 0.7844311377245509 0 0 27.789 49.395 38.758
1 145 17 0 0.6167664670658684 0 0 24.105 48.540 38.666
1 146 0 0 0.6766467065868262 0 0 22.856 45.770 36.418
1 147 13 0 0.41916167664670656 0 0 19.230 46.416 37.192
1 148 18 0 0.26347305389221565 0 0 19.188 50.103 36.352
1 149 1 0 0.47904191616766467 0 0 22.064 49.935 33.897
1 150 6 0 0.5029940119760479 0 0 24.520 52.170 35.639
1 151 9 0 0.6467065868263473 0 0 28.189 51.859 34.724
1 152 22 0 0.8143712574850299 0 0 27.585 48.743 32.686
1 153 3 0 0.7065868263473054 0 0 29.434 50.099 29.705
1 154 3 0 0.7485029940119761 0 0 32.079 51.520 31.992
1 155 0 0 0.9221556886227544 0 0 33.120 48.167 33.455
1 156 15 0 0.9041916167664671 0 0 33.876 46.634 30.077
1 157 20 0 0.7425149700598803 0 0 35.360 49.730 28.613
1 158 18 0 0.7964071856287425 0 0 37.627 50.202 31.663
1 159 12 0 0.8802395209580838 0 0 38.822 46.587 31.240
1 160 22 0 0.7125748502994012 0 0 39.477 47.261 27.547
1 161 1 0 0.5508982035928144 0 0 41.559 50.149 28.684
1 162 7 0 0.6287425149700598 0 0 43.284 47.996 31.226
1 163 11 0 0.5688622754491017 0 0 44.372 45.358 28.734
1 164 1 0 0.32335329341317365 0 0 45.670 48.182 26.613
1 165 13 0 0.17964071856287422 0 0 47.791 50.126 29.146
1 166 10 0 0.053892215568862256 0 0 51.581 49.797 29.229
1 167 13 0 0.059880239520958 0 0 52.448 49.483 32.851
