5.000000000000000000e+00 1.160714253783226013e-01 2.592300033569335938e+01 3.817599868774414062e+01 4.213199996948242188e+01
1.600000000000000000e+01 2.455357164144515991e-01 2.731399917602539062e+01 4.177299880981445312e+01 4.170000076293945312e+01
1.200000000000000000e+01 5.133928656578063965e-01 3.090200042724609375e+01 4.076300048828125000e+01 4.127500152587890625e+01
1.400000000000000000e+01 5.357142686843872070e-01 3.172800064086914062e+01 3.799800109863281250e+01 3.879100036621093750e+01
2.200000000000000000e+01 7.232142686843872070e-01 3.537599945068359375e+01 3.730199813842773438e+01 3.774200057983398438e+01
1.300000000000000000e+01 6.919642686843872070e-01 3.628099822998046875e+01 3.531999969482421875e+01 3.472000122070312500e+01
2.200000000000000000e+01 7.500000000000000000e-01 3.986199951171875000e+01 3.403599929809570312e+01 3.404999923706054688e+01
1.200000000000000000e+01 6.875000000000000000e-01 4.106399917602539062e+01 3.286999893188476562e+01 3.068700027465820312e+01
3.000000000000000000e+00 6.294642686843872070e-01 4.413199996948242188e+01 3.117000007629394531e+01 2.923100090026855469e+01
0.000000000000000000e+00 6.071428656578063965e-01 4.519800186157226562e+01 3.281000137329101562e+01 2.591900062561035156e+01
2.200000000000000000e+01 4.375000000000000000e-01 4.779299926757812500e+01 3.004400062561035156e+01 2.531200027465820312e+01
1.000000000000000000e+00 2.232142835855484009e-01 4.516500091552734375e+01 2.713299942016601562e+01 2.495100021362304688e+01
9.000000000000000000e+00 2.767857015132904053e-01 4.235400009155273438e+01 2.939200019836425781e+01 2.408099937438964844e+01
1.700000000000000000e+01 2.812500000000000000e-01 4.040000152587890625e+01 2.815800094604492188e+01 2.710799980163574219e+01
1.600000000000000000e+01 4.241071343421936035e-01 3.934199905395507812e+01 2.915900039672851562e+01 3.057900047302246094e+01
0.000000000000000000e+00 5.491071343421936035e-01 4.204100036621093750e+01 2.905800056457519531e+01 3.321200180053710938e+01
1.100000000000000000e+01 3.660714328289031982e-01 4.145999908447265625e+01 2.664299964904785156e+01 3.613499832153320312e+01
2.000000000000000000e+00 4.062500000000000000e-01 4.228699874877929688e+01 2.726300048828125000e+01 3.984600067138671875e+01
2.200000000000000000e+01 6.741071343421936035e-01 4.323699951171875000e+01 3.099300003051757812e+01 3.983300018310546875e+01
0.000000000000000000e+00 6.696428656578063965e-01 4.373099899291992188e+01 3.231100082397460938e+01 4.344300079345703125e+01
1.400000000000000000e+01 7.857142686843872070e-01 4.253200149536132812e+01 3.593299865722656250e+01 4.381499862670898438e+01
2.200000000000000000e+01 7.276785969734191895e-01 3.883599853515625000e+01 4.132699966430664062e+01 4.677199935913085938e+01
1.500000000000000000e+01 6.607142686843872070e-01 3.939400100708007812e+01 4.425899887084960938e+01 4.922000122070312500e+01
1.000000000000000000e+00 5.312500000000000000e-01 3.709400177001953125e+01 4.720800018310546875e+01 5.004199981689453125e+01
1.300000000000000000e+01 4.642857015132904053e-01 3.829899978637695312e+01 5.063299942016601562e+01 5.113100051879882812e+01
0.000000000000000000e+00 1.830357164144515991e-01 3.765900039672851562e+01 5.155699920654296875e+01 5.478900146484375000e+01
0.000000000000000000e+00 6.250000000000000000e-02 3.710100173950195312e+01 5.509700012207031250e+01 5.620299911499023438e+01
3.000000000000000000e+00 8.482142537832260132e-02 4.072900009155273438e+01 5.585900115966796875e+01 5.672200012207031250e+01
3.000000000000000000e+00 3.035714328289031982e-01 4.145899963378906250e+01 5.436199951171875000e+01 5.322900009155273438e+01
1.800000000000000000e+01 3.258928656578063965e-01 4.263000106811523438e+01 5.103499984741210938e+01 5.453099822998046875e+01
1.900000000000000000e+01 5.401785969734191895e-01 4.216500091552734375e+01 4.792599868774414062e+01 5.242200088500976562e+01
7.000000000000000000e+00 3.437500000000000000e-01 3.956800079345703125e+01 4.578499984741210938e+01 5.421500015258789062e+01
1.600000000000000000e+01 3.794642984867095947e-01 3.918299865722656250e+01 4.205400085449218750e+01 5.323899841308593750e+01
1.500000000000000000e+01 3.705357015132904053e-01 3.582600021362304688e+01 4.152899932861328125e+01 5.134500122070312500e+01
0.000000000000000000e+00 3.928571343421936035e-01 3.553699874877929688e+01 3.825699996948242188e+01 4.956700134277343750e+01
1.700000000000000000e+01 5.089285969734191895e-01 3.804899978637695312e+01 3.572100067138671875e+01 4.802500152587890625e+01
9.000000000000000000e+00 4.464285671710968018e-01 3.860699844360351562e+01 3.240999984741210938e+01 4.649100112915039062e+01
1.300000000000000000e+01 5.044642686843872070e-01 4.010100173950195312e+01 3.047200012207031250e+01 4.346200180053710938e+01
1.800000000000000000e+01 4.866071343421936035e-01 3.844800186157226562e+01 2.985199928283691406e+01 3.993700027465820312e+01
1.700000000000000000e+01 2.187500000000000000e-01 3.631399917602539062e+01 2.693199920654296875e+01 3.903900146484375000e+01
7.000000000000000000e+00 1.250000000000000000e-01 3.665100097656250000e+01 2.484700012207031250e+01 3.580400085449218750e+01
1.700000000000000000e+01 1.741071492433547974e-01 3.480300140380859375e+01 2.724900054931640625e+01 3.347499847412109375e+01
9.000000000000000000e+00 4.732142984867095947e-01 3.710400009155273438e+01 3.000699996948242188e+01 3.471099853515625000e+01
7.000000000000000000e+00 4.553571343421936035e-01 3.460599899291992188e+01 3.188299942016601562e+01 3.678200149536132812e+01
1.200000000000000000e+01 4.776785671710968018e-01 3.480300140380859375e+01 3.250000000000000000e+01 4.050899887084960938e+01
9.000000000000000000e+00 1.205357164144515991e-01 2.915200042724609375e+01 3.353599929809570312e+01 4.467399978637695312e+01
1.200000000000000000e+01 2.678571343421936035e-01 3.144199943542480469e+01 3.628200149536132812e+01 4.608900070190429688e+01
1.800000000000000000e+01 1.383928507566452026e-01 2.853599929809570312e+01 3.858700180053710938e+01 4.737799835205078125e+01
1.800000000000000000e+01 3.125000000000000000e-02 2.468700027465820312e+01 3.938899993896484375e+01 4.732400131225585938e+01
7.000000000000000000e+00 2.232142910361289978e-02 2.313400077819824219e+01 4.267499923706054688e+01 4.615100097656250000e+01
7.000000000000000000e+00 0.000000000000000000e+00 2.177700042724609375e+01 4.348300170898437500e+01 4.967800140380859375e+01
7.000000000000000000e+00 1.785714365541934967e-02 2.531399917602539062e+01 4.274900054931640625e+01 5.104600143432617188e+01
1.500000000000000000e+01 9.821428358554840088e-02 2.718600082397460938e+01 4.472600173950195312e+01 4.845899963378906250e+01
2.200000000000000000e+01 9.375000000000000000e-02 2.754999923706054688e+01 4.847000122070312500e+01 4.947800064086914062e+01
7.000000000000000000e+00 1.473214328289031982e-01 2.886800003051757812e+01 5.144800186157226562e+01 4.753099822998046875e+01
9.000000000000000000e+00 3.125000000000000000e-01 3.249200057983398438e+01 5.235499954223632812e+01 4.787400054931640625e+01
1.100000000000000000e+01 5.982142686843872070e-01 3.589899826049804688e+01 5.162699890136718750e+01 4.630699920654296875e+01
2.000000000000000000e+01 7.053571343421936035e-01 3.696799850463867188e+01 4.800600051879882812e+01 4.581200027465820312e+01
1.300000000000000000e+01 8.482142686843872070e-01 4.019800186157226562e+01 4.634999847412109375e+01 4.475099945068359375e+01
2.200000000000000000e+01 9.017857313156127930e-01 4.055699920654296875e+01 4.295399856567382812e+01 4.309099960327148438e+01
7.000000000000000000e+00 9.375000000000000000e-01 4.395000076293945312e+01 4.123600006103515625e+01 4.327799987792968750e+01
1.100000000000000000e+01 9.330357313156127930e-01 4.467499923706054688e+01 3.819100189208984375e+01 4.090599822998046875e+01
3.000000000000000000e+00 8.750000000000000000e-01 4.772600173950195312e+01 3.580799865722656250e+01 4.115000152587890625e+01
1.800000000000000000e+01 8.928571343421936035e-01 4.919800186157226562e+01 3.540100097656250000e+01 3.758900070190429688e+01
1.300000000000000000e+01 7.946428656578063965e-01 5.237799835205078125e+01 3.381200027465820312e+01 3.872499847412109375e+01
1.700000000000000000e+01 6.428571343421936035e-01 5.148799896240234375e+01 3.055800056457519531e+01 4.060599899291992188e+01
2.000000000000000000e+01 6.116071343421936035e-01 4.931299972534179688e+01 2.918400001525878906e+01 3.772900009155273438e+01
1.900000000000000000e+01 5.892857313156127930e-01 5.204399871826171875e+01 2.921599960327148438e+01 3.502399826049804688e+01
1.300000000000000000e+01 3.883928656578063965e-01 5.460900115966796875e+01 2.758099937438964844e+01 3.749300003051757812e+01
0.000000000000000000e+00 2.410714328289031982e-01 5.214300155639648438e+01 2.455800056457519531e+01 3.772600173950195312e+01
1.200000000000000000e+01 2.366071492433547974e-01 5.191600036621093750e+01 2.455900001525878906e+01 3.392399978637695312e+01
9.000000000000000000e+00 1.517857164144515991e-01 5.578699874877929688e+01 2.448500061035156250e+01 3.350999832153320312e+01
1.100000000000000000e+01 3.348214328289031982e-01 5.619200134277343750e+01 2.804400062561035156e+01 3.215599822998046875e+01
1.700000000000000000e+01 4.598214328289031982e-01 5.844599914550781250e+01 3.089800071716308594e+01 3.355500030517578125e+01
1.600000000000000000e+01 7.098214030265808105e-01 5.586600112915039062e+01 3.384600067138671875e+01 3.409400177001953125e+01
1.500000000000000000e+01 7.991071343421936035e-01 5.649700164794921875e+01 3.748500061035156250e+01 3.362900161743164062e+01
7.000000000000000000e+00 9.151785969734191895e-01 5.320000076293945312e+01 3.841400146484375000e+01 3.872000122070312500e+01
0.000000000000000000e+00 9.955357313156127930e-01 4.681000137329101562e+01 4.156399917602539062e+01 3.766899871826171875e+01
7.000000000000000000e+00 9.866071343421936035e-01 4.556100082397460938e+01 4.416999816894531250e+01 4.024800109863281250e+01
2.200000000000000000e+01 9.732142686843872070e-01 4.259299850463867188e+01 4.648899841308593750e+01 3.952899932861328125e+01
2.200000000000000000e+01 9.241071343421936035e-01 4.101399993896484375e+01 4.924800109863281250e+01 4.157199859619140625e+01
1.500000000000000000e+01 8.080357313156127930e-01 3.748300170898437500e+01 5.060400009155273438e+01 4.090000152587890625e+01
1.800000000000000000e+01 6.250000000000000000e-01 3.456900024414062500e+01 5.260300064086914062e+01 4.242200088500976562e+01
0.000000000000000000e+00 4.955357015132904053e-01 3.143499946594238281e+01 5.047900009155273438e+01 4.262099838256835938e+01
2.000000000000000000e+00 2.142857164144515991e-01 2.769400024414062500e+01 5.127899932861328125e+01 4.265900039672851562e+01
3.000000000000000000e+00 1.785714328289031982e-01 2.796699905395507812e+01 5.453099822998046875e+01 4.062799835205078125e+01
1.700000000000000000e+01 4.017857089638710022e-02 2.451399993896484375e+01 5.525199890136718750e+01 3.916999816894531250e+01
9.000000000000000000e+00 2.678571455180644989e-02 2.306399917602539062e+01 5.272999954223632812e+01 4.149300003051757812e+01
1.600000000000000000e+01 4.464285820722579956e-02 2.318700027465820312e+01 4.891400146484375000e+01 4.179499816894531250e+01
1.000000000000000000e+00 1.651785671710968018e-01 2.546199989318847656e+01 4.763600158691406250e+01 3.888800048828125000e+01
1.000000000000000000e+00 2.633928656578063965e-01 2.657900047302246094e+01 4.425199890136718750e+01 3.768700027465820312e+01
2.000000000000000000e+01 5.580357313156127930e-01 3.029899978637695312e+01 4.385200119018554688e+01 3.745199966430664062e+01
1.800000000000000000e+01 6.562500000000000000e-01 3.208800125122070312e+01 4.131600189208984375e+01 3.543899917602539062e+01
1.100000000000000000e+01 8.214285969734191895e-01 3.586000061035156250e+01 4.132099914550781250e+01 3.555899810791015625e+01
0.000000000000000000e+00 8.348214030265808105e-01 3.758700180053710938e+01 3.950099945068359375e+01 3.261600112915039062e+01
0.000000000000000000e+00 9.107142686843872070e-01 4.121699905395507812e+01 3.832099914550781250e+01 3.274599838256835938e+01
1.200000000000000000e+01 8.437500000000000000e-01 4.284700012207031250e+01 3.704600143432617188e+01 2.964100074768066406e+01
1.200000000000000000e+01 8.571428656578063965e-01 4.630899810791015625e+01 3.562699890136718750e+01 3.050200080871582031e+01
1.700000000000000000e+01 7.812500000000000000e-01 4.959899902343750000e+01 3.446699905395507812e+01 2.890200042724609375e+01
1.600000000000000000e+01 7.366071343421936035e-01 5.309400177001953125e+01 3.401499938964843750e+01 3.045700073242187500e+01
2.000000000000000000e+01 7.901785969734191895e-01 5.436500167846679688e+01 3.738499832153320312e+01 2.892200088500976562e+01
1.700000000000000000e+01 8.839285969734191895e-01 5.109999847412109375e+01 3.943000030517578125e+01 2.870299911499023438e+01
2.000000000000000000e+01 9.553571343421936035e-01 4.754299926757812500e+01 3.999800109863281250e+01 3.012899971008300781e+01
1.700000000000000000e+01 9.508928656578063965e-01 4.436000061035156250e+01 4.191500091552734375e+01 2.909600067138671875e+01
1.800000000000000000e+01 9.687500000000000000e-01 4.218500137329101562e+01 4.291299819946289062e+01 3.205099868774414062e+01
1.800000000000000000e+01 8.883928656578063965e-01 3.863399887084960938e+01 4.420600128173828125e+01 3.112000083923339844e+01
0.000000000000000000e+00 8.169642686843872070e-01 3.560400009155273438e+01 4.530099868774414062e+01 3.314500045776367188e+01
2.200000000000000000e+01 6.473214030265808105e-01 3.206200027465820312e+01 4.500099945068359375e+01 3.191500091552734375e+01
2.200000000000000000e+01 4.910714328289031982e-01 2.956900024414062500e+01 4.697900009155273438e+01 3.405699920654296875e+01
1.800000000000000000e+01 2.098214328289031982e-01 2.588100051879882812e+01 4.622600173950195312e+01 3.315499877929687500e+01
2.000000000000000000e+00 5.357142910361289978e-02 2.260799980163574219e+01 4.789799880981445312e+01 3.420199966430664062e+01
1.600000000000000000e+01 1.339285727590322495e-02 2.023100090026855469e+01 4.526599884033203125e+01 3.561800003051757812e+01
5.000000000000000000e+00 1.071428582072257996e-01 6.828399658203125000e+01 5.005099868774414062e+01 2.759700012207031250e+01
1.600000000000000000e+01 2.500000000000000000e-01 6.717900085449218750e+01 4.760800170898437500e+01 3.048900032043457031e+01
1.200000000000000000e+01 5.223214030265808105e-01 6.354100036621093750e+01 4.868000030517578125e+01 3.084399986267089844e+01
1.400000000000000000e+01 5.178571343421936035e-01 6.180400085449218750e+01 5.085599899291992188e+01 2.819400024414062500e+01
2.200000000000000000e+01 6.830357313156127930e-01 5.806700134277343750e+01 5.163600158691406250e+01 2.842799949645996094e+01
1.300000000000000000e+01 6.383928656578063965e-01 5.606200027465820312e+01 5.231999969482421875e+01 2.521800041198730469e+01
2.200000000000000000e+01 7.142857313156127930e-01 5.234999847412109375e+01 5.326800155639648438e+01 2.560000038146972656e+01
1.200000000000000000e+01 6.339285969734191895e-01 4.961199951171875000e+01 5.355599975585937500e+01 2.298600006103515625e+01
3.000000000000000000e+00 6.517857313156127930e-01 4.585599899291992188e+01 5.449399948120117188e+01 2.376499938964843750e+01
0.000000000000000000e+00 5.535714030265808105e-01 4.249399948120117188e+01 5.328099822998046875e+01 2.195299911499023438e+01
2.200000000000000000e+01 3.750000000000000000e-01 4.102000045776367188e+01 5.686600112915039062e+01 2.222500038146972656e+01
1.000000000000000000e+00 1.919642835855484009e-01 4.298699951171875000e+01 5.822700119018554688e+01 1.924600028991699219e+01
9.000000000000000000e+00 2.589285671710968018e-01 4.446699905395507812e+01 5.485800170898437500e+01 1.809099960327148438e+01
1.700000000000000000e+01 2.544642984867095947e-01 4.796500015258789062e+01 5.618700027465820312e+01 1.859499931335449219e+01
1.600000000000000000e+01 3.526785671710968018e-01 5.112099838256835938e+01 5.654899978637695312e+01 2.084399986267089844e+01
0.000000000000000000e+00 5.000000000000000000e-01 5.046599960327148438e+01 5.803900146484375000e+01 2.436700057983398438e+01
1.100000000000000000e+01 2.946428656578063965e-01 5.224800109863281250e+01 6.136899948120117188e+01 2.506200027465820312e+01
2.000000000000000000e+00 3.392857015132904053e-01 5.261899948120117188e+01 6.243600082397460938e+01 2.863699913024902344e+01
2.200000000000000000e+01 6.205357313156127930e-01 5.175199890136718750e+01 5.947800064086914062e+01 3.080200004577636719e+01
0.000000000000000000e+00 6.160714030265808105e-01 5.341799926757812500e+01 5.975000000000000000e+01 3.432099914550781250e+01
1.400000000000000000e+01 7.410714030265808105e-01 5.449200057983398438e+01 5.662300109863281250e+01 3.606999969482421875e+01
2.200000000000000000e+01 7.321428656578063965e-01 5.857600021362304688e+01 5.254399871826171875e+01 3.954899978637695312e+01
1.500000000000000000e+01 6.964285969734191895e-01 5.889400100708007812e+01 5.070800018310546875e+01 4.288899993896484375e+01
1.000000000000000000e+00 6.026785969734191895e-01 6.125600051879882812e+01 4.791699981689453125e+01 4.393799972534179688e+01
1.300000000000000000e+01 5.848214030265808105e-01 6.046300125122070312e+01 4.514300155639648438e+01 4.645500183105468750e+01
0.000000000000000000e+00 2.723214328289031982e-01 6.322000122070312500e+01 4.501300048828125000e+01 4.916999816894531250e+01
0.000000000000000000e+00 1.116071417927742004e-01 6.471099853515625000e+01 4.212699890136718750e+01 5.117800140380859375e+01
3.000000000000000000e+00 8.928571641445159912e-02 6.288399887084960938e+01 4.336700057983398438e+01 5.429600143432617188e+01
3.000000000000000000e+00 2.857142984867095947e-01 5.963299942016601562e+01 4.295299911499023438e+01 5.220899963378906250e+01
1.800000000000000000e+01 3.571428656578063965e-01 5.881900024414062500e+01 4.662599945068359375e+01 5.184099960327148438e+01
1.900000000000000000e+01 5.714285969734191895e-01 5.823199844360351562e+01 4.856000137329101562e+01 4.859299850463867188e+01
7.000000000000000000e+00 3.839285671710968018e-01 6.097900009155273438e+01 5.125000000000000000e+01 4.791600036621093750e+01
1.600000000000000000e+01 4.285714328289031982e-01 6.075000000000000000e+01 5.412900161743164062e+01 4.529999923706054688e+01
1.500000000000000000e+01 3.973214328289031982e-01 6.314199829101562500e+01 5.317399978637695312e+01 4.245800018310546875e+01
0.000000000000000000e+00 4.419642984867095947e-01 6.236500167846679688e+01 5.536999893188476562e+01 3.932600021362304688e+01
1.700000000000000000e+01 4.821428656578063965e-01 5.985800170898437500e+01 5.789899826049804688e+01 3.808800125122070312e+01
9.000000000000000000e+00 4.017857015132904053e-01 5.915800094604492188e+01 5.964799880981445312e+01 3.469800186157226562e+01
1.300000000000000000e+01 4.687500000000000000e-01 5.663199996948242188e+01 6.012300109863281250e+01 3.190500068664550781e+01
1.800000000000000000e+01 4.107142984867095947e-01 5.653499984741210938e+01 5.931000137329101562e+01 2.808200073242187500e+01
1.700000000000000000e+01 1.428571492433547974e-01 5.823899841308593750e+01 6.150199890136718750e+01 2.540200042724609375e+01
7.000000000000000000e+00 8.035714179277420044e-02 5.646599960327148438e+01 6.279899978637695312e+01 2.223399925231933594e+01
1.700000000000000000e+01 1.026785746216773987e-01 5.671500015258789062e+01 5.946300125122070312e+01 2.039999961853027344e+01
9.000000000000000000e+00 3.303571343421936035e-01 5.515599822998046875e+01 5.781700134277343750e+01 2.342200088500976562e+01
7.000000000000000000e+00 3.616071343421936035e-01 5.835100173950195312e+01 5.617399978637695312e+01 2.470700073242187500e+01
1.200000000000000000e+01 4.151785671710968018e-01 6.009099960327148438e+01 5.628499984741210938e+01 2.823500061035156250e+01
9.000000000000000000e+00 1.562500000000000000e-01 6.605599975585937500e+01 5.615100097656250000e+01 3.148100090026855469e+01
1.200000000000000000e+01 3.482142984867095947e-01 6.422399902343750000e+01 5.468999862670898438e+01 3.440800094604492188e+01
1.800000000000000000e+01 2.321428507566452026e-01 6.717099761962890625e+01 5.244300079345703125e+01 3.540700149536132812e+01
1.800000000000000000e+01 6.696428358554840088e-02 7.080699920654296875e+01 5.144499969482421875e+01 3.443199920654296875e+01
7.000000000000000000e+00 3.571428731083869934e-02 7.212100219726562500e+01 4.804600143432617188e+01 3.334299850463867188e+01
7.000000000000000000e+00 8.928571827709674835e-03 7.423100280761718750e+01 4.704700088500976562e+01 3.636700057983398438e+01
7.000000000000000000e+00 5.803571268916130066e-02 7.164700317382812500e+01 4.826399993896484375e+01 3.900999832153320312e+01
1.500000000000000000e+01 1.964285671710968018e-01 6.888400268554687500e+01 4.634700012207031250e+01 3.715599822998046875e+01
2.200000000000000000e+01 1.339285671710968018e-01 6.973999786376953125e+01 4.337300109863281250e+01 3.938700103759765625e+01
7.000000000000000000e+00 2.276785671710968018e-01 6.759600067138671875e+01 4.025199890136718750e+01 3.998199844360351562e+01
9.000000000000000000e+00 4.508928656578063965e-01 6.434100341796875000e+01 4.112900161743164062e+01 4.184600067138671875e+01
1.100000000000000000e+01 6.785714030265808105e-01 6.068199920654296875e+01 4.207400131225585938e+01 4.175000000000000000e+01
2.000000000000000000e+01 7.633928656578063965e-01 5.985599899291992188e+01 4.545199966430664062e+01 4.038399887084960938e+01
1.300000000000000000e+01 8.794642686843872070e-01 5.650699996948242188e+01 4.717100143432617188e+01 3.976599884033203125e+01
2.200000000000000000e+01 8.973214030265808105e-01 5.565700149536132812e+01 5.023600006103515625e+01 3.773600006103515625e+01
7.000000000000000000e+00 9.285714030265808105e-01 5.242599868774414062e+01 5.199900054931640625e+01 3.877000045776367188e+01
1.100000000000000000e+01 9.062500000000000000e-01 5.119400024414062500e+01 5.408399963378906250e+01 3.585200119018554688e+01
3.000000000000000000e+00 8.258928656578063965e-01 4.858300018310546875e+01 5.688199996948242188e+01 3.646900177001953125e+01
1.800000000000000000e+01 8.303571343421936035e-01 4.559500122070312500e+01 5.661100006103515625e+01 3.394499969482421875e+01
1.300000000000000000e+01 7.187500000000000000e-01 4.323300170898437500e+01 5.882899856567382812e+01 3.609400177001953125e+01
1.700000000000000000e+01 5.625000000000000000e-01 4.528400039672851562e+01 6.196699905395507812e+01 3.546200180053710938e+01
2.000000000000000000e+01 5.937500000000000000e-01 4.570800018310546875e+01 6.098500061035156250e+01 3.177300071716308594e+01
1.900000000000000000e+01 5.446428656578063965e-01 4.190900039672851562e+01 6.055400085449218750e+01 3.106299972534179688e+01
1.300000000000000000e+01 3.169642984867095947e-01 4.115100097656250000e+01 6.383100128173828125e+01 3.292800140380859375e+01
0.000000000000000000e+00 2.008928507566452026e-01 4.359799957275390625e+01 6.572899627685546875e+01 3.067099952697753906e+01
1.200000000000000000e+01 1.875000000000000000e-01 4.145999908447265625e+01 6.436799621582031250e+01 2.763999938964843750e+01
9.000000000000000000e+00 1.294642835855484009e-01 3.794900131225585938e+01 6.472599792480468750e+01 2.920599937438964844e+01
1.100000000000000000e+01 3.214285671710968018e-01 3.726200103759765625e+01 6.089599990844726562e+01 2.918099975585937500e+01
1.700000000000000000e+01 4.330357015132904053e-01 3.590900039672851562e+01 5.940800094604492188e+01 3.246099853515625000e+01
1.600000000000000000e+01 6.651785969734191895e-01 3.827999877929687500e+01 5.730400085449218750e+01 3.470500183105468750e+01
1.500000000000000000e+01 7.544642686843872070e-01 3.713999938964843750e+01 5.382400131225585938e+01 3.576800155639648438e+01
7.000000000000000000e+00 8.660714030265808105e-01 4.234999847412109375e+01 5.425600051879882812e+01 3.947800064086914062e+01
0.000000000000000000e+00 9.776785969734191895e-01 4.742300033569335938e+01 5.089699935913085938e+01 3.539400100708007812e+01
7.000000000000000000e+00 9.910714030265808105e-01 4.984099960327148438e+01 4.856399917602539062e+01 3.727199935913085938e+01
2.200000000000000000e+01 9.821428656578063965e-01 5.251200103759765625e+01 4.626499938964843750e+01 3.581900024414062500e+01
2.200000000000000000e+01 9.642857313156127930e-01 5.436999893188476562e+01 4.387500000000000000e+01 3.811199951171875000e+01
1.500000000000000000e+01 8.705357313156127930e-01 5.719499969482421875e+01 4.143399810791015625e+01 3.725500106811523438e+01
1.800000000000000000e+01 7.008928656578063965e-01 6.028200149536132812e+01 3.951399993896484375e+01 3.848600006103515625e+01
0.000000000000000000e+00 5.669642686843872070e-01 6.352899932861328125e+01 4.034799957275390625e+01 3.651499938964843750e+01
2.000000000000000000e+00 2.901785671710968018e-01 6.632399749755859375e+01 3.811500167846679688e+01 3.543000030517578125e+01
3.000000000000000000e+00 3.080357015132904053e-01 6.465299987792968750e+01 3.491600036621093750e+01 3.678900146484375000e+01
1.700000000000000000e+01 1.607142835855484009e-01 6.563099670410156250e+01 3.287900161743164062e+01 3.368700027465820312e+01
9.000000000000000000e+00 7.142857462167739868e-02 6.911199951171875000e+01 3.449000167846679688e+01 3.366400146484375000e+01
1.600000000000000000e+01 7.589285820722579956e-02 7.025800323486328125e+01 3.796200180053710938e+01 3.266899871826171875e+01
1.000000000000000000e+00 2.053571492433547974e-01 6.732900238037109375e+01 3.946200180053710938e+01 3.044099998474121094e+01
1.000000000000000000e+00 2.991071343421936035e-01 6.622000122070312500e+01 4.290299987792968750e+01 2.938699913024902344e+01
2.000000000000000000e+01 5.267857313156127930e-01 6.275500106811523438e+01 4.411299896240234375e+01 2.841699981689453125e+01
1.800000000000000000e+01 5.803571343421936035e-01 6.072100067138671875e+01 4.629399871826171875e+01 2.607200050354003906e+01
1.100000000000000000e+01 7.589285969734191895e-01 5.730599975585937500e+01 4.697299957275390625e+01 2.769099998474121094e+01
0.000000000000000000e+00 7.723214030265808105e-01 5.438899993896484375e+01 4.786899948120117188e+01 2.549099922180175781e+01
0.000000000000000000e+00 8.616071343421936035e-01 5.078499984741210938e+01 4.890499877929687500e+01 2.655699920654296875e+01
1.200000000000000000e+01 8.125000000000000000e-01 4.738000106811523438e+01 4.972399902343750000e+01 2.503899955749511719e+01
1.200000000000000000e+01 8.392857313156127930e-01 4.503300094604492188e+01 5.186399841308593750e+01 2.719300079345703125e+01
1.700000000000000000e+01 7.767857313156127930e-01 4.118700027465820312e+01 5.228400039672851562e+01 2.697500038146972656e+01
1.600000000000000000e+01 7.455357313156127930e-01 3.860800170898437500e+01 5.334500122070312500e+01 2.970499992370605469e+01
2.000000000000000000e+01 8.035714030265808105e-01 3.740999984741210938e+01 4.999900054931640625e+01 3.089500045776367188e+01
1.700000000000000000e+01 9.196428656578063965e-01 4.051499938964843750e+01 4.779600143432617188e+01 3.038299942016601562e+01
2.000000000000000000e+01 9.598214030265808105e-01 4.415100097656250000e+01 4.777799987792968750e+01 2.979000091552734375e+01
1.700000000000000000e+01 9.464285969734191895e-01 4.658399963378906250e+01 4.540399932861328125e+01 2.788500022888183594e+01
1.800000000000000000e+01 9.419642686843872070e-01 5.031999969482421875e+01 4.512400054931640625e+01 2.810000038146972656e+01
1.800000000000000000e+01 8.526785969734191895e-01 5.302399826049804688e+01 4.272900009155273438e+01 2.701199913024902344e+01
0.000000000000000000e+00 7.678571343421936035e-01 5.679899978637695312e+01 4.198899841308593750e+01 2.754299926757812500e+01
2.200000000000000000e+01 5.758928656578063965e-01 5.903900146484375000e+01 4.162900161743164062e+01 2.455100059509277344e+01
2.200000000000000000e+01 4.196428656578063965e-01 6.194800186157226562e+01 3.964500045776367188e+01 2.600699996948242188e+01
1.800000000000000000e+01 1.696428507566452026e-01 6.552400207519531250e+01 4.031000137329101562e+01 2.482200050354003906e+01
2.000000000000000000e+00 4.910714179277420044e-02 6.878099822998046875e+01 3.850400161743164062e+01 2.562100028991699219e+01
1.600000000000000000e+01 4.464285913854837418e-03 7.196700286865234375e+01 4.054700088500976562e+01 2.554000091552734375e+01
