5.000000000000000000e+00 1.116071417927742004e-01 2.554400062561035156e+01 3.817900085449218750e+01 4.140000152587890625e+01
1.600000000000000000e+01 2.321428507566452026e-01 2.684099960327148438e+01 4.175400161743164062e+01 4.137300109863281250e+01
1.200000000000000000e+01 5.223214030265808105e-01 3.070299911499023438e+01 4.126900100708007812e+01 4.128699874877929688e+01
1.400000000000000000e+01 5.580357313156127930e-01 3.196500015258789062e+01 3.843199920654296875e+01 3.892900085449218750e+01
2.200000000000000000e+01 7.098214030265808105e-01 3.538899993896484375e+01 3.746400070190429688e+01 3.774200057983398438e+01
1.300000000000000000e+01 6.830357313156127930e-01 3.613199996948242188e+01 3.521200180053710938e+01 3.465900039672851562e+01
2.200000000000000000e+01 7.500000000000000000e-01 3.979999923706054688e+01 3.398500061035156250e+01 3.403099822998046875e+01
1.200000000000000000e+01 6.919642686843872070e-01 4.086299896240234375e+01 3.290900039672851562e+01 3.053899955749511719e+01
3.000000000000000000e+00 6.250000000000000000e-01 4.402099990844726562e+01 3.108099937438964844e+01 2.953000068664550781e+01
0.000000000000000000e+00 6.026785969734191895e-01 4.529800033569335938e+01 3.243199920654296875e+01 2.614800071716308594e+01
2.200000000000000000e+01 4.375000000000000000e-01 4.790999984741210938e+01 2.958499908447265625e+01 2.555299949645996094e+01
1.000000000000000000e+00 2.500000000000000000e-01 4.483599853515625000e+01 2.733200073242187500e+01 2.521100044250488281e+01
9.000000000000000000e+00 3.035714328289031982e-01 4.193399810791015625e+01 2.971599960327148438e+01 2.446400070190429688e+01
1.700000000000000000e+01 2.812500000000000000e-01 4.026499938964843750e+01 2.814100074768066406e+01 2.737100028991699219e+01
1.600000000000000000e+01 4.241071343421936035e-01 3.896300125122070312e+01 2.898900032043457031e+01 3.084300041198730469e+01
0.000000000000000000e+00 5.357142686843872070e-01 4.145000076293945312e+01 2.881900024414062500e+01 3.367499923706054688e+01
1.100000000000000000e+01 3.482142984867095947e-01 4.061100006103515625e+01 2.666600036621093750e+01 3.667200088500976562e+01
2.000000000000000000e+00 3.883928656578063965e-01 4.173799896240234375e+01 2.731800079345703125e+01 4.033300018310546875e+01
2.200000000000000000e+01 6.741071343421936035e-01 4.344100189208984375e+01 3.067799949645996094e+01 3.979800033569335938e+01
0.000000000000000000e+00 6.875000000000000000e-01 4.364799880981445312e+01 3.242200088500976562e+01 4.313700103759765625e+01
1.400000000000000000e+01 7.678571343421936035e-01 4.242200088500976562e+01 3.584199905395507812e+01 4.427299880981445312e+01
2.200000000000000000e+01 7.187500000000000000e-01 3.895999908447265625e+01 4.124800109863281250e+01 4.690000152587890625e+01
1.500000000000000000e+01 6.651785969734191895e-01 3.903599929809570312e+01 4.423300170898437500e+01 4.916899871826171875e+01
1.000000000000000000e+00 5.401785969734191895e-01 3.684400177001953125e+01 4.728200149536132812e+01 4.994699859619140625e+01
1.300000000000000000e+01 4.732142984867095947e-01 3.818199920654296875e+01 5.065200042724609375e+01 5.113800048828125000e+01
0.000000000000000000e+00 1.830357164144515991e-01 3.750199890136718750e+01 5.135300064086914062e+01 5.485699844360351562e+01
0.000000000000000000e+00 6.250000000000000000e-02 3.686399841308593750e+01 5.477600097656250000e+01 5.654600143432617188e+01
3.000000000000000000e+00 8.928571641445159912e-02 4.054899978637695312e+01 5.606800079345703125e+01 5.659999847412109375e+01
3.000000000000000000e+00 2.767857015132904053e-01 4.104700088500976562e+01 5.473799896240234375e+01 5.300899887084960938e+01
1.800000000000000000e+01 3.437500000000000000e-01 4.277000045776367188e+01 5.149700164794921875e+01 5.422700119018554688e+01
1.900000000000000000e+01 5.312500000000000000e-01 4.185100173950195312e+01 4.814899826049804688e+01 5.261600112915039062e+01
7.000000000000000000e+00 3.303571343421936035e-01 3.920899963378906250e+01 4.590999984741210938e+01 5.429700088500976562e+01
1.600000000000000000e+01 3.616071343421936035e-01 3.894699859619140625e+01 4.215599822998046875e+01 5.339699935913085938e+01
1.500000000000000000e+01 3.660714328289031982e-01 3.566699981689453125e+01 4.188299942016601562e+01 5.131000137329101562e+01
0.000000000000000000e+00 3.973214328289031982e-01 3.558900070190429688e+01 3.840299987792968750e+01 4.962699890136718750e+01
1.700000000000000000e+01 5.089285969734191895e-01 3.809799957275390625e+01 3.580899810791015625e+01 4.837099838256835938e+01
9.000000000000000000e+00 4.464285671710968018e-01 3.832799911499023438e+01 3.243700027465820312e+01 4.654499816894531250e+01
1.300000000000000000e+01 5.178571343421936035e-01 3.983100128173828125e+01 3.070800018310546875e+01 4.347800064086914062e+01
1.800000000000000000e+01 5.000000000000000000e-01 3.821300125122070312e+01 3.007200050354003906e+01 4.004299926757812500e+01
1.700000000000000000e+01 2.098214328289031982e-01 3.600500106811523438e+01 2.690900039672851562e+01 3.962400054931640625e+01
7.000000000000000000e+00 1.026785746216773987e-01 3.569699859619140625e+01 2.443700027465820312e+01 3.664400100708007812e+01
1.700000000000000000e+01 1.428571492433547974e-01 3.382600021362304688e+01 2.683600044250488281e+01 3.446099853515625000e+01
9.000000000000000000e+00 4.151785671710968018e-01 3.656200027465820312e+01 2.954000091552734375e+01 3.485900115966796875e+01
7.000000000000000000e+00 4.598214328289031982e-01 3.431399917602539062e+01 3.190600013732910156e+01 3.681299972534179688e+01
1.200000000000000000e+01 4.687500000000000000e-01 3.454899978637695312e+01 3.250600051879882812e+01 4.062699890136718750e+01
9.000000000000000000e+00 1.205357164144515991e-01 2.921199989318847656e+01 3.367800140380859375e+01 4.517399978637695312e+01
1.200000000000000000e+01 2.901785671710968018e-01 3.151000022888183594e+01 3.665299987792968750e+01 4.568299865722656250e+01
1.800000000000000000e+01 1.696428507566452026e-01 2.862800025939941406e+01 3.893700027465820312e+01 4.702299880981445312e+01
1.800000000000000000e+01 4.017857089638710022e-02 2.483699989318847656e+01 3.957099914550781250e+01 4.680099868774414062e+01
7.000000000000000000e+00 1.785714365541934967e-02 2.261599922180175781e+01 4.241400146484375000e+01 4.568999862670898438e+01
7.000000000000000000e+00 0.000000000000000000e+00 2.174500083923339844e+01 4.335100173950195312e+01 4.921300125122070312e+01
7.000000000000000000e+00 2.232142910361289978e-02 2.533399963378906250e+01 4.297499847412109375e+01 5.037200164794921875e+01
1.500000000000000000e+01 1.250000000000000000e-01 2.720000076293945312e+01 4.490200042724609375e+01 4.763299942016601562e+01
2.200000000000000000e+01 9.821428358554840088e-02 2.742600059509277344e+01 4.847700119018554688e+01 4.890000152587890625e+01
7.000000000000000000e+00 1.607142835855484009e-01 2.873699951171875000e+01 5.156999969482421875e+01 4.716999816894531250e+01
9.000000000000000000e+00 3.125000000000000000e-01 3.249499893188476562e+01 5.265100097656250000e+01 4.731100082397460938e+01
1.100000000000000000e+01 5.982142686843872070e-01 3.598799896240234375e+01 5.167499923706054688e+01 4.603599929809570312e+01
2.000000000000000000e+01 7.232142686843872070e-01 3.710599899291992188e+01 4.815399932861328125e+01 4.536999893188476562e+01
1.300000000000000000e+01 8.571428656578063965e-01 4.028200149536132812e+01 4.624300003051757812e+01 4.459400177001953125e+01
2.200000000000000000e+01 9.107142686843872070e-01 4.056299972534179688e+01 4.280500030517578125e+01 4.280199813842773438e+01
7.000000000000000000e+00 9.330357313156127930e-01 4.408599853515625000e+01 4.136899948120117188e+01 4.344100189208984375e+01
1.100000000000000000e+01 9.285714030265808105e-01 4.467200088500976562e+01 3.831600189208984375e+01 4.116400146484375000e+01
3.000000000000000000e+00 8.660714030265808105e-01 4.764300155639648438e+01 3.587699890136718750e+01 4.158700180053710938e+01
1.800000000000000000e+01 8.705357313156127930e-01 4.918399810791015625e+01 3.498400115966796875e+01 3.809199905395507812e+01
1.300000000000000000e+01 7.723214030265808105e-01 5.245600128173828125e+01 3.345700073242187500e+01 3.929999923706054688e+01
1.700000000000000000e+01 6.116071343421936035e-01 5.120999908447265625e+01 3.008699989318847656e+01 4.061600112915039062e+01
2.000000000000000000e+01 6.071428656578063965e-01 4.902199935913085938e+01 2.908099937438964844e+01 3.765100097656250000e+01
1.900000000000000000e+01 5.714285969734191895e-01 5.177899932861328125e+01 2.903899955749511719e+01 3.514099884033203125e+01
1.300000000000000000e+01 4.062500000000000000e-01 5.428699874877929688e+01 2.756100082397460938e+01 3.770800018310546875e+01
0.000000000000000000e+00 2.455357164144515991e-01 5.205099868774414062e+01 2.471800041198730469e+01 3.847100067138671875e+01
1.200000000000000000e+01 1.919642835855484009e-01 5.182099914550781250e+01 2.376300048828125000e+01 3.472499847412109375e+01
9.000000000000000000e+00 1.383928507566452026e-01 5.568299865722656250e+01 2.396699905395507812e+01 3.432600021362304688e+01
1.100000000000000000e+01 3.169642984867095947e-01 5.574000167846679688e+01 2.745400047302246094e+01 3.249300003051757812e+01
1.700000000000000000e+01 4.910714328289031982e-01 5.757699966430664062e+01 3.063800048828125000e+01 3.356499862670898438e+01
1.600000000000000000e+01 7.142857313156127930e-01 5.529800033569335938e+01 3.375400161743164062e+01 3.406999969482421875e+01
1.500000000000000000e+01 8.080357313156127930e-01 5.634099960327148438e+01 3.735800170898437500e+01 3.392499923706054688e+01
7.000000000000000000e+00 9.017857313156127930e-01 5.354700088500976562e+01 3.823600006103515625e+01 3.915200042724609375e+01
0.000000000000000000e+00 9.866071343421936035e-01 4.695000076293945312e+01 4.083399963378906250e+01 3.761500167846679688e+01
7.000000000000000000e+00 9.910714030265808105e-01 4.566999816894531250e+01 4.357600021362304688e+01 3.995199966430664062e+01
2.200000000000000000e+01 9.776785969734191895e-01 4.279600143432617188e+01 4.601499938964843750e+01 3.903099822998046875e+01
2.200000000000000000e+01 9.375000000000000000e-01 4.110499954223632812e+01 4.878699874877929688e+01 4.107199859619140625e+01
1.500000000000000000e+01 8.258928656578063965e-01 3.775000000000000000e+01 5.071599960327148438e+01 4.047499847412109375e+01
1.800000000000000000e+01 6.428571343421936035e-01 3.462900161743164062e+01 5.253499984741210938e+01 4.178699874877929688e+01
0.000000000000000000e+00 5.267857313156127930e-01 3.148800086975097656e+01 5.036399841308593750e+01 4.205699920654296875e+01
2.000000000000000000e+00 2.366071492433547974e-01 2.776600074768066406e+01 5.138800048828125000e+01 4.197800064086914062e+01
3.000000000000000000e+00 2.053571492433547974e-01 2.826300048828125000e+01 5.479700088500976562e+01 4.047600173950195312e+01
1.700000000000000000e+01 6.696428358554840088e-02 2.527599906921386719e+01 5.612300109863281250e+01 3.838999938964843750e+01
9.000000000000000000e+00 2.678571455180644989e-02 2.299900054931640625e+01 5.350899887084960938e+01 3.983900070190429688e+01
1.600000000000000000e+01 5.803571268916130066e-02 2.315399932861328125e+01 4.979000091552734375e+01 4.057899856567382812e+01
1.000000000000000000e+00 1.785714328289031982e-01 2.540999984741210938e+01 4.778300094604492188e+01 3.825899887084960938e+01
1.000000000000000000e+00 2.678571343421936035e-01 2.656800079345703125e+01 4.419599914550781250e+01 3.769400024414062500e+01
2.000000000000000000e+01 5.669642686843872070e-01 3.048800086975097656e+01 4.422600173950195312e+01 3.752500152587890625e+01
1.800000000000000000e+01 6.473214030265808105e-01 3.218500137329101562e+01 4.143299865722656250e+01 3.541899871826171875e+01
1.100000000000000000e+01 8.214285969734191895e-01 3.599700164794921875e+01 4.150199890136718750e+01 3.512200164794921875e+01
0.000000000000000000e+00 8.169642686843872070e-01 3.741299819946289062e+01 3.928900146484375000e+01 3.239300155639648438e+01
0.000000000000000000e+00 9.151785969734191895e-01 4.109600067138671875e+01 3.842800140380859375e+01 3.286600112915039062e+01
1.200000000000000000e+01 8.482142686843872070e-01 4.290999984741210938e+01 3.704600143432617188e+01 2.985899925231933594e+01
1.200000000000000000e+01 8.437500000000000000e-01 4.632699966430664062e+01 3.546500015258789062e+01 3.057099914550781250e+01
1.700000000000000000e+01 7.812500000000000000e-01 4.958900070190429688e+01 3.453599929809570312e+01 2.879700088500976562e+01
1.600000000000000000e+01 7.321428656578063965e-01 5.307699966430664062e+01 3.398699951171875000e+01 3.024300003051757812e+01
2.000000000000000000e+01 7.857142686843872070e-01 5.450099945068359375e+01 3.725899887084960938e+01 2.889699935913085938e+01
1.700000000000000000e+01 8.794642686843872070e-01 5.134500122070312500e+01 3.953499984741210938e+01 2.844599914550781250e+01
2.000000000000000000e+01 9.553571343421936035e-01 4.800600051879882812e+01 3.997800064086914062e+01 3.017099952697753906e+01
1.700000000000000000e+01 9.508928656578063965e-01 4.475000000000000000e+01 4.176800155639648438e+01 2.938299942016601562e+01
1.800000000000000000e+01 9.687500000000000000e-01 4.201599884033203125e+01 4.269100189208984375e+01 3.175099945068359375e+01
1.800000000000000000e+01 8.928571343421936035e-01 3.862099838256835938e+01 4.430599975585937500e+01 3.104899978637695312e+01
0.000000000000000000e+00 7.991071343421936035e-01 3.550799942016601562e+01 4.525000000000000000e+01 3.292499923706054688e+01
2.200000000000000000e+01 6.160714030265808105e-01 3.206100082397460938e+01 4.442699813842773438e+01 3.137700080871582031e+01
2.200000000000000000e+01 4.955357015132904053e-01 2.955599975585937500e+01 4.643500137329101562e+01 3.337799835205078125e+01
1.800000000000000000e+01 2.008928507566452026e-01 2.574799919128417969e+01 4.629299926757812500e+01 3.284700012207031250e+01
2.000000000000000000e+00 4.910714179277420044e-02 2.239699935913085938e+01 4.761100006103515625e+01 3.437099838256835938e+01
1.600000000000000000e+01 1.339285727590322495e-02 1.996699905395507812e+01 4.520399856567382812e+01 3.615800094604492188e+01
5.000000000000000000e+00 9.375000000000000000e-02 6.897100067138671875e+01 5.028599929809570312e+01 2.735899925231933594e+01
1.600000000000000000e+01 2.142857164144515991e-01 6.775800323486328125e+01 4.783499908447265625e+01 3.005699920654296875e+01
1.200000000000000000e+01 4.776785671710968018e-01 6.410700225830078125e+01 4.903900146484375000e+01 3.062700080871582031e+01
1.400000000000000000e+01 4.821428656578063965e-01 6.227799987792968750e+01 5.068399810791015625e+01 2.770299911499023438e+01
2.200000000000000000e+01 6.517857313156127930e-01 5.870600128173828125e+01 5.187200164794921875e+01 2.834499931335449219e+01
1.300000000000000000e+01 6.294642686843872070e-01 5.614400100708007812e+01 5.257799911499023438e+01 2.548600006103515625e+01
2.200000000000000000e+01 7.053571343421936035e-01 5.254700088500976562e+01 5.377500152587890625e+01 2.624900054931640625e+01
1.200000000000000000e+01 6.607142686843872070e-01 4.967399978637695312e+01 5.389400100708007812e+01 2.373699951171875000e+01
3.000000000000000000e+00 6.696428656578063965e-01 4.595600128173828125e+01 5.420000076293945312e+01 2.388699913024902344e+01
0.000000000000000000e+00 5.848214030265808105e-01 4.299599838256835938e+01 5.281399917602539062e+01 2.203800010681152344e+01
2.200000000000000000e+01 4.107142984867095947e-01 4.119800186157226562e+01 5.617900085449218750e+01 2.208699989318847656e+01
1.000000000000000000e+00 2.187500000000000000e-01 4.314899826049804688e+01 5.765700149536132812e+01 1.914900016784667969e+01
9.000000000000000000e+00 2.946428656578063965e-01 4.480699920654296875e+01 5.428699874877929688e+01 1.842300033569335938e+01
1.700000000000000000e+01 2.723214328289031982e-01 4.801900100708007812e+01 5.630300140380859375e+01 1.901000022888183594e+01
1.600000000000000000e+01 3.705357015132904053e-01 5.090800094604492188e+01 5.704299926757812500e+01 2.147299957275390625e+01
0.000000000000000000e+00 5.044642686843872070e-01 4.982600021362304688e+01 5.861299896240234375e+01 2.480200004577636719e+01
1.100000000000000000e+01 3.080357015132904053e-01 5.153099822998046875e+01 6.184600067138671875e+01 2.607500076293945312e+01
2.000000000000000000e+00 3.348214328289031982e-01 5.233300018310546875e+01 6.299700164794921875e+01 2.964100074768066406e+01
2.200000000000000000e+01 6.205357313156127930e-01 5.152999877929687500e+01 5.956999969482421875e+01 3.117200088500976562e+01
0.000000000000000000e+00 6.562500000000000000e-01 5.311800003051757812e+01 5.930799865722656250e+01 3.466199874877929688e+01
1.400000000000000000e+01 7.589285969734191895e-01 5.449900054931640625e+01 5.626300048828125000e+01 3.649599838256835938e+01
2.200000000000000000e+01 7.276785969734191895e-01 5.865299987792968750e+01 5.235200119018554688e+01 3.950199890136718750e+01
1.500000000000000000e+01 7.008928656578063965e-01 5.923600006103515625e+01 5.030199813842773438e+01 4.278400039672851562e+01
1.000000000000000000e+00 5.892857313156127930e-01 6.168099975585937500e+01 4.752399826049804688e+01 4.372499847412109375e+01
1.300000000000000000e+01 5.491071343421936035e-01 6.101900100708007812e+01 4.462699890136718750e+01 4.617200088500976562e+01
0.000000000000000000e+00 2.544642984867095947e-01 6.387200164794921875e+01 4.455199813842773438e+01 4.887300109863281250e+01
0.000000000000000000e+00 1.071428582072257996e-01 6.508499908447265625e+01 4.177799987792968750e+01 5.123199844360351562e+01
3.000000000000000000e+00 8.482142537832260132e-02 6.315900039672851562e+01 4.310300064086914062e+01 5.426300048828125000e+01
3.000000000000000000e+00 2.633928656578063965e-01 5.993600082397460938e+01 4.183499908447265625e+01 5.230300140380859375e+01
1.800000000000000000e+01 3.928571343421936035e-01 5.905699920654296875e+01 4.537500000000000000e+01 5.107199859619140625e+01
1.900000000000000000e+01 5.803571343421936035e-01 5.866899871826171875e+01 4.764599990844726562e+01 4.804299926757812500e+01
7.000000000000000000e+00 4.330357015132904053e-01 6.109400177001953125e+01 5.046500015258789062e+01 4.773899841308593750e+01
1.600000000000000000e+01 4.553571343421936035e-01 6.108399963378906250e+01 5.359799957275390625e+01 4.518399810791015625e+01
1.500000000000000000e+01 4.196428656578063965e-01 6.327999877929687500e+01 5.307199859619140625e+01 4.220600128173828125e+01
0.000000000000000000e+00 4.017857015132904053e-01 6.266699981689453125e+01 5.561600112915039062e+01 3.951300048828125000e+01
1.700000000000000000e+01 5.133928656578063965e-01 5.969800186157226562e+01 5.769300079345703125e+01 3.809799957275390625e+01
9.000000000000000000e+00 4.419642984867095947e-01 5.893700027465820312e+01 5.965399932861328125e+01 3.481700134277343750e+01
1.300000000000000000e+01 4.642857015132904053e-01 5.637400054931640625e+01 6.057199859619140625e+01 3.213199996948242188e+01
1.800000000000000000e+01 4.508928656578063965e-01 5.592399978637695312e+01 5.957400131225585938e+01 2.842000007629394531e+01
1.700000000000000000e+01 1.741071492433547974e-01 5.727199935913085938e+01 6.164699935913085938e+01 2.547800064086914062e+01
7.000000000000000000e+00 8.035714179277420044e-02 5.559099960327148438e+01 6.311500167846679688e+01 2.230200004577636719e+01
1.700000000000000000e+01 1.160714253783226013e-01 5.625600051879882812e+01 5.966099929809570312e+01 2.056299972534179688e+01
9.000000000000000000e+00 3.571428656578063965e-01 5.492399978637695312e+01 5.770800018310546875e+01 2.363199996948242188e+01
7.000000000000000000e+00 3.392857015132904053e-01 5.838000106811523438e+01 5.657300186157226562e+01 2.466600036621093750e+01
1.200000000000000000e+01 3.794642984867095947e-01 5.999100112915039062e+01 5.678599929809570312e+01 2.808200073242187500e+01
9.000000000000000000e+00 1.339285671710968018e-01 6.627300262451171875e+01 5.701699829101562500e+01 3.145299911499023438e+01
1.200000000000000000e+01 2.991071343421936035e-01 6.457199859619140625e+01 5.513999938964843750e+01 3.425000000000000000e+01
1.800000000000000000e+01 1.875000000000000000e-01 6.760700225830078125e+01 5.306000137329101562e+01 3.513800048828125000e+01
1.800000000000000000e+01 5.357142910361289978e-02 7.110800170898437500e+01 5.208100128173828125e+01 3.414899826049804688e+01
7.000000000000000000e+00 3.125000000000000000e-02 7.226699829101562500e+01 4.864500045776367188e+01 3.296799850463867188e+01
7.000000000000000000e+00 8.928571827709674835e-03 7.439600372314453125e+01 4.785900115966796875e+01 3.599300003051757812e+01
7.000000000000000000e+00 4.464285820722579956e-02 7.182299804687500000e+01 4.914799880981445312e+01 3.851599884033203125e+01
1.500000000000000000e+01 1.964285671710968018e-01 6.898999786376953125e+01 4.702000045776367188e+01 3.703900146484375000e+01
2.200000000000000000e+01 1.294642835855484009e-01 7.007199859619140625e+01 4.388899993896484375e+01 3.880599975585937500e+01
7.000000000000000000e+00 2.276785671710968018e-01 6.791400146484375000e+01 4.086399841308593750e+01 3.948500061035156250e+01
9.000000000000000000e+00 4.285714328289031982e-01 6.477600097656250000e+01 4.083800125122070312e+01 4.156399917602539062e+01
1.100000000000000000e+01 6.785714030265808105e-01 6.112699890136718750e+01 4.190000152587890625e+01 4.164300155639648438e+01
2.000000000000000000e+01 7.633928656578063965e-01 5.991400146484375000e+01 4.521400070190429688e+01 4.018199920654296875e+01
1.300000000000000000e+01 8.839285969734191895e-01 5.663100051879882812e+01 4.708700180053710938e+01 3.956600189208984375e+01
2.200000000000000000e+01 9.196428656578063965e-01 5.535200119018554688e+01 5.001399993896484375e+01 3.754199981689453125e+01
7.000000000000000000e+00 9.241071343421936035e-01 5.226300048828125000e+01 5.193199920654296875e+01 3.857699966430664062e+01
1.100000000000000000e+01 9.062500000000000000e-01 5.070800018310546875e+01 5.417300033569335938e+01 3.579100036621093750e+01
3.000000000000000000e+00 8.125000000000000000e-01 4.844599914550781250e+01 5.715000152587890625e+01 3.654600143432617188e+01
1.800000000000000000e+01 8.303571343421936035e-01 4.567599868774414062e+01 5.636199951171875000e+01 3.400600051879882812e+01
1.300000000000000000e+01 7.410714030265808105e-01 4.316799926757812500e+01 5.818000030517578125e+01 3.627899932861328125e+01
1.700000000000000000e+01 5.937500000000000000e-01 4.490100097656250000e+01 6.130599975585937500e+01 3.556000137329101562e+01
2.000000000000000000e+01 6.339285969734191895e-01 4.542699813842773438e+01 6.017100143432617188e+01 3.192499923706054688e+01
1.900000000000000000e+01 5.758928656578063965e-01 4.160900115966796875e+01 6.007899856567382812e+01 3.143600082397460938e+01
1.300000000000000000e+01 3.526785671710968018e-01 4.134400177001953125e+01 6.352099990844726562e+01 3.324300003051757812e+01
0.000000000000000000e+00 2.589285671710968018e-01 4.373300170898437500e+01 6.494100189208984375e+01 3.063599967956542969e+01
1.200000000000000000e+01 2.232142835855484009e-01 4.137400054931640625e+01 6.394300079345703125e+01 2.775399971008300781e+01
9.000000000000000000e+00 1.517857164144515991e-01 3.813800048828125000e+01 6.472000122070312500e+01 2.954000091552734375e+01
1.100000000000000000e+01 3.214285671710968018e-01 3.717900085449218750e+01 6.113999938964843750e+01 3.008200073242187500e+01
1.700000000000000000e+01 3.750000000000000000e-01 3.573300170898437500e+01 6.017200088500976562e+01 3.345899963378906250e+01
1.600000000000000000e+01 6.383928656578063965e-01 3.795500183105468750e+01 5.776900100708007812e+01 3.563399887084960938e+01
1.500000000000000000e+01 7.366071343421936035e-01 3.671599960327148438e+01 5.410100173950195312e+01 3.618399810791015625e+01
7.000000000000000000e+00 8.750000000000000000e-01 4.259899902343750000e+01 5.389199829101562500e+01 3.946400070190429688e+01
0.000000000000000000e+00 9.821428656578063965e-01 4.734099960327148438e+01 5.024300003051757812e+01 3.513700103759765625e+01
7.000000000000000000e+00 9.955357313156127930e-01 4.997399902343750000e+01 4.809400177001953125e+01 3.687099838256835938e+01
2.200000000000000000e+01 9.732142686843872070e-01 5.272200012207031250e+01 4.577299880981445312e+01 3.592100143432617188e+01
2.200000000000000000e+01 9.598214030265808105e-01 5.466500091552734375e+01 4.355699920654296875e+01 3.843999862670898438e+01
1.500000000000000000e+01 8.526785969734191895e-01 5.759600067138671875e+01 4.139899826049804688e+01 3.718600082397460938e+01
1.800000000000000000e+01 6.964285969734191895e-01 6.075999832153320312e+01 3.948600006103515625e+01 3.816799926757812500e+01
0.000000000000000000e+00 5.535714030265808105e-01 6.370999908447265625e+01 4.079100036621093750e+01 3.615599822998046875e+01
2.000000000000000000e+00 2.857142984867095947e-01 6.638700103759765625e+01 3.859500122070312500e+01 3.472100067138671875e+01
3.000000000000000000e+00 3.258928656578063965e-01 6.464199829101562500e+01 3.552299880981445312e+01 3.612900161743164062e+01
1.700000000000000000e+01 1.473214328289031982e-01 6.601100158691406250e+01 3.269800186157226562e+01 3.377399826049804688e+01
9.000000000000000000e+00 7.142857462167739868e-02 6.928800201416015625e+01 3.466899871826171875e+01 3.314400100708007812e+01
1.600000000000000000e+01 7.589285820722579956e-02 7.037400054931640625e+01 3.830300140380859375e+01 3.225099945068359375e+01
1.000000000000000000e+00 1.651785671710968018e-01 6.807399749755859375e+01 3.997600173950195312e+01 2.963899993896484375e+01
1.000000000000000000e+00 2.410714328289031982e-01 6.689900207519531250e+01 4.340900039672851562e+01 2.868799972534179688e+01
2.000000000000000000e+01 4.866071343421936035e-01 6.335699844360351562e+01 4.456800079345703125e+01 2.796400070190429688e+01
1.800000000000000000e+01 5.446428656578063965e-01 6.106000137329101562e+01 4.673699951171875000e+01 2.601000022888183594e+01
1.100000000000000000e+01 7.455357313156127930e-01 5.778599929809570312e+01 4.712699890136718750e+01 2.789999961853027344e+01
0.000000000000000000e+00 7.901785969734191895e-01 5.454199981689453125e+01 4.845000076293945312e+01 2.645700073242187500e+01
0.000000000000000000e+00 8.973214030265808105e-01 5.094699859619140625e+01 4.918799972534179688e+01 2.781800079345703125e+01
1.200000000000000000e+01 8.348214030265808105e-01 4.768199920654296875e+01 5.003099822998046875e+01 2.595100021362304688e+01
1.200000000000000000e+01 8.392857313156127930e-01 4.542499923706054688e+01 5.239500045776367188e+01 2.788699913024902344e+01
1.700000000000000000e+01 7.946428656578063965e-01 4.157199859619140625e+01 5.231299972534179688e+01 2.754700088500976562e+01
1.600000000000000000e+01 7.544642686843872070e-01 3.875299835205078125e+01 5.334799957275390625e+01 2.994199943542480469e+01
2.000000000000000000e+01 8.035714030265808105e-01 3.736700057983398438e+01 4.992499923706054688e+01 3.094799995422363281e+01
1.700000000000000000e+01 8.883928656578063965e-01 4.019300079345703125e+01 4.779299926757812500e+01 2.951799964904785156e+01
2.000000000000000000e+01 9.642857313156127930e-01 4.400000000000000000e+01 4.751800155639648438e+01 2.945599937438964844e+01
1.700000000000000000e+01 9.419642686843872070e-01 4.641799926757812500e+01 4.518600082397460938e+01 2.761700057983398438e+01
1.800000000000000000e+01 9.464285969734191895e-01 5.010400009155273438e+01 4.510100173950195312e+01 2.865600013732910156e+01
1.800000000000000000e+01 8.616071343421936035e-01 5.316500091552734375e+01 4.314099884033203125e+01 2.723100090026855469e+01
0.000000000000000000e+00 7.767857313156127930e-01 5.683800125122070312e+01 4.266400146484375000e+01 2.759399986267089844e+01
2.200000000000000000e+01 5.625000000000000000e-01 5.929700088500976562e+01 4.164300155639648438e+01 2.492300033569335938e+01
2.200000000000000000e+01 3.839285671710968018e-01 6.246300125122070312e+01 3.973899841308593750e+01 2.603199958801269531e+01
1.800000000000000000e+01 1.562500000000000000e-01 6.596800231933593750e+01 4.028699874877929688e+01 2.445299911499023438e+01
2.000000000000000000e+00 3.571428731083869934e-02 6.917400360107421875e+01 3.825699996948242188e+01 2.518000030517578125e+01
1.600000000000000000e+01 4.464285913854837418e-03 7.222899627685546875e+01 4.044400024414062500e+01 2.584799957275390625e+01
