1 1 14 0 0.017964071856287345 0 0 36.941 37.504 14.127
1 2 18 0 0.11976047904191622 0 0 37.719 38.657 17.616
1 3 7 0 0.281437125748503 0 0 38.220 36.000 20.198
1 4 20 0 0.5688622754491017 0 0 38.535 36.776 23.891
1 5 13 0 0.7425149700598803 0 0 39.735 34.424 26.570
1 6 12 0 0.9221556886227544 0 0 37.669 34.955 29.676
1 7 22 0 0.9580838323353293 0 0 38.605 33.387 32.975
1 8 22 0 0.9880239520958084 0 0 36.001 32.756 35.693
1 9 22 0 0.9700598802395209 0 0 37.802 32.997 38.929
1 10 9 0 0.9281437125748503 0 0 36.982 32.472 42.630
1 11 0 0 0.7844311377245509 0 0 36.683 29.738 45.224
1 12 9 0 0.6407185628742516 0 0 34.610 26.619 44.850
1 13 9 0 0.5808383233532934 0 0 30.958 26.686 45.608
1 14 22 0 0.8143712574850299 0 0 30.346 30.212 44.452
1 15 9 0 0.8323353293413174 0 0 28.734 29.374 41.135
1 16 13 0 0.9461077844311377 0 0 31.529 29.934 38.612
1 17 17 0 0.844311377245509 0 0 30.246 27.215 36.258
1 18 0 0 0.8023952095808383 0 0 26.659 28.517 36.419
1 19 12 0 0.9161676646706587 0 0 27.406 31.845 34.820
1 20 18 0 0.8862275449101796 0 0 29.407 30.383 31.960
1 21 11 0 0.658682634730539 0 0 26.777 27.836 31.079
1 22 6 0 0.6107784431137725 0 0 23.995 30.472 31.184
1 23 12 0 0.6287425149700598 0 0 25.535 32.465 28.381
1 24 11 0 0.5508982035928144 0 0 27.191 29.838 26.275
1 25 6 0 0.3173652694610779 0 0 24.526 27.172 26.413
1 26 2 0 0.28742514970059885 0 0 21.565 29.011 27.964
1 27 10 0 0.21556886227544902 0 0 20.810 26.415 30.633
1 28 15 0 0.35928143712574856 0 0 21.545 26.117 34.340
1 29 22 0 0.3413173652694611 0 0 23.949 23.433 35.355
1 30 3 0 0.10778443113772451 0 0 22.318 20.260 36.426
1 31 7 0 0.11377245508982048 0 0 25.457 18.354 37.460
1 32 20 0 0.17964071856287422 0 0 29.115 18.691 38.483
1 33 3 0 0.20958083832335328 0 0 32.437 18.318 36.729
1 34 16 0 0.37125748502994016 0 0 35.791 19.944 37.444
1 35 18 0 0.46706586826347307 0 0 35.571 21.240 33.851
1 36 11 0 0.3532934131736526 0 0 39.307 20.757 33.475
1 37 7 0 0.13772455089820357 0 0 39.060 18.989 30.129
1 38 3 0 0.2694610778443114 0 0 36.302 20.948 28.543
1 39 17 0 0.4251497005988024 0 0 36.081 24.150 26.649
1 40 20 0 0.5329341317365269 0 0 33.018 26.386 26.325
1 41 1 0 0.4970059880239521 0 0 32.710 29.192 23.869
1 42 13 0 0.3772455089820359 0 0 30.162 31.117 21.927
1 43 6 0 0.19161676646706582 0 0 29.924 34.001 19.499
1 44 22 0 0.32335329341317365 0 0 28.326 36.963 21.245
1 45 22 0 0.14371257485029942 0 0 27.604 40.440 19.896
1 46 11 0 0.2335329341317366 0 0 28.859 43.353 21.980
1 47 3 0 0.07784431137724557 0 0 28.692 46.960 20.769
1 48 9 0 0.0119760479041916 0 0 28.768 46.179 17.111
1 49 7 0 0.053892215568862256 0 0 31.589 43.650 17.436
1 50 18 0 0.06586826347305386 0 0 31.095 39.980 17.109
1 51 5 0 0.2574850299401197 0 0 33.345 38.608 19.768
1 52 12 0 0.34730538922155685 0 0 33.952 34.900 20.400
1 53 12 0 0.6347305389221557 0 0 33.977 34.670 24.186
1 54 3 0 0.6706586826347305 0 0 36.002 31.705 25.220
1 55 11 0 0.8622754491017964 0 0 35.372 31.050 28.883
1 56 12 0 0.8562874251497006 0 0 37.683 29.108 31.196
1 57 3 0 0.874251497005988 0 0 36.327 27.623 34.408
1 58 18 0 0.8383233532934131 0 0 38.778 27.419 37.222
1 59 0 0 0.5868263473053892 0 0 39.270 23.821 38.039
1 60 9 0 0.40718562874251496 0 0 40.750 22.572 41.288
1 61 6 0 0.33532934131736525 0 0 43.126 24.158 43.839
1 62 7 0 0.059880239520958 0 0 45.618 21.420 44.945
1 63 7 0 0.03592814371257491 0 0 49.343 21.756 44.205
1 64 20 0 0.0 0 0 49.588 18.696 42.129
1 65 17 0 0.041916167664670656 0 0 48.428 19.392 38.591
1 66 0 0 0.13173652694610782 0 0 48.492 23.142 39.082
1 67 14 0 0.31137724550898194 0 0 46.819 24.971 36.229
1 68 1 0 0.5029940119760479 0 0 46.269 28.124 38.294
1 69 3 0 0.4011976047904191 0 0 48.800 30.361 36.638
1 70 6 0 0.39520958083832336 0 0 47.899 28.838 33.308
1 71 20 0 0.6946107784431137 0 0 44.541 30.432 33.641
1 72 14 0 0.652694610778443 0 0 46.193 33.744 34.309
1 73 1 0 0.43113772455089827 0 0 48.552 33.401 31.364
1 74 18 0 0.5209580838323353 0 0 45.748 32.480 29.039
1 75 9 0 0.7724550898203593 0 0 43.181 34.993 30.182
1 76 7 0 0.7245508982035929 0 0 42.358 38.224 28.510
1 77 9 0 0.8922155688622755 0 0 39.679 39.316 30.868
1 78 15 0 0.9640718562874252 0 0 38.936 38.033 34.399
1 79 12 0 0.9940119760479041 0 0 35.540 37.438 35.847
1 80 5 0 0.9820359281437125 0 0 35.984 37.444 39.638
1 81 22 0 0.9760479041916168 0 0 33.132 35.652 41.360
1 82 15 0 0.8802395209580838 0 0 31.914 35.468 44.956
1 83 0 0 0.7365269461077844 0 0 28.633 34.597 46.642
1 84 11 0 0.49101796407185627 0 0 26.935 37.005 48.992
1 85 2 0 0.23952095808383234 0 0 26.265 34.260 51.534
1 86 2 0 0.3892215568862275 0 0 29.881 33.231 51.540
1 87 18 0 0.25149700598802394 0 0 32.196 35.508 53.486
1 88 13 0 0.3293413173652695 0 0 35.186 33.312 52.810
1 89 17 0 0.6227544910179641 0 0 34.699 33.602 49.111
1 90 15 0 0.6167664670658684 0 0 34.774 37.350 49.257
1 91 7 0 0.4491017964071856 0 0 38.038 37.186 51.139
1 92 3 0 0.5988023952095809 0 0 39.641 35.103 48.424
1 93 11 0 0.7964071856287425 0 0 39.190 37.900 45.944
1 94 10 0 0.5449101796407185 0 0 42.193 39.873 47.241
1 95 10 0 0.5089820359281436 0 0 44.413 36.928 46.652
1 96 20 0 0.7904191616766467 0 0 42.744 36.184 43.311
1 97 1 0 0.7544910179640718 0 0 43.130 39.725 41.985
1 98 7 0 0.4850299401197605 0 0 46.796 39.701 43.037
1 99 6 0 0.5269461077844311 0 0 47.462 36.389 41.343
1 100 11 0 0.6467065868263473 0 0 46.316 37.907 38.075
1 101 13 0 0.44311377245508976 0 0 48.385 41.010 38.706
1 102 1 0 0.19760479041916168 0 0 51.462 38.979 39.387
1 103 22 0 0.26347305389221565 0 0 51.293 36.945 36.228
1 104 13 0 0.24550898203592808 0 0 50.664 39.956 34.050
1 105 3 0 0.08982035928143717 0 0 52.802 42.677 35.666
1 106 17 0 0.16766467065868274 0 0 49.931 45.037 35.648
1 107 7 0 0.29940119760479034 0 0 47.008 46.555 37.466
1 108 3 0 0.3652694610778443 0 0 45.308 47.419 34.191
1 109 22 0 0.6047904191616766 0 0 44.009 43.978 33.546
1 110 16 0 0.7664670658682635 0 0 40.371 44.006 32.418
1 111 14 0 0.9101796407185628 0 0 38.321 42.992 35.452
1 112 22 0 0.9341317365269461 0 0 34.946 42.940 37.085
1 113 12 0 0.9401197604790419 0 0 33.606 41.715 40.355
1 114 22 0 0.9520958083832335 0 0 30.548 39.430 40.464
1 115 9 0 0.8502994011976048 0 0 28.381 38.685 43.443
1 116 2 0 0.8203592814371258 0 0 26.296 35.570 43.021
1 117 13 0 0.5389221556886228 0 0 23.171 34.575 44.769
1 118 5 0 0.4131736526946108 0 0 21.357 37.830 44.840
1 119 3 0 0.14970059880239517 0 0 17.856 36.295 45.048
1 120 12 0 0.09580838323353291 0 0 18.636 35.254 48.512
1 121 16 0 0.0059880239520957446 0 0 16.509 37.347 50.917
1 122 17 0 0.029940119760479056 0 0 19.618 38.174 52.907
1 123 1 0 0.10179640718562877 0 0 23.227 39.082 52.524
1 124 18 0 0.0718562874251496 0 0 26.091 38.057 54.798
1 125 22 0 0.20359281437125742 0 0 28.684 39.904 52.776
1 126 3 0 0.12574850299401197 0 0 28.029 43.634 53.148
1 127 18 0 0.18562874251497008 0 0 27.461 45.594 49.987
1 128 13 0 0.08383233532934131 0 0 29.420 48.624 51.206
1 129 6 0 0.15568862275449102 0 0 32.426 46.256 51.637
1 130 0 0 0.45508982035928147 0 0 31.783 45.044 48.131
1 131 6 0 0.3053892215568862 0 0 31.506 48.606 46.809
1 132 3 0 0.16167664670658677 0 0 34.639 49.539 48.683
1 133 12 0 0.437125748502994 0 0 36.557 46.496 47.308
1 134 0 0 0.5568862275449102 0 0 35.351 47.218 43.774
1 135 1 0 0.2934131736526946 0 0 36.289 50.855 43.730
1 136 17 0 0.221556886227545 0 0 39.651 50.017 45.205
1 137 20 0 0.4610778443113772 0 0 40.620 48.211 42.051
1 138 9 0 0.41916167664670656 0 0 38.321 50.420 39.894
1 139 11 0 0.688622754491018 0 0 36.369 47.490 38.608
1 140 16 0 0.7065868263473054 0 0 32.567 47.319 38.549
1 141 15 0 0.7604790419161677 0 0 30.552 45.211 40.959
1 142 11 0 0.8083832335329342 0 0 27.658 43.519 39.207
1 143 7 0 0.7125748502994012 0 0 25.063 41.459 41.035
1 144 18 0 0.7485029940119761 0 0 23.819 38.212 39.741
1 145 17 0 0.5748502994011976 0 0 21.517 35.351 40.494
1 146 0 0 0.6646706586826348 0 0 22.727 32.419 38.458
1 147 13 0 0.38323353293413165 0 0 19.588 30.611 39.470
1 148 18 0 0.22754491017964074 0 0 17.273 33.156 37.947
1 149 1 0 0.47904191616766467 0 0 19.608 34.292 35.210
1 150 6 0 0.4730538922155688 0 0 19.608 37.901 35.997
1 151 9 0 0.6766467065868262 0 0 22.865 39.885 35.742
1 152 22 0 0.8263473053892215 0 0 24.725 37.121 33.932
1 153 3 0 0.7305389221556886 0 0 24.833 38.927 30.539
1 154 3 0 0.6826347305389222 0 0 25.245 42.320 32.031
1 155 0 0 0.9041916167664671 0 0 28.489 41.228 33.672
1 156 15 0 0.8982035928143712 0 0 29.785 39.732 30.478
1 157 20 0 0.7005988023952096 0 0 29.110 42.907 28.577
1 158 18 0 0.7784431137724551 0 0 30.793 44.819 31.390
1 159 12 0 0.8682634730538922 0 0 33.968 42.736 31.121
1 160 22 0 0.718562874251497 0 0 34.285 42.997 27.325
1 161 1 0 0.5149700598802396 0 0 33.715 46.714 27.520
1 162 7 0 0.592814371257485 0 0 36.661 46.843 29.955
1 163 11 0 0.562874251497006 0 0 38.554 44.743 27.419
1 164 1 0 0.27544910179640725 0 0 38.000 47.146 24.537
1 165 13 0 0.17365269461077848 0 0 38.469 50.356 26.531
1 166 10 0 0.04790419161676651 0 0 40.400 53.384 25.351
1 167 13 0 0.02395209580838331 0 0 43.997 53.579 26.445
