5.000000000000000000e+00 9.375000000000000000e-02 2.609700012207031250e+01 3.897100067138671875e+01 4.336299896240234375e+01
1.600000000000000000e+01 2.321428507566452026e-01 2.720499992370605469e+01 4.240499877929687500e+01 4.190200042724609375e+01
1.200000000000000000e+01 5.133928656578063965e-01 3.085099983215332031e+01 4.131499862670898438e+01 4.109299850463867188e+01
1.400000000000000000e+01 5.535714030265808105e-01 3.180500030517578125e+01 3.832199859619140625e+01 3.875199890136718750e+01
2.200000000000000000e+01 7.008928656578063965e-01 3.526599884033203125e+01 3.721500015258789062e+01 3.772800064086914062e+01
1.300000000000000000e+01 6.562500000000000000e-01 3.581999969482421875e+01 3.523600006103515625e+01 3.450400161743164062e+01
2.200000000000000000e+01 7.321428656578063965e-01 3.933200073242187500e+01 3.386000061035156250e+01 3.366600036621093750e+01
1.200000000000000000e+01 6.517857313156127930e-01 4.052799987792968750e+01 3.247999954223632812e+01 3.035400009155273438e+01
3.000000000000000000e+00 6.250000000000000000e-01 4.374599838256835938e+01 3.120800018310546875e+01 2.884600067138671875e+01
0.000000000000000000e+00 5.803571343421936035e-01 4.497800064086914062e+01 3.245000076293945312e+01 2.546800041198730469e+01
2.200000000000000000e+01 3.883928656578063965e-01 4.764400100708007812e+01 2.965699958801269531e+01 2.526799964904785156e+01
1.000000000000000000e+00 2.366071492433547974e-01 4.499399948120117188e+01 2.699900054931640625e+01 2.557299995422363281e+01
9.000000000000000000e+00 2.678571343421936035e-01 4.218999862670898438e+01 2.905900001525878906e+01 2.407699966430664062e+01
1.700000000000000000e+01 2.633928656578063965e-01 4.024599838256835938e+01 2.778599929809570312e+01 2.713100051879882812e+01
1.600000000000000000e+01 3.616071343421936035e-01 3.859199905395507812e+01 2.864299964904785156e+01 3.036199951171875000e+01
0.000000000000000000e+00 4.866071343421936035e-01 4.100099945068359375e+01 2.829999923706054688e+01 3.327199935913085938e+01
1.100000000000000000e+01 2.901785671710968018e-01 3.994800186157226562e+01 2.602599906921386719e+01 3.598099899291992188e+01
2.000000000000000000e+00 2.812500000000000000e-01 4.052000045776367188e+01 2.610000038146972656e+01 3.994800186157226562e+01
2.200000000000000000e+01 5.714285969734191895e-01 4.243999862670898438e+01 2.946599960327148438e+01 3.981200027465820312e+01
0.000000000000000000e+00 6.160714030265808105e-01 4.259099960327148438e+01 3.133699989318847656e+01 4.312599945068359375e+01
1.400000000000000000e+01 7.544642686843872070e-01 4.178499984741210938e+01 3.500600051879882812e+01 4.328200149536132812e+01
2.200000000000000000e+01 7.633928656578063965e-01 3.926100158691406250e+01 4.075500106811523438e+01 4.596599960327148438e+01
1.500000000000000000e+01 7.187500000000000000e-01 4.003900146484375000e+01 4.391299819946289062e+01 4.800000000000000000e+01
1.000000000000000000e+00 6.473214030265808105e-01 3.852199935913085938e+01 4.747399902343750000e+01 4.868000030517578125e+01
1.300000000000000000e+01 5.892857313156127930e-01 4.020999908447265625e+01 5.076200103759765625e+01 4.972000122070312500e+01
0.000000000000000000e+00 2.991071343421936035e-01 3.943899917602539062e+01 5.212500000000000000e+01 5.319800186157226562e+01
0.000000000000000000e+00 1.160714253783226013e-01 3.890299987792968750e+01 5.586600112915039062e+01 5.408000183105468750e+01
3.000000000000000000e+00 1.428571492433547974e-01 4.261299896240234375e+01 5.644499969482421875e+01 5.466799926757812500e+01
3.000000000000000000e+00 4.375000000000000000e-01 4.341699981689453125e+01 5.471900177001953125e+01 5.130300140380859375e+01
1.800000000000000000e+01 4.821428656578063965e-01 4.460599899291992188e+01 5.130799865722656250e+01 5.277000045776367188e+01
1.900000000000000000e+01 6.428571343421936035e-01 4.357500076293945312e+01 4.805300140380859375e+01 5.100299835205078125e+01
7.000000000000000000e+00 4.910714328289031982e-01 4.136999893188476562e+01 4.575199890136718750e+01 5.305599975585937500e+01
1.600000000000000000e+01 4.776785671710968018e-01 4.028400039672851562e+01 4.211800003051757812e+01 5.257199859619140625e+01
1.500000000000000000e+01 4.642857015132904053e-01 3.693500137329101562e+01 4.178900146484375000e+01 5.082799911499023438e+01
0.000000000000000000e+00 4.687500000000000000e-01 3.624200057983398438e+01 3.850400161743164062e+01 4.907600021362304688e+01
1.700000000000000000e+01 5.089285969734191895e-01 3.780599975585937500e+01 3.544499969482421875e+01 4.763600158691406250e+01
9.000000000000000000e+00 3.839285671710968018e-01 3.733599853515625000e+01 3.209500122070312500e+01 4.577099990844726562e+01
1.300000000000000000e+01 4.553571343421936035e-01 3.843700027465820312e+01 3.017900085449218750e+01 4.262400054931640625e+01
1.800000000000000000e+01 4.062500000000000000e-01 3.728099822998046875e+01 2.942900085449218750e+01 3.910200119018554688e+01
1.700000000000000000e+01 1.696428507566452026e-01 3.461399841308593750e+01 2.697599983215332031e+01 3.794400024414062500e+01
7.000000000000000000e+00 7.589285820722579956e-02 3.490100097656250000e+01 2.482799911499023438e+01 3.462099838256835938e+01
1.700000000000000000e+01 1.473214328289031982e-01 3.357300186157226562e+01 2.769300079345703125e+01 3.252399826049804688e+01
9.000000000000000000e+00 3.928571343421936035e-01 3.629800033569335938e+01 2.987000083923339844e+01 3.404600143432617188e+01
7.000000000000000000e+00 4.017857015132904053e-01 3.397100067138671875e+01 3.176000022888183594e+01 3.636100006103515625e+01
1.200000000000000000e+01 4.107142984867095947e-01 3.370600128173828125e+01 3.268899917602539062e+01 4.005300140380859375e+01
9.000000000000000000e+00 1.205357164144515991e-01 2.922699928283691406e+01 3.429999923706054688e+01 4.477399826049804688e+01
1.200000000000000000e+01 3.258928656578063965e-01 3.191200065612792969e+01 3.670800018310546875e+01 4.594200134277343750e+01
1.800000000000000000e+01 1.875000000000000000e-01 2.960099983215332031e+01 3.918999862670898438e+01 4.768299865722656250e+01
1.800000000000000000e+01 4.017857089638710022e-02 2.587899971008300781e+01 3.987900161743164062e+01 4.828499984741210938e+01
7.000000000000000000e+00 2.232142910361289978e-02 2.396899986267089844e+01 4.303200149536132812e+01 4.708300018310546875e+01
7.000000000000000000e+00 0.000000000000000000e+00 2.380200004577636719e+01 4.481100082397460938e+01 5.051200103759765625e+01
7.000000000000000000e+00 3.125000000000000000e-02 2.731299972534179688e+01 4.394699859619140625e+01 5.183100128173828125e+01
1.500000000000000000e+01 1.383928507566452026e-01 2.867099952697753906e+01 4.549700164794921875e+01 4.859000015258789062e+01
2.200000000000000000e+01 1.339285671710968018e-01 2.950000000000000000e+01 4.909000015258789062e+01 4.931399917602539062e+01
7.000000000000000000e+00 2.187500000000000000e-01 3.094000053405761719e+01 5.240700149536132812e+01 4.761800003051757812e+01
9.000000000000000000e+00 4.508928656578063965e-01 3.466899871826171875e+01 5.275500106811523438e+01 4.711800003051757812e+01
1.100000000000000000e+01 6.830357313156127930e-01 3.775099945068359375e+01 5.162300109863281250e+01 4.520199966430664062e+01
2.000000000000000000e+01 7.946428656578063965e-01 3.851399993896484375e+01 4.795800018310546875e+01 4.452600097656250000e+01
1.300000000000000000e+01 9.241071343421936035e-01 4.102899932861328125e+01 4.562300109863281250e+01 4.304499816894531250e+01
2.200000000000000000e+01 9.285714030265808105e-01 4.113000106811523438e+01 4.202899932861328125e+01 4.233599853515625000e+01
7.000000000000000000e+00 9.330357313156127930e-01 4.437599945068359375e+01 3.987599945068359375e+01 4.235100173950195312e+01
1.100000000000000000e+01 8.973214030265808105e-01 4.408100128173828125e+01 3.658700180053710938e+01 4.047800064086914062e+01
3.000000000000000000e+00 8.303571343421936035e-01 4.713000106811523438e+01 3.452199935913085938e+01 4.122900009155273438e+01
1.800000000000000000e+01 8.348214030265808105e-01 4.874100112915039062e+01 3.361800003051757812e+01 3.788600158691406250e+01
1.300000000000000000e+01 7.276785969734191895e-01 5.202299880981445312e+01 3.252000045776367188e+01 3.964599990844726562e+01
1.700000000000000000e+01 5.580357313156127930e-01 5.044100189208984375e+01 2.917700004577636719e+01 4.105300140380859375e+01
2.000000000000000000e+01 5.937500000000000000e-01 4.856299972534179688e+01 2.877300071716308594e+01 3.766600036621093750e+01
1.900000000000000000e+01 5.312500000000000000e-01 5.162400054931640625e+01 2.845700073242187500e+01 3.532699966430664062e+01
1.300000000000000000e+01 3.482142984867095947e-01 5.376499938964843750e+01 2.661300086975097656e+01 3.796699905395507812e+01
0.000000000000000000e+00 1.919642835855484009e-01 5.116799926757812500e+01 2.370599937438964844e+01 3.786399841308593750e+01
1.200000000000000000e+01 2.053571492433547974e-01 5.082300186157226562e+01 2.386899948120117188e+01 3.400199890136718750e+01
9.000000000000000000e+00 1.071428582072257996e-01 5.477000045776367188e+01 2.369899940490722656e+01 3.354700088500976562e+01
1.100000000000000000e+01 3.169642984867095947e-01 5.544200134277343750e+01 2.725699996948242188e+01 3.212900161743164062e+01
1.700000000000000000e+01 4.598214328289031982e-01 5.750799942016601562e+01 3.012400054931640625e+01 3.370700073242187500e+01
1.600000000000000000e+01 6.741071343421936035e-01 5.550099945068359375e+01 3.281299972534179688e+01 3.555300140380859375e+01
1.500000000000000000e+01 7.767857313156127930e-01 5.677199935913085938e+01 3.640999984741210938e+01 3.508300018310546875e+01
7.000000000000000000e+00 9.062500000000000000e-01 5.293899917602539062e+01 3.831399917602539062e+01 4.020199966430664062e+01
0.000000000000000000e+00 9.732142686843872070e-01 4.651800155639648438e+01 3.925000000000000000e+01 3.693999862670898438e+01
7.000000000000000000e+00 9.955357313156127930e-01 4.461500167846679688e+01 4.233800125122070312e+01 3.809000015258789062e+01
2.200000000000000000e+01 9.866071343421936035e-01 4.215299987792968750e+01 4.524000167846679688e+01 3.769300079345703125e+01
2.200000000000000000e+01 9.508928656578063965e-01 4.137900161743164062e+01 4.838399887084960938e+01 3.974900054931640625e+01
1.500000000000000000e+01 8.571428656578063965e-01 3.800699996948242188e+01 5.013000106811523438e+01 3.957899856567382812e+01
1.800000000000000000e+01 6.696428656578063965e-01 3.563000106811523438e+01 5.253599929809570312e+01 4.151800155639648438e+01
0.000000000000000000e+00 5.223214030265808105e-01 3.220600128173828125e+01 5.108000183105468750e+01 4.234999847412109375e+01
2.000000000000000000e+00 2.410714328289031982e-01 2.860099983215332031e+01 5.240999984741210938e+01 4.225099945068359375e+01
3.000000000000000000e+00 2.142857164144515991e-01 2.941399955749511719e+01 5.592900085449218750e+01 4.101100158691406250e+01
1.700000000000000000e+01 8.482142537832260132e-02 2.644000053405761719e+01 5.568199920654296875e+01 3.855500030517578125e+01
9.000000000000000000e+00 4.464285820722579956e-02 2.454199981689453125e+01 5.421200180053710938e+01 4.140800094604492188e+01
1.600000000000000000e+01 6.250000000000000000e-02 2.456699943542480469e+01 5.036899948120117188e+01 4.191799926757812500e+01
1.000000000000000000e+00 1.607142835855484009e-01 2.542600059509277344e+01 4.821300125122070312e+01 3.881700134277343750e+01
1.000000000000000000e+00 2.500000000000000000e-01 2.640999984741210938e+01 4.462599945068359375e+01 3.798799896240234375e+01
2.000000000000000000e+01 5.267857313156127930e-01 3.002099990844726562e+01 4.388100051879882812e+01 3.706900024414062500e+01
1.800000000000000000e+01 6.339285969734191895e-01 3.191500091552734375e+01 4.118399810791015625e+01 3.521799850463867188e+01
1.100000000000000000e+01 8.125000000000000000e-01 3.566699981689453125e+01 4.126100158691406250e+01 3.484999847412109375e+01
0.000000000000000000e+00 7.857142686843872070e-01 3.664699935913085938e+01 3.913000106811523438e+01 3.181100082397460938e+01
0.000000000000000000e+00 8.839285969734191895e-01 4.050400161743164062e+01 3.845100021362304688e+01 3.196199989318847656e+01
1.200000000000000000e+01 8.392857313156127930e-01 4.258900070190429688e+01 3.678200149536132812e+01 2.925300025939941406e+01
1.200000000000000000e+01 8.437500000000000000e-01 4.596799850463867188e+01 3.522000122070312500e+01 3.049500083923339844e+01
1.700000000000000000e+01 7.678571343421936035e-01 4.932199859619140625e+01 3.437599945068359375e+01 2.875600051879882812e+01
1.600000000000000000e+01 7.410714030265808105e-01 5.271799850463867188e+01 3.382600021362304688e+01 3.063100051879882812e+01
2.000000000000000000e+01 8.035714030265808105e-01 5.411100006103515625e+01 3.722100067138671875e+01 2.957900047302246094e+01
1.700000000000000000e+01 8.928571343421936035e-01 5.085800170898437500e+01 3.921599960327148438e+01 2.883499908447265625e+01
2.000000000000000000e+01 9.553571343421936035e-01 4.742399978637695312e+01 3.986100006103515625e+01 3.042700004577636719e+01
1.700000000000000000e+01 9.419642686843872070e-01 4.430699920654296875e+01 4.161700057983398438e+01 2.920400047302246094e+01
1.800000000000000000e+01 9.464285969734191895e-01 4.135599899291992188e+01 4.273400115966796875e+01 3.140200042724609375e+01
1.800000000000000000e+01 8.616071343421936035e-01 3.788100051879882812e+01 4.391600036621093750e+01 3.026600074768066406e+01
0.000000000000000000e+00 7.991071343421936035e-01 3.518299865722656250e+01 4.520500183105468750e+01 3.273500061035156250e+01
2.200000000000000000e+01 6.071428656578063965e-01 3.164100074768066406e+01 4.450299835205078125e+01 3.154500007629394531e+01
2.200000000000000000e+01 4.419642984867095947e-01 2.906599998474121094e+01 4.691500091552734375e+01 3.321099853515625000e+01
1.800000000000000000e+01 1.651785671710968018e-01 2.528000068664550781e+01 4.603699874877929688e+01 3.338600158691406250e+01
2.000000000000000000e+00 3.571428731083869934e-02 2.228300094604492188e+01 4.816299819946289062e+01 3.428300094604492188e+01
1.600000000000000000e+01 4.464285913854837418e-03 1.990900039672851562e+01 4.654800033569335938e+01 3.693000030517578125e+01
5.000000000000000000e+00 1.250000000000000000e-01 6.756999969482421875e+01 4.860200119018554688e+01 2.724200057983398438e+01
1.600000000000000000e+01 2.276785671710968018e-01 6.745300292968750000e+01 4.657699966430664062e+01 3.045000076293945312e+01
1.200000000000000000e+01 5.044642686843872070e-01 6.393799972534179688e+01 4.804999923706054688e+01 3.117700004577636719e+01
1.400000000000000000e+01 5.446428656578063965e-01 6.167499923706054688e+01 5.030500030517578125e+01 2.890399932861328125e+01
2.200000000000000000e+01 7.053571343421936035e-01 5.804100036621093750e+01 5.119599914550781250e+01 2.940200042724609375e+01
1.300000000000000000e+01 6.875000000000000000e-01 5.565200042724609375e+01 5.195999908447265625e+01 2.651499938964843750e+01
2.200000000000000000e+01 7.500000000000000000e-01 5.196799850463867188e+01 5.336299896240234375e+01 2.675099945068359375e+01
1.200000000000000000e+01 6.785714030265808105e-01 4.929199981689453125e+01 5.325400161743164062e+01 2.409099960327148438e+01
3.000000000000000000e+00 6.383928656578063965e-01 4.558399963378906250e+01 5.439400100708007812e+01 2.365299987792968750e+01
0.000000000000000000e+00 5.357142686843872070e-01 4.263899993896484375e+01 5.299499893188476562e+01 2.166200065612792969e+01
2.200000000000000000e+01 3.526785671710968018e-01 4.052399826049804688e+01 5.617599868774414062e+01 2.159900093078613281e+01
1.000000000000000000e+00 1.964285671710968018e-01 4.299399948120117188e+01 5.788899993896484375e+01 1.923600006103515625e+01
9.000000000000000000e+00 2.723214328289031982e-01 4.454499816894531250e+01 5.458499908447265625e+01 1.817399978637695312e+01
1.700000000000000000e+01 2.767857015132904053e-01 4.811299896240234375e+01 5.569699859619140625e+01 1.873399925231933594e+01
1.600000000000000000e+01 4.241071343421936035e-01 5.087099838256835938e+01 5.566400146484375000e+01 2.143199920654296875e+01
0.000000000000000000e+00 5.178571343421936035e-01 4.988100051879882812e+01 5.757199859619140625e+01 2.445899963378906250e+01
1.100000000000000000e+01 3.125000000000000000e-01 5.169800186157226562e+01 6.098500061035156250e+01 2.500000000000000000e+01
2.000000000000000000e+00 3.303571343421936035e-01 5.237900161743164062e+01 6.260900115966796875e+01 2.843899917602539062e+01
2.200000000000000000e+01 6.026785969734191895e-01 5.125400161743164062e+01 5.969200134277343750e+01 3.071699905395507812e+01
0.000000000000000000e+00 5.982142686843872070e-01 5.306200027465820312e+01 6.001699829101562500e+01 3.404800033569335938e+01
1.400000000000000000e+01 7.098214030265808105e-01 5.462699890136718750e+01 5.686600112915039062e+01 3.568199920654296875e+01
2.200000000000000000e+01 6.964285969734191895e-01 5.901800155639648438e+01 5.246200180053710938e+01 3.881800079345703125e+01
1.500000000000000000e+01 6.651785969734191895e-01 5.959700012207031250e+01 5.053499984741210938e+01 4.215000152587890625e+01
1.000000000000000000e+00 5.669642686843872070e-01 6.183300018310546875e+01 4.766699981689453125e+01 4.343399810791015625e+01
1.300000000000000000e+01 5.401785969734191895e-01 6.071300125122070312e+01 4.560599899291992188e+01 4.646400070190429688e+01
0.000000000000000000e+00 2.455357164144515991e-01 6.312699890136718750e+01 4.585800170898437500e+01 4.953599929809570312e+01
0.000000000000000000e+00 8.928571641445159912e-02 6.368999862670898438e+01 4.291500091552734375e+01 5.202999877929687500e+01
3.000000000000000000e+00 8.035714179277420044e-02 6.136800003051757812e+01 4.429800033569335938e+01 5.485499954223632812e+01
3.000000000000000000e+00 3.392857015132904053e-01 5.865700149536132812e+01 4.477299880981445312e+01 5.208800125122070312e+01
1.800000000000000000e+01 2.946428656578063965e-01 5.913499832153320312e+01 4.855799865722656250e+01 5.182099914550781250e+01
1.900000000000000000e+01 5.000000000000000000e-01 5.919200134277343750e+01 4.980500030517578125e+01 4.821500015258789062e+01
7.000000000000000000e+00 3.437500000000000000e-01 6.222499847412109375e+01 5.158000183105468750e+01 4.671900177001953125e+01
1.600000000000000000e+01 4.196428656578063965e-01 6.128400039672851562e+01 5.419100189208984375e+01 4.384899902343750000e+01
1.500000000000000000e+01 3.035714328289031982e-01 6.418900299072265625e+01 5.417900085449218750e+01 4.128599929809570312e+01
0.000000000000000000e+00 3.705357015132904053e-01 6.263999938964843750e+01 5.585699844360351562e+01 3.819699859619140625e+01
1.700000000000000000e+01 4.464285671710968018e-01 5.976699829101562500e+01 5.826800155639648438e+01 3.758200073242187500e+01
9.000000000000000000e+00 3.660714328289031982e-01 5.872299957275390625e+01 6.026599884033203125e+01 3.444100189208984375e+01
1.300000000000000000e+01 3.794642984867095947e-01 5.615499877929687500e+01 6.098600006103515625e+01 3.175300025939941406e+01
1.800000000000000000e+01 4.151785671710968018e-01 5.586600112915039062e+01 5.941199874877929688e+01 2.823399925231933594e+01
1.700000000000000000e+01 1.741071492433547974e-01 5.752799987792968750e+01 6.108000183105468750e+01 2.529199981689453125e+01
7.000000000000000000e+00 6.696428358554840088e-02 5.584899902343750000e+01 6.193299865722656250e+01 2.196500015258789062e+01
1.700000000000000000e+01 1.294642835855484009e-01 5.663100051879882812e+01 5.837300109863281250e+01 2.064500045776367188e+01
9.000000000000000000e+00 3.750000000000000000e-01 5.456399917602539062e+01 5.715900039672851562e+01 2.365200042724609375e+01
7.000000000000000000e+00 4.285714328289031982e-01 5.769300079345703125e+01 5.571599960327148438e+01 2.536899948120117188e+01
1.200000000000000000e+01 4.330357015132904053e-01 5.946599960327148438e+01 5.648699951171875000e+01 2.857699966430664062e+01
9.000000000000000000e+00 9.821428358554840088e-02 6.630799865722656250e+01 5.646200180053710938e+01 3.099300003051757812e+01
1.200000000000000000e+01 2.857142984867095947e-01 6.519699859619140625e+01 5.403499984741210938e+01 3.363000106811523438e+01
1.800000000000000000e+01 1.562500000000000000e-01 6.812000274658203125e+01 5.196699905395507812e+01 3.506999969482421875e+01
1.800000000000000000e+01 2.678571455180644989e-02 7.176000213623046875e+01 5.109999847412109375e+01 3.417300033569335938e+01
7.000000000000000000e+00 1.785714365541934967e-02 7.300299835205078125e+01 4.760900115966796875e+01 3.312900161743164062e+01
7.000000000000000000e+00 8.928571827709674835e-03 7.425099945068359375e+01 4.623099899291992188e+01 3.646599960327148438e+01
7.000000000000000000e+00 4.910714179277420044e-02 7.176000213623046875e+01 4.843099975585937500e+01 3.854700088500976562e+01
1.500000000000000000e+01 1.785714328289031982e-01 6.897299957275390625e+01 4.601200103759765625e+01 3.729499816894531250e+01
2.200000000000000000e+01 1.517857164144515991e-01 6.900099945068359375e+01 4.300000000000000000e+01 3.973400115966796875e+01
7.000000000000000000e+00 2.589285671710968018e-01 6.678199768066406250e+01 3.992800140380859375e+01 4.048799896240234375e+01
9.000000000000000000e+00 4.955357015132904053e-01 6.356499862670898438e+01 4.128699874877929688e+01 4.217900085449218750e+01
1.100000000000000000e+01 6.919642686843872070e-01 5.987300109863281250e+01 4.180500030517578125e+01 4.240200042724609375e+01
2.000000000000000000e+01 7.812500000000000000e-01 5.928900146484375000e+01 4.495700073242187500e+01 4.047800064086914062e+01
1.300000000000000000e+01 8.794642686843872070e-01 5.635699844360351562e+01 4.733700180053710938e+01 4.009999847412109375e+01
2.200000000000000000e+01 9.151785969734191895e-01 5.542599868774414062e+01 4.978599929809570312e+01 3.743399810791015625e+01
7.000000000000000000e+00 9.196428656578063965e-01 5.275699996948242188e+01 5.243500137329101562e+01 3.849100112915039062e+01
1.100000000000000000e+01 8.705357313156127930e-01 5.110900115966796875e+01 5.454299926757812500e+01 3.558599853515625000e+01
3.000000000000000000e+00 7.901785969734191895e-01 4.876800155639648438e+01 5.743099975585937500e+01 3.634199905395507812e+01
1.800000000000000000e+01 8.214285969734191895e-01 4.606100082397460938e+01 5.633900070190429688e+01 3.376200103759765625e+01
1.300000000000000000e+01 7.455357313156127930e-01 4.297700119018554688e+01 5.776800155639648438e+01 3.541799926757812500e+01
1.700000000000000000e+01 5.848214030265808105e-01 4.476499938964843750e+01 6.119200134277343750e+01 3.569300079345703125e+01
2.000000000000000000e+01 5.758928656578063965e-01 4.534000015258789062e+01 6.091400146484375000e+01 3.195400047302246094e+01
1.900000000000000000e+01 5.625000000000000000e-01 4.177799987792968750e+01 5.993999862670898438e+01 3.093600082397460938e+01
1.300000000000000000e+01 3.571428656578063965e-01 4.023199844360351562e+01 6.275099945068359375e+01 3.306399917602539062e+01
0.000000000000000000e+00 2.232142835855484009e-01 4.274399948120117188e+01 6.511299896240234375e+01 3.135099983215332031e+01
1.200000000000000000e+01 2.098214328289031982e-01 4.139799880981445312e+01 6.401999664306640625e+01 2.799600028991699219e+01
9.000000000000000000e+00 1.116071417927742004e-01 3.783200073242187500e+01 6.445300292968750000e+01 2.938800048828125000e+01
1.100000000000000000e+01 3.214285671710968018e-01 3.700600051879882812e+01 6.077899932861328125e+01 2.940800094604492188e+01
1.700000000000000000e+01 3.973214328289031982e-01 3.565900039672851562e+01 5.930699920654296875e+01 3.262300109863281250e+01
1.600000000000000000e+01 6.607142686843872070e-01 3.723300170898437500e+01 5.579999923706054688e+01 3.306100082397460938e+01
1.500000000000000000e+01 7.232142686843872070e-01 3.577099990844726562e+01 5.276599884033203125e+01 3.471400070190429688e+01
7.000000000000000000e+00 8.750000000000000000e-01 4.181200027465820312e+01 5.357600021362304688e+01 3.833900070190429688e+01
0.000000000000000000e+00 9.776785969734191895e-01 4.736899948120117188e+01 5.072700119018554688e+01 3.577299880981445312e+01
7.000000000000000000e+00 9.821428656578063965e-01 4.989500045776367188e+01 4.908100128173828125e+01 3.824900054931640625e+01
2.200000000000000000e+01 9.910714030265808105e-01 5.195999908447265625e+01 4.632600021362304688e+01 3.664899826049804688e+01
2.200000000000000000e+01 9.642857313156127930e-01 5.369800186157226562e+01 4.374900054931640625e+01 3.919900131225585938e+01
1.500000000000000000e+01 8.883928656578063965e-01 5.629999923706054688e+01 4.133499908447265625e+01 3.817300033569335938e+01
1.800000000000000000e+01 7.366071343421936035e-01 5.930500030517578125e+01 3.917399978637695312e+01 3.892399978637695312e+01
0.000000000000000000e+00 6.116071343421936035e-01 6.251200103759765625e+01 4.016099929809570312e+01 3.700299835205078125e+01
2.000000000000000000e+00 3.348214328289031982e-01 6.569200134277343750e+01 3.820700073242187500e+01 3.597999954223632812e+01
3.000000000000000000e+00 3.080357015132904053e-01 6.435700225830078125e+01 3.484999847412109375e+01 3.737599945068359375e+01
1.700000000000000000e+01 1.026785746216773987e-01 6.639099884033203125e+01 3.277299880981445312e+01 3.472100067138671875e+01
9.000000000000000000e+00 5.803571268916130066e-02 6.937200164794921875e+01 3.539599990844726562e+01 3.444300079345703125e+01
1.600000000000000000e+01 7.142857462167739868e-02 6.975700378417968750e+01 3.878200149536132812e+01 3.302299880981445312e+01
1.000000000000000000e+00 2.008928507566452026e-01 6.726499938964843750e+01 3.997000122070312500e+01 3.012700080871582031e+01
1.000000000000000000e+00 2.544642984867095947e-01 6.632599639892578125e+01 4.314699935913085938e+01 2.820899963378906250e+01
2.000000000000000000e+01 5.491071343421936035e-01 6.270700073242187500e+01 4.397399902343750000e+01 2.916099929809570312e+01
1.800000000000000000e+01 6.205357313156127930e-01 6.028499984741210938e+01 4.593099975585937500e+01 2.712199974060058594e+01
1.100000000000000000e+01 8.080357313156127930e-01 5.688399887084960938e+01 4.653499984741210938e+01 2.895000076293945312e+01
0.000000000000000000e+00 8.258928656578063965e-01 5.385100173950195312e+01 4.770299911499023438e+01 2.696800041198730469e+01
0.000000000000000000e+00 9.107142686843872070e-01 5.027099990844726562e+01 4.869400024414062500e+01 2.766799926757812500e+01
1.200000000000000000e+01 8.526785969734191895e-01 4.705500030517578125e+01 4.941899871826171875e+01 2.583300018310546875e+01
1.200000000000000000e+01 8.482142686843872070e-01 4.449000167846679688e+01 5.171300125122070312e+01 2.756399917602539062e+01
1.700000000000000000e+01 7.589285969734191895e-01 4.082699966430664062e+01 5.227399826049804688e+01 2.687199974060058594e+01
1.600000000000000000e+01 7.142857313156127930e-01 3.819300079345703125e+01 5.352000045776367188e+01 2.954999923706054688e+01
2.000000000000000000e+01 7.723214030265808105e-01 3.666299819946289062e+01 5.010900115966796875e+01 3.026300048828125000e+01
1.700000000000000000e+01 8.660714030265808105e-01 3.945000076293945312e+01 4.758599853515625000e+01 2.927099990844726562e+01
2.000000000000000000e+01 9.375000000000000000e-01 4.315399932861328125e+01 4.759500122070312500e+01 2.938199996948242188e+01
1.700000000000000000e+01 9.598214030265808105e-01 4.604700088500976562e+01 4.524100112915039062e+01 2.858300018310546875e+01
1.800000000000000000e+01 9.687500000000000000e-01 4.971799850463867188e+01 4.486600112915039062e+01 2.980500030517578125e+01
1.800000000000000000e+01 9.017857313156127930e-01 5.225699996948242188e+01 4.279199981689453125e+01 2.789800071716308594e+01
0.000000000000000000e+00 8.169642686843872070e-01 5.589099884033203125e+01 4.207099914550781250e+01 2.836199951171875000e+01
2.200000000000000000e+01 6.294642686843872070e-01 5.859600067138671875e+01 4.158000183105468750e+01 2.557200050354003906e+01
2.200000000000000000e+01 4.732142984867095947e-01 6.181100082397460938e+01 3.981600189208984375e+01 2.679199981689453125e+01
1.800000000000000000e+01 1.830357164144515991e-01 6.509200286865234375e+01 3.949200057983398438e+01 2.481699943542480469e+01
2.000000000000000000e+00 5.357142910361289978e-02 6.853399658203125000e+01 3.778200149536132812e+01 2.553700065612792969e+01
1.600000000000000000e+01 1.339285727590322495e-02 7.159400177001953125e+01 4.021400070190429688e+01 2.611899948120117188e+01
