1 1 14 0 0.0059880239520957446 0 0 24.209 19.135 28.878
1 2 18 0 0.07784431137724557 0 0 23.889 21.670 31.706
1 3 7 0 0.2934131736526946 0 0 24.182 25.401 31.988
1 4 20 0 0.5808383233532934 0 0 26.357 27.719 33.946
1 5 13 0 0.718562874251497 0 0 25.562 31.295 34.884
1 6 12 0 0.9221556886227544 0 0 29.000 32.972 34.851
1 7 22 0 0.9580838323353293 0 0 29.319 36.596 35.970
1 8 22 0 0.9820359281437125 0 0 31.785 39.163 34.816
1 9 22 0 0.9760479041916168 0 0 32.806 41.261 37.792
1 10 9 0 0.9341317365269461 0 0 34.904 44.322 38.250
1 11 0 0 0.7964071856287425 0 0 35.327 48.024 38.076
1 12 9 0 0.652694610778443 0 0 34.664 50.086 34.994
1 13 9 0 0.6047904191616766 0 0 37.419 50.060 32.339
1 14 22 0 0.8263473053892215 0 0 38.776 46.572 32.978
1 15 9 0 0.8323353293413174 0 0 37.467 45.366 29.610
1 16 13 0 0.9281437125748503 0 0 34.525 43.345 30.878
1 17 17 0 0.8203592814371258 0 0 32.440 43.586 27.738
1 18 0 0 0.7544910179640718 0 0 35.468 42.859 25.570
1 19 12 0 0.8922155688622755 0 0 36.243 39.633 27.300
1 20 18 0 0.8802395209580838 0 0 32.756 38.211 26.968
1 21 11 0 0.6347305389221557 0 0 32.445 39.260 23.301
1 22 6 0 0.6167664670658684 0 0 35.950 37.976 22.719
1 23 12 0 0.6826347305389222 0 0 34.777 34.616 24.037
1 24 11 0 0.5508982035928144 0 0 31.301 34.600 22.454
1 25 6 0 0.28742514970059885 0 0 32.070 35.918 18.976
1 26 2 0 0.31137724550898194 0 0 35.854 36.282 18.865
1 27 10 0 0.2574850299401197 0 0 35.597 40.056 18.442
1 28 15 0 0.3532934131736526 0 0 36.703 43.226 20.200
1 29 22 0 0.27544910179640725 0 0 33.961 45.828 20.645
1 30 3 0 0.08982035928143717 0 0 34.137 49.371 19.475
1 31 7 0 0.09580838323353291 0 0 31.194 50.730 21.447
1 32 20 0 0.21556886227544902 0 0 29.723 50.511 24.959
1 33 3 0 0.20958083832335328 0 0 26.254 49.206 25.784
1 34 16 0 0.33532934131736525 0 0 24.731 48.486 29.192
1 35 18 0 0.46706586826347307 0 0 24.309 44.723 28.452
1 36 11 0 0.32335329341317365 0 0 21.115 44.490 30.452
1 37 7 0 0.10778443113772451 0 0 18.545 43.808 27.768
1 38 3 0 0.221556886227545 0 0 21.114 41.734 25.941
1 39 17 0 0.4131736526946108 0 0 22.166 38.175 26.637
1 40 20 0 0.5449101796407185 0 0 25.293 36.434 25.668
1 41 1 0 0.49101796407185627 0 0 25.430 32.696 25.686
1 42 13 0 0.38323353293413165 0 0 27.261 29.952 23.842
1 43 6 0 0.17365269461077848 0 0 27.397 26.174 23.930
1 44 22 0 0.2335329341317366 0 0 30.836 24.733 24.533
1 45 22 0 0.10179640718562877 0 0 32.493 21.413 25.074
1 46 11 0 0.23952095808383234 0 0 34.930 21.953 27.928
1 47 3 0 0.06586826347305386 0 0 36.871 18.815 28.624
1 48 9 0 0.0 0 0 34.558 16.516 26.632
1 49 7 0 0.017964071856287345 0 0 31.602 17.535 28.842
1 50 18 0 0.041916167664670656 0 0 29.112 19.832 27.066
1 51 5 0 0.18562874251497008 0 0 27.774 22.928 28.676
1 52 12 0 0.37125748502994016 0 0 26.436 26.353 27.981
1 53 12 0 0.6467065868263473 0 0 27.763 29.465 29.536
1 54 3 0 0.658682634730539 0 0 25.308 32.290 30.161
1 55 11 0 0.8562874251497006 0 0 27.421 35.358 30.696
1 56 12 0 0.8622754491017964 0 0 26.219 38.134 32.946
1 57 3 0 0.874251497005988 0 0 27.876 41.422 32.284
1 58 18 0 0.844311377245509 0 0 28.070 43.900 35.139
1 59 0 0 0.6107784431137725 0 0 27.166 47.456 34.389
1 60 9 0 0.44311377245508976 0 0 27.245 50.690 36.452
1 61 6 0 0.4251497005988024 0 0 29.126 51.247 39.696
1 62 7 0 0.4011976047904191 0 0 28.400 49.668 43.077
1 63 7 0 0.13173652694610782 0 0 25.508 50.893 45.103
1 64 20 0 0.04790419161676651 0 0 23.443 49.073 47.704
1 65 17 0 0.0718562874251496 0 0 20.887 47.295 45.624
1 66 0 0 0.029940119760479056 0 0 18.497 44.391 45.710
1 67 14 0 0.12574850299401197 0 0 18.547 44.303 41.895
1 68 1 0 0.39520958083832336 0 0 22.267 44.007 42.101
1 69 3 0 0.3413173652694611 0 0 22.189 41.182 44.583
1 70 6 0 0.25149700598802394 0 0 19.564 39.347 42.560
1 71 20 0 0.5149700598802396 0 0 21.611 39.672 39.437
1 72 14 0 0.6706586826347305 0 0 24.703 38.577 41.315
1 73 1 0 0.4850299401197605 0 0 22.820 35.745 43.112
1 74 18 0 0.5209580838323353 0 0 21.974 34.297 39.731
1 75 9 0 0.7604790419161677 0 0 25.648 33.736 39.374
1 76 7 0 0.7005988023952096 0 0 27.291 30.443 39.987
1 77 9 0 0.8982035928143712 0 0 30.742 31.290 38.703
1 78 15 0 0.9640718562874252 0 0 32.391 34.637 39.204
1 79 12 0 0.9940119760479041 0 0 35.085 36.104 36.964
1 80 5 0 0.9880239520958084 0 0 36.638 39.088 38.558
1 81 22 0 0.9700598802395209 0 0 38.689 41.413 36.599
1 82 15 0 0.8682634730538922 0 0 41.247 44.170 36.930
1 83 0 0 0.6766467065868262 0 0 43.086 46.354 34.480
1 84 11 0 0.5089820359281436 0 0 46.820 45.990 35.014
1 85 2 0 0.26347305389221565 0 0 47.101 49.771 34.416
1 86 2 0 0.3293413173652695 0 0 44.528 50.949 36.973
1 87 18 0 0.24550898203592808 0 0 45.049 50.893 40.747
1 88 13 0 0.34730538922155685 0 0 41.389 51.356 41.656
1 89 17 0 0.6287425149700598 0 0 40.402 48.193 39.821
1 90 15 0 0.592814371257485 0 0 42.906 46.108 41.729
1 91 7 0 0.40718562874251496 0 0 42.331 47.848 45.065
1 92 3 0 0.5329341317365269 0 0 38.557 47.224 45.075
1 93 11 0 0.7485029940119761 0 0 39.002 43.499 44.359
1 94 10 0 0.5269461077844311 0 0 38.367 43.189 48.029
1 95 10 0 0.4970059880239521 0 0 35.173 45.010 47.818
1 96 20 0 0.7724550898203593 0 0 34.055 43.034 44.860
1 97 1 0 0.7305389221556886 0 0 35.055 39.837 46.594
1 98 7 0 0.4730538922155688 0 0 33.004 40.514 49.697
1 99 6 0 0.5688622754491017 0 0 30.002 40.984 47.498
1 100 11 0 0.7245508982035929 0 0 30.486 37.640 45.846
1 101 13 0 0.5029940119760479 0 0 30.964 35.622 49.004
1 102 1 0 0.281437125748503 0 0 28.263 37.604 50.795
1 103 22 0 0.35928143712574856 0 0 25.535 36.789 48.390
1 104 13 0 0.3772455089820359 0 0 26.296 33.086 47.928
1 105 3 0 0.11976047904191622 0 0 26.534 32.047 51.582
1 106 17 0 0.17964071856287422 0 0 29.818 30.311 50.769
1 107 7 0 0.29940119760479034 0 0 33.478 31.390 50.876
1 108 3 0 0.3892215568862275 0 0 34.466 28.560 48.524
1 109 22 0 0.5868263473053892 0 0 32.385 29.917 45.619
1 110 16 0 0.8023952095808383 0 0 33.847 29.602 42.134
1 111 14 0 0.9101796407185628 0 0 35.997 32.714 41.692
1 112 22 0 0.9461077844311377 0 0 38.528 33.404 39.014
1 113 12 0 0.9401197604790419 0 0 40.732 36.503 39.153
1 114 22 0 0.9520958083832335 0 0 41.629 38.100 35.839
1 115 9 0 0.8502994011976048 0 0 44.100 40.766 34.937
1 116 2 0 0.8143712574850299 0 0 43.351 42.328 31.632
1 117 13 0 0.562874251497006 0 0 45.303 44.558 29.302
1 118 5 0 0.437125748502994 0 0 48.464 42.521 29.443
1 119 3 0 0.16167664670658677 0 0 49.707 43.201 25.919
1 120 12 0 0.053892215568862256 0 0 51.803 46.086 26.987
1 121 16 0 0.02395209580838331 0 0 54.459 44.782 29.343
1 122 17 0 0.0119760479041916 0 0 54.543 47.343 32.149
1 123 1 0 0.11377245508982048 0 0 51.760 47.564 34.694
1 124 18 0 0.08383233532934131 0 0 50.783 49.796 37.525
1 125 22 0 0.22754491017964074 0 0 49.468 46.822 39.458
1 126 3 0 0.13772455089820357 0 0 52.148 44.369 40.576
1 127 18 0 0.19760479041916168 0 0 52.123 40.670 39.806
1 128 13 0 0.059880239520958 0 0 53.555 40.006 43.267
1 129 6 0 0.14371257485029942 0 0 50.701 41.786 44.949
1 130 0 0 0.4491017964071856 0 0 48.153 39.943 42.863
1 131 6 0 0.3173652694610779 0 0 49.725 36.507 43.296
1 132 3 0 0.14970059880239517 0 0 49.499 37.157 46.911
1 133 12 0 0.43113772455089827 0 0 45.840 38.175 46.602
1 134 0 0 0.5568862275449102 0 0 45.162 35.082 44.467
1 135 1 0 0.2694610778443114 0 0 46.549 32.621 47.020
1 136 17 0 0.20359281437125742 0 0 44.835 34.594 49.810
1 137 20 0 0.4610778443113772 0 0 41.394 33.938 48.499
1 138 9 0 0.45508982035928147 0 0 42.034 30.586 46.865
1 139 11 0 0.7065868263473054 0 0 41.487 32.044 43.397
1 140 16 0 0.7365269461077844 0 0 43.595 31.701 40.323
1 141 15 0 0.7904191616766467 0 0 45.083 34.743 38.580
1 142 11 0 0.8083832335329342 0 0 44.868 34.500 34.823
1 143 7 0 0.688622754491018 0 0 46.584 37.027 32.561
1 144 18 0 0.7784431137724551 0 0 44.487 38.366 29.701
1 145 17 0 0.5988023952095809 0 0 44.545 40.678 26.798
1 146 0 0 0.6407185628742516 0 0 41.274 40.792 24.933
1 147 13 0 0.3652694610778443 0 0 42.542 42.614 21.918
1 148 18 0 0.19161676646706582 0 0 45.274 40.186 20.988
1 149 1 0 0.41916167664670656 0 0 42.921 37.299 21.813
1 150 6 0 0.47904191616766467 0 0 44.992 35.849 24.563
1 151 9 0 0.6646706586826348 0 0 43.877 33.848 27.491
1 152 22 0 0.8383233532934131 0 0 40.293 35.032 27.716
1 153 3 0 0.7664670658682635 0 0 38.749 31.751 26.852
1 154 3 0 0.7125748502994012 0 0 41.032 29.764 29.220
1 155 0 0 0.9041916167664671 0 0 39.840 32.048 32.009
1 156 15 0 0.9161676646706587 0 0 36.228 30.937 31.448
1 157 20 0 0.7425149700598803 0 0 37.341 27.361 31.038
1 158 18 0 0.7844311377245509 0 0 39.243 27.704 34.251
1 159 12 0 0.8862275449101796 0 0 36.063 29.191 35.705
1 160 22 0 0.6946107784431137 0 0 34.292 25.975 34.608
1 161 1 0 0.5389221556886228 0 0 36.957 23.759 36.095
1 162 7 0 0.6227544910179641 0 0 36.603 25.656 39.311
1 163 11 0 0.5748502994011976 0 0 32.892 24.844 39.204
1 164 1 0 0.3053892215568862 0 0 33.477 21.248 38.379
1 165 13 0 0.15568862275449102 0 0 35.831 20.318 41.192
1 166 10 0 0.16766467065868274 0 0 33.314 21.676 43.560
1 167 13 0 0.03592814371257491 0 0 30.476 20.092 45.415
