1 1 14 0 0.04790419161676651 0 0 32.455 26.863 16.828
1 2 18 0 0.14371257485029942 0 0 34.298 28.908 19.486
1 3 7 0 0.3173652694610779 0 0 34.568 27.009 22.725
1 4 20 0 0.5868263473053892 0 0 34.971 29.160 25.827
1 5 13 0 0.7425149700598803 0 0 35.838 28.079 29.321
1 6 12 0 0.9221556886227544 0 0 33.857 30.428 31.593
1 7 22 0 0.9580838323353293 0 0 34.893 30.417 35.234
1 8 22 0 0.9880239520958084 0 0 33.051 31.714 38.312
1 9 22 0 0.9700598802395209 0 0 35.566 33.047 40.890
1 10 9 0 0.9341317365269461 0 0 35.132 34.917 44.129
1 11 0 0 0.7724550898203593 0 0 35.270 34.728 47.809
1 12 9 0 0.6167664670658684 0 0 33.634 31.976 49.890
1 13 9 0 0.592814371257485 0 0 29.866 32.075 50.185
1 14 22 0 0.8143712574850299 0 0 28.785 34.511 47.415
1 15 9 0 0.844311377245509 0 0 26.793 32.060 45.230
1 16 13 0 0.9281437125748503 0 0 29.508 30.657 43.019
1 17 17 0 0.8502994011976048 0 0 27.848 27.400 42.152
1 18 0 0 0.7604790419161677 0 0 24.350 28.841 42.481
1 19 12 0 0.8922155688622755 0 0 24.939 31.106 39.505
1 20 18 0 0.8802395209580838 0 0 26.293 28.356 37.163
1 21 11 0 0.6646706586826348 0 0 23.609 26.003 38.139
1 22 6 0 0.6407185628742516 0 0 21.091 28.831 37.554
1 23 12 0 0.7125748502994012 0 0 22.315 29.216 34.016
1 24 11 0 0.5089820359281436 0 0 21.864 25.573 33.368
1 25 6 0 0.29940119760479034 0 0 19.038 23.942 35.252
1 26 2 0 0.32335329341317365 0 0 17.132 27.130 36.054
1 27 10 0 0.2694610778443114 0 0 16.831 26.574 39.805
1 28 15 0 0.37125748502994016 0 0 18.413 27.967 42.988
1 29 22 0 0.2335329341317366 0 0 19.349 24.705 44.653
1 30 3 0 0.12574850299401197 0 0 19.801 23.888 48.241
1 31 7 0 0.13173652694610782 0 0 22.395 21.273 47.499
1 32 20 0 0.23952095808383234 0 0 26.100 21.834 47.964
1 33 3 0 0.22754491017964074 0 0 28.548 19.588 46.131
1 34 16 0 0.31137724550898194 0 0 32.254 20.042 45.782
1 35 18 0 0.4491017964071856 0 0 32.188 20.325 41.943
1 36 11 0 0.3053892215568862 0 0 35.531 18.653 41.537
1 37 7 0 0.13772455089820357 0 0 34.753 15.899 38.964
1 38 3 0 0.25149700598802394 0 0 31.393 17.297 37.872
1 39 17 0 0.43113772455089827 0 0 31.225 19.347 34.728
1 40 20 0 0.5209580838323353 0 0 28.602 21.655 33.267
1 41 1 0 0.47904191616766467 0 0 28.869 22.715 29.656
1 42 13 0 0.44311377245508976 0 0 26.476 24.502 27.341
1 43 6 0 0.17964071856287422 0 0 25.979 24.434 23.612
1 44 22 0 0.17365269461077848 0 0 24.179 27.540 22.495
1 45 22 0 0.08982035928143717 0 0 23.252 30.106 19.804
1 46 11 0 0.19161676646706582 0 0 24.724 33.428 20.749
1 47 3 0 0.08383233532934131 0 0 24.786 36.438 18.570
1 48 9 0 0.017964071856287345 0 0 24.692 34.729 15.159
1 49 7 0 0.041916167664670656 0 0 26.712 31.607 16.036
1 50 18 0 0.053892215568862256 0 0 26.398 28.386 17.933
1 51 5 0 0.18562874251497008 0 0 29.120 28.313 20.583
1 52 12 0 0.3293413173652695 0 0 30.129 25.973 23.347
1 53 12 0 0.6047904191616766 0 0 30.202 27.542 26.819
1 54 3 0 0.6467065868263473 0 0 32.053 25.364 29.367
1 55 11 0 0.8682634730538922 0 0 31.628 26.492 32.898
1 56 12 0 0.8562874251497006 0 0 33.986 25.576 35.693
1 57 3 0 0.8622754491017964 0 0 33.999 25.692 39.399
1 58 18 0 0.7544910179640718 0 0 37.074 26.007 41.689
1 59 0 0 0.5029940119760479 0 0 37.919 23.284 44.192
1 60 9 0 0.221556886227545 0 0 40.863 21.781 46.041
1 61 6 0 0.06586826347305386 0 0 42.566 21.835 49.405
1 62 7 0 0.02395209580838331 0 0 46.003 20.257 48.848
1 63 7 0 0.0119760479041916 0 0 48.869 22.769 49.030
1 64 20 0 0.0 0 0 51.196 20.173 47.640
1 65 17 0 0.0059880239520957446 0 0 50.310 19.543 43.997
1 66 0 0 0.059880239520958 0 0 47.823 22.456 44.250
1 67 14 0 0.21556886227544902 0 0 44.986 23.194 41.858
1 68 1 0 0.4251497005988024 0 0 44.754 26.899 42.270
1 69 3 0 0.4011976047904191 0 0 46.500 28.207 39.192
1 70 6 0 0.39520958083832336 0 0 45.045 25.478 36.947
1 71 20 0 0.652694610778443 0 0 41.525 26.840 36.893
1 72 14 0 0.718562874251497 0 0 42.815 30.314 36.263
1 73 1 0 0.49101796407185627 0 0 44.956 29.107 33.446
1 74 18 0 0.5508982035928144 0 0 42.017 27.036 32.110
1 75 9 0 0.8083832335329342 0 0 39.533 29.764 32.007
1 76 7 0 0.7365269461077844 0 0 39.023 31.980 29.042
1 77 9 0 0.8982035928143712 0 0 36.569 34.338 30.686
1 78 15 0 0.9760479041916168 0 0 36.117 35.321 34.282
1 79 12 0 0.9940119760479041 0 0 32.893 35.837 36.198
1 80 5 0 0.9820359281437125 0 0 33.852 37.527 39.445
1 81 22 0 0.9640718562874252 0 0 31.431 37.492 42.248
1 82 15 0 0.874251497005988 0 0 30.730 39.464 45.359
1 83 0 0 0.6706586826347305 0 0 27.730 39.830 47.623
1 84 11 0 0.4730538922155688 0 0 26.431 43.321 48.195
1 85 2 0 0.2574850299401197 0 0 25.871 42.555 51.904
1 86 2 0 0.34730538922155685 0 0 29.500 41.641 52.410
1 87 18 0 0.281437125748503 0 0 32.134 44.305 51.892
1 88 13 0 0.33532934131736525 0 0 34.822 41.652 52.476
1 89 17 0 0.6107784431137725 0 0 33.773 39.864 49.301
1 90 15 0 0.5808383233532934 0 0 34.118 43.148 47.551
1 91 7 0 0.437125748502994 0 0 37.577 43.755 48.985
1 92 3 0 0.5748502994011976 0 0 38.678 40.386 47.551
1 93 11 0 0.7964071856287425 0 0 37.566 41.254 43.993
1 94 10 0 0.5688622754491017 0 0 40.952 42.842 43.323
1 95 10 0 0.5449101796407185 0 0 42.695 39.746 44.676
1 96 20 0 0.8203592814371258 0 0 40.885 37.408 42.347
1 97 1 0 0.7844311377245509 0 0 41.404 39.789 39.405
1 98 7 0 0.5149700598802396 0 0 45.103 40.050 40.157
1 99 6 0 0.5568862275449102 0 0 45.320 36.295 40.387
1 100 11 0 0.6946107784431137 0 0 43.912 36.102 36.976
1 101 13 0 0.4850299401197605 0 0 46.063 38.984 35.811
1 102 1 0 0.28742514970059885 0 0 49.126 37.202 37.112
1 103 22 0 0.3652694610778443 0 0 48.231 33.918 35.554
1 104 13 0 0.3892215568862275 0 0 47.286 35.102 32.080
1 105 3 0 0.14970059880239517 0 0 49.846 37.945 32.376
1 106 17 0 0.27544910179640725 0 0 47.245 40.260 30.934
1 107 7 0 0.35928143712574856 0 0 45.221 43.137 32.319
1 108 3 0 0.40718562874251496 0 0 43.022 42.901 29.205
1 109 22 0 0.6227544910179641 0 0 41.521 39.579 30.242
1 110 16 0 0.8023952095808383 0 0 37.766 39.277 29.729
1 111 14 0 0.9161676646706587 0 0 35.793 39.710 32.989
1 112 22 0 0.9520958083832335 0 0 32.441 40.681 34.356
1 113 12 0 0.9401197604790419 0 0 32.054 42.061 37.850
1 114 22 0 0.9461077844311377 0 0 28.958 40.605 39.455
1 115 9 0 0.8383233532934131 0 0 27.132 41.704 42.507
1 116 2 0 0.8263473053892215 0 0 25.012 38.867 43.844
1 117 13 0 0.5329341317365269 0 0 22.052 39.264 46.144
1 118 5 0 0.4610778443113772 0 0 20.960 42.287 44.216
1 119 3 0 0.20359281437125742 0 0 17.250 41.826 44.961
1 120 12 0 0.11976047904191622 0 0 17.565 42.154 48.697
1 121 16 0 0.029940119760479056 0 0 17.072 45.341 50.636
1 122 17 0 0.03592814371257491 0 0 20.225 46.796 52.204
1 123 1 0 0.10778443113772451 0 0 23.772 46.795 50.974
1 124 18 0 0.0718562874251496 0 0 27.050 47.322 52.756
1 125 22 0 0.19760479041916168 0 0 28.986 47.816 49.539
1 126 3 0 0.11377245508982048 0 0 28.187 51.170 47.964
1 127 18 0 0.20958083832335328 0 0 27.133 50.689 44.352
1 128 13 0 0.09580838323353291 0 0 28.979 53.815 43.206
1 129 6 0 0.15568862275449102 0 0 32.261 52.229 44.285
1 130 0 0 0.45508982035928147 0 0 31.507 49.060 42.316
1 131 6 0 0.3532934131736526 0 0 30.944 51.124 39.181
1 132 3 0 0.16167664670658677 0 0 34.140 53.142 39.695
1 133 12 0 0.4131736526946108 0 0 36.126 49.929 40.113
1 134 0 0 0.5269461077844311 0 0 34.670 48.533 36.970
1 135 1 0 0.26347305389221565 0 0 35.360 51.816 35.147
1 136 17 0 0.16766467065868274 0 0 38.987 51.995 36.255
1 137 20 0 0.38323353293413165 0 0 39.886 48.691 34.762
1 138 9 0 0.3772455089820359 0 0 37.586 48.917 31.822
1 139 11 0 0.6347305389221557 0 0 35.285 46.064 32.877
1 140 16 0 0.7005988023952096 0 0 31.549 45.885 33.282
1 141 15 0 0.7485029940119761 0 0 29.498 45.686 36.491
1 142 11 0 0.7904191616766467 0 0 26.226 43.788 36.586
1 143 7 0 0.688622754491018 0 0 23.772 43.341 39.382
1 144 18 0 0.7664670658682635 0 0 22.647 39.744 39.810
1 145 17 0 0.5988023952095809 0 0 20.145 37.747 41.840
1 146 0 0 0.6766467065868262 0 0 20.815 34.019 41.847
1 147 13 0 0.41916167664670656 0 0 17.812 33.448 44.087
1 148 18 0 0.2934131736526946 0 0 15.354 34.950 41.768
1 149 1 0 0.46706586826347307 0 0 17.189 34.135 38.550
1 150 6 0 0.4970059880239521 0 0 17.681 37.710 37.451
1 151 9 0 0.658682634730539 0 0 20.649 38.907 35.507
1 152 22 0 0.8323353293413174 0 0 22.072 35.418 35.166
1 153 3 0 0.6826347305389222 0 0 21.606 34.911 31.397
1 154 3 0 0.7065868263473054 0 0 22.864 38.432 30.966
1 155 0 0 0.9041916167664671 0 0 26.068 38.079 33.004
1 156 15 0 0.9101796407185628 0 0 27.140 34.987 31.034
1 157 20 0 0.7245508982035929 0 0 26.103 36.563 27.685
1 158 18 0 0.7784431137724551 0 0 27.997 39.714 28.710
1 159 12 0 0.8862275449101796 0 0 31.040 37.616 29.657
1 160 22 0 0.7305389221556886 0 0 30.903 36.213 26.097
1 161 1 0 0.5389221556886228 0 0 30.398 39.670 24.572
1 162 7 0 0.6287425149700598 0 0 33.514 41.005 26.333
1 163 11 0 0.562874251497006 0 0 35.392 38.050 24.799
1 164 1 0 0.3413173652694611 0 0 34.092 38.970 21.405
1 165 13 0 0.24550898203592808 0 0 34.714 42.700 21.953
1 166 10 0 0.07784431137724557 0 0 37.932 44.087 20.365
1 167 13 0 0.10179640718562877 0 0 38.556 46.871 22.911
