1 1 14 0 0.0 0 0 15.330 24.783 27.127
1 2 18 0 0.08383233532934131 0 0 17.544 25.390 30.135
1 3 7 0 0.2694610778443114 0 0 18.419 28.988 30.797
1 4 20 0 0.5568862275449102 0 0 21.458 30.289 32.712
1 5 13 0 0.7305389221556886 0 0 21.877 33.746 34.165
1 6 12 0 0.9161676646706587 0 0 25.622 34.327 34.369
1 7 22 0 0.9580838323353293 0 0 26.752 37.510 35.970
1 8 22 0 0.9880239520958084 0 0 30.147 39.183 35.264
1 9 22 0 0.9760479041916168 0 0 31.630 41.036 38.273
1 10 9 0 0.9281437125748503 0 0 34.730 42.831 39.338
1 11 0 0 0.7784431137724551 0 0 36.520 46.184 39.631
1 12 9 0 0.6287425149700598 0 0 37.110 48.941 37.108
1 13 9 0 0.5808383233532934 0 0 39.097 48.485 33.932
1 14 22 0 0.7964071856287425 0 0 39.528 44.707 33.790
1 15 9 0 0.8323353293413174 0 0 37.647 43.954 30.571
1 16 13 0 0.9341317365269461 0 0 34.310 42.958 31.900
1 17 17 0 0.844311377245509 0 0 32.658 43.881 28.680
1 18 0 0 0.7664670658682635 0 0 35.595 42.694 26.580
1 19 12 0 0.8862275449101796 0 0 35.113 39.028 27.576
1 20 18 0 0.8802395209580838 0 0 31.321 38.960 27.196
1 21 11 0 0.6467065868263473 0 0 30.778 40.610 23.793
1 22 6 0 0.6167664670658684 0 0 33.567 38.414 22.526
1 23 12 0 0.6826347305389222 0 0 31.383 35.488 23.406
1 24 11 0 0.5269461077844311 0 0 27.894 36.645 22.430
1 25 6 0 0.31137724550898194 0 0 28.506 38.729 19.376
1 26 2 0 0.3053892215568862 0 0 32.078 37.811 18.730
1 27 10 0 0.26347305389221565 0 0 33.573 41.280 18.842
1 28 15 0 0.3652694610778443 0 0 36.006 43.234 20.920
1 29 22 0 0.37125748502994016 0 0 34.380 46.303 22.420
1 30 3 0 0.09580838323353291 0 0 35.006 49.706 20.927
1 31 7 0 0.11377245508982048 0 0 33.255 51.902 23.412
1 32 20 0 0.23952095808383234 0 0 31.990 51.878 26.929
1 33 3 0 0.2335329341317366 0 0 28.224 51.461 27.287
1 34 16 0 0.3772455089820359 0 0 26.295 50.685 30.392
1 35 18 0 0.5029940119760479 0 0 24.952 47.326 29.150
1 36 11 0 0.43113772455089827 0 0 22.105 47.315 31.683
1 37 7 0 0.14371257485029942 0 0 19.316 48.129 29.357
1 38 3 0 0.22754491017964074 0 0 20.936 46.073 26.567
1 39 17 0 0.3892215568862275 0 0 20.598 42.347 27.091
1 40 20 0 0.5209580838323353 0 0 22.935 39.814 25.572
1 41 1 0 0.49101796407185627 0 0 22.371 36.161 25.054
1 42 13 0 0.38323353293413165 0 0 23.659 33.149 23.091
1 43 6 0 0.17964071856287422 0 0 22.680 29.489 22.724
1 44 22 0 0.2574850299401197 0 0 25.673 27.174 23.098
1 45 22 0 0.13173652694610782 0 0 26.270 23.528 23.574
1 46 11 0 0.281437125748503 0 0 28.290 22.932 26.719
1 47 3 0 0.10778443113772451 0 0 29.213 19.372 27.518
1 48 9 0 0.0059880239520957446 0 0 26.578 17.803 25.379
1 49 7 0 0.04790419161676651 0 0 23.814 20.091 26.451
1 50 18 0 0.059880239520958 0 0 22.391 23.118 24.645
1 51 5 0 0.19760479041916168 0 0 21.607 25.911 27.017
1 52 12 0 0.32335329341317365 0 0 20.527 29.520 26.866
1 53 12 0 0.6227544910179641 0 0 23.197 31.609 28.390
1 54 3 0 0.652694610778443 0 0 22.156 35.135 29.352
1 55 11 0 0.8622754491017964 0 0 24.871 37.457 30.555
1 56 12 0 0.8562874251497006 0 0 24.297 40.120 33.178
1 57 3 0 0.874251497005988 0 0 26.958 42.800 32.781
1 58 18 0 0.8502994011976048 0 0 27.480 44.865 35.961
1 59 0 0 0.6047904191616766 0 0 26.975 48.576 36.505
1 60 9 0 0.4610778443113772 0 0 28.845 51.000 38.717
1 61 6 0 0.437125748502994 0 0 30.705 50.722 41.920
1 62 7 0 0.39520958083832336 0 0 29.330 49.035 44.953
1 63 7 0 0.12574850299401197 0 0 26.744 50.830 47.010
1 64 20 0 0.03592814371257491 0 0 23.657 50.247 49.048
1 65 17 0 0.041916167664670656 0 0 20.585 49.583 46.964
1 66 0 0 0.029940119760479056 0 0 17.806 46.993 47.289
1 67 14 0 0.07784431137724557 0 0 17.542 46.857 43.510
1 68 1 0 0.3173652694610779 0 0 21.250 46.263 43.066
1 69 3 0 0.28742514970059885 0 0 20.851 43.389 45.498
1 70 6 0 0.221556886227545 0 0 18.055 41.972 43.422
1 71 20 0 0.5089820359281436 0 0 20.233 42.248 40.345
1 72 14 0 0.658682634730539 0 0 22.822 40.026 42.050
1 73 1 0 0.4850299401197605 0 0 20.154 37.697 43.117
1 74 18 0 0.5149700598802396 0 0 19.005 37.362 39.582
1 75 9 0 0.7544910179640718 0 0 22.277 35.634 38.755
1 76 7 0 0.718562874251497 0 0 22.853 31.870 38.897
1 77 9 0 0.8922155688622755 0 0 26.596 32.240 38.973
1 78 15 0 0.9700598802395209 0 0 29.391 34.737 38.773
1 79 12 0 0.9940119760479041 0 0 32.412 35.552 36.677
1 80 5 0 0.9820359281437125 0 0 34.938 37.332 38.830
1 81 22 0 0.9640718562874252 0 0 37.426 39.404 36.965
1 82 15 0 0.8682634730538922 0 0 40.764 40.965 37.720
1 83 0 0 0.7005988023952096 0 0 43.543 42.164 35.543
1 84 11 0 0.4970059880239521 0 0 47.062 40.883 35.717
1 85 2 0 0.25149700598802394 0 0 48.447 44.437 35.476
1 86 2 0 0.3293413173652695 0 0 46.327 46.004 38.177
1 87 18 0 0.24550898203592808 0 0 46.952 44.795 41.724
1 88 13 0 0.2934131736526946 0 0 44.103 46.765 43.285
1 89 17 0 0.5988023952095809 0 0 41.815 44.755 41.087
1 90 15 0 0.6107784431137725 0 0 42.896 41.469 42.558
1 91 7 0 0.4251497005988024 0 0 42.557 42.898 46.007
1 92 3 0 0.5508982035928144 0 0 38.983 43.857 45.254
1 93 11 0 0.7724550898203593 0 0 38.007 40.225 44.490
1 94 10 0 0.5748502994011976 0 0 36.884 39.328 47.986
1 95 10 0 0.5389221556886228 0 0 34.388 42.173 47.995
1 96 20 0 0.8083832335329342 0 0 32.329 40.736 45.127
1 97 1 0 0.7365269461077844 0 0 32.338 37.404 46.949
1 98 7 0 0.47904191616766467 0 0 31.339 39.372 50.056
1 99 6 0 0.5329341317365269 0 0 28.344 40.699 48.098
1 100 11 0 0.6706586826347305 0 0 27.604 37.286 46.638
1 101 13 0 0.41916167664670656 0 0 27.749 35.720 50.120
1 102 1 0 0.21556886227544902 0 0 25.471 38.345 51.589
1 103 22 0 0.29940119760479034 0 0 22.781 38.256 48.912
1 104 13 0 0.33532934131736525 0 0 22.760 34.513 48.270
1 105 3 0 0.11976047904191622 0 0 23.507 33.296 51.832
1 106 17 0 0.18562874251497008 0 0 26.256 30.841 51.004
1 107 7 0 0.3532934131736526 0 0 29.871 30.375 50.277
1 108 3 0 0.4011976047904191 0 0 29.317 27.621 47.794
1 109 22 0 0.6407185628742516 0 0 27.994 29.896 45.026
1 110 16 0 0.8023952095808383 0 0 29.069 29.131 41.466
1 111 14 0 0.9221556886227544 0 0 32.037 31.451 40.786
1 112 22 0 0.9520958083832335 0 0 35.003 31.456 38.418
1 113 12 0 0.9401197604790419 0 0 38.128 33.597 38.941
1 114 22 0 0.9461077844311377 0 0 39.327 35.192 35.745
1 115 9 0 0.8383233532934131 0 0 42.720 36.775 35.431
1 116 2 0 0.8263473053892215 0 0 42.105 38.821 32.338
1 117 13 0 0.5688622754491017 0 0 44.406 40.917 30.095
1 118 5 0 0.40718562874251496 0 0 47.385 38.568 29.688
1 119 3 0 0.16766467065868274 0 0 48.236 40.163 26.359
1 120 12 0 0.053892215568862256 0 0 51.697 41.227 27.540
1 121 16 0 0.0119760479041916 0 0 54.137 38.986 29.339
1 122 17 0 0.017964071856287345 0 0 54.204 41.589 32.136
1 123 1 0 0.10179640718562877 0 0 51.914 41.266 35.151
1 124 18 0 0.06586826347305386 0 0 51.900 42.940 38.487
1 125 22 0 0.17365269461077848 0 0 49.937 40.031 39.974
1 126 3 0 0.08982035928143717 0 0 51.834 36.991 40.917
1 127 18 0 0.15568862275449102 0 0 50.508 33.843 39.376
1 128 13 0 0.0718562874251496 0 0 50.956 31.856 42.551
1 129 6 0 0.14970059880239517 0 0 48.892 34.357 44.514
1 130 0 0 0.46706586826347307 0 0 46.117 33.930 42.064
1 131 6 0 0.3413173652694611 0 0 46.221 30.156 42.400
1 132 3 0 0.16167664670658677 0 0 46.215 30.397 46.191
1 133 12 0 0.4491017964071856 0 0 43.212 32.741 46.009
1 134 0 0 0.5449101796407185 0 0 41.349 30.310 43.913
1 135 1 0 0.27544910179640725 0 0 42.350 27.328 46.094
1 136 17 0 0.20958083832335328 0 0 41.369 29.304 49.227
1 137 20 0 0.45508982035928147 0 0 37.767 29.771 48.059
1 138 9 0 0.4131736526946108 0 0 37.712 26.468 46.256
1 139 11 0 0.688622754491018 0 0 36.788 28.015 42.947
1 140 16 0 0.7245508982035929 0 0 38.570 27.517 39.600
1 141 15 0 0.7844311377245509 0 0 40.945 30.127 38.072
1 142 11 0 0.7904191616766467 0 0 41.686 30.802 34.446
1 143 7 0 0.6946107784431137 0 0 43.965 33.184 32.535
1 144 18 0 0.7485029940119761 0 0 42.349 34.976 29.685
1 145 17 0 0.5868263473053892 0 0 43.032 37.442 26.919
1 146 0 0 0.6347305389221557 0 0 40.045 39.026 25.130
1 147 13 0 0.35928143712574856 0 0 42.308 40.862 22.714
1 148 18 0 0.20359281437125742 0 0 43.845 37.679 21.489
1 149 1 0 0.44311377245508976 0 0 40.729 35.755 22.240
1 150 6 0 0.4730538922155688 0 0 41.902 32.823 24.268
1 151 9 0 0.6646706586826348 0 0 40.139 31.234 27.199
1 152 22 0 0.8203592814371258 0 0 37.079 33.476 26.956
1 153 3 0 0.7125748502994012 0 0 34.895 30.664 25.733
1 154 3 0 0.7065868263473054 0 0 36.707 28.435 28.244
1 155 0 0 0.9041916167664671 0 0 35.986 30.884 31.095
1 156 15 0 0.9101796407185628 0 0 32.285 30.944 30.380
1 157 20 0 0.7604790419161677 0 0 31.938 27.207 30.139
1 158 18 0 0.8143712574850299 0 0 33.673 26.719 33.454
1 159 12 0 0.8982035928143712 0 0 31.033 28.826 35.077
1 160 22 0 0.7425149700598803 0 0 28.355 26.543 33.666
1 161 1 0 0.562874251497006 0 0 30.377 23.658 34.952
1 162 7 0 0.6766467065868262 0 0 30.193 25.200 38.426
1 163 11 0 0.592814371257485 0 0 26.401 25.634 38.279
1 164 1 0 0.34730538922155685 0 0 25.669 22.151 37.007
1 165 13 0 0.19161676646706582 0 0 27.239 20.478 40.066
1 166 10 0 0.13772455089820357 0 0 24.178 21.266 42.089
1 167 13 0 0.02395209580838331 0 0 21.963 18.391 41.008
