1 1 14 0 0.0059880239520957446 0 0 15.267 24.397 30.223
1 2 18 0 0.10179640718562877 0 0 17.539 25.744 32.902
1 3 7 0 0.32335329341317365 0 0 19.018 29.269 32.754
1 4 20 0 0.5688622754491017 0 0 22.178 29.721 34.779
1 5 13 0 0.718562874251497 0 0 23.023 33.266 35.960
1 6 12 0 0.9101796407185628 0 0 26.751 33.857 35.673
1 7 22 0 0.9580838323353293 0 0 28.219 36.957 37.185
1 8 22 0 0.9820359281437125 0 0 31.541 38.048 35.694
1 9 22 0 0.9760479041916168 0 0 33.756 39.554 38.356
1 10 9 0 0.9401197604790419 0 0 37.130 41.207 38.217
1 11 0 0 0.8023952095808383 0 0 39.015 44.512 38.350
1 12 9 0 0.6227544910179641 0 0 38.961 47.214 35.773
1 13 9 0 0.592814371257485 0 0 41.029 46.395 32.716
1 14 22 0 0.8263473053892215 0 0 40.612 42.599 32.973
1 15 9 0 0.844311377245509 0 0 38.461 42.088 29.898
1 16 13 0 0.9281437125748503 0 0 35.131 41.467 31.452
1 17 17 0 0.8203592814371258 0 0 32.907 42.495 28.595
1 18 0 0 0.7724550898203593 0 0 35.542 41.089 26.250
1 19 12 0 0.8982035928143712 0 0 35.210 37.483 27.459
1 20 18 0 0.874251497005988 0 0 31.412 37.662 27.383
1 21 11 0 0.6347305389221557 0 0 30.915 39.196 23.938
1 22 6 0 0.6107784431137725 0 0 33.390 36.736 22.651
1 23 12 0 0.6826347305389222 0 0 31.208 33.924 23.829
1 24 11 0 0.5568862275449102 0 0 27.709 35.288 23.344
1 25 6 0 0.3173652694610779 0 0 28.157 37.216 20.152
1 26 2 0 0.28742514970059885 0 0 31.400 35.958 18.811
1 27 10 0 0.21556886227544902 0 0 33.055 39.320 18.359
1 28 15 0 0.3652694610778443 0 0 35.636 41.244 20.414
1 29 22 0 0.40718562874251496 0 0 34.711 44.387 22.348
1 30 3 0 0.10778443113772451 0 0 35.376 47.741 20.719
1 31 7 0 0.13173652694610782 0 0 34.916 50.090 23.614
1 32 20 0 0.2934131736526946 0 0 33.527 50.191 27.151
1 33 3 0 0.25149700598802394 0 0 29.847 50.568 28.050
1 34 16 0 0.38323353293413165 0 0 28.469 50.095 31.629
1 35 18 0 0.4491017964071856 0 0 26.042 47.456 30.336
1 36 11 0 0.2694610778443114 0 0 23.372 48.467 32.775
1 37 7 0 0.12574850299401197 0 0 20.290 47.735 30.613
1 38 3 0 0.19760479041916168 0 0 21.395 45.202 28.026
1 39 17 0 0.4251497005988024 0 0 21.368 41.431 28.537
1 40 20 0 0.5269461077844311 0 0 23.539 38.822 26.920
1 41 1 0 0.5089820359281436 0 0 22.645 35.157 26.818
1 42 13 0 0.35928143712574856 0 0 22.531 32.039 24.721
1 43 6 0 0.16766467065868274 0 0 21.439 28.421 24.651
1 44 22 0 0.2574850299401197 0 0 24.187 25.874 25.070
1 45 22 0 0.09580838323353291 0 0 24.314 22.145 25.280
1 46 11 0 0.20958083832335328 0 0 26.564 21.265 28.240
1 47 3 0 0.06586826347305386 0 0 27.352 17.619 28.900
1 48 9 0 0.0 0 0 24.156 16.044 27.564
1 49 7 0 0.0119760479041916 0 0 21.685 18.731 28.640
1 50 18 0 0.041916167664670656 0 0 20.562 21.996 27.036
1 51 5 0 0.17365269461077848 0 0 20.812 24.970 29.297
1 52 12 0 0.39520958083832336 0 0 21.166 28.721 28.900
1 53 12 0 0.658682634730539 0 0 24.003 30.877 30.088
1 54 3 0 0.6646706586826348 0 0 22.630 34.173 31.309
1 55 11 0 0.8502994011976048 0 0 25.444 36.698 31.574
1 56 12 0 0.8383233532934131 0 0 25.471 39.572 34.062
1 57 3 0 0.8682634730538922 0 0 28.198 42.114 33.855
1 58 18 0 0.8622754491017964 0 0 29.858 43.834 36.840
1 59 0 0 0.6407185628742516 0 0 30.801 47.484 36.353
1 60 9 0 0.46706586826347307 0 0 32.378 50.419 38.023
1 61 6 0 0.3413173652694611 0 0 34.082 50.851 41.308
1 62 7 0 0.4011976047904191 0 0 32.599 48.813 44.185
1 63 7 0 0.11377245508982048 0 0 30.302 50.836 46.521
1 64 20 0 0.04790419161676651 0 0 28.185 49.898 49.495
1 65 17 0 0.03592814371257491 0 0 24.560 49.480 48.236
1 66 0 0 0.017964071856287345 0 0 21.734 47.135 49.029
1 67 14 0 0.08383233532934131 0 0 20.826 46.442 45.402
1 68 1 0 0.29940119760479034 0 0 24.449 46.011 44.414
1 69 3 0 0.3053892215568862 0 0 24.404 43.145 46.919
1 70 6 0 0.20359281437125742 0 0 21.084 41.940 45.562
1 71 20 0 0.47904191616766467 0 0 22.444 41.891 42.045
1 72 14 0 0.652694610778443 0 0 25.530 40.077 43.210
1 73 1 0 0.5029940119760479 0 0 23.273 37.602 45.097
1 74 18 0 0.49101796407185627 0 0 21.034 36.898 42.134
1 75 9 0 0.7365269461077844 0 0 24.047 35.391 40.424
1 76 7 0 0.7065868263473054 0 0 24.547 31.619 40.834
1 77 9 0 0.8862275449101796 0 0 28.206 31.371 40.016
1 78 15 0 0.9640718562874252 0 0 31.128 33.720 39.729
1 79 12 0 0.9940119760479041 0 0 33.527 34.073 36.832
1 80 5 0 0.9880239520958084 0 0 36.487 35.761 38.471
1 81 22 0 0.9700598802395209 0 0 38.860 37.421 36.118
1 82 15 0 0.8802395209580838 0 0 42.269 38.977 36.321
1 83 0 0 0.7005988023952096 0 0 44.900 39.771 33.716
1 84 11 0 0.5209580838323353 0 0 48.170 37.918 33.644
1 85 2 0 0.26347305389221565 0 0 50.340 40.968 32.912
1 86 2 0 0.31137724550898194 0 0 49.269 42.954 35.914
1 87 18 0 0.18562874251497008 0 0 50.353 42.499 39.538
1 88 13 0 0.27544910179640725 0 0 47.512 44.585 41.033
1 89 17 0 0.5748502994011976 0 0 44.552 42.903 39.318
1 90 15 0 0.5808383233532934 0 0 45.635 39.647 40.887
1 91 7 0 0.45508982035928147 0 0 45.496 41.085 44.325
1 92 3 0 0.562874251497006 0 0 42.197 42.813 43.714
1 93 11 0 0.7844311377245509 0 0 40.713 39.267 43.413
1 94 10 0 0.5508982035928144 0 0 40.902 38.990 47.184
1 95 10 0 0.5149700598802396 0 0 38.565 41.903 47.606
1 96 20 0 0.7784431137724551 0 0 36.120 40.474 45.083
1 97 1 0 0.7125748502994012 0 0 36.389 37.144 46.840
1 98 7 0 0.4730538922155688 0 0 35.604 38.723 50.181
1 99 6 0 0.5389221556886228 0 0 32.634 40.541 48.569
1 100 11 0 0.688622754491018 0 0 31.386 37.248 47.263
1 101 13 0 0.44311377245508976 0 0 31.744 35.927 50.816
1 102 1 0 0.24550898203592808 0 0 29.984 38.969 52.240
1 103 22 0 0.33532934131736525 0 0 26.923 38.549 50.046
1 104 13 0 0.3772455089820359 0 0 26.583 34.803 49.923
1 105 3 0 0.11976047904191622 0 0 27.408 33.989 53.527
1 106 17 0 0.19161676646706582 0 0 29.339 31.078 52.126
1 107 7 0 0.3293413173652695 0 0 32.848 30.099 51.180
1 108 3 0 0.34730538922155685 0 0 31.640 26.934 49.386
1 109 22 0 0.5988023952095809 0 0 30.392 28.943 46.357
1 110 16 0 0.7904191616766467 0 0 30.998 28.118 42.718
1 111 14 0 0.9041916167664671 0 0 33.950 30.193 41.571
1 112 22 0 0.9461077844311377 0 0 36.266 29.960 38.617
1 113 12 0 0.9341317365269461 0 0 39.589 31.800 38.415
1 114 22 0 0.9520958083832335 0 0 40.333 33.085 34.999
1 115 9 0 0.8562874251497006 0 0 43.713 34.365 34.029
1 116 2 0 0.8323353293413174 0 0 42.871 36.554 31.044
1 117 13 0 0.5868263473053892 0 0 45.055 38.208 28.481
1 118 5 0 0.4610778443113772 0 0 47.279 35.267 27.576
1 119 3 0 0.221556886227545 0 0 47.635 36.809 24.150
1 120 12 0 0.059880239520958 0 0 51.434 36.772 24.298
1 121 16 0 0.02395209580838331 0 0 53.525 34.118 25.896
1 122 17 0 0.029940119760479056 0 0 54.602 36.515 28.649
1 123 1 0 0.08982035928143717 0 0 53.399 37.428 32.140
1 124 18 0 0.053892215568862256 0 0 54.488 39.309 35.273
1 125 22 0 0.14970059880239517 0 0 52.389 37.093 37.572
1 126 3 0 0.0718562874251496 0 0 54.020 33.731 37.572
1 127 18 0 0.17964071856287422 0 0 51.705 30.867 36.716
1 128 13 0 0.07784431137724557 0 0 52.675 29.171 39.906
1 129 6 0 0.15568862275449102 0 0 50.970 31.788 41.947
1 130 0 0 0.4970059880239521 0 0 47.553 31.331 40.367
1 131 6 0 0.3532934131736526 0 0 47.720 27.509 40.467
1 132 3 0 0.14371257485029942 0 0 48.513 27.530 44.184
1 133 12 0 0.43113772455089827 0 0 45.735 29.926 44.887
1 134 0 0 0.5329341317365269 0 0 43.362 27.778 42.997
1 135 1 0 0.23952095808383234 0 0 44.608 24.709 44.808
1 136 17 0 0.16167664670658677 0 0 44.056 26.506 48.104
1 137 20 0 0.4131736526946108 0 0 40.389 27.126 47.558
1 138 9 0 0.3892215568862275 0 0 39.957 23.999 45.482
1 139 11 0 0.6467065868263473 0 0 38.525 25.978 42.556
1 140 16 0 0.7245508982035929 0 0 39.473 25.926 38.922
1 141 15 0 0.7664670658682635 0 0 42.127 27.997 37.256
1 142 11 0 0.8083832335329342 0 0 41.858 28.698 33.569
1 143 7 0 0.6946107784431137 0 0 44.168 30.658 31.343
1 144 18 0 0.7544910179640718 0 0 42.367 32.487 28.560
1 145 17 0 0.6047904191616766 0 0 42.753 34.959 25.740
1 146 0 0 0.6766467065868262 0 0 39.604 36.791 24.564
1 147 13 0 0.41916167664670656 0 0 41.478 38.615 21.879
1 148 18 0 0.22754491017964074 0 0 42.810 35.479 20.137
1 149 1 0 0.437125748502994 0 0 39.701 33.529 21.060
1 150 6 0 0.4850299401197605 0 0 41.160 30.738 23.269
1 151 9 0 0.6706586826347305 0 0 39.780 29.264 26.452
1 152 22 0 0.8143712574850299 0 0 36.790 31.414 26.643
1 153 3 0 0.7485029940119761 0 0 33.810 29.038 26.338
1 154 3 0 0.7425149700598803 0 0 35.535 26.599 28.723
1 155 0 0 0.9161676646706587 0 0 35.771 29.238 31.417
1 156 15 0 0.9221556886227544 0 0 31.998 29.632 31.454
1 157 20 0 0.7604790419161677 0 0 31.377 25.854 30.982
1 158 18 0 0.7964071856287425 0 0 33.833 24.942 33.786
1 159 12 0 0.8922155688622755 0 0 31.840 27.282 35.909
1 160 22 0 0.7305389221556886 0 0 28.557 25.697 34.994
1 161 1 0 0.5449101796407185 0 0 29.861 22.214 35.881
1 162 7 0 0.6287425149700598 0 0 30.860 23.763 39.223
1 163 11 0 0.6167664670658684 0 0 27.410 25.180 39.635
1 164 1 0 0.37125748502994016 0 0 26.055 21.739 38.787
1 165 13 0 0.2335329341317366 0 0 28.325 19.808 41.208
1 166 10 0 0.281437125748503 0 0 27.891 22.116 44.108
1 167 13 0 0.13772455089820357 0 0 24.249 22.551 44.924
