1 1 14 0 0.0059880239520957446 0 0 16.141 21.917 31.092
1 2 18 0 0.08383233532934131 0 0 19.179 22.767 33.222
1 3 7 0 0.31137724550898194 0 0 19.887 26.363 34.198
1 4 20 0 0.5688622754491017 0 0 23.029 28.042 35.428
1 5 13 0 0.7425149700598803 0 0 23.119 31.583 36.780
1 6 12 0 0.9221556886227544 0 0 26.419 33.121 36.050
1 7 22 0 0.9580838323353293 0 0 27.389 36.584 37.318
1 8 22 0 0.9880239520958084 0 0 30.027 38.602 35.573
1 9 22 0 0.9700598802395209 0 0 31.749 40.562 38.318
1 10 9 0 0.9341317365269461 0 0 34.775 42.576 39.093
1 11 0 0 0.8023952095808383 0 0 35.497 46.312 38.815
1 12 9 0 0.6766467065868262 0 0 34.584 48.559 35.942
1 13 9 0 0.592814371257485 0 0 36.954 48.622 32.945
1 14 22 0 0.8203592814371258 0 0 37.655 44.890 32.696
1 15 9 0 0.8323353293413174 0 0 35.281 44.207 29.873
1 16 13 0 0.9281437125748503 0 0 32.462 42.615 31.771
1 17 17 0 0.8263473053892215 0 0 29.758 43.320 29.233
1 18 0 0 0.7485029940119761 0 0 31.991 42.501 26.300
1 19 12 0 0.8922155688622755 0 0 32.567 38.980 27.390
1 20 18 0 0.8682634730538922 0 0 28.865 38.445 27.791
1 21 11 0 0.6107784431137725 0 0 27.761 39.622 24.364
1 22 6 0 0.5868263473053892 0 0 30.601 37.663 22.915
1 23 12 0 0.6826347305389222 0 0 29.112 34.509 24.434
1 24 11 0 0.5329341317365269 0 0 25.507 35.465 23.773
1 25 6 0 0.2694610778443114 0 0 25.518 37.208 20.427
1 26 2 0 0.3173652694610779 0 0 29.074 36.599 19.413
1 27 10 0 0.25149700598802394 0 0 29.842 40.201 19.088
1 28 15 0 0.38323353293413165 0 0 32.071 42.796 20.699
1 29 22 0 0.34730538922155685 0 0 30.397 45.785 22.301
1 30 3 0 0.11377245508982048 0 0 30.977 49.426 21.274
1 31 7 0 0.13772455089820357 0 0 29.809 51.367 24.253
1 32 20 0 0.23952095808383234 0 0 28.329 51.251 27.825
1 33 3 0 0.19161676646706582 0 0 24.781 50.761 28.932
1 34 16 0 0.35928143712574856 0 0 24.055 49.890 32.556
1 35 18 0 0.4610778443113772 0 0 22.376 46.555 31.882
1 36 11 0 0.2934131736526946 0 0 19.937 46.934 34.717
1 37 7 0 0.12574850299401197 0 0 16.736 46.283 32.771
1 38 3 0 0.17964071856287422 0 0 17.777 43.834 30.033
1 39 17 0 0.4850299401197605 0 0 19.758 40.673 30.258
1 40 20 0 0.5089820359281436 0 0 20.996 37.980 27.859
1 41 1 0 0.4970059880239521 0 0 20.875 34.242 27.873
1 42 13 0 0.3293413173652695 0 0 21.075 31.201 25.663
1 43 6 0 0.17365269461077848 0 0 21.079 27.470 25.992
1 44 22 0 0.22754491017964074 0 0 24.413 25.785 25.063
1 45 22 0 0.13173652694610782 0 0 25.633 22.283 25.134
1 46 11 0 0.221556886227545 0 0 28.246 21.709 27.839
1 47 3 0 0.059880239520958 0 0 29.649 18.214 28.153
1 48 9 0 0.0 0 0 26.829 16.433 26.269
1 49 7 0 0.017964071856287345 0 0 24.125 18.187 28.243
1 50 18 0 0.04790419161676651 0 0 21.897 21.076 27.255
1 51 5 0 0.18562874251497008 0 0 21.941 23.938 29.749
1 52 12 0 0.37125748502994016 0 0 20.794 27.492 29.932
1 53 12 0 0.6467065868263473 0 0 23.216 30.147 30.893
1 54 3 0 0.658682634730539 0 0 21.609 33.207 32.481
1 55 11 0 0.8562874251497006 0 0 24.324 35.789 32.390
1 56 12 0 0.8622754491017964 0 0 24.152 38.469 35.024
1 57 3 0 0.874251497005988 0 0 25.832 41.742 34.205
1 58 18 0 0.8383233532934131 0 0 26.873 43.867 37.090
1 59 0 0 0.6287425149700598 0 0 27.121 47.659 37.002
1 60 9 0 0.437125748502994 0 0 27.764 50.525 39.410
1 61 6 0 0.41916167664670656 0 0 30.112 50.252 42.440
1 62 7 0 0.39520958083832336 0 0 29.114 48.253 45.540
1 63 7 0 0.11976047904191622 0 0 26.732 49.691 48.152
1 64 20 0 0.041916167664670656 0 0 25.575 48.357 51.499
1 65 17 0 0.029940119760479056 0 0 22.196 47.233 50.340
1 66 0 0 0.02395209580838331 0 0 20.026 44.115 50.538
1 67 14 0 0.10778443113772451 0 0 19.358 44.499 46.856
1 68 1 0 0.3532934131736526 0 0 23.049 44.192 46.097
1 69 3 0 0.33532934131736525 0 0 23.636 41.155 48.267
1 70 6 0 0.24550898203592808 0 0 20.462 39.571 46.971
1 71 20 0 0.5209580838323353 0 0 21.818 39.903 43.486
1 72 14 0 0.6706586826347305 0 0 24.814 37.836 44.507
1 73 1 0 0.4730538922155688 0 0 22.585 35.352 46.337
1 74 18 0 0.5029940119760479 0 0 20.716 34.772 43.041
1 75 9 0 0.7604790419161677 0 0 24.068 34.147 41.487
1 76 7 0 0.7125748502994012 0 0 25.112 30.531 41.219
1 77 9 0 0.8982035928143712 0 0 28.549 30.909 39.860
1 78 15 0 0.9640718562874252 0 0 30.764 33.878 39.650
1 79 12 0 0.9940119760479041 0 0 33.199 34.832 36.984
1 80 5 0 0.9820359281437125 0 0 35.682 37.228 38.658
1 81 22 0 0.9760479041916168 0 0 37.121 39.466 36.056
1 82 15 0 0.8802395209580838 0 0 40.340 41.520 36.127
1 83 0 0 0.7065868263473054 0 0 42.207 43.374 33.388
1 84 11 0 0.5149700598802396 0 0 45.808 42.407 32.600
1 85 2 0 0.281437125748503 0 0 46.545 46.007 31.913
1 86 2 0 0.3772455089820359 0 0 45.349 47.115 35.313
1 87 18 0 0.2574850299401197 0 0 46.748 46.233 38.699
1 88 13 0 0.3652694610778443 0 0 43.813 47.899 40.483
1 89 17 0 0.6407185628742516 0 0 41.301 45.571 38.940
1 90 15 0 0.6227544910179641 0 0 43.447 42.608 39.920
1 91 7 0 0.49101796407185627 0 0 43.335 44.016 43.470
1 92 3 0 0.6047904191616766 0 0 39.528 44.597 43.263
1 93 11 0 0.8143712574850299 0 0 39.124 40.800 42.949
1 94 10 0 0.5568862275449102 0 0 39.919 40.878 46.619
1 95 10 0 0.5389221556886228 0 0 36.914 42.973 47.415
1 96 20 0 0.7784431137724551 0 0 34.687 40.844 45.272
1 97 1 0 0.7005988023952096 0 0 36.012 37.677 46.870
1 98 7 0 0.47904191616766467 0 0 35.115 39.111 50.273
1 99 6 0 0.5269461077844311 0 0 31.617 39.963 49.250
1 100 11 0 0.652694610778443 0 0 30.931 36.497 47.845
1 101 13 0 0.4251497005988024 0 0 32.223 34.967 51.054
1 102 1 0 0.16167664670658677 0 0 30.006 36.933 53.409
1 103 22 0 0.27544910179640725 0 0 26.926 36.203 51.352
1 104 13 0 0.3053892215568862 0 0 27.203 32.513 50.750
1 105 3 0 0.07784431137724557 0 0 28.463 31.548 54.178
1 106 17 0 0.15568862275449102 0 0 31.165 29.672 52.315
1 107 7 0 0.32335329341317365 0 0 34.583 29.616 50.685
1 108 3 0 0.3892215568862275 0 0 33.421 26.832 48.423
1 109 22 0 0.5808383233532934 0 0 31.466 28.954 46.056
1 110 16 0 0.7964071856287425 0 0 31.784 28.434 42.311
1 111 14 0 0.9041916167664671 0 0 34.342 31.027 41.379
1 112 22 0 0.9461077844311377 0 0 36.373 31.433 38.184
1 113 12 0 0.9401197604790419 0 0 39.106 34.024 37.956
1 114 22 0 0.9520958083832335 0 0 39.342 35.682 34.579
1 115 9 0 0.8502994011976048 0 0 42.255 37.771 33.201
1 116 2 0 0.844311377245509 0 0 40.583 39.709 30.435
1 117 13 0 0.5988023952095809 0 0 41.803 42.170 27.873
1 118 5 0 0.45508982035928147 0 0 44.862 40.315 26.682
1 119 3 0 0.21556886227544902 0 0 44.274 42.181 23.458
1 120 12 0 0.053892215568862256 0 0 47.937 43.033 23.151
1 121 16 0 0.03592814371257491 0 0 50.774 41.263 24.952
1 122 17 0 0.0119760479041916 0 0 51.828 44.135 27.197
1 123 1 0 0.08982035928143717 0 0 50.511 43.986 30.731
1 124 18 0 0.06586826347305386 0 0 50.999 45.388 34.174
1 125 22 0 0.20958083832335328 0 0 49.633 42.548 36.261
1 126 3 0 0.10179640718562877 0 0 52.183 39.979 37.274
1 127 18 0 0.19760479041916168 0 0 50.843 36.680 35.919
1 128 13 0 0.0718562874251496 0 0 52.685 34.817 38.637
1 129 6 0 0.14371257485029942 0 0 50.821 36.896 41.230
1 130 0 0 0.46706586826347307 0 0 47.639 36.024 39.482
1 131 6 0 0.3413173652694611 0 0 48.509 32.316 39.461
1 132 3 0 0.14970059880239517 0 0 49.409 32.399 43.189
1 133 12 0 0.4131736526946108 0 0 46.148 34.092 44.060
1 134 0 0 0.5508982035928144 0 0 44.197 31.651 41.917
1 135 1 0 0.26347305389221565 0 0 45.914 28.684 43.530
1 136 17 0 0.16766467065868274 0 0 45.464 30.195 46.978
1 137 20 0 0.4491017964071856 0 0 41.680 30.264 46.672
1 138 9 0 0.43113772455089827 0 0 41.719 27.267 44.448
1 139 11 0 0.688622754491018 0 0 39.857 28.688 41.486
1 140 16 0 0.7365269461077844 0 0 40.399 28.300 37.703
1 141 15 0 0.7724550898203593 0 0 42.433 31.071 36.131
1 142 11 0 0.7904191616766467 0 0 42.108 31.904 32.418
1 143 7 0 0.6946107784431137 0 0 43.237 34.681 30.062
1 144 18 0 0.7664670658682635 0 0 40.678 35.995 27.686
1 145 17 0 0.5748502994011976 0 0 40.440 38.653 25.061
1 146 0 0 0.6646706586826348 0 0 36.812 39.374 24.262
1 147 13 0 0.40718562874251496 0 0 38.180 41.781 21.648
1 148 18 0 0.20359281437125742 0 0 40.139 39.333 19.674
1 149 1 0 0.4011976047904191 0 0 37.722 36.497 20.520
1 150 6 0 0.44311377245508976 0 0 40.182 34.269 22.170
1 151 9 0 0.6347305389221557 0 0 39.172 32.391 25.303
1 152 22 0 0.8083832335329342 0 0 35.780 33.948 25.866
1 153 3 0 0.7305389221556886 0 0 33.577 30.934 25.853
1 154 3 0 0.7245508982035929 0 0 35.971 28.808 27.785
1 155 0 0 0.9101796407185628 0 0 35.850 30.970 30.951
1 156 15 0 0.9161676646706587 0 0 32.133 30.483 31.281
1 157 20 0 0.7544910179640718 0 0 32.295 26.860 30.253
1 158 18 0 0.7844311377245509 0 0 35.006 26.396 32.899
1 159 12 0 0.8862275449101796 0 0 32.732 27.935 35.524
1 160 22 0 0.718562874251497 0 0 29.836 25.626 34.578
1 161 1 0 0.5449101796407185 0 0 32.194 22.739 35.160
1 162 7 0 0.6167664670658684 0 0 32.894 24.094 38.668
1 163 11 0 0.562874251497006 0 0 29.198 24.345 39.344
1 164 1 0 0.29940119760479034 0 0 28.895 20.605 38.586
1 165 13 0 0.2335329341317366 0 0 31.978 20.013 40.772
1 166 10 0 0.28742514970059885 0 0 30.440 21.935 43.631
1 167 13 0 0.09580838323353291 0 0 27.333 19.855 43.943
