5.000000000000000000e+00 8.035714179277420044e-02 2.580500030517578125e+01 3.837099838256835938e+01 4.390900039672851562e+01
1.600000000000000000e+01 1.964285671710968018e-01 2.660199928283691406e+01 4.174399948120117188e+01 4.228300094604492188e+01
1.200000000000000000e+01 4.866071343421936035e-01 3.039399909973144531e+01 4.111700057983398438e+01 4.157799911499023438e+01
1.400000000000000000e+01 5.357142686843872070e-01 3.158699989318847656e+01 3.832099914550781250e+01 3.929399871826171875e+01
2.200000000000000000e+01 6.964285969734191895e-01 3.504000091552734375e+01 3.729000091552734375e+01 3.823099899291992188e+01
1.300000000000000000e+01 6.696428656578063965e-01 3.580599975585937500e+01 3.540200042724609375e+01 3.501300048828125000e+01
2.200000000000000000e+01 7.366071343421936035e-01 3.912500000000000000e+01 3.411399841308593750e+01 3.370399856567382812e+01
1.200000000000000000e+01 6.517857313156127930e-01 4.008900070190429688e+01 3.290800094604492188e+01 3.022599983215332031e+01
3.000000000000000000e+00 6.383928656578063965e-01 4.332199859619140625e+01 3.136700057983398438e+01 2.903800010681152344e+01
0.000000000000000000e+00 6.339285969734191895e-01 4.486199951171875000e+01 3.304899978637695312e+01 2.592300033569335938e+01
2.200000000000000000e+01 4.821428656578063965e-01 4.754299926757812500e+01 3.033300018310546875e+01 2.535700035095214844e+01
1.000000000000000000e+00 2.232142835855484009e-01 4.491899871826171875e+01 2.774300003051757812e+01 2.413199996948242188e+01
9.000000000000000000e+00 3.125000000000000000e-01 4.195600128173828125e+01 3.023699951171875000e+01 2.359099960327148438e+01
1.700000000000000000e+01 2.633928656578063965e-01 3.963199996948242188e+01 2.866699981689453125e+01 2.619099998474121094e+01
1.600000000000000000e+01 3.616071343421936035e-01 3.829999923706054688e+01 2.916699981689453125e+01 2.979000091552734375e+01
0.000000000000000000e+00 5.267857313156127930e-01 4.062900161743164062e+01 2.925799942016601562e+01 3.279399871826171875e+01
1.100000000000000000e+01 3.303571343421936035e-01 3.979000091552734375e+01 2.664399909973144531e+01 3.536600112915039062e+01
2.000000000000000000e+00 3.169642984867095947e-01 4.131499862670898438e+01 2.626300048828125000e+01 3.888199996948242188e+01
2.200000000000000000e+01 6.116071343421936035e-01 4.262500000000000000e+01 2.992499923706054688e+01 3.907699966430664062e+01
0.000000000000000000e+00 6.428571343421936035e-01 4.267399978637695312e+01 3.160199928283691406e+01 4.262300109863281250e+01
1.400000000000000000e+01 7.589285969734191895e-01 4.162799835205078125e+01 3.517300033569335938e+01 4.344100189208984375e+01
2.200000000000000000e+01 7.321428656578063965e-01 3.921200180053710938e+01 4.088600158691406250e+01 4.651699829101562500e+01
1.500000000000000000e+01 7.008928656578063965e-01 4.045899963378906250e+01 4.387400054931640625e+01 4.852000045776367188e+01
1.000000000000000000e+00 6.250000000000000000e-01 3.857099914550781250e+01 4.713600158691406250e+01 4.929000091552734375e+01
1.300000000000000000e+01 5.625000000000000000e-01 4.027099990844726562e+01 5.050699996948242188e+01 5.009799957275390625e+01
0.000000000000000000e+00 2.767857015132904053e-01 3.977099990844726562e+01 5.206999969482421875e+01 5.357199859619140625e+01
0.000000000000000000e+00 1.250000000000000000e-01 3.983900070190429688e+01 5.577399826049804688e+01 5.445399856567382812e+01
3.000000000000000000e+00 1.428571492433547974e-01 4.346200180053710938e+01 5.519699859619140625e+01 5.564899826049804688e+01
3.000000000000000000e+00 4.285714328289031982e-01 4.443299865722656250e+01 5.372299957275390625e+01 5.228400039672851562e+01
1.800000000000000000e+01 4.598214328289031982e-01 4.481399917602539062e+01 5.018199920654296875e+01 5.352299880981445312e+01
1.900000000000000000e+01 6.160714030265808105e-01 4.352299880981445312e+01 4.723099899291992188e+01 5.143999862670898438e+01
7.000000000000000000e+00 4.464285671710968018e-01 4.105199813842773438e+01 4.523799896240234375e+01 5.358200073242187500e+01
1.600000000000000000e+01 4.642857015132904053e-01 4.021900177001953125e+01 4.156600189208984375e+01 5.270299911499023438e+01
1.500000000000000000e+01 3.750000000000000000e-01 3.660499954223632812e+01 4.132899856567382812e+01 5.140999984741210938e+01
0.000000000000000000e+00 4.017857015132904053e-01 3.607899856567382812e+01 3.802899932861328125e+01 4.954700088500976562e+01
1.700000000000000000e+01 5.044642686843872070e-01 3.822900009155273438e+01 3.537799835205078125e+01 4.778599929809570312e+01
9.000000000000000000e+00 4.375000000000000000e-01 3.757699966430664062e+01 3.221900177001953125e+01 4.566299819946289062e+01
1.300000000000000000e+01 4.196428656578063965e-01 3.852899932861328125e+01 2.988899993896484375e+01 4.279899978637695312e+01
1.800000000000000000e+01 3.883928656578063965e-01 3.711600112915039062e+01 2.935700035095214844e+01 3.928099822998046875e+01
1.700000000000000000e+01 1.517857164144515991e-01 3.437900161743164062e+01 2.686400032043457031e+01 3.795000076293945312e+01
7.000000000000000000e+00 6.696428358554840088e-02 3.458100128173828125e+01 2.468700027465820312e+01 3.487599945068359375e+01
1.700000000000000000e+01 1.473214328289031982e-01 3.343299865722656250e+01 2.770899963378906250e+01 3.271500015258789062e+01
9.000000000000000000e+00 3.839285671710968018e-01 3.632099914550781250e+01 2.959499931335449219e+01 3.424000167846679688e+01
7.000000000000000000e+00 4.241071343421936035e-01 3.390900039672851562e+01 3.188500022888183594e+01 3.609299850463867188e+01
1.200000000000000000e+01 3.973214328289031982e-01 3.353599929809570312e+01 3.261399841308593750e+01 3.989099884033203125e+01
9.000000000000000000e+00 1.026785746216773987e-01 2.911300086975097656e+01 3.377399826049804688e+01 4.478499984741210938e+01
1.200000000000000000e+01 2.946428656578063965e-01 3.178000068664550781e+01 3.643099975585937500e+01 4.583399963378906250e+01
1.800000000000000000e+01 1.651785671710968018e-01 2.947900009155273438e+01 3.877000045776367188e+01 4.777000045776367188e+01
1.800000000000000000e+01 2.232142910361289978e-02 2.593600082397460938e+01 3.945999908447265625e+01 4.896699905395507812e+01
7.000000000000000000e+00 1.785714365541934967e-02 2.424600028991699219e+01 4.284199905395507812e+01 4.838100051879882812e+01
7.000000000000000000e+00 0.000000000000000000e+00 2.455299949645996094e+01 4.389699935913085938e+01 5.209799957275390625e+01
7.000000000000000000e+00 4.464285820722579956e-02 2.829999923706054688e+01 4.321300125122070312e+01 5.197100067138671875e+01
1.500000000000000000e+01 1.562500000000000000e-01 2.880999946594238281e+01 4.499700164794921875e+01 4.860499954223632812e+01
2.200000000000000000e+01 1.071428582072257996e-01 2.927499961853027344e+01 4.867900085449218750e+01 4.973400115966796875e+01
7.000000000000000000e+00 2.142857164144515991e-01 3.058499908447265625e+01 5.158399963378906250e+01 4.766600036621093750e+01
9.000000000000000000e+00 4.776785671710968018e-01 3.442699813842773438e+01 5.181399917602539062e+01 4.715999984741210938e+01
1.100000000000000000e+01 6.651785969734191895e-01 3.761199951171875000e+01 5.166500091552734375e+01 4.541299819946289062e+01
2.000000000000000000e+01 7.767857313156127930e-01 3.797700119018554688e+01 4.788899993896484375e+01 4.491799926757812500e+01
1.300000000000000000e+01 9.017857313156127930e-01 4.068399810791015625e+01 4.555400085449218750e+01 4.347999954223632812e+01
2.200000000000000000e+01 9.062500000000000000e-01 4.067900085449218750e+01 4.189400100708007812e+01 4.247000122070312500e+01
7.000000000000000000e+00 9.330357313156127930e-01 4.407600021362304688e+01 4.012900161743164062e+01 4.262200164794921875e+01
1.100000000000000000e+01 9.196428656578063965e-01 4.439400100708007812e+01 3.696099853515625000e+01 4.043299865722656250e+01
3.000000000000000000e+00 8.258928656578063965e-01 4.712799835205078125e+01 3.435599899291992188e+01 4.127299880981445312e+01
1.800000000000000000e+01 8.392857313156127930e-01 4.850099945068359375e+01 3.386299896240234375e+01 3.773400115966796875e+01
1.300000000000000000e+01 7.410714030265808105e-01 5.184000015258789062e+01 3.253799819946289062e+01 3.901100158691406250e+01
1.700000000000000000e+01 5.848214030265808105e-01 5.018399810791015625e+01 2.954899978637695312e+01 4.062900161743164062e+01
2.000000000000000000e+01 5.982142686843872070e-01 4.812200164794921875e+01 2.888199996948242188e+01 3.742800140380859375e+01
1.900000000000000000e+01 5.669642686843872070e-01 5.118700027465820312e+01 2.906999969482421875e+01 3.510900115966796875e+01
1.300000000000000000e+01 3.526785671710968018e-01 5.308800125122070312e+01 2.672500038146972656e+01 3.756399917602539062e+01
0.000000000000000000e+00 2.276785671710968018e-01 5.012200164794921875e+01 2.424900054931640625e+01 3.783300018310546875e+01
1.200000000000000000e+01 2.008928507566452026e-01 5.025000000000000000e+01 2.378700065612792969e+01 3.409199905395507812e+01
9.000000000000000000e+00 1.830357164144515991e-01 5.406499862670898438e+01 2.432399940490722656e+01 3.384199905395507812e+01
1.100000000000000000e+01 3.482142984867095947e-01 5.417699813842773438e+01 2.754199981689453125e+01 3.169199943542480469e+01
1.700000000000000000e+01 5.000000000000000000e-01 5.648899841308593750e+01 3.049300003051757812e+01 3.269400024414062500e+01
1.600000000000000000e+01 7.098214030265808105e-01 5.518099975585937500e+01 3.340900039672851562e+01 3.493299865722656250e+01
1.500000000000000000e+01 7.901785969734191895e-01 5.657300186157226562e+01 3.685900115966796875e+01 3.473300170898437500e+01
7.000000000000000000e+00 8.928571343421936035e-01 5.321799850463867188e+01 3.806999969482421875e+01 4.035599899291992188e+01
0.000000000000000000e+00 9.776785969734191895e-01 4.697600173950195312e+01 3.984999847412109375e+01 3.709700012207031250e+01
7.000000000000000000e+00 9.955357313156127930e-01 4.541799926757812500e+01 4.293600082397460938e+01 3.876800155639648438e+01
2.200000000000000000e+01 9.866071343421936035e-01 4.264099884033203125e+01 4.544100189208984375e+01 3.817100143432617188e+01
2.200000000000000000e+01 9.508928656578063965e-01 4.155500030517578125e+01 4.839699935913085938e+01 4.011199951171875000e+01
1.500000000000000000e+01 8.571428656578063965e-01 3.811899948120117188e+01 5.014699935913085938e+01 3.973899841308593750e+01
1.800000000000000000e+01 6.830357313156127930e-01 3.556100082397460938e+01 5.214300155639648438e+01 4.175699996948242188e+01
0.000000000000000000e+00 5.401785969734191895e-01 3.206100082397460938e+01 5.043999862670898438e+01 4.218000030517578125e+01
2.000000000000000000e+00 2.455357164144515991e-01 2.862100028991699219e+01 5.227899932861328125e+01 4.217100143432617188e+01
3.000000000000000000e+00 2.366071492433547974e-01 3.000499916076660156e+01 5.579299926757812500e+01 4.146099853515625000e+01
1.700000000000000000e+01 1.339285671710968018e-01 2.767900085449218750e+01 5.601800155639648438e+01 3.832199859619140625e+01
9.000000000000000000e+00 3.125000000000000000e-02 2.461700057983398438e+01 5.490499877929687500e+01 4.036999893188476562e+01
1.600000000000000000e+01 5.357142910361289978e-02 2.421599960327148438e+01 5.126699829101562500e+01 4.123099899291992188e+01
1.000000000000000000e+00 1.875000000000000000e-01 2.579100036621093750e+01 4.854600143432617188e+01 3.906299972534179688e+01
1.000000000000000000e+00 2.544642984867095947e-01 2.654000091552734375e+01 4.491600036621093750e+01 3.884700012207031250e+01
2.000000000000000000e+01 5.223214030265808105e-01 2.980999946594238281e+01 4.392399978637695312e+01 3.754399871826171875e+01
1.800000000000000000e+01 6.071428656578063965e-01 3.161100006103515625e+01 4.112599945068359375e+01 3.574399948120117188e+01
1.100000000000000000e+01 8.080357313156127930e-01 3.544499969482421875e+01 4.129199981689453125e+01 3.563499832153320312e+01
0.000000000000000000e+00 8.035714030265808105e-01 3.677600097656250000e+01 3.936999893188476562e+01 3.258599853515625000e+01
0.000000000000000000e+00 8.973214030265808105e-01 4.044800186157226562e+01 3.833000183105468750e+01 3.259199905395507812e+01
1.200000000000000000e+01 8.437500000000000000e-01 4.246900177001953125e+01 3.700199890136718750e+01 2.969400024414062500e+01
1.200000000000000000e+01 8.482142686843872070e-01 4.592200088500976562e+01 3.534099960327148438e+01 3.053400039672851562e+01
1.700000000000000000e+01 7.857142686843872070e-01 4.914599990844726562e+01 3.525899887084960938e+01 2.843499946594238281e+01
1.600000000000000000e+01 7.544642686843872070e-01 5.266199874877929688e+01 3.429899978637695312e+01 3.003199958801269531e+01
2.000000000000000000e+01 8.169642686843872070e-01 5.416099929809570312e+01 3.772999954223632812e+01 2.963699913024902344e+01
1.700000000000000000e+01 9.107142686843872070e-01 5.092499923706054688e+01 3.972900009155273438e+01 2.909099960327148438e+01
2.000000000000000000e+01 9.642857313156127930e-01 4.740999984741210938e+01 4.014300155639648438e+01 3.055900001525878906e+01
1.700000000000000000e+01 9.419642686843872070e-01 4.415499877929687500e+01 4.177000045776367188e+01 2.924600028991699219e+01
1.800000000000000000e+01 9.598214030265808105e-01 4.150299835205078125e+01 4.280899810791015625e+01 3.185499954223632812e+01
1.800000000000000000e+01 8.616071343421936035e-01 3.804999923706054688e+01 4.381499862670898438e+01 3.051700019836425781e+01
0.000000000000000000e+00 7.946428656578063965e-01 3.530699920654296875e+01 4.514199829101562500e+01 3.266500091552734375e+01
2.200000000000000000e+01 6.026785969734191895e-01 3.163999938964843750e+01 4.415000152587890625e+01 3.175799942016601562e+01
2.200000000000000000e+01 4.732142984867095947e-01 2.908799934387207031e+01 4.639899826049804688e+01 3.364300155639648438e+01
1.800000000000000000e+01 1.741071492433547974e-01 2.532099914550781250e+01 4.561999893188476562e+01 3.394499969482421875e+01
2.000000000000000000e+00 4.017857089638710022e-02 2.265200042724609375e+01 4.834400177001953125e+01 3.490200042724609375e+01
1.600000000000000000e+01 8.928571827709674835e-03 2.024699974060058594e+01 4.684899902343750000e+01 3.765000152587890625e+01
5.000000000000000000e+00 1.205357164144515991e-01 6.770300292968750000e+01 4.846699905395507812e+01 2.754999923706054688e+01
1.600000000000000000e+01 2.500000000000000000e-01 6.720800018310546875e+01 4.664500045776367188e+01 3.091399955749511719e+01
1.200000000000000000e+01 5.089285969734191895e-01 6.369800186157226562e+01 4.802899932861328125e+01 3.141900062561035156e+01
1.400000000000000000e+01 5.133928656578063965e-01 6.203099822998046875e+01 5.038100051879882812e+01 2.876399993896484375e+01
2.200000000000000000e+01 6.919642686843872070e-01 5.833399963378906250e+01 5.135699844360351562e+01 2.941200065612792969e+01
1.300000000000000000e+01 6.785714030265808105e-01 5.584999847412109375e+01 5.228900146484375000e+01 2.655599975585937500e+01
2.200000000000000000e+01 7.455357313156127930e-01 5.219800186157226562e+01 5.350699996948242188e+01 2.681800079345703125e+01
1.200000000000000000e+01 6.607142686843872070e-01 4.979399871826171875e+01 5.319900131225585938e+01 2.379999923706054688e+01
3.000000000000000000e+00 6.473214030265808105e-01 4.598899841308593750e+01 5.343199920654296875e+01 2.317600059509277344e+01
0.000000000000000000e+00 5.580357313156127930e-01 4.360100173950195312e+01 5.148500061035156250e+01 2.100200080871582031e+01
2.200000000000000000e+01 4.151785671710968018e-01 4.103599929809570312e+01 5.428400039672851562e+01 2.111000061035156250e+01
1.000000000000000000e+00 2.098214328289031982e-01 4.296699905395507812e+01 5.599800109863281250e+01 1.834000015258789062e+01
9.000000000000000000e+00 2.812500000000000000e-01 4.557199859619140625e+01 5.325299835205078125e+01 1.767399978637695312e+01
1.700000000000000000e+01 2.678571343421936035e-01 4.861299896240234375e+01 5.540599822998046875e+01 1.857500076293945312e+01
1.600000000000000000e+01 3.660714328289031982e-01 5.132199859619140625e+01 5.614099884033203125e+01 2.127899932861328125e+01
0.000000000000000000e+00 4.910714328289031982e-01 5.025000000000000000e+01 5.803200149536132812e+01 2.444000053405761719e+01
1.100000000000000000e+01 2.991071343421936035e-01 5.204199981689453125e+01 6.123600006103515625e+01 2.541099929809570312e+01
2.000000000000000000e+00 2.901785671710968018e-01 5.235400009155273438e+01 6.301499938964843750e+01 2.880800056457519531e+01
2.200000000000000000e+01 5.758928656578063965e-01 5.135699844360351562e+01 5.995800018310546875e+01 3.089100074768066406e+01
0.000000000000000000e+00 5.803571343421936035e-01 5.341299819946289062e+01 5.995500183105468750e+01 3.416400146484375000e+01
1.400000000000000000e+01 7.187500000000000000e-01 5.468500137329101562e+01 5.672299957275390625e+01 3.581999969482421875e+01
2.200000000000000000e+01 7.232142686843872070e-01 5.870999908447265625e+01 5.216799926757812500e+01 3.882300186157226562e+01
1.500000000000000000e+01 6.741071343421936035e-01 5.940200042724609375e+01 5.066299819946289062e+01 4.226699829101562500e+01
1.000000000000000000e+00 5.892857313156127930e-01 6.148899841308593750e+01 4.766500091552734375e+01 4.342699813842773438e+01
1.300000000000000000e+01 5.312500000000000000e-01 6.081100082397460938e+01 4.554299926757812500e+01 4.658399963378906250e+01
0.000000000000000000e+00 2.410714328289031982e-01 6.333800125122070312e+01 4.610400009155273438e+01 4.936000061035156250e+01
0.000000000000000000e+00 8.482142537832260132e-02 6.425399780273437500e+01 4.364099884033203125e+01 5.217900085449218750e+01
3.000000000000000000e+00 7.142857462167739868e-02 6.203699874877929688e+01 4.540900039672851562e+01 5.468299865722656250e+01
3.000000000000000000e+00 3.035714328289031982e-01 5.939500045776367188e+01 4.481900024414062500e+01 5.193999862670898438e+01
1.800000000000000000e+01 3.348214328289031982e-01 5.899499893188476562e+01 4.861700057983398438e+01 5.129499816894531250e+01
1.900000000000000000e+01 5.446428656578063965e-01 5.875699996948242188e+01 4.975400161743164062e+01 4.765599822998046875e+01
7.000000000000000000e+00 3.437500000000000000e-01 6.181700134277343750e+01 5.197100067138671875e+01 4.672100067138671875e+01
1.600000000000000000e+01 4.107142984867095947e-01 6.072600173950195312e+01 5.486299896240234375e+01 4.428499984741210938e+01
1.500000000000000000e+01 3.080357015132904053e-01 6.381399917602539062e+01 5.429299926757812500e+01 4.210499954223632812e+01
0.000000000000000000e+00 4.419642984867095947e-01 6.250699996948242188e+01 5.509700012207031250e+01 3.850799942016601562e+01
1.700000000000000000e+01 4.687500000000000000e-01 6.006399917602539062e+01 5.785400009155273438e+01 3.761100006103515625e+01
9.000000000000000000e+00 3.571428656578063965e-01 5.898799896240234375e+01 6.004600143432617188e+01 3.477700042724609375e+01
1.300000000000000000e+01 3.794642984867095947e-01 5.663299942016601562e+01 6.081299972534179688e+01 3.197800064086914062e+01
1.800000000000000000e+01 4.062500000000000000e-01 5.613999938964843750e+01 5.949800109863281250e+01 2.838999938964843750e+01
1.700000000000000000e+01 1.607142835855484009e-01 5.783900070190429688e+01 6.119800186157226562e+01 2.539999961853027344e+01
7.000000000000000000e+00 7.589285820722579956e-02 5.608800125122070312e+01 6.206299972534179688e+01 2.217099952697753906e+01
1.700000000000000000e+01 1.116071417927742004e-01 5.669599914550781250e+01 5.863100051879882812e+01 2.056599998474121094e+01
9.000000000000000000e+00 3.705357015132904053e-01 5.488399887084960938e+01 5.705500030517578125e+01 2.362000083923339844e+01
7.000000000000000000e+00 4.330357015132904053e-01 5.799000167846679688e+01 5.577099990844726562e+01 2.551799964904785156e+01
1.200000000000000000e+01 3.928571343421936035e-01 6.008700180053710938e+01 5.638299942016601562e+01 2.862599945068359375e+01
9.000000000000000000e+00 9.821428358554840088e-02 6.665299987792968750e+01 5.611500167846679688e+01 3.094700050354003906e+01
1.200000000000000000e+01 2.857142984867095947e-01 6.478099822998046875e+01 5.460400009155273438e+01 3.396599960327148438e+01
1.800000000000000000e+01 1.785714328289031982e-01 6.771199798583984375e+01 5.249900054931640625e+01 3.526599884033203125e+01
1.800000000000000000e+01 3.571428731083869934e-02 7.117900085449218750e+01 5.116600036621093750e+01 3.434700012207031250e+01
7.000000000000000000e+00 2.678571455180644989e-02 7.228500366210937500e+01 4.747999954223632812e+01 3.370600128173828125e+01
7.000000000000000000e+00 4.464285913854837418e-03 7.413099670410156250e+01 4.728799819946289062e+01 3.698799896240234375e+01
7.000000000000000000e+00 4.910714179277420044e-02 7.130899810791015625e+01 4.895299911499023438e+01 3.884400177001953125e+01
1.500000000000000000e+01 1.919642835855484009e-01 6.876799774169921875e+01 4.629899978637695312e+01 3.765200042724609375e+01
2.200000000000000000e+01 1.294642835855484009e-01 6.923300170898437500e+01 4.347000122070312500e+01 4.013299942016601562e+01
7.000000000000000000e+00 2.187500000000000000e-01 6.727799987792968750e+01 4.008300018310546875e+01 4.026300048828125000e+01
9.000000000000000000e+00 4.508928656578063965e-01 6.420500183105468750e+01 4.117900085449218750e+01 4.209099960327148438e+01
1.100000000000000000e+01 6.562500000000000000e-01 6.053499984741210938e+01 4.201100158691406250e+01 4.236399841308593750e+01
2.000000000000000000e+01 7.678571343421936035e-01 5.953300094604492188e+01 4.515800094604492188e+01 4.059199905395507812e+01
1.300000000000000000e+01 8.705357313156127930e-01 5.632799911499023438e+01 4.731000137329101562e+01 4.045999908447265625e+01
2.200000000000000000e+01 9.151785969734191895e-01 5.518600082397460938e+01 4.974000167846679688e+01 3.784899902343750000e+01
7.000000000000000000e+00 9.285714030265808105e-01 5.243500137329101562e+01 5.236899948120117188e+01 3.847800064086914062e+01
1.100000000000000000e+01 8.794642686843872070e-01 5.111000061035156250e+01 5.442100143432617188e+01 3.547700119018554688e+01
3.000000000000000000e+00 7.812500000000000000e-01 4.869900131225585938e+01 5.743700027465820312e+01 3.577099990844726562e+01
1.800000000000000000e+01 8.303571343421936035e-01 4.652399826049804688e+01 5.623199844360351562e+01 3.274200057983398438e+01
1.300000000000000000e+01 7.633928656578063965e-01 4.311899948120117188e+01 5.740900039672851562e+01 3.400799942016601562e+01
1.700000000000000000e+01 5.714285969734191895e-01 4.425500106811523438e+01 6.104899978637695312e+01 3.434400177001953125e+01
2.000000000000000000e+01 5.491071343421936035e-01 4.540599822998046875e+01 6.106900024414062500e+01 3.067499923706054688e+01
1.900000000000000000e+01 5.178571343421936035e-01 4.182899856567382812e+01 6.024300003051757812e+01 2.953199958801269531e+01
1.300000000000000000e+01 3.392857015132904053e-01 4.019599914550781250e+01 6.277500152587890625e+01 3.189800071716308594e+01
0.000000000000000000e+00 1.696428507566452026e-01 4.220100021362304688e+01 6.562100219726562500e+01 3.016300010681152344e+01
1.200000000000000000e+01 1.383928507566452026e-01 4.110499954223632812e+01 6.443000030517578125e+01 2.661100006103515625e+01
9.000000000000000000e+00 9.375000000000000000e-02 3.741400146484375000e+01 6.435800170898437500e+01 2.796800041198730469e+01
1.100000000000000000e+01 2.723214328289031982e-01 3.692399978637695312e+01 6.058000183105468750e+01 2.792099952697753906e+01
1.700000000000000000e+01 4.553571343421936035e-01 3.561000061035156250e+01 5.835900115966796875e+01 3.080599975585937500e+01
1.600000000000000000e+01 6.875000000000000000e-01 3.747399902343750000e+01 5.528900146484375000e+01 3.209000015258789062e+01
1.500000000000000000e+01 7.276785969734191895e-01 3.584400177001953125e+01 5.263700103759765625e+01 3.434199905395507812e+01
7.000000000000000000e+00 8.883928656578063965e-01 4.181000137329101562e+01 5.351599884033203125e+01 3.770000076293945312e+01
0.000000000000000000e+00 9.732142686843872070e-01 4.766799926757812500e+01 5.051800155639648438e+01 3.549200057983398438e+01
7.000000000000000000e+00 9.821428656578063965e-01 4.958100128173828125e+01 4.893500137329101562e+01 3.835200119018554688e+01
2.200000000000000000e+01 9.910714030265808105e-01 5.165599822998046875e+01 4.597200012207031250e+01 3.747000122070312500e+01
2.200000000000000000e+01 9.464285969734191895e-01 5.394900131225585938e+01 4.372900009155273438e+01 3.952099990844726562e+01
1.500000000000000000e+01 8.750000000000000000e-01 5.662699890136718750e+01 4.128799819946289062e+01 3.817399978637695312e+01
1.800000000000000000e+01 7.053571343421936035e-01 5.975699996948242188e+01 3.933399963378906250e+01 3.915000152587890625e+01
0.000000000000000000e+00 5.937500000000000000e-01 6.264699935913085938e+01 4.028799819946289062e+01 3.685800170898437500e+01
2.000000000000000000e+00 3.258928656578063965e-01 6.571900177001953125e+01 3.823699951171875000e+01 3.591400146484375000e+01
3.000000000000000000e+00 3.214285671710968018e-01 6.420300292968750000e+01 3.503099822998046875e+01 3.734799957275390625e+01
1.700000000000000000e+01 1.160714253783226013e-01 6.608399963378906250e+01 3.241600036621093750e+01 3.519800186157226562e+01
9.000000000000000000e+00 6.250000000000000000e-02 6.893099975585937500e+01 3.487099838256835938e+01 3.434899902343750000e+01
1.600000000000000000e+01 8.928571641445159912e-02 6.927400207519531250e+01 3.862200164794921875e+01 3.327799987792968750e+01
1.000000000000000000e+00 2.321428507566452026e-01 6.671600341796875000e+01 3.979000091552734375e+01 3.056399917602539062e+01
1.000000000000000000e+00 2.589285671710968018e-01 6.615200042724609375e+01 4.285100173950195312e+01 2.844899940490722656e+01
2.000000000000000000e+01 5.535714030265808105e-01 6.257400131225585938e+01 4.402299880981445312e+01 2.923100090026855469e+01
1.800000000000000000e+01 6.205357313156127930e-01 6.024800109863281250e+01 4.624300003051757812e+01 2.714100074768066406e+01
1.100000000000000000e+01 7.991071343421936035e-01 5.689099884033203125e+01 4.690299987792968750e+01 2.880699920654296875e+01
0.000000000000000000e+00 8.214285969734191895e-01 5.384899902343750000e+01 4.809999847412109375e+01 2.684399986267089844e+01
0.000000000000000000e+00 9.241071343421936035e-01 5.065100097656250000e+01 4.939400100708007812e+01 2.844400024414062500e+01
1.200000000000000000e+01 8.526785969734191895e-01 4.773600006103515625e+01 4.943099975585937500e+01 2.598500061035156250e+01
1.200000000000000000e+01 8.348214030265808105e-01 4.467300033569335938e+01 5.156499862670898438e+01 2.684700012207031250e+01
1.700000000000000000e+01 7.500000000000000000e-01 4.086000061035156250e+01 5.180199813842773438e+01 2.624799919128417969e+01
1.600000000000000000e+01 7.142857313156127930e-01 3.823400115966796875e+01 5.314899826049804688e+01 2.881900024414062500e+01
2.000000000000000000e+01 7.723214030265808105e-01 3.660499954223632812e+01 4.975699996948242188e+01 2.980400085449218750e+01
1.700000000000000000e+01 8.660714030265808105e-01 3.951900100708007812e+01 4.739699935913085938e+01 2.906200027465820312e+01
2.000000000000000000e+01 9.375000000000000000e-01 4.329700088500976562e+01 4.767300033569335938e+01 2.932799911499023438e+01
1.700000000000000000e+01 9.553571343421936035e-01 4.626900100708007812e+01 4.530500030517578125e+01 2.855999946594238281e+01
1.800000000000000000e+01 9.687500000000000000e-01 4.979299926757812500e+01 4.509899902343750000e+01 2.976899909973144531e+01
1.800000000000000000e+01 8.839285969734191895e-01 5.212200164794921875e+01 4.316500091552734375e+01 2.734199905395507812e+01
0.000000000000000000e+00 8.125000000000000000e-01 5.585200119018554688e+01 4.283200073242187500e+01 2.812800025939941406e+01
2.200000000000000000e+01 6.294642686843872070e-01 5.849599838256835938e+01 4.194699859619140625e+01 2.540099906921386719e+01
2.200000000000000000e+01 4.955357015132904053e-01 6.139099884033203125e+01 3.994499969482421875e+01 2.697599983215332031e+01
1.800000000000000000e+01 2.053571492433547974e-01 6.469200134277343750e+01 3.955500030517578125e+01 2.498999977111816406e+01
2.000000000000000000e+00 5.803571268916130066e-02 6.776399993896484375e+01 3.755199813842773438e+01 2.602599906921386719e+01
1.600000000000000000e+01 1.339285727590322495e-02 7.091699981689453125e+01 3.981299972534179688e+01 2.650499916076660156e+01
