1 1 14 0 0.0059880239520957446 0 0 27.867 17.712 43.976
1 2 18 0 0.10778443113772451 0 0 30.254 20.648 44.386
1 3 7 0 0.31137724550898194 0 0 28.658 24.011 43.919
1 4 20 0 0.5868263473053892 0 0 30.508 27.050 42.597
1 5 13 0 0.718562874251497 0 0 28.955 30.522 42.780
1 6 12 0 0.9161676646706587 0 0 30.862 32.456 40.213
1 7 22 0 0.9580838323353293 0 0 30.471 36.103 39.619
1 8 22 0 0.9880239520958084 0 0 31.143 38.184 36.615
1 9 22 0 0.9640718562874252 0 0 32.472 41.599 37.698
1 10 9 0 0.9341317365269461 0 0 33.662 44.372 35.359
1 11 0 0 0.7904191616766467 0 0 32.932 47.532 33.324
1 12 9 0 0.6167664670658684 0 0 30.184 48.133 30.754
1 13 9 0 0.562874251497006 0 0 30.948 47.235 27.143
1 14 22 0 0.8203592814371258 0 0 33.062 44.197 27.918
1 15 9 0 0.8383233532934131 0 0 30.784 41.303 26.947
1 16 13 0 0.9281437125748503 0 0 29.738 39.977 30.366
1 17 17 0 0.8263473053892215 0 0 26.412 38.595 29.300
1 18 0 0 0.7485029940119761 0 0 27.880 37.255 26.118
1 19 12 0 0.8922155688622755 0 0 30.616 35.444 28.047
1 20 18 0 0.874251497005988 0 0 28.025 33.776 30.256
1 21 11 0 0.658682634730539 0 0 25.675 32.789 27.519
1 22 6 0 0.592814371257485 0 0 28.523 31.536 25.342
1 23 12 0 0.6826347305389222 0 0 29.386 29.099 28.086
1 24 11 0 0.5449101796407185 0 0 25.863 28.219 29.055
1 25 6 0 0.27544910179640725 0 0 24.070 27.882 25.627
1 26 2 0 0.29940119760479034 0 0 27.095 27.938 23.336
1 27 10 0 0.22754491017964074 0 0 25.930 30.957 21.457
1 28 15 0 0.3652694610778443 0 0 26.554 34.664 21.313
1 29 22 0 0.3053892215568862 0 0 23.880 37.094 22.374
1 30 3 0 0.07784431137724557 0 0 21.764 39.492 20.272
1 31 7 0 0.08982035928143717 0 0 19.902 41.435 22.926
1 32 20 0 0.19161676646706582 0 0 20.509 43.047 26.292
1 33 3 0 0.19760479041916168 0 0 18.640 42.127 29.459
1 34 16 0 0.35928143712574856 0 0 19.663 43.096 32.970
1 35 18 0 0.4730538922155688 0 0 19.940 39.626 34.383
1 36 11 0 0.3772455089820359 0 0 19.253 40.631 37.993
1 37 7 0 0.14371257485029942 0 0 16.394 38.258 38.602
1 38 3 0 0.2694610778443114 0 0 17.743 35.692 36.111
1 39 17 0 0.45508982035928147 0 0 20.184 32.878 36.566
1 40 20 0 0.5269461077844311 0 0 22.251 30.546 34.416
1 41 1 0 0.5029940119760479 0 0 23.630 27.266 35.616
1 42 13 0 0.3173652694610779 0 0 24.542 23.819 34.639
1 43 6 0 0.17964071856287422 0 0 26.693 20.944 35.831
1 44 22 0 0.26347305389221565 0 0 29.985 20.668 34.037
1 45 22 0 0.13772455089820357 0 0 32.954 18.303 34.126
1 46 11 0 0.2934131736526946 0 0 36.037 20.262 34.788
1 47 3 0 0.10179640718562877 0 0 39.160 18.198 35.171
1 48 9 0 0.0 0 0 37.373 14.882 35.584
1 49 7 0 0.029940119760479056 0 0 35.220 16.182 38.474
1 50 18 0 0.06586826347305386 0 0 31.675 17.377 37.962
1 51 5 0 0.2335329341317366 0 0 30.717 20.686 39.585
1 52 12 0 0.3532934131736526 0 0 27.661 22.868 39.348
1 53 12 0 0.6347305389221557 0 0 28.380 26.379 37.987
1 54 3 0 0.6706586826347305 0 0 26.070 29.198 38.764
1 55 11 0 0.8682634730538922 0 0 27.168 32.380 37.145
1 56 12 0 0.8502994011976048 0 0 25.963 35.685 38.464
1 57 3 0 0.8622754491017964 0 0 25.701 38.803 36.277
1 58 18 0 0.8323353293413174 0 0 26.289 42.452 37.131
1 59 0 0 0.5808383233532934 0 0 24.545 45.378 35.461
1 60 9 0 0.43113772455089827 0 0 25.221 49.075 35.556
1 61 6 0 0.39520958083832336 0 0 27.473 51.033 37.780
1 62 7 0 0.40718562874251496 0 0 28.073 50.095 41.447
1 63 7 0 0.11976047904191622 0 0 26.510 51.961 44.260
1 64 20 0 0.053892215568862256 0 0 27.326 51.394 47.859
1 65 17 0 0.03592814371257491 0 0 24.853 48.951 49.299
1 66 0 0 0.02395209580838331 0 0 25.202 46.514 52.160
1 67 14 0 0.04790419161676651 0 0 22.719 44.411 50.398
1 68 1 0 0.2574850299401197 0 0 25.181 44.316 47.504
1 69 3 0 0.23952095808383234 0 0 27.925 43.469 49.922
1 70 6 0 0.16766467065868274 0 0 25.850 40.352 50.783
1 71 20 0 0.4491017964071856 0 0 25.498 39.642 47.075
1 72 14 0 0.6047904191616766 0 0 29.233 39.704 46.623
1 73 1 0 0.4251497005988024 0 0 29.725 37.716 49.768
1 74 18 0 0.47904191616766467 0 0 27.551 35.052 48.248
1 75 9 0 0.7425149700598803 0 0 29.932 34.882 45.404
1 76 7 0 0.7125748502994012 0 0 32.981 32.634 45.794
1 77 9 0 0.8862275449101796 0 0 34.956 32.785 42.569
1 78 15 0 0.9700598802395209 0 0 35.237 35.940 40.580
1 79 12 0 0.9940119760479041 0 0 35.733 36.789 36.933
1 80 5 0 0.9820359281437125 0 0 37.210 40.248 36.438
1 81 22 0 0.9760479041916168 0 0 36.572 41.243 32.913
1 82 15 0 0.8802395209580838 0 0 38.203 43.946 30.806
1 83 0 0 0.7365269461077844 0 0 37.921 44.402 27.046
1 84 11 0 0.5209580838323353 0 0 41.134 44.469 25.071
1 85 2 0 0.28742514970059885 0 0 40.053 47.337 22.875
1 86 2 0 0.37125748502994016 0 0 39.324 49.575 25.875
1 87 18 0 0.281437125748503 0 0 41.743 50.987 28.368
1 88 13 0 0.3413173652694611 0 0 39.048 52.349 30.732
1 89 17 0 0.6107784431137725 0 0 37.717 48.869 31.321
1 90 15 0 0.652694610778443 0 0 41.167 47.494 32.112
1 91 7 0 0.4610778443113772 0 0 41.688 50.493 34.395
1 92 3 0 0.5748502994011976 0 0 38.420 49.790 36.192
1 93 11 0 0.7784431137724551 0 0 39.748 46.480 37.563
1 94 10 0 0.5329341317365269 0 0 41.552 48.277 40.348
1 95 10 0 0.5149700598802396 0 0 38.232 49.365 41.855
1 96 20 0 0.7724550898203593 0 0 36.715 45.963 41.305
1 97 1 0 0.7245508982035929 0 0 39.618 44.086 42.957
1 98 7 0 0.4970059880239521 0 0 39.156 46.336 45.960
1 99 6 0 0.5508982035928144 0 0 35.375 45.868 46.002
1 100 11 0 0.6766467065868262 0 0 35.786 42.119 46.213
1 101 13 0 0.44311377245508976 0 0 38.415 42.474 48.999
1 102 1 0 0.21556886227544902 0 0 36.120 44.819 50.926
1 103 22 0 0.3293413173652695 0 0 33.394 42.244 51.069
1 104 13 0 0.3892215568862275 0 0 35.241 38.969 51.122
1 105 3 0 0.13173652694610782 0 0 37.579 40.361 53.699
1 106 17 0 0.17365269461077848 0 0 40.688 39.062 52.196
1 107 7 0 0.33532934131736525 0 0 43.126 39.643 49.297
1 108 3 0 0.4131736526946108 0 0 43.478 36.035 48.436
1 109 22 0 0.6287425149700598 0 0 40.051 35.484 46.708
1 110 16 0 0.8023952095808383 0 0 39.907 33.312 43.659
1 111 14 0 0.9221556886227544 0 0 39.917 35.605 40.739
1 112 22 0 0.9461077844311377 0 0 40.796 35.487 37.009
1 113 12 0 0.9401197604790419 0 0 41.806 38.412 34.863
1 114 22 0 0.9520958083832335 0 0 39.772 38.008 31.704
1 115 9 0 0.844311377245509 0 0 40.944 39.899 28.656
1 116 2 0 0.8562874251497006 0 0 37.628 39.805 26.845
1 117 13 0 0.6467065868263473 0 0 36.776 40.667 23.258
1 118 5 0 0.49101796407185627 0 0 39.844 39.412 21.482
1 119 3 0 0.221556886227545 0 0 37.984 39.197 18.170
1 120 12 0 0.059880239520958 0 0 41.010 40.414 16.286
1 121 16 0 0.041916167664670656 0 0 44.604 40.251 17.179
1 122 17 0 0.017964071856287345 0 0 45.090 44.039 17.400
1 123 1 0 0.11377245508982048 0 0 44.572 45.412 20.908
1 124 18 0 0.08383233532934131 0 0 44.494 48.824 22.584
1 125 22 0 0.25149700598802394 0 0 45.237 47.088 25.842
1 126 3 0 0.09580838323353291 0 0 48.884 46.223 25.367
1 127 18 0 0.16167664670658677 0 0 49.599 42.573 26.333
1 128 13 0 0.0718562874251496 0 0 52.570 43.175 28.701
1 129 6 0 0.15568862275449102 0 0 50.535 45.665 30.773
1 130 0 0 0.4850299401197605 0 0 47.931 43.046 31.623
1 131 6 0 0.34730538922155685 0 0 50.518 40.473 32.413
1 132 3 0 0.14970059880239517 0 0 52.329 42.880 34.755
1 133 12 0 0.4011976047904191 0 0 49.037 43.854 36.409
1 134 0 0 0.5389221556886228 0 0 48.278 40.176 36.633
1 135 1 0 0.24550898203592808 0 0 51.583 39.469 38.368
1 136 17 0 0.20958083832335328 0 0 50.720 42.408 40.681
1 137 20 0 0.5089820359281436 0 0 47.377 40.939 41.634
1 138 9 0 0.46706586826347307 0 0 48.482 37.321 41.495
1 139 11 0 0.7065868263473054 0 0 45.671 36.409 39.131
1 140 16 0 0.7305389221556886 0 0 45.873 34.379 35.886
1 141 15 0 0.7664670658682635 0 0 45.430 36.344 32.680
1 142 11 0 0.8083832335329342 0 0 43.437 34.679 29.966
1 143 7 0 0.688622754491018 0 0 42.537 36.030 26.529
1 144 18 0 0.7844311377245509 0 0 38.971 35.292 25.474
1 145 17 0 0.5988023952095809 0 0 36.712 36.018 22.520
1 146 0 0 0.6646706586826348 0 0 33.025 35.223 23.090
1 147 13 0 0.38323353293413165 0 0 32.099 36.040 19.506
1 148 18 0 0.20359281437125742 0 0 34.635 33.895 17.755
1 149 1 0 0.41916167664670656 0 0 34.167 31.280 20.542
1 150 6 0 0.437125748502994 0 0 37.740 30.874 21.608
1 151 9 0 0.6407185628742516 0 0 39.236 30.920 25.119
1 152 22 0 0.7964071856287425 0 0 35.789 30.897 26.569
1 153 3 0 0.6946107784431137 0 0 35.628 27.624 28.376
1 154 3 0 0.7005988023952096 0 0 39.196 27.938 29.473
1 155 0 0 0.9041916167664671 0 0 38.582 31.078 31.562
1 156 15 0 0.9101796407185628 0 0 35.752 29.521 33.593
1 157 20 0 0.7604790419161677 0 0 37.761 26.354 33.964
1 158 18 0 0.8143712574850299 0 0 40.691 28.499 35.105
1 159 12 0 0.8982035928143712 0 0 38.723 30.200 37.823
1 160 22 0 0.7544910179640718 0 0 37.589 26.798 38.917
1 161 1 0 0.5568862275449102 0 0 41.179 25.767 39.261
1 162 7 0 0.6227544910179641 0 0 41.965 28.655 41.535
1 163 11 0 0.5688622754491017 0 0 39.067 27.530 43.786
1 164 1 0 0.32335329341317365 0 0 40.497 24.069 43.969
1 165 13 0 0.18562874251497008 0 0 43.721 25.322 45.360
1 166 10 0 0.12574850299401197 0 0 42.234 26.026 48.711
1 167 13 0 0.0119760479041916 0 0 41.386 23.803 51.620
