1 1 14 0 0.017964071856287345 0 0 21.039 45.197 19.027
1 2 18 0 0.09580838323353291 0 0 24.571 43.889 19.085
1 3 7 0 0.3053892215568862 0 0 25.786 40.292 19.441
1 4 20 0 0.562874251497006 0 0 28.533 39.587 21.926
1 5 13 0 0.7125748502994012 0 0 31.020 36.794 21.622
1 6 12 0 0.9161676646706587 0 0 31.710 35.701 25.155
1 7 22 0 0.9520958083832335 0 0 34.042 32.774 25.910
1 8 22 0 0.9820359281437125 0 0 34.244 31.051 29.202
1 9 22 0 0.9700598802395209 0 0 37.746 30.204 30.121
1 10 9 0 0.9281437125748503 0 0 39.352 28.380 32.973
1 11 0 0 0.8083832335329342 0 0 40.323 25.086 34.501
1 12 9 0 0.652694610778443 0 0 38.840 21.660 34.067
1 13 9 0 0.5988023952095809 0 0 35.827 20.825 36.069
1 14 22 0 0.8023952095808383 0 0 35.004 24.117 37.771
1 15 9 0 0.8263473053892215 0 0 31.657 24.288 36.069
1 16 13 0 0.9341317365269461 0 0 32.305 26.208 32.840
1 17 17 0 0.844311377245509 0 0 29.354 24.519 31.149
1 18 0 0 0.7904191616766467 0 0 27.233 24.854 34.192
1 19 12 0 0.8982035928143712 0 0 27.245 28.624 34.169
1 20 18 0 0.874251497005988 0 0 26.243 28.822 30.483
1 21 11 0 0.6467065868263473 0 0 23.451 26.213 30.548
1 22 6 0 0.6107784431137725 0 0 22.051 28.094 33.438
1 23 12 0 0.6706586826347305 0 0 21.918 31.358 31.492
1 24 11 0 0.5269461077844311 0 0 20.538 30.132 28.171
1 25 6 0 0.3173652694610779 0 0 18.665 26.918 28.995
1 26 2 0 0.29940119760479034 0 0 17.821 27.894 32.560
1 27 10 0 0.24550898203592808 0 0 18.729 24.786 34.427
1 28 15 0 0.32335329341317365 0 0 21.523 22.435 35.498
1 29 22 0 0.15568862275449102 0 0 21.759 19.306 33.335
1 30 3 0 0.13173652694610782 0 0 24.077 16.818 34.905
1 31 7 0 0.14371257485029942 0 0 25.274 16.044 31.369
1 32 20 0 0.26347305389221565 0 0 28.870 16.857 30.450
1 33 3 0 0.2574850299401197 0 0 29.829 17.253 26.776
1 34 16 0 0.39520958083832336 0 0 32.620 18.892 24.936
1 35 18 0 0.45508982035928147 0 0 29.985 21.300 23.557
1 36 11 0 0.23952095808383234 0 0 31.112 21.058 19.915
1 37 7 0 0.0718562874251496 0 0 28.000 19.962 18.166
1 38 3 0 0.16167664670658677 0 0 25.826 22.509 19.882
1 39 17 0 0.38323353293413165 0 0 25.652 26.299 20.252
1 40 20 0 0.5029940119760479 0 0 23.874 28.259 22.912
1 41 1 0 0.49101796407185627 0 0 22.916 31.889 22.546
1 42 13 0 0.3293413173652695 0 0 19.983 34.091 23.369
1 43 6 0 0.17365269461077848 0 0 18.901 37.683 23.164
1 44 22 0 0.22754491017964074 0 0 18.592 39.497 26.466
1 45 22 0 0.10778443113772451 0 0 17.877 43.031 27.483
1 46 11 0 0.19760479041916168 0 0 20.689 44.632 29.431
1 47 3 0 0.053892215568862256 0 0 20.239 48.154 30.634
1 48 9 0 0.0119760479041916 0 0 17.564 49.309 28.246
1 49 7 0 0.02395209580838331 0 0 19.217 47.739 25.255
1 50 18 0 0.059880239520958 0 0 19.296 44.339 23.602
1 51 5 0 0.281437125748503 0 0 22.432 42.215 23.777
1 52 12 0 0.3652694610778443 0 0 22.603 38.905 22.015
1 53 12 0 0.6167664670658684 0 0 24.843 36.869 24.252
1 54 3 0 0.658682634730539 0 0 26.534 34.137 22.275
1 55 11 0 0.8562874251497006 0 0 28.478 31.941 24.595
1 56 12 0 0.8383233532934131 0 0 31.419 29.788 23.465
1 57 3 0 0.8682634730538922 0 0 32.534 26.852 25.640
1 58 18 0 0.8323353293413174 0 0 36.201 25.994 25.960
1 59 0 0 0.5568862275449102 0 0 36.734 22.424 24.739
1 60 9 0 0.4011976047904191 0 0 39.583 20.000 25.051
1 61 6 0 0.3532934131736526 0 0 42.889 20.505 26.838
1 62 7 0 0.11377245508982048 0 0 45.526 19.991 24.178
1 63 7 0 0.06586826347305386 0 0 48.480 22.264 23.405
1 64 20 0 0.0059880239520957446 0 0 50.498 20.958 20.460
1 65 17 0 0.0 0 0 49.041 21.025 17.009
1 66 0 0 0.04790419161676651 0 0 45.739 22.208 18.368
1 67 14 0 0.16766467065868274 0 0 43.142 24.866 19.035
1 68 1 0 0.40718562874251496 0 0 44.137 27.137 21.875
1 69 3 0 0.3772455089820359 0 0 44.802 30.668 20.710
1 70 6 0 0.3892215568862275 0 0 41.747 30.676 18.540
1 71 20 0 0.6646706586826348 0 0 39.517 30.854 21.553
1 72 14 0 0.6766467065868262 0 0 41.076 34.158 22.679
1 73 1 0 0.44311377245508976 0 0 41.242 35.379 19.124
1 74 18 0 0.5209580838323353 0 0 37.538 35.025 18.638
1 75 9 0 0.7604790419161677 0 0 36.318 36.260 21.991
1 76 7 0 0.7065868263473054 0 0 35.140 39.715 22.751
1 77 9 0 0.8862275449101796 0 0 35.176 39.150 26.450
1 78 15 0 0.9640718562874252 0 0 36.201 36.482 28.879
1 79 12 0 0.9940119760479041 0 0 34.361 34.975 31.870
1 80 5 0 0.9880239520958084 0 0 37.095 33.315 33.884
1 81 22 0 0.9760479041916168 0 0 36.144 30.519 36.110
1 82 15 0 0.8802395209580838 0 0 37.591 29.011 39.202
1 83 0 0 0.718562874251497 0 0 36.090 26.912 41.942
1 84 11 0 0.5329341317365269 0 0 36.494 28.365 45.435
1 85 2 0 0.2694610778443114 0 0 37.431 24.921 46.859
1 86 2 0 0.37125748502994016 0 0 40.168 24.216 44.380
1 87 18 0 0.25149700598802394 0 0 43.522 25.971 44.818
1 88 13 0 0.35928143712574856 0 0 44.599 24.680 41.431
1 89 17 0 0.6227544910179641 0 0 41.818 26.422 39.622
1 90 15 0 0.592814371257485 0 0 42.662 29.723 41.272
1 91 7 0 0.4491017964071856 0 0 46.288 29.370 40.420
1 92 3 0 0.5868263473053892 0 0 45.542 29.048 36.722
1 93 11 0 0.7844311377245509 0 0 43.949 32.465 36.512
1 94 10 0 0.5389221556886228 0 0 47.450 33.898 36.034
1 95 10 0 0.5149700598802396 0 0 48.217 31.511 33.134
1 96 20 0 0.7724550898203593 0 0 44.826 32.160 31.540
1 97 1 0 0.6946107784431137 0 0 45.371 35.856 31.902
1 98 7 0 0.437125748502994 0 0 48.901 35.754 30.511
1 99 6 0 0.5089820359281436 0 0 47.543 33.961 27.530
1 100 11 0 0.6347305389221557 0 0 44.733 36.397 26.706
1 101 13 0 0.41916167664670656 0 0 47.372 39.140 27.133
1 102 1 0 0.19161676646706582 0 0 49.434 37.299 24.551
1 103 22 0 0.31137724550898194 0 0 46.607 36.977 22.143
1 104 13 0 0.33532934131736525 0 0 45.106 40.429 22.637
1 105 3 0 0.08982035928143717 0 0 48.517 42.110 23.112
1 106 17 0 0.18562874251497008 0 0 46.852 43.820 26.014
1 107 7 0 0.28742514970059885 0 0 46.499 44.075 29.797
1 108 3 0 0.34730538922155685 0 0 43.339 46.127 29.196
1 109 22 0 0.5748502994011976 0 0 41.048 43.387 28.016
1 110 16 0 0.7664670658682635 0 0 37.463 43.078 29.211
1 111 14 0 0.9041916167664671 0 0 37.653 40.218 31.644
1 112 22 0 0.9461077844311377 0 0 35.475 39.090 34.482
1 113 12 0 0.9401197604790419 0 0 36.659 36.827 37.210
1 114 22 0 0.9580838323353293 0 0 34.142 34.382 38.443
1 115 9 0 0.8622754491017964 0 0 34.244 32.328 41.598
1 116 2 0 0.8502994011976048 0 0 32.104 29.223 41.021
1 117 13 0 0.5808383233532934 0 0 30.642 27.113 43.731
1 118 5 0 0.47904191616766467 0 0 29.773 29.750 46.252
1 119 3 0 0.20958083832335328 0 0 26.835 27.818 47.688
1 120 12 0 0.11976047904191622 0 0 29.577 26.256 49.725
1 121 16 0 0.029940119760479056 0 0 30.759 27.934 52.897
1 122 17 0 0.03592814371257491 0 0 33.857 25.885 52.471
1 123 1 0 0.13772455089820357 0 0 36.459 27.704 50.486
1 124 18 0 0.07784431137724557 0 0 40.069 26.661 50.395
1 125 22 0 0.21556886227544902 0 0 40.784 29.674 48.251
1 126 3 0 0.12574850299401197 0 0 40.949 32.981 50.139
1 127 18 0 0.2335329341317366 0 0 38.210 35.365 49.136
1 128 13 0 0.10179640718562877 0 0 40.398 38.276 49.907
1 129 6 0 0.14970059880239517 0 0 43.210 37.067 47.670
1 130 0 0 0.4970059880239521 0 0 40.633 36.559 44.901
1 131 6 0 0.4131736526946108 0 0 39.414 40.151 45.305
1 132 3 0 0.17964071856287422 0 0 42.972 41.333 45.628
1 133 12 0 0.4251497005988024 0 0 43.870 39.586 42.346
1 134 0 0 0.5508982035928144 0 0 40.739 40.991 40.784
1 135 1 0 0.2934131736526946 0 0 41.733 44.511 41.947
1 136 17 0 0.20359281437125742 0 0 45.245 43.928 40.537
1 137 20 0 0.4730538922155688 0 0 43.977 43.016 37.116
1 138 9 0 0.43113772455089827 0 0 41.331 45.706 37.393
1 139 11 0 0.6826347305389222 0 0 38.522 43.226 36.826
1 140 16 0 0.7485029940119761 0 0 35.266 42.366 38.483
1 141 15 0 0.7964071856287425 0 0 34.912 39.373 40.785
1 142 11 0 0.8203592814371258 0 0 31.538 37.692 40.674
1 143 7 0 0.7305389221556886 0 0 30.720 35.029 43.251
1 144 18 0 0.7544910179640718 0 0 28.351 32.405 42.000
1 145 17 0 0.6047904191616766 0 0 26.899 28.976 42.422
1 146 0 0 0.7005988023952096 0 0 26.059 27.453 39.052
1 147 13 0 0.4610778443113772 0 0 24.425 24.282 40.330
1 148 18 0 0.27544910179640725 0 0 22.174 26.216 42.555
1 149 1 0 0.4850299401197605 0 0 22.020 29.380 40.460
1 150 6 0 0.46706586826347307 0 0 23.067 32.185 42.677
1 151 9 0 0.6287425149700598 0 0 24.416 35.051 40.527
1 152 22 0 0.8143712574850299 0 0 24.987 33.470 37.092
1 153 3 0 0.688622754491018 0 0 22.856 36.167 35.500
1 154 3 0 0.7245508982035929 0 0 24.954 38.819 37.099
1 155 0 0 0.9221556886227544 0 0 28.099 37.195 35.854
1 156 15 0 0.9101796407185628 0 0 27.074 37.404 32.254
1 157 20 0 0.7425149700598803 0 0 25.516 40.798 32.631
1 158 18 0 0.7784431137724551 0 0 28.563 42.412 34.443
1 159 12 0 0.8922155688622755 0 0 30.797 41.029 31.717
1 160 22 0 0.7365269461077844 0 0 28.707 42.883 29.164
1 161 1 0 0.5449101796407185 0 0 29.206 46.084 31.184
1 162 7 0 0.6407185628742516 0 0 32.947 45.603 31.101
1 163 11 0 0.5688622754491017 0 0 32.750 45.353 27.264
1 164 1 0 0.3413173652694611 0 0 30.542 48.431 27.163
1 165 13 0 0.221556886227545 0 0 33.142 50.343 29.072
1 166 10 0 0.08383233532934131 0 0 35.885 52.393 27.477
1 167 13 0 0.041916167664670656 0 0 39.250 53.406 28.772
