5.000000000000000000e+00 1.517857164144515991e-01 2.576399993896484375e+01 3.947100067138671875e+01 3.977000045776367188e+01
1.600000000000000000e+01 2.812500000000000000e-01 2.759399986267089844e+01 4.241400146484375000e+01 4.143500137329101562e+01
1.200000000000000000e+01 5.223214030265808105e-01 3.105699920654296875e+01 4.122999954223632812e+01 4.087599945068359375e+01
1.400000000000000000e+01 5.535714030265808105e-01 3.184499931335449219e+01 3.842699813842773438e+01 3.842200088500976562e+01
2.200000000000000000e+01 7.321428656578063965e-01 3.541500091552734375e+01 3.764099884033203125e+01 3.738700103759765625e+01
1.300000000000000000e+01 6.785714030265808105e-01 3.587699890136718750e+01 3.550299835205078125e+01 3.428400039672851562e+01
2.200000000000000000e+01 7.455357313156127930e-01 3.939599990844726562e+01 3.414400100708007812e+01 3.360400009155273438e+01
1.200000000000000000e+01 6.517857313156127930e-01 4.011199951171875000e+01 3.275400161743164062e+01 3.014500045776367188e+01
3.000000000000000000e+00 5.937500000000000000e-01 4.329100036621093750e+01 3.088699913024902344e+01 2.885600090026855469e+01
0.000000000000000000e+00 5.580357313156127930e-01 4.433000183105468750e+01 3.239199829101562500e+01 2.534099960327148438e+01
2.200000000000000000e+01 3.839285671710968018e-01 4.699000167846679688e+01 2.977199935913085938e+01 2.476300048828125000e+01
1.000000000000000000e+00 1.919642835855484009e-01 4.409799957275390625e+01 2.711300086975097656e+01 2.452700042724609375e+01
9.000000000000000000e+00 2.500000000000000000e-01 4.119800186157226562e+01 2.926600074768066406e+01 2.371299934387207031e+01
1.700000000000000000e+01 2.410714328289031982e-01 3.907899856567382812e+01 2.813899993896484375e+01 2.669499969482421875e+01
1.600000000000000000e+01 3.660714328289031982e-01 3.822499847412109375e+01 2.907299995422363281e+01 3.032099914550781250e+01
0.000000000000000000e+00 5.178571343421936035e-01 4.097900009155273438e+01 2.918700027465820312e+01 3.285800170898437500e+01
1.100000000000000000e+01 3.169642984867095947e-01 4.006100082397460938e+01 2.646100044250488281e+01 3.540100097656250000e+01
2.000000000000000000e+00 3.883928656578063965e-01 4.081200027465820312e+01 2.737299919128417969e+01 3.913899993896484375e+01
2.200000000000000000e+01 6.651785969734191895e-01 4.252700042724609375e+01 3.084099960327148438e+01 3.924100112915039062e+01
0.000000000000000000e+00 6.562500000000000000e-01 4.284099960327148438e+01 3.196800041198730469e+01 4.286299896240234375e+01
1.400000000000000000e+01 7.500000000000000000e-01 4.186100006103515625e+01 3.550899887084960938e+01 4.392300033569335938e+01
2.200000000000000000e+01 7.187500000000000000e-01 3.939799880981445312e+01 4.102299880981445312e+01 4.703699874877929688e+01
1.500000000000000000e+01 6.741071343421936035e-01 4.011399841308593750e+01 4.400099945068359375e+01 4.926300048828125000e+01
1.000000000000000000e+00 5.625000000000000000e-01 3.828200149536132812e+01 4.733700180053710938e+01 5.011600112915039062e+01
1.300000000000000000e+01 5.357142686843872070e-01 4.023500061035156250e+01 5.052399826049804688e+01 5.076300048828125000e+01
0.000000000000000000e+00 2.678571343421936035e-01 3.978599929809570312e+01 5.240399932861328125e+01 5.398899841308593750e+01
0.000000000000000000e+00 1.116071417927742004e-01 3.966999816894531250e+01 5.612200164794921875e+01 5.469599914550781250e+01
3.000000000000000000e+00 1.071428582072257996e-01 4.314599990844726562e+01 5.579600143432617188e+01 5.611199951171875000e+01
3.000000000000000000e+00 3.392857015132904053e-01 4.426599884033203125e+01 5.423799896240234375e+01 5.282199859619140625e+01
1.800000000000000000e+01 3.526785671710968018e-01 4.473699951171875000e+01 5.076200103759765625e+01 5.430500030517578125e+01
1.900000000000000000e+01 5.446428656578063965e-01 4.323600006103515625e+01 4.772499847412109375e+01 5.230199813842773438e+01
7.000000000000000000e+00 3.303571343421936035e-01 4.092800140380859375e+01 4.561600112915039062e+01 5.443600082397460938e+01
1.600000000000000000e+01 4.062500000000000000e-01 3.998099899291992188e+01 4.201300048828125000e+01 5.311399841308593750e+01
1.500000000000000000e+01 3.616071343421936035e-01 3.643099975585937500e+01 4.175600051879882812e+01 5.167300033569335938e+01
0.000000000000000000e+00 4.017857015132904053e-01 3.568600082397460938e+01 3.855500030517578125e+01 4.948600006103515625e+01
1.700000000000000000e+01 4.821428656578063965e-01 3.791600036621093750e+01 3.561000061035156250e+01 4.800999832153320312e+01
9.000000000000000000e+00 4.285714328289031982e-01 3.748500061035156250e+01 3.247700119018554688e+01 4.573799896240234375e+01
1.300000000000000000e+01 4.910714328289031982e-01 3.902600097656250000e+01 3.070400047302246094e+01 4.277600097656250000e+01
1.800000000000000000e+01 4.776785671710968018e-01 3.744400024414062500e+01 3.022599983215332031e+01 3.920700073242187500e+01
1.700000000000000000e+01 2.008928507566452026e-01 3.491899871826171875e+01 2.749399948120117188e+01 3.824499893188476562e+01
7.000000000000000000e+00 9.375000000000000000e-02 3.519100189208984375e+01 2.484199905395507812e+01 3.553300094604492188e+01
1.700000000000000000e+01 1.205357164144515991e-01 3.329600143432617188e+01 2.714500045776367188e+01 3.305099868774414062e+01
9.000000000000000000e+00 3.794642984867095947e-01 3.570199966430664062e+01 3.001499938964843750e+01 3.389500045776367188e+01
7.000000000000000000e+00 4.151785671710968018e-01 3.342499923706054688e+01 3.227799987792968750e+01 3.600299835205078125e+01
1.200000000000000000e+01 4.375000000000000000e-01 3.351900100708007812e+01 3.305699920654296875e+01 3.971500015258789062e+01
9.000000000000000000e+00 1.160714253783226013e-01 2.931800079345703125e+01 3.360499954223632812e+01 4.486299896240234375e+01
1.200000000000000000e+01 2.991071343421936035e-01 3.176700019836425781e+01 3.635400009155273438e+01 4.591999816894531250e+01
1.800000000000000000e+01 1.651785671710968018e-01 2.932200050354003906e+01 3.879800033569335938e+01 4.738600158691406250e+01
1.800000000000000000e+01 3.571428731083869934e-02 2.553700065612792969e+01 3.986100006103515625e+01 4.724100112915039062e+01
7.000000000000000000e+00 2.678571455180644989e-02 2.375900077819824219e+01 4.294200134277343750e+01 4.619900131225585938e+01
7.000000000000000000e+00 0.000000000000000000e+00 2.305900001525878906e+01 4.464099884033203125e+01 4.952799987792968750e+01
7.000000000000000000e+00 2.232142910361289978e-02 2.648200035095214844e+01 4.359199905395507812e+01 5.110200119018554688e+01
1.500000000000000000e+01 1.473214328289031982e-01 2.815500068664550781e+01 4.515999984741210938e+01 4.808900070190429688e+01
2.200000000000000000e+01 9.821428358554840088e-02 2.824699974060058594e+01 4.877799987792968750e+01 4.920999908447265625e+01
7.000000000000000000e+00 1.696428507566452026e-01 2.993700027465820312e+01 5.180099868774414062e+01 4.770600128173828125e+01
9.000000000000000000e+00 3.437500000000000000e-01 3.377899932861328125e+01 5.201100158691406250e+01 4.814599990844726562e+01
1.100000000000000000e+01 6.250000000000000000e-01 3.721599960327148438e+01 5.156000137329101562e+01 4.644699859619140625e+01
2.000000000000000000e+01 7.366071343421936035e-01 3.781200027465820312e+01 4.780199813842773438e+01 4.580899810791015625e+01
1.300000000000000000e+01 8.750000000000000000e-01 4.075899887084960938e+01 4.577899932861328125e+01 4.449200057983398438e+01
2.200000000000000000e+01 9.107142686843872070e-01 4.071799850463867188e+01 4.227000045776367188e+01 4.303900146484375000e+01
7.000000000000000000e+00 9.285714030265808105e-01 4.419300079345703125e+01 4.058599853515625000e+01 4.321200180053710938e+01
1.100000000000000000e+01 9.151785969734191895e-01 4.454000091552734375e+01 3.741899871826171875e+01 4.110599899291992188e+01
3.000000000000000000e+00 8.303571343421936035e-01 4.736199951171875000e+01 3.479999923706054688e+01 4.168299865722656250e+01
1.800000000000000000e+01 8.571428656578063965e-01 4.837400054931640625e+01 3.415800094604492188e+01 3.803599929809570312e+01
1.300000000000000000e+01 7.589285969734191895e-01 5.184000015258789062e+01 3.295100021362304688e+01 3.893299865722656250e+01
1.700000000000000000e+01 6.026785969734191895e-01 5.066999816894531250e+01 2.994099998474121094e+01 4.095299911499023438e+01
2.000000000000000000e+01 6.160714030265808105e-01 4.826699829101562500e+01 2.921299934387207031e+01 3.810800170898437500e+01
1.900000000000000000e+01 5.982142686843872070e-01 5.111500167846679688e+01 2.922500038146972656e+01 3.556600189208984375e+01
1.300000000000000000e+01 4.107142984867095947e-01 5.344699859619140625e+01 2.747699928283691406e+01 3.801800155639648438e+01
0.000000000000000000e+00 2.633928656578063965e-01 5.085200119018554688e+01 2.462899971008300781e+01 3.818500137329101562e+01
1.200000000000000000e+01 2.053571492433547974e-01 5.106800079345703125e+01 2.397599983215332031e+01 3.443500137329101562e+01
9.000000000000000000e+00 1.428571492433547974e-01 5.487799835205078125e+01 2.389599990844726562e+01 3.450899887084960938e+01
1.100000000000000000e+01 3.035714328289031982e-01 5.539199829101562500e+01 2.706200027465820312e+01 3.235400009155273438e+01
1.700000000000000000e+01 4.241071343421936035e-01 5.762699890136718750e+01 2.998100090026855469e+01 3.331200027465820312e+01
1.600000000000000000e+01 6.964285969734191895e-01 5.542599868774414062e+01 3.319200134277343750e+01 3.382400131225585938e+01
1.500000000000000000e+01 7.812500000000000000e-01 5.667699813842773438e+01 3.673500061035156250e+01 3.326900100708007812e+01
7.000000000000000000e+00 8.928571343421936035e-01 5.334000015258789062e+01 3.763100051879882812e+01 3.948400115966796875e+01
0.000000000000000000e+00 9.866071343421936035e-01 4.690100097656250000e+01 4.063000106811523438e+01 3.809099960327148438e+01
7.000000000000000000e+00 9.910714030265808105e-01 4.563600158691406250e+01 4.345299911499023438e+01 4.035499954223632812e+01
2.200000000000000000e+01 9.732142686843872070e-01 4.262099838256835938e+01 4.543299865722656250e+01 3.924399948120117188e+01
2.200000000000000000e+01 9.464285969734191895e-01 4.164500045776367188e+01 4.859400177001953125e+01 4.117300033569335938e+01
1.500000000000000000e+01 8.482142686843872070e-01 3.822999954223632812e+01 5.022200012207031250e+01 4.079299926757812500e+01
1.800000000000000000e+01 6.696428656578063965e-01 3.573400115966796875e+01 5.247200012207031250e+01 4.256399917602539062e+01
0.000000000000000000e+00 5.267857313156127930e-01 3.233300018310546875e+01 5.063499832153320312e+01 4.266500091552734375e+01
2.000000000000000000e+00 2.723214328289031982e-01 2.886300086975097656e+01 5.209600067138671875e+01 4.260200119018554688e+01
3.000000000000000000e+00 2.544642984867095947e-01 3.004100036621093750e+01 5.561000061035156250e+01 4.143399810791015625e+01
1.700000000000000000e+01 7.589285820722579956e-02 2.655599975585937500e+01 5.670000076293945312e+01 4.026900100708007812e+01
9.000000000000000000e+00 3.125000000000000000e-02 2.472800064086914062e+01 5.406100082397460938e+01 4.241600036621093750e+01
1.600000000000000000e+01 7.142857462167739868e-02 2.445299911499023438e+01 5.028900146484375000e+01 4.208000183105468750e+01
1.000000000000000000e+00 2.187500000000000000e-01 2.634300041198730469e+01 4.843399810791015625e+01 3.933499908447265625e+01
1.000000000000000000e+00 2.901785671710968018e-01 2.697100067138671875e+01 4.489599990844726562e+01 3.807899856567382812e+01
2.000000000000000000e+01 5.848214030265808105e-01 3.077300071716308594e+01 4.451499938964843750e+01 3.732300186157226562e+01
1.800000000000000000e+01 6.607142686843872070e-01 3.230699920654296875e+01 4.177399826049804688e+01 3.509700012207031250e+01
1.100000000000000000e+01 8.214285969734191895e-01 3.602299880981445312e+01 4.153300094604492188e+01 3.486199951171875000e+01
0.000000000000000000e+00 8.080357313156127930e-01 3.690900039672851562e+01 3.947200012207031250e+01 3.189599990844726562e+01
0.000000000000000000e+00 9.062500000000000000e-01 4.063600158691406250e+01 3.849100112915039062e+01 3.230199813842773438e+01
1.200000000000000000e+01 8.437500000000000000e-01 4.251200103759765625e+01 3.703699874877929688e+01 2.934600067138671875e+01
1.200000000000000000e+01 8.348214030265808105e-01 4.576100158691406250e+01 3.514799880981445312e+01 3.022500038146972656e+01
1.700000000000000000e+01 7.410714030265808105e-01 4.886199951171875000e+01 3.404000091552734375e+01 2.822999954223632812e+01
1.600000000000000000e+01 7.142857313156127930e-01 5.240100097656250000e+01 3.356800079345703125e+01 2.981800079345703125e+01
2.000000000000000000e+01 7.901785969734191895e-01 5.408399963378906250e+01 3.686999893188476562e+01 2.898800086975097656e+01
1.700000000000000000e+01 8.973214030265808105e-01 5.082300186157226562e+01 3.892900085449218750e+01 2.886300086975097656e+01
2.000000000000000000e+01 9.553571343421936035e-01 4.740399932861328125e+01 3.977500152587890625e+01 3.024900054931640625e+01
1.700000000000000000e+01 9.375000000000000000e-01 4.428400039672851562e+01 4.153599929809570312e+01 2.885799980163574219e+01
1.800000000000000000e+01 9.687500000000000000e-01 4.166199874877929688e+01 4.288399887084960938e+01 3.125399971008300781e+01
1.800000000000000000e+01 8.705357313156127930e-01 3.822200012207031250e+01 4.417800140380859375e+01 3.019700050354003906e+01
0.000000000000000000e+00 8.125000000000000000e-01 3.550000000000000000e+01 4.552099990844726562e+01 3.247200012207031250e+01
2.200000000000000000e+01 6.116071343421936035e-01 3.191799926757812500e+01 4.496699905395507812e+01 3.124300003051757812e+01
2.200000000000000000e+01 4.955357015132904053e-01 2.975200080871582031e+01 4.719400024414062500e+01 3.347900009155273438e+01
1.800000000000000000e+01 1.964285671710968018e-01 2.596400070190429688e+01 4.720000076293945312e+01 3.340499877929687500e+01
2.000000000000000000e+00 6.250000000000000000e-02 2.325099945068359375e+01 4.906900024414062500e+01 3.518899917602539062e+01
1.600000000000000000e+01 8.928571827709674835e-03 2.012500000000000000e+01 4.728499984741210938e+01 3.663100051879882812e+01
5.000000000000000000e+00 1.026785746216773987e-01 6.847000122070312500e+01 4.984700012207031250e+01 2.816200065612792969e+01
1.600000000000000000e+01 2.366071492433547974e-01 6.723600006103515625e+01 4.701699829101562500e+01 3.060499954223632812e+01
1.200000000000000000e+01 4.866071343421936035e-01 6.369900131225585938e+01 4.830599975585937500e+01 3.072699928283691406e+01
1.400000000000000000e+01 5.312500000000000000e-01 6.145899963378906250e+01 5.014500045776367188e+01 2.820299911499023438e+01
2.200000000000000000e+01 7.008928656578063965e-01 5.763999938964843750e+01 5.066199874877929688e+01 2.818499946594238281e+01
1.300000000000000000e+01 6.383928656578063965e-01 5.555500030517578125e+01 5.159199905395507812e+01 2.496199989318847656e+01
2.200000000000000000e+01 7.232142686843872070e-01 5.208200073242187500e+01 5.292699813842773438e+01 2.574099922180175781e+01
1.200000000000000000e+01 6.428571343421936035e-01 4.932500076293945312e+01 5.305899810791015625e+01 2.316399955749511719e+01
3.000000000000000000e+00 6.294642686843872070e-01 4.560699844360351562e+01 5.361899948120117188e+01 2.314699935913085938e+01
0.000000000000000000e+00 5.491071343421936035e-01 4.342699813842773438e+01 5.158000183105468750e+01 2.098100090026855469e+01
2.200000000000000000e+01 3.973214328289031982e-01 4.059899902343750000e+01 5.438800048828125000e+01 2.115600013732910156e+01
1.000000000000000000e+00 2.142857164144515991e-01 4.233000183105468750e+01 5.702500152587890625e+01 1.905200004577636719e+01
9.000000000000000000e+00 2.321428507566452026e-01 4.453900146484375000e+01 5.424300003051757812e+01 1.740999984741210938e+01
1.700000000000000000e+01 2.589285671710968018e-01 4.795700073242187500e+01 5.571200180053710938e+01 1.826099967956542969e+01
1.600000000000000000e+01 3.482142984867095947e-01 5.071099853515625000e+01 5.630799865722656250e+01 2.085300064086914062e+01
0.000000000000000000e+00 5.000000000000000000e-01 4.981200027465820312e+01 5.779499816894531250e+01 2.418000030517578125e+01
1.100000000000000000e+01 3.080357015132904053e-01 5.190700149536132812e+01 6.089300155639648438e+01 2.484600067138671875e+01
2.000000000000000000e+00 3.348214328289031982e-01 5.217699813842773438e+01 6.204100036621093750e+01 2.847299957275390625e+01
2.200000000000000000e+01 6.339285969734191895e-01 5.116400146484375000e+01 5.892900085449218750e+01 3.038100051879882812e+01
0.000000000000000000e+00 6.473214030265808105e-01 5.279800033569335938e+01 5.910599899291992188e+01 3.385599899291992188e+01
1.400000000000000000e+01 7.678571343421936035e-01 5.423099899291992188e+01 5.593799972534179688e+01 3.541999816894531250e+01
2.200000000000000000e+01 7.276785969734191895e-01 5.867699813842773438e+01 5.210800170898437500e+01 3.905199813842773438e+01
1.500000000000000000e+01 7.053571343421936035e-01 5.868999862670898438e+01 5.017399978637695312e+01 4.240100097656250000e+01
1.000000000000000000e+00 5.803571343421936035e-01 6.116999816894531250e+01 4.786999893188476562e+01 4.414899826049804688e+01
1.300000000000000000e+01 4.687500000000000000e-01 6.092300033569335938e+01 4.628699874877929688e+01 4.769699859619140625e+01
0.000000000000000000e+00 1.741071492433547974e-01 6.304600143432617188e+01 4.720899963378906250e+01 5.080699920654296875e+01
0.000000000000000000e+00 4.910714179277420044e-02 6.465000152587890625e+01 4.511700057983398438e+01 5.355400085449218750e+01
3.000000000000000000e+00 8.035714179277420044e-02 6.128799819946289062e+01 4.474300003051757812e+01 5.537099838256835938e+01
3.000000000000000000e+00 2.946428656578063965e-01 5.936399841308593750e+01 4.357099914550781250e+01 5.213399887084960938e+01
1.800000000000000000e+01 3.750000000000000000e-01 5.769599914550781250e+01 4.704899978637695312e+01 5.173199844360351562e+01
1.900000000000000000e+01 5.758928656578063965e-01 5.754600143432617188e+01 4.860200119018554688e+01 4.831700134277343750e+01
7.000000000000000000e+00 4.642857015132904053e-01 5.961399841308593750e+01 5.172299957275390625e+01 4.747800064086914062e+01
1.600000000000000000e+01 5.089285969734191895e-01 5.973500061035156250e+01 5.391299819946289062e+01 4.434400177001953125e+01
1.500000000000000000e+01 3.214285671710968018e-01 6.301499938964843750e+01 5.478200149536132812e+01 4.267499923706054688e+01
0.000000000000000000e+00 3.928571343421936035e-01 6.236999893188476562e+01 5.573400115966796875e+01 3.906299972534179688e+01
1.700000000000000000e+01 5.044642686843872070e-01 5.939099884033203125e+01 5.761299896240234375e+01 3.745299911499023438e+01
9.000000000000000000e+00 4.330357015132904053e-01 5.838299942016601562e+01 5.955400085449218750e+01 3.438999938964843750e+01
1.300000000000000000e+01 4.732142984867095947e-01 5.579999923706054688e+01 6.016400146484375000e+01 3.169199943542480469e+01
1.800000000000000000e+01 4.598214328289031982e-01 5.572800064086914062e+01 5.893899917602539062e+01 2.809000015258789062e+01
1.700000000000000000e+01 1.785714328289031982e-01 5.742200088500976562e+01 6.084199905395507812e+01 2.526099967956542969e+01
7.000000000000000000e+00 8.482142537832260132e-02 5.586000061035156250e+01 6.159799957275390625e+01 2.178800010681152344e+01
1.700000000000000000e+01 1.250000000000000000e-01 5.663800048828125000e+01 5.819800186157226562e+01 2.025799942016601562e+01
9.000000000000000000e+00 3.705357015132904053e-01 5.490800094604492188e+01 5.689099884033203125e+01 2.347800064086914062e+01
7.000000000000000000e+00 4.196428656578063965e-01 5.801900100708007812e+01 5.542900085449218750e+01 2.510899925231933594e+01
1.200000000000000000e+01 4.508928656578063965e-01 5.979399871826171875e+01 5.593000030517578125e+01 2.848999977111816406e+01
9.000000000000000000e+00 1.383928507566452026e-01 6.594799804687500000e+01 5.664199829101562500e+01 3.168899917602539062e+01
1.200000000000000000e+01 3.258928656578063965e-01 6.438300323486328125e+01 5.440399932861328125e+01 3.430500030517578125e+01
1.800000000000000000e+01 2.098214328289031982e-01 6.726799774169921875e+01 5.222800064086914062e+01 3.533399963378906250e+01
1.800000000000000000e+01 5.803571268916130066e-02 7.087899780273437500e+01 5.125299835205078125e+01 3.421900177001953125e+01
7.000000000000000000e+00 1.785714365541934967e-02 7.257800292968750000e+01 4.789799880981445312e+01 3.358399963378906250e+01
7.000000000000000000e+00 4.464285913854837418e-03 7.444300079345703125e+01 4.825699996948242188e+01 3.686800003051757812e+01
7.000000000000000000e+00 5.357142910361289978e-02 7.131700134277343750e+01 4.911700057983398438e+01 3.882199859619140625e+01
1.500000000000000000e+01 1.607142835855484009e-01 6.909100341796875000e+01 4.643299865722656250e+01 3.720199966430664062e+01
2.200000000000000000e+01 1.294642835855484009e-01 6.939199829101562500e+01 4.356399917602539062e+01 3.989899826049804688e+01
7.000000000000000000e+00 2.232142835855484009e-01 6.733300018310546875e+01 4.050600051879882812e+01 4.079499816894531250e+01
9.000000000000000000e+00 4.419642984867095947e-01 6.385599899291992188e+01 4.070500183105468750e+01 4.254700088500976562e+01
1.100000000000000000e+01 6.830357313156127930e-01 6.024599838256835938e+01 4.158700180053710938e+01 4.205699920654296875e+01
2.000000000000000000e+01 7.723214030265808105e-01 5.942100143432617188e+01 4.491799926757812500e+01 4.039899826049804688e+01
1.300000000000000000e+01 9.017857313156127930e-01 5.607899856567382812e+01 4.681100082397460938e+01 4.002000045776367188e+01
2.200000000000000000e+01 9.196428656578063965e-01 5.518500137329101562e+01 4.952399826049804688e+01 3.744699859619140625e+01
7.000000000000000000e+00 9.330357313156127930e-01 5.222200012207031250e+01 5.171400070190429688e+01 3.825099945068359375e+01
1.100000000000000000e+01 9.241071343421936035e-01 5.085599899291992188e+01 5.346599960327148438e+01 3.524700164794921875e+01
3.000000000000000000e+00 8.258928656578063965e-01 4.852899932861328125e+01 5.655300140380859375e+01 3.606000137329101562e+01
1.800000000000000000e+01 8.526785969734191895e-01 4.590599822998046875e+01 5.565299987792968750e+01 3.347900009155273438e+01
1.300000000000000000e+01 7.633928656578063965e-01 4.316400146484375000e+01 5.753400039672851562e+01 3.519499969482421875e+01
1.700000000000000000e+01 6.205357313156127930e-01 4.522100067138671875e+01 6.070800018310546875e+01 3.468600082397460938e+01
2.000000000000000000e+01 6.071428656578063965e-01 4.538399887084960938e+01 6.002299880981445312e+01 3.091300010681152344e+01
1.900000000000000000e+01 5.669642686843872070e-01 4.155599975585937500e+01 5.979999923706054688e+01 3.078700065612792969e+01
1.300000000000000000e+01 3.571428656578063965e-01 4.104899978637695312e+01 6.292499923706054688e+01 3.302399826049804688e+01
0.000000000000000000e+00 2.276785671710968018e-01 4.331900024414062500e+01 6.495899963378906250e+01 3.071400070190429688e+01
1.200000000000000000e+01 1.830357164144515991e-01 4.116099929809570312e+01 6.403600311279296875e+01 2.758399963378906250e+01
9.000000000000000000e+00 1.339285671710968018e-01 3.784400177001953125e+01 6.451399993896484375e+01 2.957600021362304688e+01
1.100000000000000000e+01 3.125000000000000000e-01 3.692200088500976562e+01 6.082899856567382812e+01 2.983200073242187500e+01
1.700000000000000000e+01 4.464285671710968018e-01 3.570199966430664062e+01 5.906399917602539062e+01 3.307300186157226562e+01
1.600000000000000000e+01 6.875000000000000000e-01 3.753300094604492188e+01 5.570000076293945312e+01 3.324800109863281250e+01
1.500000000000000000e+01 7.991071343421936035e-01 3.700000000000000000e+01 5.248899841308593750e+01 3.489799880981445312e+01
7.000000000000000000e+00 8.794642686843872070e-01 4.203699874877929688e+01 5.361399841308593750e+01 3.899700164794921875e+01
0.000000000000000000e+00 9.821428656578063965e-01 4.728200149536132812e+01 5.000199890136718750e+01 3.572000122070312500e+01
7.000000000000000000e+00 9.955357313156127930e-01 4.978699874877929688e+01 4.808800125122070312e+01 3.791999816894531250e+01
2.200000000000000000e+01 9.776785969734191895e-01 5.221400070190429688e+01 4.558599853515625000e+01 3.622200012207031250e+01
2.200000000000000000e+01 9.642857313156127930e-01 5.416400146484375000e+01 4.317900085449218750e+01 3.857300186157226562e+01
1.500000000000000000e+01 8.660714030265808105e-01 5.710400009155273438e+01 4.098500061035156250e+01 3.754999923706054688e+01
1.800000000000000000e+01 6.919642686843872070e-01 6.036700057983398438e+01 3.913999938964843750e+01 3.841899871826171875e+01
0.000000000000000000e+00 5.401785969734191895e-01 6.347000122070312500e+01 4.042599868774414062e+01 3.658399963378906250e+01
2.000000000000000000e+00 2.857142984867095947e-01 6.638600158691406250e+01 3.833000183105468750e+01 3.577500152587890625e+01
3.000000000000000000e+00 2.767857015132904053e-01 6.486199951171875000e+01 3.485200119018554688e+01 3.675299835205078125e+01
1.700000000000000000e+01 8.928571641445159912e-02 6.712699890136718750e+01 3.257799911499023438e+01 3.463600158691406250e+01
9.000000000000000000e+00 4.464285820722579956e-02 6.980799865722656250e+01 3.534199905395507812e+01 3.373500061035156250e+01
1.600000000000000000e+01 6.696428358554840088e-02 7.015100097656250000e+01 3.883499908447265625e+01 3.234099960327148438e+01
1.000000000000000000e+00 1.875000000000000000e-01 6.731199645996093750e+01 3.996300125122070312e+01 2.988899993896484375e+01
1.000000000000000000e+00 2.455357164144515991e-01 6.634600067138671875e+01 4.317699813842773438e+01 2.813899993896484375e+01
2.000000000000000000e+01 5.133928656578063965e-01 6.267699813842773438e+01 4.394599914550781250e+01 2.865500068664550781e+01
1.800000000000000000e+01 5.892857313156127930e-01 6.032600021362304688e+01 4.598799896240234375e+01 2.644400024414062500e+01
1.100000000000000000e+01 7.767857313156127930e-01 5.663100051879882812e+01 4.637900161743164062e+01 2.736000061035156250e+01
0.000000000000000000e+00 7.857142686843872070e-01 5.366400146484375000e+01 4.731700134277343750e+01 2.522100067138671875e+01
0.000000000000000000e+00 8.839285969734191895e-01 5.061500167846679688e+01 4.842300033569335938e+01 2.700699996948242188e+01
1.200000000000000000e+01 8.169642686843872070e-01 4.744499969482421875e+01 4.906999969482421875e+01 2.490600013732910156e+01
1.200000000000000000e+01 8.392857313156127930e-01 4.485599899291992188e+01 5.116500091552734375e+01 2.676399993896484375e+01
1.700000000000000000e+01 7.544642686843872070e-01 4.118399810791015625e+01 5.210300064086914062e+01 2.648399925231933594e+01
1.600000000000000000e+01 7.098214030265808105e-01 3.853599929809570312e+01 5.357199859619140625e+01 2.895499992370605469e+01
2.000000000000000000e+01 8.035714030265808105e-01 3.717900085449218750e+01 5.025000000000000000e+01 3.028400039672851562e+01
1.700000000000000000e+01 8.883928656578063965e-01 4.011899948120117188e+01 4.787799835205078125e+01 2.918300056457519531e+01
2.000000000000000000e+01 9.508928656578063965e-01 4.390499877929687500e+01 4.739099884033203125e+01 2.899500083923339844e+01
1.700000000000000000e+01 9.419642686843872070e-01 4.639199829101562500e+01 4.490999984741210938e+01 2.767000007629394531e+01
1.800000000000000000e+01 9.598214030265808105e-01 4.988600158691406250e+01 4.454399871826171875e+01 2.887000083923339844e+01
1.800000000000000000e+01 8.616071343421936035e-01 5.228200149536132812e+01 4.225500106811523438e+01 2.682900047302246094e+01
0.000000000000000000e+00 7.946428656578063965e-01 5.601499938964843750e+01 4.181399917602539062e+01 2.741300010681152344e+01
2.200000000000000000e+01 5.714285969734191895e-01 5.890299987792968750e+01 4.132199859619140625e+01 2.492600059509277344e+01
2.200000000000000000e+01 4.553571343421936035e-01 6.177399826049804688e+01 3.952099990844726562e+01 2.664800071716308594e+01
1.800000000000000000e+01 1.562500000000000000e-01 6.535199737548828125e+01 3.879100036621093750e+01 2.520999908447265625e+01
2.000000000000000000e+00 4.017857089638710022e-02 6.898500061035156250e+01 3.855699920654296875e+01 2.637800025939941406e+01
1.600000000000000000e+01 1.339285727590322495e-02 7.162799835205078125e+01 4.147600173950195312e+01 2.602899932861328125e+01
