1 1 14 0 0.0059880239520957446 0 0 27.628 16.701 40.797
1 2 18 0 0.11377245508982048 0 0 28.962 19.977 42.277
1 3 7 0 0.32335329341317365 0 0 28.108 22.926 40.049
1 4 20 0 0.5808383233532934 0 0 29.725 26.335 39.970
1 5 13 0 0.7125748502994012 0 0 28.075 29.236 38.189
1 6 12 0 0.9221556886227544 0 0 31.147 31.111 36.950
1 7 22 0 0.9580838323353293 0 0 30.839 34.622 35.695
1 8 22 0 0.9880239520958084 0 0 33.049 36.206 33.109
1 9 22 0 0.9640718562874252 0 0 33.253 39.950 33.430
1 10 9 0 0.9401197604790419 0 0 35.642 42.361 31.857
1 11 0 0 0.8023952095808383 0 0 35.518 45.229 29.337
1 12 9 0 0.6407185628742516 0 0 34.541 45.039 25.702
1 13 9 0 0.592814371257485 0 0 37.271 43.569 23.576
1 14 22 0 0.8203592814371258 0 0 39.127 41.833 26.328
1 15 9 0 0.8263473053892215 0 0 38.515 38.419 24.905
1 16 13 0 0.9281437125748503 0 0 35.791 37.140 27.209
1 17 17 0 0.8323353293413174 0 0 33.999 34.722 24.886
1 18 0 0 0.7604790419161677 0 0 37.223 33.612 23.276
1 19 12 0 0.8802395209580838 0 0 38.626 32.407 26.643
1 20 18 0 0.8682634730538922 0 0 35.393 30.452 27.165
1 21 11 0 0.6227544910179641 0 0 35.202 29.012 23.716
1 22 6 0 0.5688622754491017 0 0 38.889 28.147 23.804
1 23 12 0 0.6826347305389222 0 0 38.402 26.371 27.159
1 24 11 0 0.4970059880239521 0 0 35.681 23.948 26.047
1 25 6 0 0.28742514970059885 0 0 35.035 24.023 22.347
1 26 2 0 0.27544910179640725 0 0 38.692 24.698 21.666
1 27 10 0 0.21556886227544902 0 0 38.674 27.301 19.009
1 28 15 0 0.3293413173652695 0 0 38.663 31.076 18.500
1 29 22 0 0.2934131736526946 0 0 35.907 33.462 17.484
1 30 3 0 0.09580838323353291 0 0 35.825 35.987 14.610
1 31 7 0 0.13173652694610782 0 0 32.247 36.786 15.352
1 32 20 0 0.24550898203592808 0 0 30.395 38.373 18.222
1 33 3 0 0.2574850299401197 0 0 27.326 36.881 19.817
1 34 16 0 0.3772455089820359 0 0 25.356 37.906 22.810
1 35 18 0 0.5149700598802396 0 0 25.738 34.632 24.713
1 36 11 0 0.3892215568862275 0 0 22.595 35.416 26.741
1 37 7 0 0.14371257485029942 0 0 20.821 32.216 25.724
1 38 3 0 0.281437125748503 0 0 23.748 29.982 24.742
1 39 17 0 0.40718562874251496 0 0 24.722 28.073 27.827
1 40 20 0 0.5449101796407185 0 0 28.262 26.717 28.036
1 41 1 0 0.5269461077844311 0 0 29.425 24.163 30.548
1 42 13 0 0.41916167664670656 0 0 32.055 21.486 31.114
1 43 6 0 0.17365269461077848 0 0 32.277 18.602 33.487
1 44 22 0 0.18562874251497008 0 0 35.856 18.232 34.690
1 45 22 0 0.07784431137724557 0 0 37.899 16.387 37.269
1 46 11 0 0.20359281437125742 0 0 39.569 19.254 39.061
1 47 3 0 0.053892215568862256 0 0 41.963 18.101 41.757
1 48 9 0 0.0 0 0 40.410 14.702 41.967
1 49 7 0 0.0119760479041916 0 0 36.820 15.657 42.461
1 50 18 0 0.03592814371257491 0 0 34.395 15.812 39.630
1 51 5 0 0.15568862275449102 0 0 32.526 19.051 39.186
1 52 12 0 0.37125748502994016 0 0 30.579 21.243 36.814
1 53 12 0 0.6467065868263473 0 0 31.692 24.567 35.502
1 54 3 0 0.6766467065868262 0 0 28.770 26.633 34.131
1 55 11 0 0.8502994011976048 0 0 30.120 29.695 32.403
1 56 12 0 0.8562874251497006 0 0 28.100 32.890 32.326
1 57 3 0 0.8862275449101796 0 0 29.362 35.359 29.725
1 58 18 0 0.8622754491017964 0 0 28.867 39.065 30.179
1 59 0 0 0.6646706586826348 0 0 27.687 40.857 27.125
1 60 9 0 0.437125748502994 0 0 26.293 44.193 26.046
1 61 6 0 0.4251497005988024 0 0 27.052 46.913 28.581
1 62 7 0 0.34730538922155685 0 0 25.508 48.087 31.772
1 63 7 0 0.0718562874251496 0 0 22.092 49.613 31.837
1 64 20 0 0.06586826347305386 0 0 21.345 49.175 35.531
1 65 17 0 0.041916167664670656 0 0 18.472 46.688 34.978
1 66 0 0 0.02395209580838331 0 0 16.997 44.547 37.707
1 67 14 0 0.10778443113772451 0 0 17.794 41.130 36.277
1 68 1 0 0.3532934131736526 0 0 21.312 42.142 35.323
1 69 3 0 0.31137724550898194 0 0 21.919 42.519 39.054
1 70 6 0 0.25149700598802394 0 0 20.429 39.012 39.574
1 71 20 0 0.5329341317365269 0 0 22.771 37.598 36.880
1 72 14 0 0.688622754491018 0 0 25.860 38.301 39.014
1 73 1 0 0.4730538922155688 0 0 23.885 36.919 41.960
1 74 18 0 0.47904191616766467 0 0 23.146 33.699 40.104
1 75 9 0 0.7544910179640718 0 0 26.944 33.594 39.738
1 76 7 0 0.7245508982035929 0 0 29.222 32.147 42.285
1 77 9 0 0.8982035928143712 0 0 32.544 33.462 41.203
1 78 15 0 0.9700598802395209 0 0 34.094 35.818 38.716
1 79 12 0 0.9940119760479041 0 0 36.852 35.950 36.190
1 80 5 0 0.9820359281437125 0 0 37.856 39.638 35.975
1 81 22 0 0.9760479041916168 0 0 39.307 39.802 32.548
1 82 15 0 0.874251497005988 0 0 41.366 42.777 31.352
1 83 0 0 0.7065868263473054 0 0 43.473 43.229 28.243
1 84 11 0 0.5089820359281436 0 0 47.212 44.000 28.379
1 85 2 0 0.26347305389221565 0 0 46.967 46.401 25.392
1 86 2 0 0.35928143712574856 0 0 44.209 48.571 26.801
1 87 18 0 0.23952095808383234 0 0 45.011 50.636 29.856
1 88 13 0 0.3053892215568862 0 0 41.361 51.671 30.326
1 89 17 0 0.5868263473053892 0 0 40.350 48.039 30.280
1 90 15 0 0.6047904191616766 0 0 42.315 47.717 33.494
1 91 7 0 0.4491017964071856 0 0 40.683 50.773 34.886
1 92 3 0 0.5568862275449102 0 0 37.090 49.586 34.317
1 93 11 0 0.7724550898203593 0 0 37.807 46.732 36.664
1 94 10 0 0.5389221556886228 0 0 37.049 48.997 39.613
1 95 10 0 0.5209580838323353 0 0 33.628 49.614 38.233
1 96 20 0 0.7664670658682635 0 0 32.986 45.988 37.797
1 97 1 0 0.7005988023952096 0 0 34.160 45.182 41.279
1 98 7 0 0.44311377245508976 0 0 32.005 47.996 42.662
1 99 6 0 0.5029940119760479 0 0 29.050 46.697 40.737
1 100 11 0 0.6287425149700598 0 0 29.740 43.262 42.116
1 101 13 0 0.4011976047904191 0 0 30.100 44.598 45.705
1 102 1 0 0.16766467065868274 0 0 26.759 46.188 45.422
1 103 22 0 0.2694610778443114 0 0 24.825 43.107 44.438
1 104 13 0 0.3413173652694611 0 0 26.726 40.683 46.684
1 105 3 0 0.10179640718562877 0 0 26.894 42.492 50.048
1 106 17 0 0.13772455089820357 0 0 30.190 40.791 50.756
1 107 7 0 0.29940119760479034 0 0 33.856 41.244 49.985
1 108 3 0 0.3652694610778443 0 0 34.473 37.533 50.354
1 109 22 0 0.6107784431137725 0 0 33.451 36.610 46.833
1 110 16 0 0.7904191616766467 0 0 35.392 34.184 44.778
1 111 14 0 0.9101796407185628 0 0 37.241 35.995 42.085
1 112 22 0 0.9461077844311377 0 0 40.306 35.802 39.761
1 113 12 0 0.9341317365269461 0 0 41.945 38.708 37.887
1 114 22 0 0.9520958083832335 0 0 42.897 37.820 34.374
1 115 9 0 0.844311377245509 0 0 45.298 39.496 32.037
1 116 2 0 0.8383233532934131 0 0 44.046 38.578 28.581
1 117 13 0 0.5988023952095809 0 0 45.265 39.082 25.017
1 118 5 0 0.46706586826347307 0 0 48.829 38.252 26.010
1 119 3 0 0.2335329341317366 0 0 49.417 37.043 22.470
1 120 12 0 0.04790419161676651 0 0 52.381 39.360 21.934
1 121 16 0 0.029940119760479056 0 0 55.017 40.681 24.382
1 122 17 0 0.017964071856287345 0 0 53.979 44.372 24.102
1 123 1 0 0.11976047904191622 0 0 51.748 45.679 26.815
1 124 18 0 0.059880239520958 0 0 50.452 49.144 27.603
1 125 22 0 0.19760479041916168 0 0 49.317 48.019 31.066
1 126 3 0 0.12574850299401197 0 0 52.024 47.766 33.692
1 127 18 0 0.16167664670658677 0 0 52.652 44.192 34.746
1 128 13 0 0.08982035928143717 0 0 53.433 45.275 38.318
1 129 6 0 0.14970059880239517 0 0 50.265 47.270 38.791
1 130 0 0 0.49101796407185627 0 0 48.191 44.236 37.859
1 131 6 0 0.39520958083832336 0 0 49.813 42.082 40.435
1 132 3 0 0.17964071856287422 0 0 49.423 44.959 42.836
1 133 12 0 0.45508982035928147 0 0 45.707 45.358 42.057
1 134 0 0 0.5748502994011976 0 0 45.222 41.614 42.578
1 135 1 0 0.3173652694610779 0 0 46.876 41.987 45.943
1 136 17 0 0.221556886227545 0 0 44.835 45.111 46.740
1 137 20 0 0.4850299401197605 0 0 41.613 43.141 46.172
1 138 9 0 0.4131736526946108 0 0 43.279 40.135 47.759
1 139 11 0 0.658682634730539 0 0 42.781 37.829 44.859
1 140 16 0 0.6946107784431137 0 0 45.010 35.824 42.523
1 141 15 0 0.7784431137724551 0 0 46.252 36.840 39.121
1 142 11 0 0.8083832335329342 0 0 46.804 34.902 35.917
1 143 7 0 0.7485029940119761 0 0 47.944 35.804 32.369
1 144 18 0 0.7844311377245509 0 0 46.140 34.369 29.405
1 145 17 0 0.6167664670658684 0 0 46.144 34.163 25.667
1 146 0 0 0.6706586826347305 0 0 42.965 32.735 24.239
1 147 13 0 0.38323353293413165 0 0 44.620 32.938 20.821
1 148 18 0 0.20958083832335328 0 0 47.824 31.171 21.479
1 149 1 0 0.43113772455089827 0 0 45.996 29.145 24.116
1 150 6 0 0.4610778443113772 0 0 48.274 29.907 27.064
1 151 9 0 0.652694610778443 0 0 46.926 30.162 30.557
1 152 22 0 0.8143712574850299 0 0 43.261 29.643 29.701
1 153 3 0 0.7365269461077844 0 0 42.546 26.516 31.667
1 154 3 0 0.7425149700598803 0 0 44.774 27.943 34.338
1 155 0 0 0.9161676646706587 0 0 42.310 30.780 34.912
1 156 15 0 0.9041916167664671 0 0 39.438 28.372 35.361
1 157 20 0 0.7305389221556886 0 0 41.383 26.061 37.518
1 158 18 0 0.7964071856287425 0 0 42.435 29.051 39.695
1 159 12 0 0.8922155688622755 0 0 38.837 30.271 40.024
1 160 22 0 0.718562874251497 0 0 37.609 26.754 41.055
1 161 1 0 0.5508982035928144 0 0 40.400 26.575 43.543
1 162 7 0 0.6347305389221557 0 0 39.314 29.944 44.855
1 163 11 0 0.562874251497006 0 0 35.780 28.749 45.336
1 164 1 0 0.33532934131736525 0 0 36.928 25.567 47.110
1 165 13 0 0.19161676646706582 0 0 38.862 27.592 49.747
1 166 10 0 0.22754491017964074 0 0 36.449 30.284 50.727
1 167 13 0 0.08383233532934131 0 0 33.281 30.030 52.911
