5.000000000000000000e+00 9.821428358554840088e-02 2.583699989318847656e+01 3.877199935913085938e+01 4.278799819946289062e+01
1.600000000000000000e+01 2.366071492433547974e-01 2.697200012207031250e+01 4.224200057983398438e+01 4.155199813842773438e+01
1.200000000000000000e+01 5.133928656578063965e-01 3.068499946594238281e+01 4.149599838256835938e+01 4.060800170898437500e+01
1.400000000000000000e+01 5.178571343421936035e-01 3.133099937438964844e+01 3.839899826049804688e+01 3.844900131225585938e+01
2.200000000000000000e+01 6.830357313156127930e-01 3.484199905395507812e+01 3.714300155639648438e+01 3.758200073242187500e+01
1.300000000000000000e+01 6.517857313156127930e-01 3.558900070190429688e+01 3.497000122070312500e+01 3.455599975585937500e+01
2.200000000000000000e+01 7.276785969734191895e-01 3.935800170898437500e+01 3.384799957275390625e+01 3.413000106811523438e+01
1.200000000000000000e+01 6.785714030265808105e-01 4.031399917602539062e+01 3.318700027465820312e+01 3.050099945068359375e+01
3.000000000000000000e+00 6.250000000000000000e-01 4.326100158691406250e+01 3.108499908447265625e+01 2.930699920654296875e+01
0.000000000000000000e+00 5.758928656578063965e-01 4.462400054931640625e+01 3.220000076293945312e+01 2.592799949645996094e+01
2.200000000000000000e+01 3.616071343421936035e-01 4.687699890136718750e+01 2.913500022888183594e+01 2.538699913024902344e+01
1.000000000000000000e+00 2.232142835855484009e-01 4.390700149536132812e+01 2.685099983215332031e+01 2.554999923706054688e+01
9.000000000000000000e+00 2.812500000000000000e-01 4.168199920654296875e+01 2.958900070190429688e+01 2.389200019836425781e+01
1.700000000000000000e+01 2.946428656578063965e-01 3.894300079345703125e+01 2.909600067138671875e+01 2.657099914550781250e+01
1.600000000000000000e+01 4.196428656578063965e-01 3.783000183105468750e+01 2.988899993896484375e+01 3.007500076293945312e+01
0.000000000000000000e+00 4.330357015132904053e-01 4.000500106811523438e+01 2.811100006103515625e+01 3.283599853515625000e+01
1.100000000000000000e+01 2.500000000000000000e-01 3.858100128173828125e+01 2.596199989318847656e+01 3.579999923706054688e+01
2.000000000000000000e+00 2.857142984867095947e-01 3.992200088500976562e+01 2.625799942016601562e+01 3.933499908447265625e+01
2.200000000000000000e+01 5.803571343421936035e-01 4.181700134277343750e+01 2.963299942016601562e+01 3.901200103759765625e+01
0.000000000000000000e+00 6.160714030265808105e-01 4.183499908447265625e+01 3.131500053405761719e+01 4.256600189208984375e+01
1.400000000000000000e+01 7.366071343421936035e-01 4.131900024414062500e+01 3.501800155639648438e+01 4.348500061035156250e+01
2.200000000000000000e+01 7.455357313156127930e-01 3.912300109863281250e+01 4.096699905395507812e+01 4.622900009155273438e+01
1.500000000000000000e+01 7.098214030265808105e-01 4.053599929809570312e+01 4.390200042724609375e+01 4.825500106811523438e+01
1.000000000000000000e+00 6.339285969734191895e-01 3.887400054931640625e+01 4.713399887084960938e+01 4.950400161743164062e+01
1.300000000000000000e+01 5.714285969734191895e-01 4.060699844360351562e+01 5.049900054931640625e+01 5.021799850463867188e+01
0.000000000000000000e+00 3.035714328289031982e-01 4.027199935913085938e+01 5.194100189208984375e+01 5.375400161743164062e+01
0.000000000000000000e+00 1.428571492433547974e-01 4.014599990844726562e+01 5.561899948120117188e+01 5.458900070190429688e+01
3.000000000000000000e+00 1.383928507566452026e-01 4.393700027465820312e+01 5.622299957275390625e+01 5.529199981689453125e+01
3.000000000000000000e+00 4.375000000000000000e-01 4.457799911499023438e+01 5.476800155639648438e+01 5.160599899291992188e+01
1.800000000000000000e+01 5.000000000000000000e-01 4.541600036621093750e+01 5.112599945068359375e+01 5.272999954223632812e+01
1.900000000000000000e+01 6.428571343421936035e-01 4.415200042724609375e+01 4.776599884033203125e+01 5.126699829101562500e+01
7.000000000000000000e+00 4.776785671710968018e-01 4.186800003051757812e+01 4.548300170898437500e+01 5.341699981689453125e+01
1.600000000000000000e+01 4.821428656578063965e-01 4.052700042724609375e+01 4.186199951171875000e+01 5.265700149536132812e+01
1.500000000000000000e+01 4.464285671710968018e-01 3.700999832153320312e+01 4.160100173950195312e+01 5.110800170898437500e+01
0.000000000000000000e+00 4.419642984867095947e-01 3.626599884033203125e+01 3.827000045776367188e+01 4.939799880981445312e+01
1.700000000000000000e+01 4.955357015132904053e-01 3.781299972534179688e+01 3.515999984741210938e+01 4.775999832153320312e+01
9.000000000000000000e+00 3.928571343421936035e-01 3.721500015258789062e+01 3.206499862670898438e+01 4.561100006103515625e+01
1.300000000000000000e+01 4.598214328289031982e-01 3.824300003051757812e+01 3.022900009155273438e+01 4.238700103759765625e+01
1.800000000000000000e+01 3.794642984867095947e-01 3.659600067138671875e+01 2.954899978637695312e+01 3.903599929809570312e+01
1.700000000000000000e+01 1.339285671710968018e-01 3.384700012207031250e+01 2.690299987792968750e+01 3.878499984741210938e+01
7.000000000000000000e+00 4.464285820722579956e-02 3.336100006103515625e+01 2.442099952697753906e+01 3.594400024414062500e+01
1.700000000000000000e+01 8.928571641445159912e-02 3.206900024414062500e+01 2.707699966430664062e+01 3.352199935913085938e+01
9.000000000000000000e+00 3.214285671710968018e-01 3.529199981689453125e+01 2.904899978637695312e+01 3.400199890136718750e+01
7.000000000000000000e+00 3.571428656578063965e-01 3.327500152587890625e+01 3.156399917602539062e+01 3.602600097656250000e+01
1.200000000000000000e+01 3.482142984867095947e-01 3.256399917602539062e+01 3.266999816894531250e+01 3.951300048828125000e+01
9.000000000000000000e+00 1.607142835855484009e-01 2.945800018310546875e+01 3.439599990844726562e+01 4.413700103759765625e+01
1.200000000000000000e+01 3.437500000000000000e-01 3.219599914550781250e+01 3.672999954223632812e+01 4.546400070190429688e+01
1.800000000000000000e+01 2.187500000000000000e-01 2.994899940490722656e+01 3.923500061035156250e+01 4.738100051879882812e+01
1.800000000000000000e+01 6.250000000000000000e-02 2.640699958801269531e+01 4.024000167846679688e+01 4.824399948120117188e+01
7.000000000000000000e+00 2.678571455180644989e-02 2.472500038146972656e+01 4.350600051879882812e+01 4.716400146484375000e+01
7.000000000000000000e+00 4.464285913854837418e-03 2.406500053405761719e+01 4.407899856567382812e+01 5.095999908447265625e+01
7.000000000000000000e+00 5.357142910361289978e-02 2.793400001525878906e+01 4.393399810791015625e+01 5.151100158691406250e+01
1.500000000000000000e+01 1.785714328289031982e-01 2.890200042724609375e+01 4.553799819946289062e+01 4.822200012207031250e+01
2.200000000000000000e+01 1.116071417927742004e-01 2.891699981689453125e+01 4.919599914550781250e+01 4.915299987792968750e+01
7.000000000000000000e+00 2.142857164144515991e-01 3.048800086975097656e+01 5.219699859619140625e+01 4.738100051879882812e+01
9.000000000000000000e+00 4.241071343421936035e-01 3.427500152587890625e+01 5.264199829101562500e+01 4.727099990844726562e+01
1.100000000000000000e+01 6.562500000000000000e-01 3.751300048828125000e+01 5.156900024414062500e+01 4.568099975585937500e+01
2.000000000000000000e+01 7.678571343421936035e-01 3.827799987792968750e+01 4.787099838256835938e+01 4.528099822998046875e+01
1.300000000000000000e+01 9.062500000000000000e-01 4.087400054931640625e+01 4.564099884033203125e+01 4.351499938964843750e+01
2.200000000000000000e+01 9.196428656578063965e-01 4.069699859619140625e+01 4.205899810791015625e+01 4.234899902343750000e+01
7.000000000000000000e+00 9.330357313156127930e-01 4.397299957275390625e+01 4.007099914550781250e+01 4.258200073242187500e+01
1.100000000000000000e+01 8.973214030265808105e-01 4.372000122070312500e+01 3.683900070190429688e+01 4.054999923706054688e+01
3.000000000000000000e+00 8.258928656578063965e-01 4.622999954223632812e+01 3.405699920654296875e+01 4.107799911499023438e+01
1.800000000000000000e+01 8.303571343421936035e-01 4.819499969482421875e+01 3.356800079345703125e+01 3.790200042724609375e+01
1.300000000000000000e+01 7.500000000000000000e-01 5.165999984741210938e+01 3.262900161743164062e+01 3.931100082397460938e+01
1.700000000000000000e+01 5.892857313156127930e-01 5.012200164794921875e+01 2.956500053405761719e+01 4.096400070190429688e+01
2.000000000000000000e+01 5.937500000000000000e-01 4.832099914550781250e+01 2.869099998474121094e+01 3.753200149536132812e+01
1.900000000000000000e+01 5.401785969734191895e-01 5.152899932861328125e+01 2.849900054931640625e+01 3.548500061035156250e+01
1.300000000000000000e+01 3.348214328289031982e-01 5.334400177001953125e+01 2.647800064086914062e+01 3.826300048828125000e+01
0.000000000000000000e+00 2.098214328289031982e-01 5.057799911499023438e+01 2.391500091552734375e+01 3.827799987792968750e+01
1.200000000000000000e+01 1.875000000000000000e-01 5.103099822998046875e+01 2.349600028991699219e+01 3.444800186157226562e+01
9.000000000000000000e+00 1.071428582072257996e-01 5.484600067138671875e+01 2.351300048828125000e+01 3.454700088500976562e+01
1.100000000000000000e+01 3.258928656578063965e-01 5.536199951171875000e+01 2.703499984741210938e+01 3.303400039672851562e+01
1.700000000000000000e+01 4.687500000000000000e-01 5.738899993896484375e+01 3.001099967956542969e+01 3.405099868774414062e+01
1.600000000000000000e+01 6.875000000000000000e-01 5.534899902343750000e+01 3.288700103759765625e+01 3.568199920654296875e+01
1.500000000000000000e+01 7.901785969734191895e-01 5.647499847412109375e+01 3.656100082397460938e+01 3.520800018310546875e+01
7.000000000000000000e+00 8.883928656578063965e-01 5.261700057983398438e+01 3.767599868774414062e+01 4.049399948120117188e+01
0.000000000000000000e+00 9.776785969734191895e-01 4.660599899291992188e+01 3.975299835205078125e+01 3.709999847412109375e+01
7.000000000000000000e+00 9.955357313156127930e-01 4.531200027465820312e+01 4.267300033569335938e+01 3.918399810791015625e+01
2.200000000000000000e+01 9.821428656578063965e-01 4.260900115966796875e+01 4.527999877929687500e+01 3.839500045776367188e+01
2.200000000000000000e+01 9.508928656578063965e-01 4.152899932861328125e+01 4.836700057983398438e+01 4.059199905395507812e+01
1.500000000000000000e+01 8.526785969734191895e-01 3.814799880981445312e+01 5.018600082397460938e+01 4.029600143432617188e+01
1.800000000000000000e+01 6.607142686843872070e-01 3.580699920654296875e+01 5.280400085449218750e+01 4.185200119018554688e+01
0.000000000000000000e+00 5.535714030265808105e-01 3.252700042724609375e+01 5.076200103759765625e+01 4.221799850463867188e+01
2.000000000000000000e+00 2.723214328289031982e-01 2.906599998474121094e+01 5.236100006103515625e+01 4.243999862670898438e+01
3.000000000000000000e+00 2.455357164144515991e-01 3.029100036621093750e+01 5.592699813842773438e+01 4.165200042724609375e+01
1.700000000000000000e+01 1.160714253783226013e-01 2.755999946594238281e+01 5.629499816894531250e+01 3.887799835205078125e+01
9.000000000000000000e+00 3.571428731083869934e-02 2.479500007629394531e+01 5.493999862670898438e+01 4.111100006103515625e+01
1.600000000000000000e+01 8.035714179277420044e-02 2.502199935913085938e+01 5.116299819946289062e+01 4.191899871826171875e+01
1.000000000000000000e+00 1.919642835855484009e-01 2.587199974060058594e+01 4.871400070190429688e+01 3.913499832153320312e+01
1.000000000000000000e+00 2.633928656578063965e-01 2.666099929809570312e+01 4.511199951171875000e+01 3.842100143432617188e+01
2.000000000000000000e+01 5.267857313156127930e-01 3.002799987792968750e+01 4.424300003051757812e+01 3.679399871826171875e+01
1.800000000000000000e+01 6.383928656578063965e-01 3.181299972534179688e+01 4.145800018310546875e+01 3.476499938964843750e+01
1.100000000000000000e+01 8.169642686843872070e-01 3.556299972534179688e+01 4.122100067138671875e+01 3.508900070190429688e+01
0.000000000000000000e+00 8.214285969734191895e-01 3.728099822998046875e+01 3.908000183105468750e+01 3.229299926757812500e+01
0.000000000000000000e+00 9.151785969734191895e-01 4.104299926757812500e+01 3.868299865722656250e+01 3.216799926757812500e+01
1.200000000000000000e+01 8.348214030265808105e-01 4.261100006103515625e+01 3.675999832153320312e+01 2.938400077819824219e+01
1.200000000000000000e+01 8.571428656578063965e-01 4.595000076293945312e+01 3.541999816894531250e+01 3.070000076293945312e+01
1.700000000000000000e+01 7.812500000000000000e-01 4.931700134277343750e+01 3.447800064086914062e+01 2.902099990844726562e+01
1.600000000000000000e+01 7.142857313156127930e-01 5.280099868774414062e+01 3.374000167846679688e+01 3.052300071716308594e+01
2.000000000000000000e+01 8.125000000000000000e-01 5.437300109863281250e+01 3.729800033569335938e+01 2.988100051879882812e+01
1.700000000000000000e+01 8.928571343421936035e-01 5.121799850463867188e+01 3.921400070190429688e+01 2.906100082397460938e+01
2.000000000000000000e+01 9.598214030265808105e-01 4.774000167846679688e+01 3.973699951171875000e+01 3.048299980163574219e+01
1.700000000000000000e+01 9.375000000000000000e-01 4.465900039672851562e+01 4.158200073242187500e+01 2.914500045776367188e+01
1.800000000000000000e+01 9.687500000000000000e-01 4.184700012207031250e+01 4.274800109863281250e+01 3.144899940490722656e+01
1.800000000000000000e+01 8.616071343421936035e-01 3.818299865722656250e+01 4.361299896240234375e+01 3.017399978637695312e+01
0.000000000000000000e+00 7.991071343421936035e-01 3.534600067138671875e+01 4.489300155639648438e+01 3.252199935913085938e+01
2.200000000000000000e+01 6.116071343421936035e-01 3.158799934387207031e+01 4.510200119018554688e+01 3.150600051879882812e+01
2.200000000000000000e+01 4.553571343421936035e-01 2.911000061035156250e+01 4.725500106811523438e+01 3.340999984741210938e+01
1.800000000000000000e+01 1.696428507566452026e-01 2.534099960327148438e+01 4.642499923706054688e+01 3.358200073242187500e+01
2.000000000000000000e+00 4.017857089638710022e-02 2.268700027465820312e+01 4.884799957275390625e+01 3.512099838256835938e+01
1.600000000000000000e+01 8.928571827709674835e-03 2.039299964904785156e+01 4.685100173950195312e+01 3.767200088500976562e+01
5.000000000000000000e+00 1.205357164144515991e-01 6.779399871826171875e+01 4.978900146484375000e+01 2.791399955749511719e+01
1.600000000000000000e+01 2.321428507566452026e-01 6.748799896240234375e+01 4.726900100708007812e+01 3.075099945068359375e+01
1.200000000000000000e+01 5.044642686843872070e-01 6.391899871826171875e+01 4.833900070190429688e+01 3.127199935913085938e+01
1.400000000000000000e+01 5.223214030265808105e-01 6.179100036621093750e+01 5.056100082397460938e+01 2.885000038146972656e+01
2.200000000000000000e+01 7.008928656578063965e-01 5.805599975585937500e+01 5.135200119018554688e+01 2.929100036621093750e+01
1.300000000000000000e+01 6.651785969734191895e-01 5.570100021362304688e+01 5.257799911499023438e+01 2.649600028991699219e+01
2.200000000000000000e+01 7.410714030265808105e-01 5.202899932861328125e+01 5.341299819946289062e+01 2.665800094604492188e+01
1.200000000000000000e+01 6.741071343421936035e-01 4.961800003051757812e+01 5.279000091552734375e+01 2.383200073242187500e+01
3.000000000000000000e+00 6.294642686843872070e-01 4.615299987792968750e+01 5.435599899291992188e+01 2.327300071716308594e+01
0.000000000000000000e+00 5.491071343421936035e-01 4.343000030517578125e+01 5.247100067138671875e+01 2.139299964904785156e+01
2.200000000000000000e+01 3.660714328289031982e-01 4.080599975585937500e+01 5.524300003051757812e+01 2.132600021362304688e+01
1.000000000000000000e+00 2.053571492433547974e-01 4.298799896240234375e+01 5.756600189208984375e+01 1.921500015258789062e+01
9.000000000000000000e+00 2.544642984867095947e-01 4.488399887084960938e+01 5.453699874877929688e+01 1.777099990844726562e+01
1.700000000000000000e+01 2.901785671710968018e-01 4.858200073242187500e+01 5.545800018310546875e+01 1.878400039672851562e+01
1.600000000000000000e+01 4.285714328289031982e-01 5.147399902343750000e+01 5.540200042724609375e+01 2.127000045776367188e+01
0.000000000000000000e+00 4.910714328289031982e-01 5.037200164794921875e+01 5.787300109863281250e+01 2.398399925231933594e+01
1.100000000000000000e+01 2.767857015132904053e-01 5.154700088500976562e+01 6.146300125122070312e+01 2.490600013732910156e+01
2.000000000000000000e+00 3.080357015132904053e-01 5.164099884033203125e+01 6.289799880981445312e+01 2.838500022888183594e+01
2.200000000000000000e+01 6.026785969734191895e-01 5.104199981689453125e+01 5.968999862670898438e+01 3.031299972534179688e+01
0.000000000000000000e+00 6.473214030265808105e-01 5.280099868774414062e+01 5.940399932861328125e+01 3.371099853515625000e+01
1.400000000000000000e+01 7.187500000000000000e-01 5.437699890136718750e+01 5.662799835205078125e+01 3.559199905395507812e+01
2.200000000000000000e+01 7.232142686843872070e-01 5.855599975585937500e+01 5.220399856567382812e+01 3.851699829101562500e+01
1.500000000000000000e+01 6.964285969734191895e-01 5.918399810791015625e+01 5.046099853515625000e+01 4.186299896240234375e+01
1.000000000000000000e+00 6.071428656578063965e-01 6.163700103759765625e+01 4.782199859619140625e+01 4.296300125122070312e+01
1.300000000000000000e+01 5.357142686843872070e-01 6.111199951171875000e+01 4.531299972534179688e+01 4.594499969482421875e+01
0.000000000000000000e+00 2.410714328289031982e-01 6.369599914550781250e+01 4.569499969482421875e+01 4.883800125122070312e+01
0.000000000000000000e+00 8.482142537832260132e-02 6.492199707031250000e+01 4.296799850463867188e+01 5.147399902343750000e+01
3.000000000000000000e+00 9.375000000000000000e-02 6.196099853515625000e+01 4.320199966430664062e+01 5.400500106811523438e+01
3.000000000000000000e+00 3.392857015132904053e-01 5.958300018310546875e+01 4.318600082397460938e+01 5.114500045776367188e+01
1.800000000000000000e+01 4.017857015132904053e-01 5.875699996948242188e+01 4.690399932861328125e+01 5.077999877929687500e+01
1.900000000000000000e+01 5.669642686843872070e-01 5.861500167846679688e+01 4.887200164794921875e+01 4.748199844360351562e+01
7.000000000000000000e+00 4.062500000000000000e-01 6.117300033569335938e+01 5.161800003051757812e+01 4.663700103759765625e+01
1.600000000000000000e+01 5.089285969734191895e-01 6.005500030517578125e+01 5.415900039672851562e+01 4.376499938964843750e+01
1.500000000000000000e+01 3.169642984867095947e-01 6.361399841308593750e+01 5.438199996948242188e+01 4.236500167846679688e+01
0.000000000000000000e+00 3.973214328289031982e-01 6.234899902343750000e+01 5.568899917602539062e+01 3.897999954223632812e+01
1.700000000000000000e+01 4.866071343421936035e-01 5.959600067138671875e+01 5.791500091552734375e+01 3.755599975585937500e+01
9.000000000000000000e+00 3.839285671710968018e-01 5.838100051879882812e+01 6.012099838256835938e+01 3.473099899291992188e+01
1.300000000000000000e+01 4.151785671710968018e-01 5.610699844360351562e+01 6.083399963378906250e+01 3.178199958801269531e+01
1.800000000000000000e+01 3.883928656578063965e-01 5.590599822998046875e+01 5.965000152587890625e+01 2.808099937438964844e+01
1.700000000000000000e+01 1.517857164144515991e-01 5.722299957275390625e+01 6.136700057983398438e+01 2.493099975585937500e+01
7.000000000000000000e+00 7.142857462167739868e-02 5.540999984741210938e+01 6.210300064086914062e+01 2.163299942016601562e+01
1.700000000000000000e+01 1.250000000000000000e-01 5.623500061035156250e+01 5.851800155639648438e+01 2.039100074768066406e+01
9.000000000000000000e+00 3.750000000000000000e-01 5.472800064086914062e+01 5.705799865722656250e+01 2.353400039672851562e+01
7.000000000000000000e+00 3.705357015132904053e-01 5.806100082397460938e+01 5.618099975585937500e+01 2.518600082397460938e+01
1.200000000000000000e+01 4.107142984867095947e-01 5.975600051879882812e+01 5.670000076293945312e+01 2.864100074768066406e+01
9.000000000000000000e+00 1.026785746216773987e-01 6.645999908447265625e+01 5.656900024414062500e+01 3.110000038146972656e+01
1.200000000000000000e+01 2.991071343421936035e-01 6.476699829101562500e+01 5.465999984741210938e+01 3.387500000000000000e+01
1.800000000000000000e+01 1.741071492433547974e-01 6.773100280761718750e+01 5.254800033569335938e+01 3.527899932861328125e+01
1.800000000000000000e+01 2.232142910361289978e-02 7.140499877929687500e+01 5.156399917602539062e+01 3.481200027465820312e+01
7.000000000000000000e+00 1.785714365541934967e-02 7.301000213623046875e+01 4.814599990844726562e+01 3.422399902343750000e+01
7.000000000000000000e+00 0.000000000000000000e+00 7.463700103759765625e+01 4.831999969482421875e+01 3.772000122070312500e+01
7.000000000000000000e+00 5.803571268916130066e-02 7.114099884033203125e+01 4.929600143432617188e+01 3.924000167846679688e+01
1.500000000000000000e+01 1.830357164144515991e-01 6.894699859619140625e+01 4.690999984741210938e+01 3.745100021362304688e+01
2.200000000000000000e+01 1.473214328289031982e-01 6.916100311279296875e+01 4.375899887084960938e+01 3.958900070190429688e+01
7.000000000000000000e+00 2.276785671710968018e-01 6.742500305175781250e+01 4.035900115966796875e+01 4.024900054931640625e+01
9.000000000000000000e+00 4.508928656578063965e-01 6.403099822998046875e+01 4.065200042724609375e+01 4.204700088500976562e+01
1.100000000000000000e+01 6.696428656578063965e-01 6.054899978637695312e+01 4.194800186157226562e+01 4.165000152587890625e+01
2.000000000000000000e+01 7.723214030265808105e-01 5.963499832153320312e+01 4.520500183105468750e+01 3.997200012207031250e+01
1.300000000000000000e+01 8.839285969734191895e-01 5.640900039672851562e+01 4.705500030517578125e+01 3.972100067138671875e+01
2.200000000000000000e+01 9.241071343421936035e-01 5.531600189208984375e+01 4.954899978637695312e+01 3.699200057983398438e+01
7.000000000000000000e+00 9.285714030265808105e-01 5.228900146484375000e+01 5.183200073242187500e+01 3.781800079345703125e+01
1.100000000000000000e+01 9.017857313156127930e-01 5.065000152587890625e+01 5.414799880981445312e+01 3.525299835205078125e+01
3.000000000000000000e+00 8.035714030265808105e-01 4.836100006103515625e+01 5.720600128173828125e+01 3.606700134277343750e+01
1.800000000000000000e+01 8.392857313156127930e-01 4.578599929809570312e+01 5.597100067138671875e+01 3.331999969482421875e+01
1.300000000000000000e+01 7.589285969734191895e-01 4.264899826049804688e+01 5.744599914550781250e+01 3.484700012207031250e+01
1.700000000000000000e+01 5.982142686843872070e-01 4.397900009155273438e+01 6.099000167846679688e+01 3.490499877929687500e+01
2.000000000000000000e+01 5.580357313156127930e-01 4.510900115966796875e+01 6.089400100708007812e+01 3.120000076293945312e+01
1.900000000000000000e+01 5.312500000000000000e-01 4.145899963378906250e+01 6.008000183105468750e+01 3.033799934387207031e+01
1.300000000000000000e+01 3.526785671710968018e-01 4.010499954223632812e+01 6.270600128173828125e+01 3.280599975585937500e+01
0.000000000000000000e+00 2.008928507566452026e-01 4.222299957275390625e+01 6.532700347900390625e+01 3.109199905395507812e+01
1.200000000000000000e+01 1.562500000000000000e-01 4.045100021362304688e+01 6.449600219726562500e+01 2.783200073242187500e+01
9.000000000000000000e+00 1.294642835855484009e-01 3.704700088500976562e+01 6.414800262451171875e+01 2.962899971008300781e+01
1.100000000000000000e+01 3.303571343421936035e-01 3.656299972534179688e+01 6.041999816894531250e+01 2.927400016784667969e+01
1.700000000000000000e+01 4.732142984867095947e-01 3.536500167846679688e+01 5.819699859619140625e+01 3.226200103759765625e+01
1.600000000000000000e+01 6.919642686843872070e-01 3.697900009155273438e+01 5.485699844360351562e+01 3.271300125122070312e+01
1.500000000000000000e+01 7.544642686843872070e-01 3.585800170898437500e+01 5.201100158691406250e+01 3.501499938964843750e+01
7.000000000000000000e+00 8.750000000000000000e-01 4.165100097656250000e+01 5.334999847412109375e+01 3.836500167846679688e+01
0.000000000000000000e+00 9.732142686843872070e-01 4.711100006103515625e+01 5.027000045776367188e+01 3.536100006103515625e+01
7.000000000000000000e+00 9.866071343421936035e-01 4.943099975585937500e+01 4.865700149536132812e+01 3.800799942016601562e+01
2.200000000000000000e+01 9.910714030265808105e-01 5.166699981689453125e+01 4.571200180053710938e+01 3.688399887084960938e+01
2.200000000000000000e+01 9.553571343421936035e-01 5.410900115966796875e+01 4.354600143432617188e+01 3.909099960327148438e+01
1.500000000000000000e+01 8.705357313156127930e-01 5.659600067138671875e+01 4.098199844360351562e+01 3.786000061035156250e+01
1.800000000000000000e+01 7.053571343421936035e-01 5.966199874877929688e+01 3.867100143432617188e+01 3.848600006103515625e+01
0.000000000000000000e+00 5.848214030265808105e-01 6.278099822998046875e+01 3.994499969482421875e+01 3.668199920654296875e+01
2.000000000000000000e+00 3.125000000000000000e-01 6.601599884033203125e+01 3.834500122070312500e+01 3.566600036621093750e+01
3.000000000000000000e+00 2.678571343421936035e-01 6.511799621582031250e+01 3.490900039672851562e+01 3.683300018310546875e+01
1.700000000000000000e+01 6.696428358554840088e-02 6.810399627685546875e+01 3.281600189208984375e+01 3.534500122070312500e+01
9.000000000000000000e+00 4.910714179277420044e-02 7.015699768066406250e+01 3.608499908447265625e+01 3.526900100708007812e+01
1.600000000000000000e+01 7.589285820722579956e-02 7.014800262451171875e+01 3.945899963378906250e+01 3.338199996948242188e+01
1.000000000000000000e+00 1.964285671710968018e-01 6.761900329589843750e+01 4.038000106811523438e+01 3.065900039672851562e+01
1.000000000000000000e+00 2.589285671710968018e-01 6.641300201416015625e+01 4.346599960327148438e+01 2.880100059509277344e+01
2.000000000000000000e+01 5.446428656578063965e-01 6.264099884033203125e+01 4.416199874877929688e+01 2.904899978637695312e+01
1.800000000000000000e+01 6.205357313156127930e-01 6.022600173950195312e+01 4.631399917602539062e+01 2.702000045776367188e+01
1.100000000000000000e+01 7.946428656578063965e-01 5.690999984741210938e+01 4.678499984741210938e+01 2.872900009155273438e+01
0.000000000000000000e+00 8.080357313156127930e-01 5.418999862670898438e+01 4.787699890136718750e+01 2.646100044250488281e+01
0.000000000000000000e+00 9.107142686843872070e-01 5.064799880981445312e+01 4.869300079345703125e+01 2.794899940490722656e+01
1.200000000000000000e+01 8.437500000000000000e-01 4.754199981689453125e+01 4.936199951171875000e+01 2.565299987792968750e+01
1.200000000000000000e+01 8.482142686843872070e-01 4.485100173950195312e+01 5.155199813842773438e+01 2.719700050354003906e+01
1.700000000000000000e+01 7.633928656578063965e-01 4.107699966430664062e+01 5.190800094604492188e+01 2.652499961853027344e+01
1.600000000000000000e+01 7.321428656578063965e-01 3.828200149536132812e+01 5.275500106811523438e+01 2.910300064086914062e+01
2.000000000000000000e+01 7.857142686843872070e-01 3.683100128173828125e+01 4.922900009155273438e+01 2.985300064086914062e+01
1.700000000000000000e+01 8.794642686843872070e-01 4.006100082397460938e+01 4.733800125122070312e+01 2.905400085449218750e+01
2.000000000000000000e+01 9.464285969734191895e-01 4.390100097656250000e+01 4.736800003051757812e+01 2.914299964904785156e+01
1.700000000000000000e+01 9.419642686843872070e-01 4.654100036621093750e+01 4.484799957275390625e+01 2.804700088500976562e+01
1.800000000000000000e+01 9.642857313156127930e-01 5.023699951171875000e+01 4.469300079345703125e+01 2.937800025939941406e+01
1.800000000000000000e+01 8.660714030265808105e-01 5.286800003051757812e+01 4.276800155639648438e+01 2.732399940490722656e+01
0.000000000000000000e+00 7.767857313156127930e-01 5.654299926757812500e+01 4.218399810791015625e+01 2.776499938964843750e+01
2.200000000000000000e+01 5.625000000000000000e-01 5.924800109863281250e+01 4.132500076293945312e+01 2.521599960327148438e+01
2.200000000000000000e+01 4.642857015132904053e-01 6.220700073242187500e+01 3.988700103759765625e+01 2.694400024414062500e+01
1.800000000000000000e+01 1.651785671710968018e-01 6.576899719238281250e+01 4.000799942016601562e+01 2.537100028991699219e+01
2.000000000000000000e+00 3.125000000000000000e-02 6.935700225830078125e+01 3.869200134277343750e+01 2.639999961853027344e+01
1.600000000000000000e+01 1.339285727590322495e-02 7.211900329589843750e+01 4.131200027465820312e+01 2.691300010681152344e+01
