1 1 14 0 0.0059880239520957446 0 0 14.600 23.789 40.437
1 2 18 0 0.09580838323353291 0 0 16.879 26.750 40.605
1 3 7 0 0.3053892215568862 0 0 18.473 28.965 37.925
1 4 20 0 0.5688622754491017 0 0 21.213 31.456 38.688
1 5 13 0 0.7245508982035929 0 0 22.252 34.026 36.112
1 6 12 0 0.9161676646706587 0 0 26.039 34.624 36.237
1 7 22 0 0.9520958083832335 0 0 28.143 37.256 34.399
1 8 22 0 0.9880239520958084 0 0 31.827 36.718 33.750
1 9 22 0 0.9700598802395209 0 0 33.465 40.037 34.132
1 10 9 0 0.9281437125748503 0 0 36.985 41.284 33.569
1 11 0 0 0.7904191616766467 0 0 39.306 42.718 31.007
1 12 9 0 0.6467065868263473 0 0 40.456 41.267 27.748
1 13 9 0 0.5868263473053892 0 0 42.823 38.292 27.708
1 14 22 0 0.8143712574850299 0 0 42.131 36.774 31.177
1 15 9 0 0.8263473053892215 0 0 40.220 33.777 29.736
1 16 13 0 0.9401197604790419 0 0 36.611 34.583 30.553
1 17 17 0 0.8323353293413174 0 0 35.335 32.281 27.858
1 18 0 0 0.7784431137724551 0 0 37.756 29.552 28.773
1 19 12 0 0.8982035928143712 0 0 36.171 29.263 32.217
1 20 18 0 0.8682634730538922 0 0 32.769 28.812 30.770
1 21 11 0 0.6047904191616766 0 0 33.743 26.381 27.939
1 22 6 0 0.5808383233532934 0 0 35.653 24.279 30.439
1 23 12 0 0.652694610778443 0 0 32.751 23.784 32.844
1 24 11 0 0.45508982035928147 0 0 30.307 22.532 30.231
1 25 6 0 0.221556886227545 0 0 32.233 21.147 27.273
1 26 2 0 0.20958083832335328 0 0 35.269 19.890 29.272
1 27 10 0 0.20359281437125742 0 0 37.218 21.766 26.630
1 28 15 0 0.35928143712574856 0 0 39.574 24.747 26.214
1 29 22 0 0.31137724550898194 0 0 38.962 27.303 23.454
1 30 3 0 0.13173652694610782 0 0 41.844 28.923 21.678
1 31 7 0 0.11976047904191622 0 0 39.869 31.055 19.283
1 32 20 0 0.27544910179640725 0 0 37.973 34.163 20.423
1 33 3 0 0.17365269461077848 0 0 34.454 34.432 19.046
1 34 16 0 0.2934131736526946 0 0 32.239 37.393 20.205
1 35 18 0 0.41916167664670656 0 0 29.768 34.904 21.784
1 36 11 0 0.16766467065868274 0 0 26.972 37.077 20.345
1 37 7 0 0.07784431137724557 0 0 24.130 34.623 19.773
1 38 3 0 0.18562874251497008 0 0 25.312 31.725 21.801
1 39 17 0 0.4131736526946108 0 0 24.057 31.548 25.329
1 40 20 0 0.5508982035928144 0 0 25.926 29.075 27.478
1 41 1 0 0.5209580838323353 0 0 24.598 27.114 30.440
1 42 13 0 0.47904191616766467 0 0 25.367 24.245 32.772
1 43 6 0 0.19161676646706582 0 0 22.937 21.914 34.534
1 44 22 0 0.2335329341317366 0 0 24.738 20.829 37.628
1 45 22 0 0.10179640718562877 0 0 24.237 19.270 41.074
1 46 11 0 0.19760479041916168 0 0 25.537 21.661 43.696
1 47 3 0 0.053892215568862256 0 0 25.364 20.664 47.350
1 48 9 0 0.0 0 0 22.755 18.045 46.729
1 49 7 0 0.0119760479041916 0 0 20.430 20.133 44.602
1 50 18 0 0.041916167664670656 0 0 20.244 20.726 40.854
1 51 5 0 0.26347305389221565 0 0 21.254 24.226 39.678
1 52 12 0 0.3772455089820359 0 0 21.048 25.739 36.197
1 53 12 0 0.658682634730539 0 0 23.842 28.174 35.621
1 54 3 0 0.6826347305389222 0 0 23.264 30.716 32.896
1 55 11 0 0.8622754491017964 0 0 26.610 32.174 32.150
1 56 12 0 0.8383233532934131 0 0 26.584 35.564 30.385
1 57 3 0 0.874251497005988 0 0 29.882 36.123 28.599
1 58 18 0 0.844311377245509 0 0 31.343 39.599 28.434
1 59 0 0 0.6107784431137725 0 0 32.711 40.634 25.100
1 60 9 0 0.4491017964071856 0 0 34.827 43.550 23.993
1 61 6 0 0.38323353293413165 0 0 35.626 46.942 25.567
1 62 7 0 0.37125748502994016 0 0 33.057 48.944 27.572
1 63 7 0 0.11377245508982048 0 0 30.525 50.717 25.462
1 64 20 0 0.06586826347305386 0 0 29.166 53.080 28.035
1 65 17 0 0.03592814371257491 0 0 25.485 52.386 27.409
1 66 0 0 0.029940119760479056 0 0 22.353 51.717 29.302
1 67 14 0 0.0718562874251496 0 0 21.974 48.508 27.457
1 68 1 0 0.34730538922155685 0 0 25.195 47.380 29.036
1 69 3 0 0.33532934131736525 0 0 24.258 48.448 32.454
1 70 6 0 0.24550898203592808 0 0 21.113 46.366 31.885
1 71 20 0 0.5029940119760479 0 0 23.356 43.463 30.901
1 72 14 0 0.6766467065868262 0 0 25.083 43.941 34.293
1 73 1 0 0.49101796407185627 0 0 21.656 43.928 35.947
1 74 18 0 0.5149700598802396 0 0 20.822 40.610 34.214
1 75 9 0 0.7724550898203593 0 0 23.358 38.927 36.390
1 76 7 0 0.7125748502994012 0 0 22.596 37.579 39.843
1 77 9 0 0.8922155688622755 0 0 26.222 36.951 40.798
1 78 15 0 0.9640718562874252 0 0 29.488 38.028 39.133
1 79 12 0 0.9940119760479041 0 0 32.892 36.609 38.569
1 80 5 0 0.9820359281437125 0 0 35.658 39.208 38.718
1 81 22 0 0.9760479041916168 0 0 38.322 37.689 36.422
1 82 15 0 0.8802395209580838 0 0 41.880 38.867 36.146
1 83 0 0 0.7425149700598803 0 0 44.983 37.113 34.842
1 84 11 0 0.5269461077844311 0 0 47.773 36.385 37.251
1 85 2 0 0.29940119760479034 0 0 50.337 37.192 34.638
1 86 2 0 0.3532934131736526 0 0 48.951 40.562 33.492
1 87 18 0 0.2694610778443114 0 0 48.946 43.526 35.887
1 88 13 0 0.3293413173652695 0 0 46.582 45.677 33.903
1 89 17 0 0.6287425149700598 0 0 43.724 43.247 34.344
1 90 15 0 0.5988023952095809 0 0 44.176 43.275 38.117
1 91 7 0 0.4251497005988024 0 0 44.270 47.006 38.330
1 92 3 0 0.562874251497006 0 0 40.948 47.025 36.484
1 93 11 0 0.7544910179640718 0 0 39.216 45.035 39.164
1 94 10 0 0.5329341317365269 0 0 38.456 48.033 41.338
1 95 10 0 0.5089820359281436 0 0 36.545 49.540 38.431
1 96 20 0 0.7844311377245509 0 0 34.501 46.392 37.977
1 97 1 0 0.718562874251497 0 0 33.530 46.288 41.600
1 98 7 0 0.46706586826347307 0 0 32.533 49.895 41.153
1 99 6 0 0.5449101796407185 0 0 30.389 49.081 38.208
1 100 11 0 0.6946107784431137 0 0 28.755 46.016 39.821
1 101 13 0 0.4610778443113772 0 0 28.091 48.210 42.806
1 102 1 0 0.23952095808383234 0 0 26.748 51.025 40.674
1 103 22 0 0.3652694610778443 0 0 24.309 48.759 38.841
1 104 13 0 0.32335329341317365 0 0 22.820 47.011 41.834
1 105 3 0 0.08383233532934131 0 0 22.697 49.913 44.296
1 106 17 0 0.15568862275449102 0 0 24.416 47.599 46.671
1 107 7 0 0.28742514970059885 0 0 27.922 46.893 47.873
1 108 3 0 0.3892215568862275 0 0 26.980 43.419 49.129
1 109 22 0 0.592814371257485 0 0 26.499 42.012 45.628
1 110 16 0 0.7664670658682635 0 0 27.502 38.350 45.411
1 111 14 0 0.9221556886227544 0 0 30.755 38.145 43.533
1 112 22 0 0.9461077844311377 0 0 33.919 36.084 43.670
1 113 12 0 0.9341317365269461 0 0 37.273 37.319 42.676
1 114 22 0 0.9580838323353293 0 0 39.023 34.989 40.179
1 115 9 0 0.8502994011976048 0 0 42.794 34.991 39.686
1 116 2 0 0.8562874251497006 0 0 42.780 33.124 36.454
1 117 13 0 0.6347305389221557 0 0 45.672 31.662 34.525
1 118 5 0 0.4730538922155688 0 0 47.335 29.911 37.406
1 119 3 0 0.281437125748503 0 0 48.401 27.308 34.878
1 120 12 0 0.059880239520958 0 0 52.102 27.490 35.395
1 121 16 0 0.017964071856287345 0 0 54.384 28.828 38.068
1 122 17 0 0.02395209580838331 0 0 55.110 32.531 37.777
1 123 1 0 0.10778443113772451 0 0 52.967 35.633 37.897
1 124 18 0 0.04790419161676651 0 0 53.525 39.401 37.682
1 125 22 0 0.21556886227544902 0 0 50.484 39.912 39.899
1 126 3 0 0.12574850299401197 0 0 51.180 39.784 43.596
1 127 18 0 0.22754491017964074 0 0 48.843 37.342 45.300
1 128 13 0 0.08982035928143717 0 0 48.918 39.230 48.587
1 129 6 0 0.14970059880239517 0 0 47.448 42.263 46.887
1 130 0 0 0.4970059880239521 0 0 44.556 40.282 45.487
1 131 6 0 0.39520958083832336 0 0 43.982 38.596 48.847
1 132 3 0 0.14371257485029942 0 0 44.048 41.973 50.511
1 133 12 0 0.40718562874251496 0 0 41.808 43.454 47.773
1 134 0 0 0.5568862275449102 0 0 39.310 40.709 48.474
1 135 1 0 0.2574850299401197 0 0 39.197 41.290 52.206
1 136 17 0 0.16167664670658677 0 0 38.782 44.995 51.389
1 137 20 0 0.44311377245508976 0 0 35.665 44.406 49.272
1 138 9 0 0.4011976047904191 0 0 34.649 41.649 51.626
1 139 11 0 0.6227544910179641 0 0 34.722 38.684 49.225
1 140 16 0 0.6706586826347305 0 0 36.482 35.364 48.816
1 141 15 0 0.7604790419161677 0 0 39.311 34.934 46.390
1 142 11 0 0.8083832335329342 0 0 39.995 31.904 44.217
1 143 7 0 0.7365269461077844 0 0 42.779 30.658 41.971
1 144 18 0 0.8023952095808383 0 0 41.890 29.062 38.680
1 145 17 0 0.6407185628742516 0 0 43.274 27.402 35.626
1 146 0 0 0.688622754491018 0 0 40.840 26.883 32.772
1 147 13 0 0.43113772455089827 0 0 43.576 25.516 30.658
1 148 18 0 0.25149700598802394 0 0 44.674 22.773 32.994
1 149 1 0 0.437125748502994 0 0 41.429 22.484 34.924
1 150 6 0 0.4850299401197605 0 0 42.320 23.777 38.318
1 151 9 0 0.6646706586826348 0 0 39.701 25.388 40.547
1 152 22 0 0.8203592814371258 0 0 37.228 26.313 37.839
1 153 3 0 0.7065868263473054 0 0 34.391 24.128 39.256
1 154 3 0 0.7305389221556886 0 0 34.934 25.709 42.579
1 155 0 0 0.9101796407185628 0 0 34.845 29.274 41.256
1 156 15 0 0.9041916167664671 0 0 31.305 28.821 39.992
1 157 20 0 0.7485029940119761 0 0 30.025 26.699 42.908
1 158 18 0 0.7964071856287425 0 0 31.482 29.358 45.227
1 159 12 0 0.8862275449101796 0 0 29.286 31.883 43.329
1 160 22 0 0.7005988023952096 0 0 26.259 29.645 43.744
1 161 1 0 0.5389221556886228 0 0 27.077 29.496 47.446
1 162 7 0 0.6167664670658684 0 0 27.550 33.298 47.788
1 163 11 0 0.5748502994011976 0 0 24.266 34.018 45.985
1 164 1 0 0.3173652694610779 0 0 22.574 31.737 48.470
1 165 13 0 0.17964071856287422 0 0 24.084 33.498 51.513
1 166 10 0 0.3413173652694611 0 0 24.173 37.085 50.207
1 167 13 0 0.13772455089820357 0 0 20.506 37.792 49.290
