5.000000000000000000e+00 9.375000000000000000e-02 2.557200050354003906e+01 3.823799896240234375e+01 4.302600097656250000e+01
1.600000000000000000e+01 2.008928507566452026e-01 2.649500083923339844e+01 4.172800064086914062e+01 4.186100006103515625e+01
1.200000000000000000e+01 4.776785671710968018e-01 3.011199951171875000e+01 4.094800186157226562e+01 4.105899810791015625e+01
1.400000000000000000e+01 5.312500000000000000e-01 3.147999954223632812e+01 3.829399871826171875e+01 3.867800140380859375e+01
2.200000000000000000e+01 7.098214030265808105e-01 3.519599914550781250e+01 3.754800033569335938e+01 3.781299972534179688e+01
1.300000000000000000e+01 6.741071343421936035e-01 3.584600067138671875e+01 3.531299972534179688e+01 3.473300170898437500e+01
2.200000000000000000e+01 7.321428656578063965e-01 3.936000061035156250e+01 3.398099899291992188e+01 3.413399887084960938e+01
1.200000000000000000e+01 6.651785969734191895e-01 4.018299865722656250e+01 3.273199844360351562e+01 3.068600082397460938e+01
3.000000000000000000e+00 6.026785969734191895e-01 4.304100036621093750e+01 3.125799942016601562e+01 2.869099998474121094e+01
0.000000000000000000e+00 5.758928656578063965e-01 4.478699874877929688e+01 3.240399932861328125e+01 2.535700035095214844e+01
2.200000000000000000e+01 3.392857015132904053e-01 4.681600189208984375e+01 2.926799964904785156e+01 2.463899993896484375e+01
1.000000000000000000e+00 1.875000000000000000e-01 4.386199951171875000e+01 2.679000091552734375e+01 2.457900047302246094e+01
9.000000000000000000e+00 2.544642984867095947e-01 4.110200119018554688e+01 2.948200035095214844e+01 2.370199966430664062e+01
1.700000000000000000e+01 2.633928656578063965e-01 3.905500030517578125e+01 2.839299964904785156e+01 2.686700057983398438e+01
1.600000000000000000e+01 3.750000000000000000e-01 3.797600173950195312e+01 2.942600059509277344e+01 3.037999916076660156e+01
0.000000000000000000e+00 5.223214030265808105e-01 4.068500137329101562e+01 2.912299919128417969e+01 3.299000167846679688e+01
1.100000000000000000e+01 3.258928656578063965e-01 4.013800048828125000e+01 2.656699943542480469e+01 3.585200119018554688e+01
2.000000000000000000e+00 3.303571343421936035e-01 4.179399871826171875e+01 2.645499992370605469e+01 3.936199951171875000e+01
2.200000000000000000e+01 6.294642686843872070e-01 4.286299896240234375e+01 3.012199974060058594e+01 3.940100097656250000e+01
0.000000000000000000e+00 6.607142686843872070e-01 4.350400161743164062e+01 3.168499946594238281e+01 4.281999969482421875e+01
1.400000000000000000e+01 7.589285969734191895e-01 4.252700042724609375e+01 3.525299835205078125e+01 4.384700012207031250e+01
2.200000000000000000e+01 7.366071343421936035e-01 3.955199813842773438e+01 4.077799987792968750e+01 4.663899993896484375e+01
1.500000000000000000e+01 7.053571343421936035e-01 4.020100021362304688e+01 4.398899841308593750e+01 4.868299865722656250e+01
1.000000000000000000e+00 6.250000000000000000e-01 3.835599899291992188e+01 4.709500122070312500e+01 4.932500076293945312e+01
1.300000000000000000e+01 5.446428656578063965e-01 3.940800094604492188e+01 5.070399856567382812e+01 5.038899993896484375e+01
0.000000000000000000e+00 2.455357164144515991e-01 3.799399948120117188e+01 5.202799987792968750e+01 5.369400024414062500e+01
0.000000000000000000e+00 9.821428358554840088e-02 3.724399948120117188e+01 5.561700057983398438e+01 5.493500137329101562e+01
3.000000000000000000e+00 1.071428582072257996e-01 4.085900115966796875e+01 5.688000106811523438e+01 5.534799957275390625e+01
3.000000000000000000e+00 3.571428656578063965e-01 4.178900146484375000e+01 5.479399871826171875e+01 5.209999847412109375e+01
1.800000000000000000e+01 3.482142984867095947e-01 4.317399978637695312e+01 5.178699874877929688e+01 5.407699966430664062e+01
1.900000000000000000e+01 5.535714030265808105e-01 4.269300079345703125e+01 4.840700149536132812e+01 5.235800170898437500e+01
7.000000000000000000e+00 4.151785671710968018e-01 4.046900177001953125e+01 4.580599975585937500e+01 5.373899841308593750e+01
1.600000000000000000e+01 4.062500000000000000e-01 3.987500000000000000e+01 4.212599945068359375e+01 5.327299880981445312e+01
1.500000000000000000e+01 4.464285671710968018e-01 3.677399826049804688e+01 4.140299987792968750e+01 5.121400070190429688e+01
0.000000000000000000e+00 4.553571343421936035e-01 3.653300094604492188e+01 3.796500015258789062e+01 4.950099945068359375e+01
1.700000000000000000e+01 5.044642686843872070e-01 3.851499938964843750e+01 3.512400054931640625e+01 4.810100173950195312e+01
9.000000000000000000e+00 4.285714328289031982e-01 3.818299865722656250e+01 3.202299880981445312e+01 4.611100006103515625e+01
1.300000000000000000e+01 4.642857015132904053e-01 3.947399902343750000e+01 2.989900016784667969e+01 4.316899871826171875e+01
1.800000000000000000e+01 4.598214328289031982e-01 3.788499832153320312e+01 2.957099914550781250e+01 3.975199890136718750e+01
1.700000000000000000e+01 1.696428507566452026e-01 3.527299880981445312e+01 2.675699996948242188e+01 3.885900115966796875e+01
7.000000000000000000e+00 8.482142537832260132e-02 3.511199951171875000e+01 2.453199958801269531e+01 3.576399993896484375e+01
1.700000000000000000e+01 1.428571492433547974e-01 3.340299987792968750e+01 2.729100036621093750e+01 3.357300186157226562e+01
9.000000000000000000e+00 3.928571343421936035e-01 3.609899902343750000e+01 2.996199989318847656e+01 3.454199981689453125e+01
7.000000000000000000e+00 4.241071343421936035e-01 3.368000030517578125e+01 3.208399963378906250e+01 3.659199905395507812e+01
1.200000000000000000e+01 4.687500000000000000e-01 3.438499832153320312e+01 3.259600067138671875e+01 4.023099899291992188e+01
9.000000000000000000e+00 1.250000000000000000e-01 3.017900085449218750e+01 3.321300125122070312e+01 4.567100143432617188e+01
1.200000000000000000e+01 3.125000000000000000e-01 3.198600006103515625e+01 3.645999908447265625e+01 4.576100158691406250e+01
1.800000000000000000e+01 1.785714328289031982e-01 2.938899993896484375e+01 3.881299972534179688e+01 4.738999938964843750e+01
1.800000000000000000e+01 4.464285820722579956e-02 2.582399940490722656e+01 3.989099884033203125e+01 4.813399887084960938e+01
7.000000000000000000e+00 2.678571455180644989e-02 2.423800086975097656e+01 4.325899887084960938e+01 4.730599975585937500e+01
7.000000000000000000e+00 0.000000000000000000e+00 2.392300033569335938e+01 4.379999923706054688e+01 5.114699935913085938e+01
7.000000000000000000e+00 6.250000000000000000e-02 2.769099998474121094e+01 4.362599945068359375e+01 5.140499877929687500e+01
1.500000000000000000e+01 1.919642835855484009e-01 2.879199981689453125e+01 4.510300064086914062e+01 4.802500152587890625e+01
2.200000000000000000e+01 1.205357164144515991e-01 2.872599983215332031e+01 4.873600006103515625e+01 4.935499954223632812e+01
7.000000000000000000e+00 2.098214328289031982e-01 2.996800041198730469e+01 5.188299942016601562e+01 4.748300170898437500e+01
9.000000000000000000e+00 4.375000000000000000e-01 3.363700103759765625e+01 5.250699996948242188e+01 4.669800186157226562e+01
1.100000000000000000e+01 6.875000000000000000e-01 3.700799942016601562e+01 5.123799896240234375e+01 4.524100112915039062e+01
2.000000000000000000e+01 7.633928656578063965e-01 3.757500076293945312e+01 4.748500061035156250e+01 4.500099945068359375e+01
1.300000000000000000e+01 8.928571343421936035e-01 4.069100189208984375e+01 4.549100112915039062e+01 4.408800125122070312e+01
2.200000000000000000e+01 9.151785969734191895e-01 4.090000152587890625e+01 4.201300048828125000e+01 4.258300018310546875e+01
7.000000000000000000e+00 9.464285969734191895e-01 4.435400009155273438e+01 4.037799835205078125e+01 4.293700027465820312e+01
1.100000000000000000e+01 9.241071343421936035e-01 4.467100143432617188e+01 3.733300018310546875e+01 4.067300033569335938e+01
3.000000000000000000e+00 8.616071343421936035e-01 4.776100158691406250e+01 3.502199935913085938e+01 4.098799896240234375e+01
1.800000000000000000e+01 8.482142686843872070e-01 4.920000076293945312e+01 3.410200119018554688e+01 3.752600097656250000e+01
1.300000000000000000e+01 7.232142686843872070e-01 5.232400131225585938e+01 3.229700088500976562e+01 3.863100051879882812e+01
1.700000000000000000e+01 5.625000000000000000e-01 5.099800109863281250e+01 2.890699958801269531e+01 3.974000167846679688e+01
2.000000000000000000e+01 5.803571343421936035e-01 4.870899963378906250e+01 2.838599967956542969e+01 3.677099990844726562e+01
1.900000000000000000e+01 5.491071343421936035e-01 5.142499923706054688e+01 2.862199974060058594e+01 3.406900024414062500e+01
1.300000000000000000e+01 3.616071343421936035e-01 5.419800186157226562e+01 2.704100036621093750e+01 3.620000076293945312e+01
0.000000000000000000e+00 1.964285671710968018e-01 5.213600158691406250e+01 2.381100082397460938e+01 3.672399902343750000e+01
1.200000000000000000e+01 1.562500000000000000e-01 5.200299835205078125e+01 2.329100036621093750e+01 3.292699813842773438e+01
9.000000000000000000e+00 1.383928507566452026e-01 5.566600036621093750e+01 2.425300025939941406e+01 3.298500061035156250e+01
1.100000000000000000e+01 3.214285671710968018e-01 5.549300003051757812e+01 2.771800041198730469e+01 3.135499954223632812e+01
1.700000000000000000e+01 4.866071343421936035e-01 5.742900085449218750e+01 3.047699928283691406e+01 3.319699859619140625e+01
1.600000000000000000e+01 7.008928656578063965e-01 5.547299957275390625e+01 3.378099822998046875e+01 3.296900177001953125e+01
1.500000000000000000e+01 8.169642686843872070e-01 5.644100189208984375e+01 3.749200057983398438e+01 3.333900070190429688e+01
7.000000000000000000e+00 8.883928656578063965e-01 5.352399826049804688e+01 3.758900070190429688e+01 3.921200180053710938e+01
0.000000000000000000e+00 9.866071343421936035e-01 4.717699813842773438e+01 4.060100173950195312e+01 3.763899993896484375e+01
7.000000000000000000e+00 9.910714030265808105e-01 4.558900070190429688e+01 4.332699966430664062e+01 3.975400161743164062e+01
2.200000000000000000e+01 9.776785969734191895e-01 4.238000106811523438e+01 4.528099822998046875e+01 3.861199951171875000e+01
2.200000000000000000e+01 9.508928656578063965e-01 4.139599990844726562e+01 4.829999923706054688e+01 4.066899871826171875e+01
1.500000000000000000e+01 8.526785969734191895e-01 3.802999877929687500e+01 5.016699981689453125e+01 4.014400100708007812e+01
1.800000000000000000e+01 6.785714030265808105e-01 3.500500106811523438e+01 5.212599945068359375e+01 4.150400161743164062e+01
0.000000000000000000e+00 5.580357313156127930e-01 3.199500083923339844e+01 5.009000015258789062e+01 4.209500122070312500e+01
2.000000000000000000e+00 2.678571343421936035e-01 2.842300033569335938e+01 5.138800048828125000e+01 4.245199966430664062e+01
3.000000000000000000e+00 2.321428507566452026e-01 2.848399925231933594e+01 5.463700103759765625e+01 4.045600128173828125e+01
1.700000000000000000e+01 5.357142910361289978e-02 2.534799957275390625e+01 5.649000167846679688e+01 3.934500122070312500e+01
9.000000000000000000e+00 1.785714365541934967e-02 2.295599937438964844e+01 5.400500106811523438e+01 4.108599853515625000e+01
1.600000000000000000e+01 2.232142910361289978e-02 2.246899986267089844e+01 5.022900009155273438e+01 4.141500091552734375e+01
1.000000000000000000e+00 1.517857164144515991e-01 2.508499908447265625e+01 4.828900146484375000e+01 3.922399902343750000e+01
1.000000000000000000e+00 2.589285671710968018e-01 2.647599983215332031e+01 4.477299880981445312e+01 3.878499984741210938e+01
2.000000000000000000e+01 5.401785969734191895e-01 3.010799980163574219e+01 4.427999877929687500e+01 3.752000045776367188e+01
1.800000000000000000e+01 5.937500000000000000e-01 3.132500076293945312e+01 4.147800064086914062e+01 3.532600021362304688e+01
1.100000000000000000e+01 7.812500000000000000e-01 3.502199935913085938e+01 4.138999938964843750e+01 3.483300018310546875e+01
0.000000000000000000e+00 8.035714030265808105e-01 3.694100189208984375e+01 3.922399902343750000e+01 3.223400115966796875e+01
0.000000000000000000e+00 8.973214030265808105e-01 4.054999923706054688e+01 3.823199844360351562e+01 3.256900024414062500e+01
1.200000000000000000e+01 8.348214030265808105e-01 4.266799926757812500e+01 3.671500015258789062e+01 2.963100051879882812e+01
1.200000000000000000e+01 8.258928656578063965e-01 4.592800140380859375e+01 3.492699813842773438e+01 3.059499931335449219e+01
1.700000000000000000e+01 7.767857313156127930e-01 4.889799880981445312e+01 3.463100051879882812e+01 2.830100059509277344e+01
1.600000000000000000e+01 7.142857313156127930e-01 5.271300125122070312e+01 3.407699966430664062e+01 2.901700019836425781e+01
2.000000000000000000e+01 7.901785969734191895e-01 5.401800155639648438e+01 3.764500045776367188e+01 2.856399917602539062e+01
1.700000000000000000e+01 9.107142686843872070e-01 5.083200073242187500e+01 3.977500152587890625e+01 2.885400009155273438e+01
2.000000000000000000e+01 9.687500000000000000e-01 4.742499923706054688e+01 4.031299972534179688e+01 3.024399948120117188e+01
1.700000000000000000e+01 9.375000000000000000e-01 4.426399993896484375e+01 4.167499923706054688e+01 2.856900024414062500e+01
1.800000000000000000e+01 9.553571343421936035e-01 4.157899856567382812e+01 4.269499969482421875e+01 3.107200050354003906e+01
1.800000000000000000e+01 8.660714030265808105e-01 3.802500152587890625e+01 4.362599945068359375e+01 3.021500015258789062e+01
0.000000000000000000e+00 7.991071343421936035e-01 3.533399963378906250e+01 4.511999893188476562e+01 3.234400177001953125e+01
2.200000000000000000e+01 5.982142686843872070e-01 3.149099922180175781e+01 4.536800003051757812e+01 3.188500022888183594e+01
2.200000000000000000e+01 4.732142984867095947e-01 2.923800086975097656e+01 4.753200149536132812e+01 3.401100158691406250e+01
1.800000000000000000e+01 1.830357164144515991e-01 2.543899917602539062e+01 4.654199981689453125e+01 3.391600036621093750e+01
2.000000000000000000e+00 3.571428731083869934e-02 2.235600090026855469e+01 4.841799926757812500e+01 3.504100036621093750e+01
1.600000000000000000e+01 8.928571827709674835e-03 1.980699920654296875e+01 4.600299835205078125e+01 3.662699890136718750e+01
5.000000000000000000e+00 1.116071417927742004e-01 6.818599700927734375e+01 5.105699920654296875e+01 2.828199958801269531e+01
1.600000000000000000e+01 2.410714328289031982e-01 6.730599975585937500e+01 4.824800109863281250e+01 3.067600059509277344e+01
1.200000000000000000e+01 5.133928656578063965e-01 6.364300155639648438e+01 4.928200149536132812e+01 3.114900016784667969e+01
1.400000000000000000e+01 5.000000000000000000e-01 6.199700164794921875e+01 5.125699996948242188e+01 2.829999923706054688e+01
2.200000000000000000e+01 6.919642686843872070e-01 5.813000106811523438e+01 5.164199829101562500e+01 2.852400016784667969e+01
1.300000000000000000e+01 6.428571343421936035e-01 5.588499832153320312e+01 5.231600189208984375e+01 2.543799972534179688e+01
2.200000000000000000e+01 7.276785969734191895e-01 5.212200164794921875e+01 5.340499877929687500e+01 2.603100013732910156e+01
1.200000000000000000e+01 6.517857313156127930e-01 4.940000152587890625e+01 5.370899963378906250e+01 2.342600059509277344e+01
3.000000000000000000e+00 6.562500000000000000e-01 4.564899826049804688e+01 5.403900146484375000e+01 2.364100074768066406e+01
0.000000000000000000e+00 5.669642686843872070e-01 4.305699920654296875e+01 5.239799880981445312e+01 2.139999961853027344e+01
2.200000000000000000e+01 4.196428656578063965e-01 4.053200149536132812e+01 5.522600173950195312e+01 2.183200073242187500e+01
1.000000000000000000e+00 2.276785671710968018e-01 4.235499954223632812e+01 5.744100189208984375e+01 1.926700019836425781e+01
9.000000000000000000e+00 2.901785671710968018e-01 4.460800170898437500e+01 5.456900024414062500e+01 1.825699996948242188e+01
1.700000000000000000e+01 2.723214328289031982e-01 4.754600143432617188e+01 5.679499816894531250e+01 1.901300048828125000e+01
1.600000000000000000e+01 3.660714328289031982e-01 5.064099884033203125e+01 5.698400115966796875e+01 2.127799987792968750e+01
0.000000000000000000e+00 5.178571343421936035e-01 5.004800033569335938e+01 5.816400146484375000e+01 2.475399971008300781e+01
1.100000000000000000e+01 3.169642984867095947e-01 5.199900054931640625e+01 6.131600189208984375e+01 2.570999908447265625e+01
2.000000000000000000e+00 3.437500000000000000e-01 5.242399978637695312e+01 6.267699813842773438e+01 2.925600051879882812e+01
2.200000000000000000e+01 6.339285969734191895e-01 5.163399887084960938e+01 5.930500030517578125e+01 3.094199943542480469e+01
0.000000000000000000e+00 6.383928656578063965e-01 5.322800064086914062e+01 5.951399993896484375e+01 3.439500045776367188e+01
1.400000000000000000e+01 7.500000000000000000e-01 5.455199813842773438e+01 5.631900024414062500e+01 3.617499923706054688e+01
2.200000000000000000e+01 7.187500000000000000e-01 5.900899887084960938e+01 5.207500076293945312e+01 3.950699996948242188e+01
1.500000000000000000e+01 6.964285969734191895e-01 5.890599822998046875e+01 5.078200149536132812e+01 4.312099838256835938e+01
1.000000000000000000e+00 5.892857313156127930e-01 6.135100173950195312e+01 4.811999893188476562e+01 4.446599960327148438e+01
1.300000000000000000e+01 5.267857313156127930e-01 6.046599960327148438e+01 4.570999908447265625e+01 4.737500000000000000e+01
0.000000000000000000e+00 2.366071492433547974e-01 6.369499969482421875e+01 4.563000106811523438e+01 4.958700180053710938e+01
0.000000000000000000e+00 8.035714179277420044e-02 6.565399932861328125e+01 4.309000015258789062e+01 5.159299850463867188e+01
3.000000000000000000e+00 7.142857462167739868e-02 6.330899810791015625e+01 4.352999877929687500e+01 5.460100173950195312e+01
3.000000000000000000e+00 2.767857015132904053e-01 6.013199996948242188e+01 4.317300033569335938e+01 5.232300186157226562e+01
1.800000000000000000e+01 2.857142984867095947e-01 5.932300186157226562e+01 4.685200119018554688e+01 5.264400100708007812e+01
1.900000000000000000e+01 4.910714328289031982e-01 5.865800094604492188e+01 4.901499938964843750e+01 4.956000137329101562e+01
7.000000000000000000e+00 3.348214328289031982e-01 6.102899932861328125e+01 5.177500152587890625e+01 4.846500015258789062e+01
1.600000000000000000e+01 4.330357015132904053e-01 6.052999877929687500e+01 5.427700042724609375e+01 4.562900161743164062e+01
1.500000000000000000e+01 3.705357015132904053e-01 6.320600128173828125e+01 5.334999847412109375e+01 4.303300094604492188e+01
0.000000000000000000e+00 4.017857015132904053e-01 6.271200180053710938e+01 5.525600051879882812e+01 3.966899871826171875e+01
1.700000000000000000e+01 5.089285969734191895e-01 5.997200012207031250e+01 5.732300186157226562e+01 3.789599990844726562e+01
9.000000000000000000e+00 4.419642984867095947e-01 5.916799926757812500e+01 5.943700027465820312e+01 3.482500076293945312e+01
1.300000000000000000e+01 4.821428656578063965e-01 5.660300064086914062e+01 6.021900177001953125e+01 3.218000030517578125e+01
1.800000000000000000e+01 4.508928656578063965e-01 5.626900100708007812e+01 5.936999893188476562e+01 2.846599960327148438e+01
1.700000000000000000e+01 1.651785671710968018e-01 5.805899810791015625e+01 6.132400131225585938e+01 2.582099914550781250e+01
7.000000000000000000e+00 8.928571641445159912e-02 5.623799896240234375e+01 6.235300064086914062e+01 2.246899986267089844e+01
1.700000000000000000e+01 1.473214328289031982e-01 5.638199996948242188e+01 5.898300170898437500e+01 2.080100059509277344e+01
9.000000000000000000e+00 3.839285671710968018e-01 5.468799972534179688e+01 5.728499984741210938e+01 2.379800033569335938e+01
7.000000000000000000e+00 3.973214328289031982e-01 5.799200057983398438e+01 5.591899871826171875e+01 2.509300041198730469e+01
1.200000000000000000e+01 3.883928656578063965e-01 6.001599884033203125e+01 5.651300048828125000e+01 2.823200035095214844e+01
9.000000000000000000e+00 1.339285671710968018e-01 6.602400207519531250e+01 5.694699859619140625e+01 3.135700035095214844e+01
1.200000000000000000e+01 3.080357015132904053e-01 6.443599700927734375e+01 5.536000061035156250e+01 3.449100112915039062e+01
1.800000000000000000e+01 1.741071492433547974e-01 6.754299926757812500e+01 5.357899856567382812e+01 3.582300186157226562e+01
1.800000000000000000e+01 4.017857089638710022e-02 7.113400268554687500e+01 5.265900039672851562e+01 3.511600112915039062e+01
7.000000000000000000e+00 3.125000000000000000e-02 7.231199645996093750e+01 4.917900085449218750e+01 3.440399932861328125e+01
7.000000000000000000e+00 4.464285913854837418e-03 7.446900177001953125e+01 4.949200057983398438e+01 3.761500167846679688e+01
7.000000000000000000e+00 4.910714179277420044e-02 7.137500000000000000e+01 5.048600006103515625e+01 3.966500091552734375e+01
1.500000000000000000e+01 1.607142835855484009e-01 6.922200012207031250e+01 4.779600143432617188e+01 3.802600097656250000e+01
2.200000000000000000e+01 1.294642835855484009e-01 6.960600280761718750e+01 4.483900070190429688e+01 4.041500091552734375e+01
7.000000000000000000e+00 2.232142835855484009e-01 6.795800018310546875e+01 4.155899810791015625e+01 4.121599960327148438e+01
9.000000000000000000e+00 3.794642984867095947e-01 6.460099792480468750e+01 4.156499862670898438e+01 4.315900039672851562e+01
1.100000000000000000e+01 6.473214030265808105e-01 6.080400085449218750e+01 4.212699890136718750e+01 4.319200134277343750e+01
2.000000000000000000e+01 7.455357313156127930e-01 5.975600051879882812e+01 4.516799926757812500e+01 4.119599914550781250e+01
1.300000000000000000e+01 8.839285969734191895e-01 5.653300094604492188e+01 4.694800186157226562e+01 4.020999908447265625e+01
2.200000000000000000e+01 9.062500000000000000e-01 5.573300170898437500e+01 4.972399902343750000e+01 3.776100158691406250e+01
7.000000000000000000e+00 9.285714030265808105e-01 5.255199813842773438e+01 5.184099960327148438e+01 3.855899810791015625e+01
1.100000000000000000e+01 9.196428656578063965e-01 5.132400131225585938e+01 5.361899948120117188e+01 3.547499847412109375e+01
3.000000000000000000e+00 8.392857313156127930e-01 4.874399948120117188e+01 5.653200149536132812e+01 3.560300064086914062e+01
1.800000000000000000e+01 8.437500000000000000e-01 4.575299835205078125e+01 5.609199905395507812e+01 3.331800079345703125e+01
1.300000000000000000e+01 7.544642686843872070e-01 4.350699996948242188e+01 5.794200134277343750e+01 3.586899948120117188e+01
1.700000000000000000e+01 6.071428656578063965e-01 4.559600067138671875e+01 6.124700164794921875e+01 3.519599914550781250e+01
2.000000000000000000e+01 6.205357313156127930e-01 4.550299835205078125e+01 6.050500106811523438e+01 3.152099990844726562e+01
1.900000000000000000e+01 5.714285969734191895e-01 4.182699966430664062e+01 6.022900009155273438e+01 3.095999908447265625e+01
1.300000000000000000e+01 3.526785671710968018e-01 4.150299835205078125e+01 6.342599868774414062e+01 3.289599990844726562e+01
0.000000000000000000e+00 2.500000000000000000e-01 4.392900085449218750e+01 6.496900177001953125e+01 3.044899940490722656e+01
1.200000000000000000e+01 2.142857164144515991e-01 4.169900131225585938e+01 6.420200347900390625e+01 2.749500083923339844e+01
9.000000000000000000e+00 1.160714253783226013e-01 3.822100067138671875e+01 6.514199829101562500e+01 2.888599967956542969e+01
1.100000000000000000e+01 2.812500000000000000e-01 3.703200149536132812e+01 6.145700073242187500e+01 2.902599906921386719e+01
1.700000000000000000e+01 4.107142984867095947e-01 3.600999832153320312e+01 5.970700073242187500e+01 3.222600173950195312e+01
1.600000000000000000e+01 6.696428656578063965e-01 3.828699874877929688e+01 5.719300079345703125e+01 3.402000045776367188e+01
1.500000000000000000e+01 7.410714030265808105e-01 3.679100036621093750e+01 5.383200073242187500e+01 3.506999969482421875e+01
7.000000000000000000e+00 9.017857313156127930e-01 4.246699905395507812e+01 5.366099929809570312e+01 3.884600067138671875e+01
0.000000000000000000e+00 9.821428656578063965e-01 4.769300079345703125e+01 4.994200134277343750e+01 3.522200012207031250e+01
7.000000000000000000e+00 9.955357313156127930e-01 5.017499923706054688e+01 4.791699981689453125e+01 3.709099960327148438e+01
2.200000000000000000e+01 9.732142686843872070e-01 5.317100143432617188e+01 4.566099929809570312e+01 3.614199829101562500e+01
2.200000000000000000e+01 9.598214030265808105e-01 5.445800018310546875e+01 4.334999847412109375e+01 3.891699981689453125e+01
1.500000000000000000e+01 8.571428656578063965e-01 5.753499984741210938e+01 4.129100036621093750e+01 3.825299835205078125e+01
1.800000000000000000e+01 6.830357313156127930e-01 6.079000091552734375e+01 3.952600097656250000e+01 3.956200027465820312e+01
0.000000000000000000e+00 5.357142686843872070e-01 6.383599853515625000e+01 4.093700027465820312e+01 3.771599960327148438e+01
2.000000000000000000e+00 2.991071343421936035e-01 6.651200103759765625e+01 3.887699890136718750e+01 3.613999938964843750e+01
3.000000000000000000e+00 3.035714328289031982e-01 6.499299621582031250e+01 3.544599914550781250e+01 3.696400070190429688e+01
1.700000000000000000e+01 1.026785746216773987e-01 6.761699676513671875e+01 3.334600067138671875e+01 3.495500183105468750e+01
9.000000000000000000e+00 5.803571268916130066e-02 7.024800109863281250e+01 3.599300003051757812e+01 3.443099975585937500e+01
1.600000000000000000e+01 7.589285820722579956e-02 7.052600097656250000e+01 3.958599853515625000e+01 3.327199935913085938e+01
1.000000000000000000e+00 2.187500000000000000e-01 6.775700378417968750e+01 4.073099899291992188e+01 3.096100044250488281e+01
1.000000000000000000e+00 2.946428656578063965e-01 6.632900238037109375e+01 4.397999954223632812e+01 2.945800018310546875e+01
2.000000000000000000e+01 5.848214030265808105e-01 6.254800033569335938e+01 4.439300155639648438e+01 2.934399986267089844e+01
1.800000000000000000e+01 6.160714030265808105e-01 6.049700164794921875e+01 4.649599838256835938e+01 2.696500015258789062e+01
1.100000000000000000e+01 7.946428656578063965e-01 5.694900131225585938e+01 4.698099899291992188e+01 2.841099929809570312e+01
0.000000000000000000e+00 7.857142686843872070e-01 5.423600006103515625e+01 4.803099822998046875e+01 2.591900062561035156e+01
0.000000000000000000e+00 8.794642686843872070e-01 5.076499938964843750e+01 4.890299987792968750e+01 2.724799919128417969e+01
1.200000000000000000e+01 8.214285969734191895e-01 4.758000183105468750e+01 4.973099899291992188e+01 2.514999961853027344e+01
1.200000000000000000e+01 8.303571343421936035e-01 4.489500045776367188e+01 5.168199920654296875e+01 2.693300056457519531e+01
1.700000000000000000e+01 7.678571343421936035e-01 4.109099960327148438e+01 5.220000076293945312e+01 2.678499984741210938e+01
1.600000000000000000e+01 7.723214030265808105e-01 3.881200027465820312e+01 5.301599884033203125e+01 2.974500083923339844e+01
2.000000000000000000e+01 8.080357313156127930e-01 3.705799865722656250e+01 4.978799819946289062e+01 3.065600013732910156e+01
1.700000000000000000e+01 8.705357313156127930e-01 3.963000106811523438e+01 4.750899887084960938e+01 2.896800041198730469e+01
2.000000000000000000e+01 9.419642686843872070e-01 4.345899963378906250e+01 4.747900009155273438e+01 2.862999916076660156e+01
1.700000000000000000e+01 9.330357313156127930e-01 4.623400115966796875e+01 4.521599960327148438e+01 2.734799957275390625e+01
1.800000000000000000e+01 9.642857313156127930e-01 4.987699890136718750e+01 4.519900131225585938e+01 2.872699928283691406e+01
1.800000000000000000e+01 8.750000000000000000e-01 5.270299911499023438e+01 4.320299911499023438e+01 2.726300048828125000e+01
0.000000000000000000e+00 8.125000000000000000e-01 5.641799926757812500e+01 4.230699920654296875e+01 2.828000068664550781e+01
2.200000000000000000e+01 6.116071343421936035e-01 5.889799880981445312e+01 4.200699996948242188e+01 2.534000015258789062e+01
2.200000000000000000e+01 4.955357015132904053e-01 6.200500106811523438e+01 4.063000106811523438e+01 2.709499931335449219e+01
1.800000000000000000e+01 2.053571492433547974e-01 6.550499725341796875e+01 4.050199890136718750e+01 2.541399955749511719e+01
2.000000000000000000e+00 6.696428358554840088e-02 6.879299926757812500e+01 3.843199920654296875e+01 2.605999946594238281e+01
1.600000000000000000e+01 1.339285727590322495e-02 7.206300354003906250e+01 4.045500183105468750e+01 2.670599937438964844e+01
