1 1 14 0 0.017964071856287345 0 0 14.943 35.278 29.748
1 2 18 0 0.10179640718562877 0 0 16.990 34.602 32.875
1 3 7 0 0.24550898203592808 0 0 19.686 37.229 33.220
1 4 20 0 0.5568862275449102 0 0 22.985 36.729 34.835
1 5 13 0 0.6706586826347305 0 0 25.589 39.230 35.711
1 6 12 0 0.9101796407185628 0 0 28.924 37.448 35.339
1 7 22 0 0.9520958083832335 0 0 32.336 38.646 36.527
1 8 22 0 0.9880239520958084 0 0 35.686 37.428 35.238
1 9 22 0 0.9700598802395209 0 0 38.289 37.684 37.941
1 10 9 0 0.9461077844311377 0 0 41.848 36.513 37.959
1 11 0 0 0.8143712574850299 0 0 45.358 37.760 37.481
1 12 9 0 0.688622754491018 0 0 46.587 39.964 34.700
1 13 9 0 0.5868263473053892 0 0 47.917 38.573 31.372
1 14 22 0 0.8203592814371258 0 0 45.654 35.466 31.430
1 15 9 0 0.8263473053892215 0 0 43.464 36.543 28.535
1 16 13 0 0.9281437125748503 0 0 40.470 37.827 30.471
1 17 17 0 0.8083832335329342 0 0 39.330 40.242 27.818
1 18 0 0 0.7485029940119761 0 0 40.119 37.646 25.141
1 19 12 0 0.9041916167664671 0 0 37.800 35.192 26.913
1 20 18 0 0.874251497005988 0 0 34.832 37.593 27.000
1 21 11 0 0.6227544910179641 0 0 35.436 38.788 23.442
1 22 6 0 0.5988023952095809 0 0 35.731 35.182 22.192
1 23 12 0 0.6646706586826348 0 0 32.275 34.310 23.615
1 24 11 0 0.5508982035928144 0 0 30.735 37.665 23.016
1 25 6 0 0.3173652694610779 0 0 32.264 38.697 19.688
1 26 2 0 0.27544910179640725 0 0 33.801 35.501 18.421
1 27 10 0 0.22754491017964074 0 0 37.109 37.172 18.105
1 28 15 0 0.39520958083832336 0 0 40.321 37.794 20.126
1 29 22 0 0.34730538922155685 0 0 41.849 40.988 21.427
1 30 3 0 0.14970059880239517 0 0 45.503 41.831 21.769
1 31 7 0 0.11377245508982048 0 0 45.410 45.476 22.767
1 32 20 0 0.16766467065868274 0 0 44.754 46.867 26.181
1 33 3 0 0.18562874251497008 0 0 41.705 48.754 27.172
1 34 16 0 0.31137724550898194 0 0 40.653 49.285 30.757
1 35 18 0 0.4610778443113772 0 0 37.101 48.053 30.111
1 36 11 0 0.3293413173652695 0 0 35.361 50.094 32.734
1 37 7 0 0.11976047904191622 0 0 32.899 51.981 30.600
1 38 3 0 0.21556886227544902 0 0 32.237 49.216 28.037
1 39 17 0 0.4131736526946108 0 0 29.728 46.463 28.701
1 40 20 0 0.5089820359281436 0 0 29.615 43.191 26.755
1 41 1 0 0.47904191616766467 0 0 26.614 40.914 26.837
1 42 13 0 0.3772455089820359 0 0 24.830 38.283 24.829
1 43 6 0 0.16167664670658677 0 0 21.710 36.155 24.998
1 44 22 0 0.3053892215568862 0 0 23.106 32.634 24.856
1 45 22 0 0.12574850299401197 0 0 20.980 29.482 24.802
1 46 11 0 0.221556886227545 0 0 21.917 27.192 27.686
1 47 3 0 0.07784431137724557 0 0 20.483 23.722 27.963
1 48 9 0 0.0 0 0 17.415 24.568 25.896
1 49 7 0 0.029940119760479056 0 0 17.020 27.802 27.861
1 50 18 0 0.04790419161676651 0 0 17.691 31.420 26.788
1 51 5 0 0.2335329341317366 0 0 20.109 32.950 29.244
1 52 12 0 0.3652694610778443 0 0 21.470 36.473 29.119
1 53 12 0 0.6467065868263473 0 0 25.183 36.781 30.087
1 54 3 0 0.6407185628742516 0 0 26.356 40.241 30.933
1 55 11 0 0.844311377245509 0 0 30.028 39.978 31.567
1 56 12 0 0.8502994011976048 0 0 32.310 42.194 33.558
1 57 3 0 0.8682634730538922 0 0 36.062 42.763 33.255
1 58 18 0 0.8383233532934131 0 0 38.590 43.194 36.052
1 59 0 0 0.6167664670658684 0 0 41.603 45.361 35.413
1 60 9 0 0.4491017964071856 0 0 44.826 46.133 37.325
1 61 6 0 0.38323353293413165 0 0 45.884 45.247 40.854
1 62 7 0 0.33532934131736525 0 0 43.860 45.361 44.079
1 63 7 0 0.0718562874251496 0 0 44.826 48.638 45.778
1 64 20 0 0.041916167664670656 0 0 42.267 48.269 48.454
1 65 17 0 0.02395209580838331 0 0 39.610 50.843 47.659
1 66 0 0 0.0059880239520957446 0 0 36.071 51.145 48.952
1 67 14 0 0.059880239520958 0 0 34.689 51.276 45.490
1 68 1 0 0.2574850299401197 0 0 36.128 48.028 44.309
1 69 3 0 0.281437125748503 0 0 34.040 45.861 46.581
1 70 6 0 0.19161676646706582 0 0 30.753 47.159 45.212
1 71 20 0 0.4730538922155688 0 0 31.831 46.473 41.631
1 72 14 0 0.652694610778443 0 0 32.666 42.870 42.545
1 73 1 0 0.4850299401197605 0 0 29.328 42.437 44.384
1 74 18 0 0.5209580838323353 0 0 27.155 42.667 41.238
1 75 9 0 0.7844311377245509 0 0 28.546 39.296 40.259
1 76 7 0 0.7305389221556886 0 0 26.309 36.220 40.302
1 77 9 0 0.8922155688622755 0 0 28.888 33.658 39.280
1 78 15 0 0.9640718562874252 0 0 32.635 34.055 38.817
1 79 12 0 0.9940119760479041 0 0 35.273 32.812 36.363
1 80 5 0 0.9820359281437125 0 0 38.537 32.476 38.115
1 81 22 0 0.9760479041916168 0 0 41.367 32.665 35.614
1 82 15 0 0.8862275449101796 0 0 44.799 31.235 35.749
1 83 0 0 0.7425149700598803 0 0 47.109 30.206 32.895
1 84 11 0 0.5029940119760479 0 0 48.915 26.887 32.814
1 85 2 0 0.26347305389221565 0 0 51.991 28.346 31.096
1 86 2 0 0.35928143712574856 0 0 52.374 30.872 33.851
1 87 18 0 0.25149700598802394 0 0 52.808 29.801 37.457
1 88 13 0 0.32335329341317365 0 0 52.682 33.401 38.470
1 89 17 0 0.6107784431137725 0 0 48.966 33.380 37.591
1 90 15 0 0.5808383233532934 0 0 48.285 30.329 39.687
1 91 7 0 0.4251497005988024 0 0 49.673 31.901 42.833
1 92 3 0 0.5688622754491017 0 0 47.081 34.620 43.277
1 93 11 0 0.7724550898203593 0 0 43.959 32.338 42.918
1 94 10 0 0.5449101796407185 0 0 43.727 31.800 46.683
1 95 10 0 0.5329341317365269 0 0 43.632 35.608 46.977
1 96 20 0 0.8023952095808383 0 0 41.050 36.073 44.205
1 97 1 0 0.7604790419161677 0 0 38.936 33.348 45.889
1 98 7 0 0.49101796407185627 0 0 39.259 34.988 49.290
1 99 6 0 0.5389221556886228 0 0 38.403 38.481 47.947
1 100 11 0 0.7365269461077844 0 0 35.409 37.178 46.087
1 101 13 0 0.5149700598802396 0 0 34.379 35.140 49.108
1 102 1 0 0.28742514970059885 0 0 34.782 38.217 51.272
1 103 22 0 0.3413173652694611 0 0 32.488 40.597 49.496
1 104 13 0 0.4011976047904191 0 0 29.915 38.052 48.875
1 105 3 0 0.13772455089820357 0 0 30.306 37.174 52.520
1 106 17 0 0.15568862275449102 0 0 30.407 33.447 51.991
1 107 7 0 0.3532934131736526 0 0 32.243 30.479 50.583
1 108 3 0 0.37125748502994016 0 0 29.295 28.919 48.778
1 109 22 0 0.6047904191616766 0 0 29.623 31.276 45.795
1 110 16 0 0.7964071856287425 0 0 29.465 29.674 42.351
1 111 14 0 0.9221556886227544 0 0 32.829 29.518 40.827
1 112 22 0 0.9401197604790419 0 0 34.802 27.682 38.173
1 113 12 0 0.9341317365269461 0 0 38.503 27.480 37.801
1 114 22 0 0.9580838323353293 0 0 39.514 28.471 34.306
1 115 9 0 0.8622754491017964 0 0 42.894 27.150 33.271
1 116 2 0 0.8562874251497006 0 0 43.322 29.336 30.261
1 117 13 0 0.592814371257485 0 0 45.985 29.100 27.569
1 118 5 0 0.44311377245508976 0 0 46.163 25.422 26.889
1 119 3 0 0.20359281437125742 0 0 47.503 26.462 23.465
1 120 12 0 0.053892215568862256 0 0 50.250 23.899 23.575
1 121 16 0 0.03592814371257491 0 0 50.740 20.997 25.965
1 122 17 0 0.0119760479041916 0 0 53.844 21.911 27.897
1 123 1 0 0.09580838323353291 0 0 52.927 23.771 31.053
1 124 18 0 0.06586826347305386 0 0 54.715 25.111 34.126
1 125 22 0 0.17964071856287422 0 0 51.813 24.799 36.511
1 126 3 0 0.10778443113772451 0 0 51.152 21.483 38.124
1 127 18 0 0.19760479041916168 0 0 47.836 20.418 36.726
1 128 13 0 0.08982035928143717 0 0 47.322 17.866 39.536
1 129 6 0 0.13173652694610782 0 0 47.841 20.515 42.187
1 130 0 0 0.45508982035928147 0 0 45.396 22.744 40.433
1 131 6 0 0.3892215568862275 0 0 42.744 20.038 40.405
1 132 3 0 0.14371257485029942 0 0 43.539 19.409 44.102
1 133 12 0 0.40718562874251496 0 0 43.051 23.144 44.596
1 134 0 0 0.562874251497006 0 0 39.753 22.948 42.671
1 135 1 0 0.2694610778443114 0 0 38.662 19.802 44.456
1 136 17 0 0.17365269461077848 0 0 39.232 21.446 47.820
1 137 20 0 0.437125748502994 0 0 37.092 24.559 47.242
1 138 9 0 0.43113772455089827 0 0 34.448 22.492 45.523
1 139 11 0 0.7005988023952096 0 0 34.769 24.221 42.164
1 140 16 0 0.7245508982035929 0 0 34.556 22.764 38.684
1 141 15 0 0.7544910179640718 0 0 37.867 22.777 36.863
1 142 11 0 0.7904191616766467 0 0 38.203 23.165 33.155
1 143 7 0 0.6826347305389222 0 0 41.009 23.570 30.601
1 144 18 0 0.7784431137724551 0 0 40.497 26.330 28.059
1 145 17 0 0.6347305389221557 0 0 42.185 28.226 25.193
1 146 0 0 0.6946107784431137 0 0 40.826 31.565 24.152
1 147 13 0 0.41916167664670656 0 0 42.959 31.593 20.946
1 148 18 0 0.23952095808383234 0 0 41.990 28.105 19.832
1 149 1 0 0.46706586826347307 0 0 38.363 28.452 20.994
1 150 6 0 0.4970059880239521 0 0 38.301 25.442 23.217
1 151 9 0 0.658682634730539 0 0 36.384 24.823 26.416
1 152 22 0 0.8323353293413174 0 0 35.398 28.442 26.671
1 153 3 0 0.718562874251497 0 0 31.816 27.991 25.737
1 154 3 0 0.7065868263473054 0 0 31.539 25.150 28.250
1 155 0 0 0.9161676646706587 0 0 32.988 27.304 30.992
1 156 15 0 0.8982035928143712 0 0 30.299 29.874 30.442
1 157 20 0 0.7125748502994012 0 0 27.640 27.106 30.327
1 158 18 0 0.7664670658682635 0 0 29.194 25.493 33.433
1 159 12 0 0.8802395209580838 0 0 28.928 28.709 35.384
1 160 22 0 0.6766467065868262 0 0 25.245 28.941 34.671
1 161 1 0 0.5269461077844311 0 0 24.957 25.363 35.958
1 162 7 0 0.6287425149700598 0 0 26.856 26.325 39.077
1 163 11 0 0.5748502994011976 0 0 24.448 29.295 39.491
1 164 1 0 0.29940119760479034 0 0 21.518 26.857 39.004
1 165 13 0 0.20958083832335328 0 0 22.926 24.399 41.515
1 166 10 0 0.2934131736526946 0 0 23.446 27.289 43.826
1 167 13 0 0.08383233532934131 0 0 20.828 28.138 46.391
