1 1 14 0 0.0059880239520957446 0 0 13.845 28.725 30.249
1 2 18 0 0.10179640718562877 0 0 16.880 29.659 32.232
1 3 7 0 0.281437125748503 0 0 19.145 32.608 31.809
1 4 20 0 0.592814371257485 0 0 22.526 32.792 33.487
1 5 13 0 0.6946107784431137 0 0 24.495 35.992 33.907
1 6 12 0 0.9041916167664671 0 0 28.062 34.725 34.309
1 7 22 0 0.9580838323353293 0 0 31.100 36.872 35.203
1 8 22 0 0.9880239520958084 0 0 34.658 36.247 34.315
1 9 22 0 0.9700598802395209 0 0 36.591 37.576 37.218
1 10 9 0 0.9281437125748503 0 0 40.208 37.979 38.258
1 11 0 0 0.7844311377245509 0 0 43.575 39.450 37.604
1 12 9 0 0.6467065868263473 0 0 44.845 41.540 34.699
1 13 9 0 0.5688622754491017 0 0 46.741 39.592 32.052
1 14 22 0 0.8083832335329342 0 0 45.080 36.276 32.575
1 15 9 0 0.8203592814371258 0 0 43.209 36.161 29.325
1 16 13 0 0.9341317365269461 0 0 39.816 37.115 30.708
1 17 17 0 0.8502994011976048 0 0 38.392 37.941 27.304
1 18 0 0 0.8143712574850299 0 0 39.897 34.822 25.841
1 19 12 0 0.9101796407185628 0 0 37.366 32.435 27.385
1 20 18 0 0.8862275449101796 0 0 34.302 34.479 26.505
1 21 11 0 0.658682634730539 0 0 35.211 35.265 22.929
1 22 6 0 0.6347305389221557 0 0 36.288 31.701 22.323
1 23 12 0 0.6646706586826348 0 0 32.888 30.621 23.565
1 24 11 0 0.5329341317365269 0 0 30.505 32.996 21.940
1 25 6 0 0.32335329341317365 0 0 32.373 34.219 18.939
1 26 2 0 0.3053892215568862 0 0 34.350 31.023 18.477
1 27 10 0 0.26347305389221565 0 0 37.543 33.119 18.063
1 28 15 0 0.3892215568862275 0 0 40.638 34.365 19.733
1 29 22 0 0.3173652694610779 0 0 40.910 38.087 20.269
1 30 3 0 0.16766467065868274 0 0 44.165 39.912 20.884
1 31 7 0 0.11377245508982048 0 0 42.519 43.297 20.531
1 32 20 0 0.19760479041916168 0 0 41.770 45.011 23.804
1 33 3 0 0.20359281437125742 0 0 38.460 46.720 24.661
1 34 16 0 0.3772455089820359 0 0 36.838 47.317 28.019
1 35 18 0 0.45508982035928147 0 0 33.864 45.156 26.968
1 36 11 0 0.35928143712574856 0 0 31.103 46.999 28.669
1 37 7 0 0.10778443113772451 0 0 29.474 48.147 25.414
1 38 3 0 0.221556886227545 0 0 29.549 44.698 23.963
1 39 17 0 0.40718562874251496 0 0 27.515 41.763 25.078
1 40 20 0 0.5209580838323353 0 0 28.236 38.192 24.249
1 41 1 0 0.4730538922155688 0 0 25.741 35.358 24.349
1 42 13 0 0.33532934131736525 0 0 24.731 32.013 22.863
1 43 6 0 0.15568862275449102 0 0 22.060 29.414 23.481
1 44 22 0 0.23952095808383234 0 0 23.731 26.128 24.481
1 45 22 0 0.09580838323353291 0 0 21.820 22.951 25.159
1 46 11 0 0.16167664670658677 0 0 23.102 21.567 28.436
1 47 3 0 0.041916167664670656 0 0 21.968 18.281 29.902
1 48 9 0 0.0 0 0 18.412 18.184 28.605
1 49 7 0 0.017964071856287345 0 0 17.693 21.894 28.502
1 50 18 0 0.03592814371257491 0 0 18.476 25.114 26.596
1 51 5 0 0.25149700598802394 0 0 20.744 27.268 28.742
1 52 12 0 0.3293413173652695 0 0 21.079 30.905 27.777
1 53 12 0 0.6287425149700598 0 0 24.606 32.004 28.565
1 54 3 0 0.652694610778443 0 0 25.021 35.752 28.892
1 55 11 0 0.8562874251497006 0 0 28.589 36.665 29.825
1 56 12 0 0.844311377245509 0 0 30.023 39.808 31.370
1 57 3 0 0.874251497005988 0 0 33.653 40.736 31.202
1 58 18 0 0.8263473053892215 0 0 35.581 42.661 33.790
1 59 0 0 0.6107784431137725 0 0 37.922 45.324 32.510
1 60 9 0 0.437125748502994 0 0 40.548 47.158 34.528
1 61 6 0 0.4251497005988024 0 0 42.147 46.634 37.894
1 62 7 0 0.34730538922155685 0 0 40.432 47.137 41.253
1 63 7 0 0.08383233532934131 0 0 39.534 50.643 42.480
1 64 20 0 0.07784431137724557 0 0 36.887 49.771 45.085
1 65 17 0 0.029940119760479056 0 0 33.578 51.287 44.106
1 66 0 0 0.04790419161676651 0 0 30.156 50.084 44.613
1 67 14 0 0.12574850299401197 0 0 29.362 49.586 40.913
1 68 1 0 0.4131736526946108 0 0 32.063 46.956 40.603
1 69 3 0 0.39520958083832336 0 0 30.173 45.281 43.421
1 70 6 0 0.27544910179640725 0 0 26.843 45.720 41.613
1 71 20 0 0.5269461077844311 0 0 28.296 44.374 38.360
1 72 14 0 0.688622754491018 0 0 29.695 41.394 40.302
1 73 1 0 0.5149700598802396 0 0 26.313 40.963 42.025
1 74 18 0 0.5389221556886228 0 0 24.724 40.794 38.609
1 75 9 0 0.7784431137724551 0 0 26.566 37.585 37.758
1 76 7 0 0.7125748502994012 0 0 24.953 34.459 39.074
1 77 9 0 0.8922155688622755 0 0 28.182 32.637 38.544
1 78 15 0 0.9760479041916168 0 0 31.938 33.285 38.667
1 79 12 0 0.9940119760479041 0 0 34.936 32.110 36.700
1 80 5 0 0.9820359281437125 0 0 38.045 33.096 38.684
1 81 22 0 0.9640718562874252 0 0 40.947 33.150 36.281
1 82 15 0 0.8682634730538922 0 0 44.724 32.943 36.673
1 83 0 0 0.7065868263473054 0 0 47.270 32.143 34.021
1 84 11 0 0.5029940119760479 0 0 49.794 29.327 34.612
1 85 2 0 0.2574850299401197 0 0 52.675 31.476 33.384
1 86 2 0 0.31137724550898194 0 0 52.157 34.183 35.987
1 87 18 0 0.21556886227544902 0 0 52.549 33.492 39.683
1 88 13 0 0.2694610778443114 0 0 51.259 36.952 40.530
1 89 17 0 0.5868263473053892 0 0 47.865 36.141 39.095
1 90 15 0 0.5808383233532934 0 0 47.620 32.818 40.890
1 91 7 0 0.4011976047904191 0 0 48.366 34.582 44.191
1 92 3 0 0.5568862275449102 0 0 45.563 37.135 43.690
1 93 11 0 0.7245508982035929 0 0 43.039 34.287 43.607
1 94 10 0 0.5508982035928144 0 0 42.048 34.439 47.259
1 95 10 0 0.49101796407185627 0 0 41.532 38.233 47.268
1 96 20 0 0.7544910179640718 0 0 39.198 37.788 44.277
1 97 1 0 0.718562874251497 0 0 37.379 35.137 46.174
1 98 7 0 0.44311377245508976 0 0 36.975 37.483 49.159
1 99 6 0 0.5449101796407185 0 0 35.288 40.088 47.001
1 100 11 0 0.6826347305389222 0 0 32.962 37.638 45.452
1 101 13 0 0.4610778443113772 0 0 32.219 36.467 48.997
1 102 1 0 0.22754491017964074 0 0 31.659 39.953 50.271
1 103 22 0 0.3413173652694611 0 0 29.201 40.999 47.593
1 104 13 0 0.41916167664670656 0 0 27.190 37.804 47.129
1 105 3 0 0.13173652694610782 0 0 26.798 37.401 50.862
1 106 17 0 0.17964071856287422 0 0 27.892 33.786 50.978
1 107 7 0 0.28742514970059885 0 0 30.861 31.550 51.084
1 108 3 0 0.38323353293413165 0 0 28.892 28.992 49.179
1 109 22 0 0.6167664670658684 0 0 28.971 30.815 45.852
1 110 16 0 0.7724550898203593 0 0 28.925 29.176 42.481
1 111 14 0 0.9161676646706587 0 0 32.446 29.402 41.161
1 112 22 0 0.9520958083832335 0 0 34.928 27.852 38.768
1 113 12 0 0.9401197604790419 0 0 38.683 28.308 39.109
1 114 22 0 0.9461077844311377 0 0 40.346 28.344 35.762
1 115 9 0 0.8323353293413174 0 0 44.015 27.626 35.088
1 116 2 0 0.8383233532934131 0 0 44.285 29.463 31.788
1 117 13 0 0.5988023952095809 0 0 47.194 29.562 29.303
1 118 5 0 0.46706586826347307 0 0 47.539 25.831 29.439
1 119 3 0 0.24550898203592808 0 0 48.414 26.045 25.733
1 120 12 0 0.059880239520958 0 0 51.636 24.097 26.162
1 121 16 0 0.02395209580838331 0 0 53.617 22.069 28.748
1 122 17 0 0.0119760479041916 0 0 55.585 23.852 31.491
1 123 1 0 0.0718562874251496 0 0 54.338 26.080 34.263
1 124 18 0 0.06586826347305386 0 0 55.204 28.582 36.868
1 125 22 0 0.20958083832335328 0 0 52.169 28.051 38.966
1 126 3 0 0.11976047904191622 0 0 52.014 25.087 41.261
1 127 18 0 0.18562874251497008 0 0 49.280 22.686 40.369
1 128 13 0 0.08982035928143717 0 0 49.000 21.366 43.903
1 129 6 0 0.13772455089820357 0 0 48.455 24.798 45.300
1 130 0 0 0.47904191616766467 0 0 45.800 25.244 42.669
1 131 6 0 0.3532934131736526 0 0 44.224 21.974 43.761
1 132 3 0 0.14970059880239517 0 0 44.414 22.720 47.431
1 133 12 0 0.43113772455089827 0 0 42.768 26.035 46.698
1 134 0 0 0.5748502994011976 0 0 40.050 24.577 44.541
1 135 1 0 0.2934131736526946 0 0 39.596 22.166 47.436
1 136 17 0 0.2335329341317366 0 0 39.438 24.903 49.980
1 137 20 0 0.4970059880239521 0 0 36.578 26.791 48.332
1 138 9 0 0.4491017964071856 0 0 34.708 23.843 46.934
1 139 11 0 0.7365269461077844 0 0 35.079 25.190 43.434
1 140 16 0 0.7604790419161677 0 0 35.947 23.138 40.401
1 141 15 0 0.7904191616766467 0 0 39.328 23.544 38.843
1 142 11 0 0.8023952095808383 0 0 39.763 23.194 35.078
1 143 7 0 0.7305389221556886 0 0 42.610 24.056 32.747
1 144 18 0 0.7964071856287425 0 0 41.973 26.130 29.643
1 145 17 0 0.6227544910179641 0 0 43.411 27.130 26.390
1 146 0 0 0.6407185628742516 0 0 41.452 29.440 24.174
1 147 13 0 0.3652694610778443 0 0 44.445 29.237 21.827
1 148 18 0 0.17365269461077848 0 0 44.521 25.503 21.261
1 149 1 0 0.37125748502994016 0 0 40.837 24.956 21.814
1 150 6 0 0.4850299401197605 0 0 40.391 23.113 25.053
1 151 9 0 0.6766467065868262 0 0 38.211 23.376 28.049
1 152 22 0 0.8622754491017964 0 0 36.668 26.763 27.680
1 153 3 0 0.7425149700598803 0 0 33.267 25.217 26.972
1 154 3 0 0.7005988023952096 0 0 33.476 22.604 29.663
1 155 0 0 0.8982035928143712 0 0 34.430 25.288 32.158
1 156 15 0 0.9221556886227544 0 0 31.339 27.415 31.622
1 157 20 0 0.7485029940119761 0 0 29.158 24.305 31.419
1 158 18 0 0.7664670658682635 0 0 30.523 23.077 34.689
1 159 12 0 0.8802395209580838 0 0 29.424 26.408 36.066
1 160 22 0 0.6706586826347305 0 0 25.836 25.977 34.830
1 161 1 0 0.5089820359281436 0 0 25.789 22.518 36.472
1 162 7 0 0.6047904191616766 0 0 27.111 24.021 39.582
1 163 11 0 0.562874251497006 0 0 24.365 26.646 39.587
1 164 1 0 0.29940119760479034 0 0 21.882 23.968 38.689
1 165 13 0 0.14371257485029942 0 0 22.807 21.712 41.594
1 166 10 0 0.19161676646706582 0 0 22.812 24.663 44.024
1 167 13 0 0.053892215568862256 0 0 19.783 25.772 45.940
