1 1 14 0 0.029940119760479056 0 0 14.882 36.460 28.292
1 2 18 0 0.09580838323353291 0 0 18.165 36.169 26.409
1 3 7 0 0.281437125748503 0 0 21.210 33.899 26.759
1 4 20 0 0.5568862275449102 0 0 24.502 35.615 27.462
1 5 13 0 0.7005988023952096 0 0 27.590 33.464 26.811
1 6 12 0 0.9101796407185628 0 0 30.272 34.264 29.381
1 7 22 0 0.9520958083832335 0 0 33.791 32.822 29.405
1 8 22 0 0.9880239520958084 0 0 35.971 32.529 32.394
1 9 22 0 0.9700598802395209 0 0 39.563 33.152 31.352
1 10 9 0 0.9341317365269461 0 0 42.734 33.036 33.410
1 11 0 0 0.8023952095808383 0 0 45.562 31.001 34.846
1 12 9 0 0.6107784431137725 0 0 45.459 27.501 36.272
1 13 9 0 0.5748502994011976 0 0 45.464 28.265 39.930
1 14 22 0 0.8143712574850299 0 0 43.222 31.285 40.140
1 15 9 0 0.844311377245509 0 0 39.863 29.850 41.064
1 16 13 0 0.9281437125748503 0 0 38.021 29.506 37.801
1 17 17 0 0.8203592814371258 0 0 35.913 26.541 38.661
1 18 0 0 0.7664670658682635 0 0 35.376 27.914 42.134
1 19 12 0 0.8982035928143712 0 0 33.861 31.164 40.887
1 20 18 0 0.874251497005988 0 0 31.464 29.523 38.413
1 21 11 0 0.6467065868263473 0 0 30.377 26.748 40.741
1 22 6 0 0.6287425149700598 0 0 29.753 29.348 43.430
1 23 12 0 0.7305389221556886 0 0 27.732 31.286 40.917
1 24 11 0 0.5449101796407185 0 0 25.793 28.258 39.869
1 25 6 0 0.28742514970059885 0 0 25.734 25.221 42.213
1 26 2 0 0.29940119760479034 0 0 26.623 27.303 45.279
1 27 10 0 0.21556886227544902 0 0 29.483 25.243 46.705
1 28 15 0 0.3053892215568862 0 0 33.222 25.602 47.257
1 29 22 0 0.31137724550898194 0 0 34.803 23.076 44.910
1 30 3 0 0.07784431137724557 0 0 36.307 19.873 46.268
1 31 7 0 0.0718562874251496 0 0 37.950 18.089 43.342
1 32 20 0 0.22754491017964074 0 0 39.017 19.705 40.098
1 33 3 0 0.20359281437125742 0 0 37.997 18.505 36.646
1 34 16 0 0.37125748502994016 0 0 38.877 20.012 33.277
1 35 18 0 0.43113772455089827 0 0 35.251 20.730 32.484
1 36 11 0 0.26347305389221565 0 0 35.827 19.574 28.956
1 37 7 0 0.14371257485029942 0 0 32.179 18.908 28.013
1 38 3 0 0.27544910179640725 0 0 30.170 20.249 30.961
1 39 17 0 0.39520958083832336 0 0 27.740 23.015 30.696
1 40 20 0 0.5209580838323353 0 0 26.532 25.411 33.303
1 41 1 0 0.4730538922155688 0 0 23.737 27.988 33.189
1 42 13 0 0.34730538922155685 0 0 20.890 29.556 35.148
1 43 6 0 0.14970059880239517 0 0 18.221 32.161 34.858
1 44 22 0 0.221556886227545 0 0 18.787 35.212 37.089
1 45 22 0 0.10778443113772451 0 0 17.125 38.609 36.947
1 46 11 0 0.17964071856287422 0 0 19.384 41.581 36.196
1 47 3 0 0.06586826347305386 0 0 18.002 45.048 36.506
1 48 9 0 0.0 0 0 14.423 44.146 36.058
1 49 7 0 0.03592814371257491 0 0 14.816 41.705 33.236
1 50 18 0 0.053892215568862256 0 0 15.229 37.948 33.364
1 51 5 0 0.19161676646706582 0 0 18.602 36.950 31.939
1 52 12 0 0.35928143712574856 0 0 20.197 33.606 31.267
1 53 12 0 0.6347305389221557 0 0 23.939 33.335 31.985
1 54 3 0 0.652694610778443 0 0 25.694 30.469 30.338
1 55 11 0 0.8622754491017964 0 0 29.030 30.158 32.025
1 56 12 0 0.8502994011976048 0 0 31.800 28.450 30.138
1 57 3 0 0.8682634730538922 0 0 34.964 27.067 31.663
1 58 18 0 0.8083832335329342 0 0 38.186 26.959 29.794
1 59 0 0 0.6167664670658684 0 0 40.902 24.623 31.061
1 60 9 0 0.437125748502994 0 0 44.493 23.922 30.208
1 61 6 0 0.4131736526946108 0 0 47.023 26.541 29.316
1 62 7 0 0.16766467065868274 0 0 47.667 25.655 25.714
1 63 7 0 0.11976047904191622 0 0 48.929 28.002 23.054
1 64 20 0 0.041916167664670656 0 0 48.926 25.277 20.409
1 65 17 0 0.017964071856287345 0 0 46.410 22.441 19.663
1 66 0 0 0.11377245508982048 0 0 43.838 24.197 21.723
1 67 14 0 0.20958083832335328 0 0 40.187 25.176 21.314
1 68 1 0 0.5029940119760479 0 0 40.540 28.539 23.045
1 69 3 0 0.3772455089820359 0 0 39.751 30.520 19.854
1 70 6 0 0.3413173652694611 0 0 36.276 28.838 19.652
1 71 20 0 0.5988023952095809 0 0 35.419 29.730 23.223
1 72 14 0 0.658682634730539 0 0 36.398 33.269 22.553
1 73 1 0 0.40718562874251496 0 0 34.293 33.136 19.380
1 74 18 0 0.49101796407185627 0 0 31.270 32.162 21.429
1 75 9 0 0.7604790419161677 0 0 31.940 34.514 24.283
1 76 7 0 0.688622754491018 0 0 29.916 37.747 24.420
1 77 9 0 0.8862275449101796 0 0 31.229 38.484 27.829
1 78 15 0 0.9640718562874252 0 0 34.523 37.550 29.424
1 79 12 0 0.9940119760479041 0 0 35.656 37.023 32.951
1 80 5 0 0.9820359281437125 0 0 39.353 37.620 33.281
1 81 22 0 0.9760479041916168 0 0 40.475 36.073 36.575
1 82 15 0 0.8802395209580838 0 0 43.642 36.351 38.590
1 83 0 0 0.7125748502994012 0 0 44.561 35.727 42.178
1 84 11 0 0.4850299401197605 0 0 46.428 38.167 44.354
1 85 2 0 0.2694610778443114 0 0 48.945 35.715 45.669
1 86 2 0 0.3293413173652695 0 0 50.399 34.417 42.404
1 87 18 0 0.2335329341317366 0 0 52.158 37.223 40.707
1 88 13 0 0.3173652694610779 0 0 52.244 35.418 37.383
1 89 17 0 0.6227544910179641 0 0 48.494 35.367 36.941
1 90 15 0 0.592814371257485 0 0 48.273 39.161 37.186
1 91 7 0 0.41916167664670656 0 0 50.936 39.315 34.461
1 92 3 0 0.5688622754491017 0 0 49.119 37.041 32.119
1 93 11 0 0.7844311377245509 0 0 46.093 39.302 32.310
1 94 10 0 0.5389221556886228 0 0 47.701 41.353 29.556
1 95 10 0 0.5089820359281436 0 0 48.250 38.212 27.466
1 96 20 0 0.7724550898203593 0 0 44.682 37.096 27.877
1 97 1 0 0.7485029940119761 0 0 43.206 40.423 27.135
1 98 7 0 0.46706586826347307 0 0 45.231 40.446 23.935
1 99 6 0 0.5329341317365269 0 0 43.838 37.012 23.107
1 100 11 0 0.6706586826347305 0 0 40.360 38.361 23.509
1 101 13 0 0.45508982035928147 0 0 41.075 41.554 21.655
1 102 1 0 0.23952095808383234 0 0 42.566 39.378 18.872
1 103 22 0 0.33532934131736525 0 0 39.709 36.948 18.504
1 104 13 0 0.32335329341317365 0 0 36.900 39.487 18.453
1 105 3 0 0.10179640718562877 0 0 38.929 41.900 16.346
1 106 17 0 0.12574850299401197 0 0 38.494 44.975 18.346
1 107 7 0 0.25149700598802394 0 0 39.926 46.474 21.476
1 108 3 0 0.3892215568862275 0 0 36.608 46.832 23.231
1 109 22 0 0.6047904191616766 0 0 35.178 43.543 24.318
1 110 16 0 0.7964071856287425 0 0 32.853 43.239 27.350
1 111 14 0 0.9221556886227544 0 0 34.829 41.985 30.230
1 112 22 0 0.9461077844311377 0 0 35.379 42.151 33.895
1 113 12 0 0.9401197604790419 0 0 38.623 41.825 35.825
1 114 22 0 0.9580838323353293 0 0 38.404 39.552 38.778
1 115 9 0 0.8562874251497006 0 0 40.804 39.560 41.714
1 116 2 0 0.8263473053892215 0 0 40.381 36.309 43.663
1 117 13 0 0.5508982035928144 0 0 41.336 35.684 47.219
1 118 5 0 0.44311377245508976 0 0 40.779 39.167 48.552
1 119 3 0 0.16167664670658677 0 0 40.029 37.875 52.026
1 120 12 0 0.08982035928143717 0 0 43.824 37.682 52.404
1 121 16 0 0.0059880239520957446 0 0 45.290 40.000 54.948
1 122 17 0 0.0119760479041916 0 0 48.522 40.213 52.998
1 123 1 0 0.08383233532934131 0 0 48.105 41.033 49.269
1 124 18 0 0.059880239520958 0 0 51.261 40.357 47.229
1 125 22 0 0.17365269461077848 0 0 49.649 41.767 44.180
1 126 3 0 0.13173652694610782 0 0 48.447 45.282 44.784
1 127 18 0 0.3652694610778443 0 0 44.709 45.590 44.142
1 128 13 0 0.13772455089820357 0 0 45.248 49.295 43.564
1 129 6 0 0.15568862275449102 0 0 47.748 48.183 40.813
1 130 0 0 0.4970059880239521 0 0 45.040 45.864 39.526
1 131 6 0 0.4251497005988024 0 0 42.520 48.747 39.538
1 132 3 0 0.19760479041916168 0 0 45.056 50.667 37.422
1 133 12 0 0.4491017964071856 0 0 45.285 47.884 34.862
1 134 0 0 0.5868263473053892 0 0 41.556 47.614 34.666
1 135 1 0 0.3532934131736526 0 0 41.452 51.307 33.959
1 136 17 0 0.2574850299401197 0 0 43.783 50.812 31.001
1 137 20 0 0.4610778443113772 0 0 41.214 48.708 29.242
1 138 9 0 0.4011976047904191 0 0 38.299 50.769 30.626
1 139 11 0 0.6766467065868262 0 0 36.979 47.745 32.545
1 140 16 0 0.7544910179640718 0 0 35.401 47.011 35.907
1 141 15 0 0.7904191616766467 0 0 37.452 45.665 38.763
1 142 11 0 0.8383233532934131 0 0 36.044 43.171 41.323
1 143 7 0 0.6946107784431137 0 0 37.807 42.056 44.468
1 144 18 0 0.7425149700598803 0 0 36.439 38.650 45.517
1 145 17 0 0.5808383233532934 0 0 36.722 35.580 47.639
1 146 0 0 0.6826347305389222 0 0 35.337 32.423 46.061
1 147 13 0 0.38323353293413165 0 0 35.230 30.348 49.260
1 148 18 0 0.24550898203592808 0 0 32.744 32.460 51.131
1 149 1 0 0.5149700598802396 0 0 31.541 33.820 47.858
1 150 6 0 0.47904191616766467 0 0 31.853 37.592 48.434
1 151 9 0 0.6646706586826348 0 0 31.620 39.616 45.251
1 152 22 0 0.8323353293413174 0 0 30.964 36.597 43.139
1 153 3 0 0.7365269461077844 0 0 27.493 37.344 41.925
1 154 3 0 0.718562874251497 0 0 28.506 40.934 41.501
1 155 0 0 0.9161676646706587 0 0 31.171 39.860 38.985
1 156 15 0 0.9041916167664671 0 0 28.733 38.069 36.797
1 157 20 0 0.7245508982035929 0 0 25.953 40.646 37.117
1 158 18 0 0.7784431137724551 0 0 28.337 43.445 36.249
1 159 12 0 0.8922155688622755 0 0 29.608 41.409 33.345
1 160 22 0 0.7065868263473054 0 0 26.122 41.098 31.893
1 161 1 0 0.5269461077844311 0 0 25.508 44.780 32.360
1 162 7 0 0.6407185628742516 0 0 28.726 45.290 30.466
1 163 11 0 0.562874251497006 0 0 27.384 43.473 27.465
1 164 1 0 0.2934131736526946 0 0 24.182 45.397 27.683
1 165 13 0 0.18562874251497008 0 0 25.922 48.784 27.949
1 166 10 0 0.04790419161676651 0 0 25.408 51.634 25.487
1 167 13 0 0.02395209580838331 0 0 27.988 54.377 24.904
