5.000000000000000000e+00 8.928571641445159912e-02 2.542700004577636719e+01 3.828200149536132812e+01 4.250600051879882812e+01
1.600000000000000000e+01 2.232142835855484009e-01 2.670499992370605469e+01 4.167100143432617188e+01 4.127299880981445312e+01
1.200000000000000000e+01 5.044642686843872070e-01 3.041799926757812500e+01 4.096500015258789062e+01 4.081700134277343750e+01
1.400000000000000000e+01 5.446428656578063965e-01 3.170700073242187500e+01 3.811600112915039062e+01 3.838000106811523438e+01
2.200000000000000000e+01 7.098214030265808105e-01 3.537099838256835938e+01 3.729600143432617188e+01 3.767900085449218750e+01
1.300000000000000000e+01 6.830357313156127930e-01 3.616600036621093750e+01 3.511000061035156250e+01 3.463999938964843750e+01
2.200000000000000000e+01 7.366071343421936035e-01 3.971300125122070312e+01 3.393899917602539062e+01 3.386800003051757812e+01
1.200000000000000000e+01 6.696428656578063965e-01 4.077299880981445312e+01 3.271900177001953125e+01 3.032600021362304688e+01
3.000000000000000000e+00 6.250000000000000000e-01 4.389300155639648438e+01 3.127700042724609375e+01 2.880800056457519531e+01
0.000000000000000000e+00 5.982142686843872070e-01 4.541500091552734375e+01 3.277999877929687500e+01 2.562199974060058594e+01
2.200000000000000000e+01 3.750000000000000000e-01 4.765700149536132812e+01 2.993400001525878906e+01 2.462500000000000000e+01
1.000000000000000000e+00 2.276785671710968018e-01 4.478300094604492188e+01 2.741900062561035156e+01 2.438999938964843750e+01
9.000000000000000000e+00 2.812500000000000000e-01 4.188800048828125000e+01 2.984499931335449219e+01 2.387100028991699219e+01
1.700000000000000000e+01 2.544642984867095947e-01 3.971400070190429688e+01 2.827799987792968750e+01 2.656699943542480469e+01
1.600000000000000000e+01 3.616071343421936035e-01 3.888100051879882812e+01 2.866200065612792969e+01 3.030400085449218750e+01
0.000000000000000000e+00 5.267857313156127930e-01 4.151599884033203125e+01 2.905400085449218750e+01 3.295399856567382812e+01
1.100000000000000000e+01 3.303571343421936035e-01 4.039199829101562500e+01 2.650200080871582031e+01 3.563399887084960938e+01
2.000000000000000000e+00 3.392857015132904053e-01 4.146400070190429688e+01 2.656200027465820312e+01 3.937799835205078125e+01
2.200000000000000000e+01 6.339285969734191895e-01 4.325600051879882812e+01 3.000300025939941406e+01 3.929899978637695312e+01
0.000000000000000000e+00 6.428571343421936035e-01 4.323199844360351562e+01 3.143899917602539062e+01 4.284400177001953125e+01
1.400000000000000000e+01 7.455357313156127930e-01 4.245800018310546875e+01 3.505599975585937500e+01 4.396400070190429688e+01
2.200000000000000000e+01 7.500000000000000000e-01 3.944400024414062500e+01 4.089300155639648438e+01 4.645999908447265625e+01
1.500000000000000000e+01 7.008928656578063965e-01 4.007899856567382812e+01 4.382899856567382812e+01 4.871099853515625000e+01
1.000000000000000000e+00 5.803571343421936035e-01 3.761100006103515625e+01 4.665999984741210938e+01 4.970899963378906250e+01
1.300000000000000000e+01 5.133928656578063965e-01 3.857199859619140625e+01 5.038600158691406250e+01 5.078900146484375000e+01
0.000000000000000000e+00 2.142857164144515991e-01 3.749599838256835938e+01 5.149000167846679688e+01 5.430899810791015625e+01
0.000000000000000000e+00 7.589285820722579956e-02 3.610300064086914062e+01 5.514599990844726562e+01 5.520100021362304688e+01
3.000000000000000000e+00 8.035714179277420044e-02 3.968700027465820312e+01 5.649300003051757812e+01 5.593700027465820312e+01
3.000000000000000000e+00 3.125000000000000000e-01 4.073400115966796875e+01 5.481399917602539062e+01 5.255099868774414062e+01
1.800000000000000000e+01 3.437500000000000000e-01 4.235900115966796875e+01 5.170000076293945312e+01 5.400699996948242188e+01
1.900000000000000000e+01 5.580357313156127930e-01 4.241400146484375000e+01 4.823899841308593750e+01 5.230199813842773438e+01
7.000000000000000000e+00 3.660714328289031982e-01 4.024800109863281250e+01 4.562900161743164062e+01 5.410400009155273438e+01
1.600000000000000000e+01 4.687500000000000000e-01 3.973199844360351562e+01 4.203400039672851562e+01 5.275500106811523438e+01
1.500000000000000000e+01 4.285714328289031982e-01 3.653400039672851562e+01 4.121900177001953125e+01 5.106499862670898438e+01
0.000000000000000000e+00 4.330357015132904053e-01 3.610599899291992188e+01 3.768799972534179688e+01 4.930599975585937500e+01
1.700000000000000000e+01 4.821428656578063965e-01 3.840299987792968750e+01 3.472999954223632812e+01 4.824499893188476562e+01
9.000000000000000000e+00 3.571428656578063965e-01 3.862099838256835938e+01 3.116799926757812500e+01 4.657199859619140625e+01
1.300000000000000000e+01 4.464285671710968018e-01 3.963100051879882812e+01 2.962199974060058594e+01 4.316699981689453125e+01
1.800000000000000000e+01 4.508928656578063965e-01 3.788100051879882812e+01 2.942900085449218750e+01 3.967100143432617188e+01
1.700000000000000000e+01 1.875000000000000000e-01 3.547399902343750000e+01 2.671899986267089844e+01 3.836000061035156250e+01
7.000000000000000000e+00 9.375000000000000000e-02 3.577500152587890625e+01 2.443799972534179688e+01 3.521500015258789062e+01
1.700000000000000000e+01 1.517857164144515991e-01 3.420299911499023438e+01 2.711899948120117188e+01 3.297900009155273438e+01
9.000000000000000000e+00 4.375000000000000000e-01 3.659899902343750000e+01 2.984199905395507812e+01 3.423500061035156250e+01
7.000000000000000000e+00 4.151785671710968018e-01 3.401399993896484375e+01 3.172400093078613281e+01 3.632400131225585938e+01
1.200000000000000000e+01 4.553571343421936035e-01 3.422900009155273438e+01 3.243799972534179688e+01 4.009600067138671875e+01
9.000000000000000000e+00 1.294642835855484009e-01 2.915800094604492188e+01 3.380500030517578125e+01 4.479399871826171875e+01
1.200000000000000000e+01 3.035714328289031982e-01 3.166300010681152344e+01 3.653200149536132812e+01 4.561500167846679688e+01
1.800000000000000000e+01 1.651785671710968018e-01 2.932200050354003906e+01 3.890299987792968750e+01 4.743999862670898438e+01
1.800000000000000000e+01 3.571428731083869934e-02 2.576000022888183594e+01 4.005699920654296875e+01 4.795999908447265625e+01
7.000000000000000000e+00 2.232142910361289978e-02 2.403499984741210938e+01 4.321200180053710938e+01 4.683300018310546875e+01
7.000000000000000000e+00 4.464285913854837418e-03 2.370499992370605469e+01 4.420100021362304688e+01 5.055400085449218750e+01
7.000000000000000000e+00 4.017857089638710022e-02 2.743300056457519531e+01 4.370199966430664062e+01 5.127999877929687500e+01
1.500000000000000000e+01 1.696428507566452026e-01 2.868799972534179688e+01 4.528699874877929688e+01 4.804499816894531250e+01
2.200000000000000000e+01 1.116071417927742004e-01 2.861300086975097656e+01 4.894499969482421875e+01 4.940700149536132812e+01
7.000000000000000000e+00 1.830357164144515991e-01 2.989999961853027344e+01 5.211800003051757812e+01 4.772600173950195312e+01
9.000000000000000000e+00 3.928571343421936035e-01 3.363800048828125000e+01 5.251300048828125000e+01 4.729999923706054688e+01
1.100000000000000000e+01 6.517857313156127930e-01 3.680099868774414062e+01 5.143999862670898438e+01 4.567599868774414062e+01
2.000000000000000000e+01 7.544642686843872070e-01 3.741600036621093750e+01 4.774900054931640625e+01 4.511899948120117188e+01
1.300000000000000000e+01 8.750000000000000000e-01 4.050799942016601562e+01 4.571300125122070312e+01 4.414799880981445312e+01
2.200000000000000000e+01 9.107142686843872070e-01 4.103300094604492188e+01 4.220399856567382812e+01 4.298699951171875000e+01
7.000000000000000000e+00 9.330357313156127930e-01 4.447200012207031250e+01 4.050999832153320312e+01 4.311899948120117188e+01
1.100000000000000000e+01 9.241071343421936035e-01 4.481800079345703125e+01 3.727000045776367188e+01 4.100299835205078125e+01
3.000000000000000000e+00 8.348214030265808105e-01 4.763999938964843750e+01 3.476200103759765625e+01 4.106200027465820312e+01
1.800000000000000000e+01 8.660714030265808105e-01 4.951100158691406250e+01 3.470999908447265625e+01 3.769499969482421875e+01
1.300000000000000000e+01 7.187500000000000000e-01 5.203599929809570312e+01 3.220500183105468750e+01 3.901499938964843750e+01
1.700000000000000000e+01 5.535714030265808105e-01 5.058599853515625000e+01 2.880599975585937500e+01 4.024399948120117188e+01
2.000000000000000000e+01 5.401785969734191895e-01 4.844100189208984375e+01 2.800000000000000000e+01 3.718099975585937500e+01
1.900000000000000000e+01 5.223214030265808105e-01 5.139500045776367188e+01 2.827000045776367188e+01 3.483399963378906250e+01
1.300000000000000000e+01 3.348214328289031982e-01 5.347800064086914062e+01 2.635400009155273438e+01 3.731499862670898438e+01
0.000000000000000000e+00 1.741071492433547974e-01 5.099599838256835938e+01 2.345000076293945312e+01 3.697000122070312500e+01
1.200000000000000000e+01 1.383928507566452026e-01 5.224399948120117188e+01 2.306900024414062500e+01 3.334500122070312500e+01
9.000000000000000000e+00 1.250000000000000000e-01 5.590700149536132812e+01 2.389100074768066406e+01 3.446900177001953125e+01
1.100000000000000000e+01 3.080357015132904053e-01 5.572299957275390625e+01 2.723399925231933594e+01 3.260699844360351562e+01
1.700000000000000000e+01 4.955357015132904053e-01 5.740200042724609375e+01 3.040600013732910156e+01 3.381200027465820312e+01
1.600000000000000000e+01 7.053571343421936035e-01 5.539699935913085938e+01 3.370000076293945312e+01 3.328699874877929688e+01
1.500000000000000000e+01 7.723214030265808105e-01 5.688000106811523438e+01 3.720800018310546875e+01 3.339400100708007812e+01
7.000000000000000000e+00 8.794642686843872070e-01 5.405899810791015625e+01 3.817699813842773438e+01 3.948600006103515625e+01
0.000000000000000000e+00 9.866071343421936035e-01 4.761000061035156250e+01 4.074900054931640625e+01 3.798199844360351562e+01
7.000000000000000000e+00 9.910714030265808105e-01 4.586999893188476562e+01 4.341699981689453125e+01 4.013299942016601562e+01
2.200000000000000000e+01 9.776785969734191895e-01 4.276100158691406250e+01 4.550500106811523438e+01 3.909500122070312500e+01
2.200000000000000000e+01 9.464285969734191895e-01 4.145899963378906250e+01 4.861199951171875000e+01 4.086000061035156250e+01
1.500000000000000000e+01 8.392857313156127930e-01 3.799399948120117188e+01 5.016099929809570312e+01 4.023099899291992188e+01
1.800000000000000000e+01 6.785714030265808105e-01 3.520800018310546875e+01 5.234500122070312500e+01 4.161899948120117188e+01
0.000000000000000000e+00 5.357142686843872070e-01 3.193799972534179688e+01 5.028900146484375000e+01 4.234400177001953125e+01
2.000000000000000000e+00 2.589285671710968018e-01 2.835400009155273438e+01 5.142599868774414062e+01 4.211299896240234375e+01
3.000000000000000000e+00 2.321428507566452026e-01 2.878300094604492188e+01 5.490000152587890625e+01 4.062900161743164062e+01
1.700000000000000000e+01 4.464285820722579956e-02 2.559499931335449219e+01 5.684700012207031250e+01 4.007899856567382812e+01
9.000000000000000000e+00 1.785714365541934967e-02 2.354299926757812500e+01 5.419599914550781250e+01 4.184700012207031250e+01
1.600000000000000000e+01 4.910714179277420044e-02 2.376099967956542969e+01 5.042499923706054688e+01 4.208499908447265625e+01
1.000000000000000000e+00 1.607142835855484009e-01 2.554199981689453125e+01 4.870600128173828125e+01 3.909400177001953125e+01
1.000000000000000000e+00 2.633928656578063965e-01 2.667000007629394531e+01 4.515900039672851562e+01 3.815900039672851562e+01
2.000000000000000000e+01 5.491071343421936035e-01 3.014100074768066406e+01 4.400000000000000000e+01 3.691500091552734375e+01
1.800000000000000000e+01 6.205357313156127930e-01 3.162500000000000000e+01 4.127799987792968750e+01 3.475899887084960938e+01
1.100000000000000000e+01 7.901785969734191895e-01 3.538299942016601562e+01 4.111000061035156250e+01 3.497700119018554688e+01
0.000000000000000000e+00 8.080357313156127930e-01 3.707099914550781250e+01 3.908599853515625000e+01 3.233200073242187500e+01
0.000000000000000000e+00 8.973214030265808105e-01 4.077000045776367188e+01 3.839599990844726562e+01 3.250400161743164062e+01
1.200000000000000000e+01 8.437500000000000000e-01 4.303099822998046875e+01 3.672100067138671875e+01 2.993300056457519531e+01
1.200000000000000000e+01 8.482142686843872070e-01 4.631999969482421875e+01 3.529299926757812500e+01 3.100499916076660156e+01
1.700000000000000000e+01 7.767857313156127930e-01 4.948899841308593750e+01 3.484500122070312500e+01 2.896199989318847656e+01
1.600000000000000000e+01 7.142857313156127930e-01 5.321300125122070312e+01 3.408399963378906250e+01 2.958200073242187500e+01
2.000000000000000000e+01 7.857142686843872070e-01 5.430500030517578125e+01 3.764799880981445312e+01 2.877300071716308594e+01
1.700000000000000000e+01 9.062500000000000000e-01 5.097999954223632812e+01 3.950799942016601562e+01 2.894099998474121094e+01
2.000000000000000000e+01 9.687500000000000000e-01 4.763600158691406250e+01 3.989300155639648438e+01 3.069099998474121094e+01
1.700000000000000000e+01 9.419642686843872070e-01 4.471099853515625000e+01 4.165299987792968750e+01 2.907699966430664062e+01
1.800000000000000000e+01 9.553571343421936035e-01 4.168999862670898438e+01 4.270999908447265625e+01 3.117000007629394531e+01
1.800000000000000000e+01 8.616071343421936035e-01 3.816199874877929688e+01 4.385499954223632812e+01 3.019899940490722656e+01
0.000000000000000000e+00 7.991071343421936035e-01 3.534999847412109375e+01 4.512300109863281250e+01 3.238999938964843750e+01
2.200000000000000000e+01 6.071428656578063965e-01 3.164399909973144531e+01 4.521900177001953125e+01 3.153000068664550781e+01
2.200000000000000000e+01 4.776785671710968018e-01 2.915299987792968750e+01 4.726900100708007812e+01 3.354800033569335938e+01
1.800000000000000000e+01 1.785714328289031982e-01 2.545100021362304688e+01 4.658800125122070312e+01 3.361399841308593750e+01
2.000000000000000000e+00 3.125000000000000000e-02 2.238800048828125000e+01 4.833200073242187500e+01 3.499399948120117188e+01
1.600000000000000000e+01 1.339285727590322495e-02 2.012500000000000000e+01 4.572299957275390625e+01 3.669400024414062500e+01
5.000000000000000000e+00 1.071428582072257996e-01 6.827600097656250000e+01 5.057799911499023438e+01 2.779500007629394531e+01
1.600000000000000000e+01 2.366071492433547974e-01 6.760700225830078125e+01 4.790900039672851562e+01 3.051899909973144531e+01
1.200000000000000000e+01 5.000000000000000000e-01 6.388800048828125000e+01 4.895000076293945312e+01 3.081299972534179688e+01
1.400000000000000000e+01 5.178571343421936035e-01 6.190599822998046875e+01 5.072700119018554688e+01 2.811599922180175781e+01
2.200000000000000000e+01 6.875000000000000000e-01 5.817100143432617188e+01 5.153300094604492188e+01 2.854000091552734375e+01
1.300000000000000000e+01 6.562500000000000000e-01 5.590299987792968750e+01 5.204199981689453125e+01 2.550099945068359375e+01
2.200000000000000000e+01 7.232142686843872070e-01 5.234700012207031250e+01 5.336700057983398438e+01 2.608499908447265625e+01
1.200000000000000000e+01 6.607142686843872070e-01 4.956100082397460938e+01 5.347399902343750000e+01 2.345899963378906250e+01
3.000000000000000000e+00 6.473214030265808105e-01 4.590800094604492188e+01 5.470000076293945312e+01 2.395199966430664062e+01
0.000000000000000000e+00 6.026785969734191895e-01 4.313100051879882812e+01 5.258599853515625000e+01 2.233600044250488281e+01
2.200000000000000000e+01 4.642857015132904053e-01 4.054899978637695312e+01 5.548099899291992188e+01 2.245499992370605469e+01
1.000000000000000000e+00 2.455357164144515991e-01 4.221699905395507812e+01 5.764099884033203125e+01 1.983200073242187500e+01
9.000000000000000000e+00 2.723214328289031982e-01 4.408499908447265625e+01 5.461000061035156250e+01 1.826300048828125000e+01
1.700000000000000000e+01 2.678571343421936035e-01 4.742900085449218750e+01 5.617800140380859375e+01 1.883799934387207031e+01
1.600000000000000000e+01 3.705357015132904053e-01 5.045600128173828125e+01 5.653300094604492188e+01 2.115099906921386719e+01
0.000000000000000000e+00 5.089285969734191895e-01 5.004999923706054688e+01 5.823099899291992188e+01 2.447999954223632812e+01
1.100000000000000000e+01 2.991071343421936035e-01 5.216999816894531250e+01 6.128099822998046875e+01 2.519099998474121094e+01
2.000000000000000000e+00 3.214285671710968018e-01 5.291600036621093750e+01 6.275600051879882812e+01 2.875600051879882812e+01
2.200000000000000000e+01 6.294642686843872070e-01 5.162900161743164062e+01 5.952600097656250000e+01 3.080100059509277344e+01
0.000000000000000000e+00 6.383928656578063965e-01 5.311500167846679688e+01 5.969599914550781250e+01 3.431499862670898438e+01
1.400000000000000000e+01 7.589285969734191895e-01 5.443199920654296875e+01 5.653300094604492188e+01 3.588700103759765625e+01
2.200000000000000000e+01 7.276785969734191895e-01 5.860800170898437500e+01 5.241799926757812500e+01 3.902799987792968750e+01
1.500000000000000000e+01 6.964285969734191895e-01 5.901599884033203125e+01 5.087500000000000000e+01 4.251699829101562500e+01
1.000000000000000000e+00 6.160714030265808105e-01 6.131000137329101562e+01 4.812300109863281250e+01 4.357500076293945312e+01
1.300000000000000000e+01 5.625000000000000000e-01 6.082199859619140625e+01 4.577600097656250000e+01 4.649300003051757812e+01
0.000000000000000000e+00 2.500000000000000000e-01 6.338700103759765625e+01 4.601800155639648438e+01 4.924000167846679688e+01
0.000000000000000000e+00 1.026785746216773987e-01 6.498899841308593750e+01 4.354800033569335938e+01 5.162200164794921875e+01
3.000000000000000000e+00 9.821428358554840088e-02 6.235300064086914062e+01 4.404999923706054688e+01 5.429299926757812500e+01
3.000000000000000000e+00 3.258928656578063965e-01 5.958399963378906250e+01 4.339799880981445312e+01 5.169499969482421875e+01
1.800000000000000000e+01 3.794642984867095947e-01 5.856000137329101562e+01 4.707699966430664062e+01 5.140000152587890625e+01
1.900000000000000000e+01 5.758928656578063965e-01 5.828900146484375000e+01 4.902700042724609375e+01 4.804700088500976562e+01
7.000000000000000000e+00 4.017857015132904053e-01 6.084600067138671875e+01 5.179100036621093750e+01 4.753200149536132812e+01
1.600000000000000000e+01 4.732142984867095947e-01 6.081600189208984375e+01 5.429199981689453125e+01 4.457699966430664062e+01
1.500000000000000000e+01 4.241071343421936035e-01 6.315299987792968750e+01 5.323099899291992188e+01 4.180799865722656250e+01
0.000000000000000000e+00 4.598214328289031982e-01 6.230699920654296875e+01 5.552600097656250000e+01 3.897600173950195312e+01
1.700000000000000000e+01 4.866071343421936035e-01 5.984700012207031250e+01 5.795700073242187500e+01 3.769699859619140625e+01
9.000000000000000000e+00 4.062500000000000000e-01 5.903699874877929688e+01 5.978799819946289062e+01 3.449599838256835938e+01
1.300000000000000000e+01 4.196428656578063965e-01 5.645399856567382812e+01 6.087200164794921875e+01 3.185700035095214844e+01
1.800000000000000000e+01 4.107142984867095947e-01 5.632799911499023438e+01 5.964099884033203125e+01 2.822900009155273438e+01
1.700000000000000000e+01 1.473214328289031982e-01 5.795100021362304688e+01 6.146300125122070312e+01 2.520499992370605469e+01
7.000000000000000000e+00 8.482142537832260132e-02 5.589500045776367188e+01 6.224100112915039062e+01 2.200099945068359375e+01
1.700000000000000000e+01 1.339285671710968018e-01 5.641099929809570312e+01 5.885800170898437500e+01 2.039299964904785156e+01
9.000000000000000000e+00 3.839285671710968018e-01 5.474000167846679688e+01 5.700400161743164062e+01 2.334600067138671875e+01
7.000000000000000000e+00 3.482142984867095947e-01 5.827700042724609375e+01 5.616600036621093750e+01 2.448699951171875000e+01
1.200000000000000000e+01 3.883928656578063965e-01 5.993199920654296875e+01 5.659700012207031250e+01 2.785799980163574219e+01
9.000000000000000000e+00 1.160714253783226013e-01 6.639399719238281250e+01 5.678400039672851562e+01 3.055100059509277344e+01
1.200000000000000000e+01 3.169642984867095947e-01 6.435900115966796875e+01 5.515100097656250000e+01 3.345299911499023438e+01
1.800000000000000000e+01 2.098214328289031982e-01 6.724600219726562500e+01 5.306600189208984375e+01 3.487599945068359375e+01
1.800000000000000000e+01 6.696428358554840088e-02 7.076999664306640625e+01 5.163499832153320312e+01 3.436700057983398438e+01
7.000000000000000000e+00 2.678571455180644989e-02 7.235299682617187500e+01 4.820100021362304688e+01 3.462599945068359375e+01
7.000000000000000000e+00 8.928571827709674835e-03 7.422299957275390625e+01 4.871099853515625000e+01 3.792800140380859375e+01
7.000000000000000000e+00 7.142857462167739868e-02 7.090200042724609375e+01 4.983300018310546875e+01 3.954000091552734375e+01
1.500000000000000000e+01 2.187500000000000000e-01 6.852200317382812500e+01 4.740800094604492188e+01 3.785599899291992188e+01
2.200000000000000000e+01 1.428571492433547974e-01 6.950700378417968750e+01 4.431999969482421875e+01 3.995500183105468750e+01
7.000000000000000000e+00 2.410714328289031982e-01 6.761799621582031250e+01 4.099000167846679688e+01 4.074700164794921875e+01
9.000000000000000000e+00 4.419642984867095947e-01 6.436299896240234375e+01 4.157099914550781250e+01 4.267699813842773438e+01
1.100000000000000000e+01 6.741071343421936035e-01 6.060699844360351562e+01 4.226300048828125000e+01 4.254999923706054688e+01
2.000000000000000000e+01 7.678571343421936035e-01 5.956900024414062500e+01 4.557699966430664062e+01 4.070999908447265625e+01
1.300000000000000000e+01 9.017857313156127930e-01 5.635699844360351562e+01 4.723300170898437500e+01 3.946799850463867188e+01
2.200000000000000000e+01 9.196428656578063965e-01 5.538100051879882812e+01 5.002999877929687500e+01 3.698699951171875000e+01
7.000000000000000000e+00 9.285714030265808105e-01 5.226599884033203125e+01 5.207400131225585938e+01 3.800899887084960938e+01
1.100000000000000000e+01 9.151785969734191895e-01 5.079199981689453125e+01 5.391699981689453125e+01 3.498300170898437500e+01
3.000000000000000000e+00 8.214285969734191895e-01 4.881700134277343750e+01 5.678900146484375000e+01 3.634700012207031250e+01
1.800000000000000000e+01 8.258928656578063965e-01 4.583100128173828125e+01 5.637799835205078125e+01 3.399800109863281250e+01
1.300000000000000000e+01 7.410714030265808105e-01 4.337699890136718750e+01 5.817200088500976562e+01 3.631000137329101562e+01
1.700000000000000000e+01 5.848214030265808105e-01 4.546300125122070312e+01 6.135499954223632812e+01 3.599900054931640625e+01
2.000000000000000000e+01 5.937500000000000000e-01 4.566999816894531250e+01 6.087500000000000000e+01 3.220399856567382812e+01
1.900000000000000000e+01 5.669642686843872070e-01 4.193399810791015625e+01 6.063100051879882812e+01 3.181399917602539062e+01
1.300000000000000000e+01 3.526785671710968018e-01 4.109000015258789062e+01 6.347800064086914062e+01 3.420000076293945312e+01
0.000000000000000000e+00 2.053571492433547974e-01 4.309899902343750000e+01 6.596700286865234375e+01 3.219100189208984375e+01
1.200000000000000000e+01 1.964285671710968018e-01 4.188100051879882812e+01 6.488600158691406250e+01 2.870700073242187500e+01
9.000000000000000000e+00 1.205357164144515991e-01 3.826300048828125000e+01 6.538800048828125000e+01 2.974200057983398438e+01
1.100000000000000000e+01 2.901785671710968018e-01 3.745700073242187500e+01 6.171599960327148438e+01 2.977599906921386719e+01
1.700000000000000000e+01 3.973214328289031982e-01 3.584999847412109375e+01 5.994699859619140625e+01 3.278799819946289062e+01
1.600000000000000000e+01 6.651785969734191895e-01 3.819900131225585938e+01 5.735400009155273438e+01 3.442100143432617188e+01
1.500000000000000000e+01 7.321428656578063965e-01 3.669900131225585938e+01 5.398799896240234375e+01 3.583300018310546875e+01
7.000000000000000000e+00 8.883928656578063965e-01 4.280099868774414062e+01 5.384700012207031250e+01 3.896300125122070312e+01
0.000000000000000000e+00 9.821428656578063965e-01 4.735200119018554688e+01 5.013600158691406250e+01 3.487200164794921875e+01
7.000000000000000000e+00 9.955357313156127930e-01 4.991799926757812500e+01 4.806800079345703125e+01 3.677000045776367188e+01
2.200000000000000000e+01 9.732142686843872070e-01 5.283499908447265625e+01 4.574399948120117188e+01 3.589199829101562500e+01
2.200000000000000000e+01 9.642857313156127930e-01 5.431900024414062500e+01 4.343099975585937500e+01 3.856499862670898438e+01
1.500000000000000000e+01 8.571428656578063965e-01 5.754000091552734375e+01 4.140900039672851562e+01 3.769100189208984375e+01
1.800000000000000000e+01 6.919642686843872070e-01 6.056600189208984375e+01 3.981000137329101562e+01 3.921200180053710938e+01
0.000000000000000000e+00 5.714285969734191895e-01 6.361600112915039062e+01 4.125099945068359375e+01 3.725999832153320312e+01
2.000000000000000000e+00 2.857142984867095947e-01 6.668099975585937500e+01 3.924800109863281250e+01 3.604600143432617188e+01
3.000000000000000000e+00 2.946428656578063965e-01 6.530500030517578125e+01 3.598899841308593750e+01 3.756900024414062500e+01
1.700000000000000000e+01 1.562500000000000000e-01 6.633399963378906250e+01 3.343199920654296875e+01 3.479700088500976562e+01
9.000000000000000000e+00 5.357142910361289978e-02 6.972699737548828125e+01 3.508000183105468750e+01 3.416600036621093750e+01
1.600000000000000000e+01 6.250000000000000000e-02 7.071299743652343750e+01 3.865399932861328125e+01 3.310100173950195312e+01
1.000000000000000000e+00 1.919642835855484009e-01 6.797799682617187500e+01 4.039899826049804688e+01 3.108699989318847656e+01
1.000000000000000000e+00 2.767857015132904053e-01 6.657099914550781250e+01 4.361600112915039062e+01 2.949399948120117188e+01
2.000000000000000000e+01 5.312500000000000000e-01 6.296599960327148438e+01 4.450600051879882812e+01 2.898699951171875000e+01
1.800000000000000000e+01 6.116071343421936035e-01 6.045800018310546875e+01 4.648899841308593750e+01 2.696199989318847656e+01
1.100000000000000000e+01 8.035714030265808105e-01 5.690200042724609375e+01 4.698400115966796875e+01 2.862999916076660156e+01
0.000000000000000000e+00 8.125000000000000000e-01 5.411299896240234375e+01 4.775099945068359375e+01 2.623200035095214844e+01
0.000000000000000000e+00 8.839285969734191895e-01 5.072900009155273438e+01 4.908599853515625000e+01 2.744499969482421875e+01
1.200000000000000000e+01 8.303571343421936035e-01 4.742300033569335938e+01 4.969499969482421875e+01 2.560499954223632812e+01
1.200000000000000000e+01 8.526785969734191895e-01 4.494699859619140625e+01 5.175000000000000000e+01 2.761100006103515625e+01
1.700000000000000000e+01 7.812500000000000000e-01 4.120299911499023438e+01 5.238800048828125000e+01 2.768099975585937500e+01
1.600000000000000000e+01 7.633928656578063965e-01 3.874599838256835938e+01 5.340800094604492188e+01 3.035600090026855469e+01
2.000000000000000000e+01 8.169642686843872070e-01 3.716899871826171875e+01 4.982099914550781250e+01 3.079199981689453125e+01
1.700000000000000000e+01 8.928571343421936035e-01 3.989300155639648438e+01 4.752899932861328125e+01 2.957500076293945312e+01
2.000000000000000000e+01 9.508928656578063965e-01 4.371400070190429688e+01 4.745899963378906250e+01 2.943700027465820312e+01
1.700000000000000000e+01 9.375000000000000000e-01 4.627600097656250000e+01 4.520299911499023438e+01 2.774099922180175781e+01
1.800000000000000000e+01 9.598214030265808105e-01 4.997000122070312500e+01 4.488600158691406250e+01 2.888800048828125000e+01
1.800000000000000000e+01 8.705357313156127930e-01 5.270199966430664062e+01 4.278400039672851562e+01 2.725499916076660156e+01
0.000000000000000000e+00 7.946428656578063965e-01 5.637699890136718750e+01 4.248699951171875000e+01 2.808600044250488281e+01
2.200000000000000000e+01 5.892857313156127930e-01 5.909099960327148438e+01 4.200099945068359375e+01 2.538199996948242188e+01
2.200000000000000000e+01 4.910714328289031982e-01 6.210100173950195312e+01 4.052299880981445312e+01 2.702700042724609375e+01
1.800000000000000000e+01 2.008928507566452026e-01 6.550299835205078125e+01 4.017599868774414062e+01 2.547400093078613281e+01
2.000000000000000000e+00 5.803571268916130066e-02 6.882099914550781250e+01 3.823500061035156250e+01 2.640399932861328125e+01
1.600000000000000000e+01 0.000000000000000000e+00 7.244200134277343750e+01 3.980899810791015625e+01 2.633300018310546875e+01
