5.000000000000000000e+00 8.482142537832260132e-02 2.587899971008300781e+01 3.872299957275390625e+01 4.278799819946289062e+01
1.600000000000000000e+01 2.366071492433547974e-01 2.694199943542480469e+01 4.229999923706054688e+01 4.167800140380859375e+01
1.200000000000000000e+01 5.089285969734191895e-01 3.059399986267089844e+01 4.126399993896484375e+01 4.081999969482421875e+01
1.400000000000000000e+01 5.357142686843872070e-01 3.152599906921386719e+01 3.848699951171875000e+01 3.831200027465820312e+01
2.200000000000000000e+01 7.098214030265808105e-01 3.522100067138671875e+01 3.774399948120117188e+01 3.754399871826171875e+01
1.300000000000000000e+01 6.741071343421936035e-01 3.586600112915039062e+01 3.573699951171875000e+01 3.441600036621093750e+01
2.200000000000000000e+01 7.410714030265808105e-01 3.930599975585937500e+01 3.405699920654296875e+01 3.384000015258789062e+01
1.200000000000000000e+01 6.696428656578063965e-01 4.061600112915039062e+01 3.305500030517578125e+01 3.050300025939941406e+01
3.000000000000000000e+00 6.383928656578063965e-01 4.358700180053710938e+01 3.108300018310546875e+01 2.929700088500976562e+01
0.000000000000000000e+00 5.758928656578063965e-01 4.474700164794921875e+01 3.227600097656250000e+01 2.580999946594238281e+01
2.200000000000000000e+01 4.107142984867095947e-01 4.753200149536132812e+01 2.957200050354003906e+01 2.547599983215332031e+01
1.000000000000000000e+00 2.142857164144515991e-01 4.495000076293945312e+01 2.676300048828125000e+01 2.515500068664550781e+01
9.000000000000000000e+00 2.857142984867095947e-01 4.227600097656250000e+01 2.930500030517578125e+01 2.451300048828125000e+01
1.700000000000000000e+01 2.767857015132904053e-01 3.963100051879882812e+01 2.840699958801269531e+01 2.710499954223632812e+01
1.600000000000000000e+01 3.794642984867095947e-01 3.806299972534179688e+01 2.942000007629394531e+01 3.048699951171875000e+01
0.000000000000000000e+00 5.000000000000000000e-01 4.058399963378906250e+01 2.882699966430664062e+01 3.324100112915039062e+01
1.100000000000000000e+01 2.946428656578063965e-01 3.937099838256835938e+01 2.650099945068359375e+01 3.598300170898437500e+01
2.000000000000000000e+00 3.035714328289031982e-01 4.003300094604492188e+01 2.664599990844726562e+01 3.977500152587890625e+01
2.200000000000000000e+01 6.116071343421936035e-01 4.186199951171875000e+01 3.002700042724609375e+01 3.941799926757812500e+01
0.000000000000000000e+00 6.428571343421936035e-01 4.178200149536132812e+01 3.188699913024902344e+01 4.274100112915039062e+01
1.400000000000000000e+01 7.723214030265808105e-01 4.159899902343750000e+01 3.563899993896484375e+01 4.340200042724609375e+01
2.200000000000000000e+01 7.366071343421936035e-01 3.955199813842773438e+01 4.108100128173828125e+01 4.670999908447265625e+01
1.500000000000000000e+01 7.008928656578063965e-01 4.056000137329101562e+01 4.422600173950195312e+01 4.885200119018554688e+01
1.000000000000000000e+00 6.026785969734191895e-01 3.835400009155273438e+01 4.721400070190429688e+01 4.955300140380859375e+01
1.300000000000000000e+01 5.223214030265808105e-01 3.973199844360351562e+01 5.067200088500976562e+01 5.056000137329101562e+01
0.000000000000000000e+00 2.455357164144515991e-01 3.946699905395507812e+01 5.227000045776367188e+01 5.394100189208984375e+01
0.000000000000000000e+00 1.071428582072257996e-01 3.895399856567382812e+01 5.604499816894531250e+01 5.431200027465820312e+01
3.000000000000000000e+00 1.160714253783226013e-01 4.270800018310546875e+01 5.678900146484375000e+01 5.505500030517578125e+01
3.000000000000000000e+00 3.705357015132904053e-01 4.344100189208984375e+01 5.525600051879882812e+01 5.158599853515625000e+01
1.800000000000000000e+01 4.330357015132904053e-01 4.466299819946289062e+01 5.190299987792968750e+01 5.305699920654296875e+01
1.900000000000000000e+01 5.937500000000000000e-01 4.374900054931640625e+01 4.854299926757812500e+01 5.161299896240234375e+01
7.000000000000000000e+00 4.151785671710968018e-01 4.151800155639648438e+01 4.627999877929687500e+01 5.384299850463867188e+01
1.600000000000000000e+01 4.955357015132904053e-01 4.120600128173828125e+01 4.257300186157226562e+01 5.274499893188476562e+01
1.500000000000000000e+01 4.241071343421936035e-01 3.755799865722656250e+01 4.189500045776367188e+01 5.169300079345703125e+01
0.000000000000000000e+00 4.642857015132904053e-01 3.695000076293945312e+01 3.857199859619140625e+01 4.990100097656250000e+01
1.700000000000000000e+01 4.910714328289031982e-01 3.846699905395507812e+01 3.535599899291992188e+01 4.848199844360351562e+01
9.000000000000000000e+00 3.839285671710968018e-01 3.754399871826171875e+01 3.237599945068359375e+01 4.629100036621093750e+01
1.300000000000000000e+01 4.508928656578063965e-01 3.802000045776367188e+01 3.047200012207031250e+01 4.296099853515625000e+01
1.800000000000000000e+01 4.375000000000000000e-01 3.657500076293945312e+01 3.013999938964843750e+01 3.939300155639648438e+01
1.700000000000000000e+01 1.696428507566452026e-01 3.400500106811523438e+01 2.751700019836425781e+01 3.828900146484375000e+01
7.000000000000000000e+00 7.589285820722579956e-02 3.420000076293945312e+01 2.524600028991699219e+01 3.522000122070312500e+01
1.700000000000000000e+01 1.517857164144515991e-01 3.299499893188476562e+01 2.804999923706054688e+01 3.298099899291992188e+01
9.000000000000000000e+00 4.196428656578063965e-01 3.599300003051757812e+01 3.013800048828125000e+01 3.410699844360351562e+01
7.000000000000000000e+00 4.821428656578063965e-01 3.374000167846679688e+01 3.267399978637695312e+01 3.590100097656250000e+01
1.200000000000000000e+01 4.464285671710968018e-01 3.346500015258789062e+01 3.307300186157226562e+01 3.966199874877929688e+01
9.000000000000000000e+00 1.741071492433547974e-01 3.018600082397460938e+01 3.396599960327148438e+01 4.461999893188476562e+01
1.200000000000000000e+01 3.437500000000000000e-01 3.253799819946289062e+01 3.674800109863281250e+01 4.597800064086914062e+01
1.800000000000000000e+01 2.098214328289031982e-01 3.019099998474121094e+01 3.919599914550781250e+01 4.779700088500976562e+01
1.800000000000000000e+01 4.910714179277420044e-02 2.652799987792968750e+01 3.990999984741210938e+01 4.815200042724609375e+01
7.000000000000000000e+00 2.232142910361289978e-02 2.458799934387207031e+01 4.305799865722656250e+01 4.675999832153320312e+01
7.000000000000000000e+00 1.339285727590322495e-02 2.424699974060058594e+01 4.424499893188476562e+01 5.041400146484375000e+01
7.000000000000000000e+00 6.250000000000000000e-02 2.799200057983398438e+01 4.379999923706054688e+01 5.097000122070312500e+01
1.500000000000000000e+01 1.964285671710968018e-01 2.905900001525878906e+01 4.569499969482421875e+01 4.782400131225585938e+01
2.200000000000000000e+01 1.339285671710968018e-01 2.879599952697753906e+01 4.948899841308593750e+01 4.840999984741210938e+01
7.000000000000000000e+00 2.053571492433547974e-01 3.034300041198730469e+01 5.265999984741210938e+01 4.695199966430664062e+01
9.000000000000000000e+00 4.062500000000000000e-01 3.426900100708007812e+01 5.287099838256835938e+01 4.711899948120117188e+01
1.100000000000000000e+01 6.517857313156127930e-01 3.756200027465820312e+01 5.161999893188476562e+01 4.575299835205078125e+01
2.000000000000000000e+01 7.678571343421936035e-01 3.831299972534179688e+01 4.779600143432617188e+01 4.535300064086914062e+01
1.300000000000000000e+01 9.107142686843872070e-01 4.128200149536132812e+01 4.567100143432617188e+01 4.366699981689453125e+01
2.200000000000000000e+01 9.241071343421936035e-01 4.133800125122070312e+01 4.199399948120117188e+01 4.269400024414062500e+01
7.000000000000000000e+00 9.330357313156127930e-01 4.465499877929687500e+01 4.008399963378906250e+01 4.297499847412109375e+01
1.100000000000000000e+01 9.151785969734191895e-01 4.425699996948242188e+01 3.702099990844726562e+01 4.057199859619140625e+01
3.000000000000000000e+00 8.169642686843872070e-01 4.652199935913085938e+01 3.413999938964843750e+01 4.145800018310546875e+01
1.800000000000000000e+01 8.303571343421936035e-01 4.797499847412109375e+01 3.359600067138671875e+01 3.789799880981445312e+01
1.300000000000000000e+01 7.187500000000000000e-01 5.127899932861328125e+01 3.223400115966796875e+01 3.916600036621093750e+01
1.700000000000000000e+01 5.625000000000000000e-01 4.958700180053710938e+01 2.901499938964843750e+01 4.057199859619140625e+01
2.000000000000000000e+01 5.714285969734191895e-01 4.797299957275390625e+01 2.842600059509277344e+01 3.709000015258789062e+01
1.900000000000000000e+01 5.312500000000000000e-01 5.131800079345703125e+01 2.845199966430664062e+01 3.519499969482421875e+01
1.300000000000000000e+01 3.392857015132904053e-01 5.306100082397460938e+01 2.646899986267089844e+01 3.793899917602539062e+01
0.000000000000000000e+00 1.830357164144515991e-01 5.064599990844726562e+01 2.344799995422363281e+01 3.767800140380859375e+01
1.200000000000000000e+01 1.383928507566452026e-01 5.168999862670898438e+01 2.316699981689453125e+01 3.399900054931640625e+01
9.000000000000000000e+00 8.928571641445159912e-02 5.554199981689453125e+01 2.348600006103515625e+01 3.411600112915039062e+01
1.100000000000000000e+01 3.125000000000000000e-01 5.531000137329101562e+01 2.709399986267089844e+01 3.279700088500976562e+01
1.700000000000000000e+01 4.598214328289031982e-01 5.753300094604492188e+01 2.995000076293945312e+01 3.430699920654296875e+01
1.600000000000000000e+01 6.785714030265808105e-01 5.548300170898437500e+01 3.306999969482421875e+01 3.508300018310546875e+01
1.500000000000000000e+01 7.901785969734191895e-01 5.642300033569335938e+01 3.659600067138671875e+01 3.454199981689453125e+01
7.000000000000000000e+00 8.750000000000000000e-01 5.313899993896484375e+01 3.780599975585937500e+01 4.042599868774414062e+01
0.000000000000000000e+00 9.776785969734191895e-01 4.688299942016601562e+01 3.968000030517578125e+01 3.731399917602539062e+01
7.000000000000000000e+00 9.955357313156127930e-01 4.560599899291992188e+01 4.285400009155273438e+01 3.881100082397460938e+01
2.200000000000000000e+01 9.821428656578063965e-01 4.272999954223632812e+01 4.528099822998046875e+01 3.833700180053710938e+01
2.200000000000000000e+01 9.553571343421936035e-01 4.197600173950195312e+01 4.822800064086914062e+01 4.059400177001953125e+01
1.500000000000000000e+01 8.616071343421936035e-01 3.851100158691406250e+01 4.985400009155273438e+01 4.016999816894531250e+01
1.800000000000000000e+01 6.919642686843872070e-01 3.588499832153320312e+01 5.227000045776367188e+01 4.162900161743164062e+01
0.000000000000000000e+00 5.401785969734191895e-01 3.231299972534179688e+01 5.063499832153320312e+01 4.187699890136718750e+01
2.000000000000000000e+00 2.500000000000000000e-01 2.876600074768066406e+01 5.180300140380859375e+01 4.234199905395507812e+01
3.000000000000000000e+00 2.321428507566452026e-01 2.951700019836425781e+01 5.544499969482421875e+01 4.134299850463867188e+01
1.700000000000000000e+01 9.375000000000000000e-02 2.672400093078613281e+01 5.534400177001953125e+01 3.879800033569335938e+01
9.000000000000000000e+00 2.678571455180644989e-02 2.434199905395507812e+01 5.373600006103515625e+01 4.119400024414062500e+01
1.600000000000000000e+01 3.571428731083869934e-02 2.333099937438964844e+01 4.986199951171875000e+01 4.102899932861328125e+01
1.000000000000000000e+00 1.651785671710968018e-01 2.550300025939941406e+01 4.797800064086914062e+01 3.857300186157226562e+01
1.000000000000000000e+00 2.544642984867095947e-01 2.662400054931640625e+01 4.441099929809570312e+01 3.758900070190429688e+01
2.000000000000000000e+01 5.491071343421936035e-01 3.036199951171875000e+01 4.435699844360351562e+01 3.695999908447265625e+01
1.800000000000000000e+01 6.473214030265808105e-01 3.199399948120117188e+01 4.160800170898437500e+01 3.483399963378906250e+01
1.100000000000000000e+01 8.214285969734191895e-01 3.576200103759765625e+01 4.142599868774414062e+01 3.494900131225585938e+01
0.000000000000000000e+00 8.258928656578063965e-01 3.738399887084960938e+01 3.948899841308593750e+01 3.201100158691406250e+01
0.000000000000000000e+00 9.062500000000000000e-01 4.099800109863281250e+01 3.839799880981445312e+01 3.256900024414062500e+01
1.200000000000000000e+01 8.526785969734191895e-01 4.283000183105468750e+01 3.711000061035156250e+01 2.944799995422363281e+01
1.200000000000000000e+01 8.482142686843872070e-01 4.609899902343750000e+01 3.523699951171875000e+01 3.041900062561035156e+01
1.700000000000000000e+01 7.589285969734191895e-01 4.926900100708007812e+01 3.424800109863281250e+01 2.860099983215332031e+01
1.600000000000000000e+01 7.455357313156127930e-01 5.266699981689453125e+01 3.392499923706054688e+01 3.035099983215332031e+01
2.000000000000000000e+01 8.125000000000000000e-01 5.415200042724609375e+01 3.739899826049804688e+01 2.968099975585937500e+01
1.700000000000000000e+01 9.017857313156127930e-01 5.084099960327148438e+01 3.911199951171875000e+01 2.902400016784667969e+01
2.000000000000000000e+01 9.598214030265808105e-01 4.749399948120117188e+01 3.997200012207031250e+01 3.058799934387207031e+01
1.700000000000000000e+01 9.464285969734191895e-01 4.440299987792968750e+01 4.180799865722656250e+01 2.963899993896484375e+01
1.800000000000000000e+01 9.687500000000000000e-01 4.165700149536132812e+01 4.300899887084960938e+01 3.189299964904785156e+01
1.800000000000000000e+01 8.705357313156127930e-01 3.829199981689453125e+01 4.409600067138671875e+01 3.052799987792968750e+01
0.000000000000000000e+00 8.035714030265808105e-01 3.540100097656250000e+01 4.552799987792968750e+01 3.249499893188476562e+01
2.200000000000000000e+01 6.250000000000000000e-01 3.186199951171875000e+01 4.516099929809570312e+01 3.117399978637695312e+01
2.200000000000000000e+01 4.553571343421936035e-01 2.905500030517578125e+01 4.694800186157226562e+01 3.302399826049804688e+01
1.800000000000000000e+01 1.607142835855484009e-01 2.532200050354003906e+01 4.593799972534179688e+01 3.319400024414062500e+01
2.000000000000000000e+00 4.017857089638710022e-02 2.271299934387207031e+01 4.841699981689453125e+01 3.452999877929687500e+01
1.600000000000000000e+01 0.000000000000000000e+00 1.982399940490722656e+01 4.637900161743164062e+01 3.616699981689453125e+01
5.000000000000000000e+00 1.205357164144515991e-01 6.756099700927734375e+01 4.944900131225585938e+01 2.732500076293945312e+01
1.600000000000000000e+01 2.410714328289031982e-01 6.705400085449218750e+01 4.745700073242187500e+01 3.056500053405761719e+01
1.200000000000000000e+01 5.133928656578063965e-01 6.349900054931640625e+01 4.870800018310546875e+01 3.085700035095214844e+01
1.400000000000000000e+01 5.178571343421936035e-01 6.161999893188476562e+01 5.035499954223632812e+01 2.800900077819824219e+01
2.200000000000000000e+01 6.875000000000000000e-01 5.805099868774414062e+01 5.113100051879882812e+01 2.873699951171875000e+01
1.300000000000000000e+01 6.562500000000000000e-01 5.571300125122070312e+01 5.213499832153320312e+01 2.585099983215332031e+01
2.200000000000000000e+01 7.276785969734191895e-01 5.207699966430664062e+01 5.316799926757812500e+01 2.626399993896484375e+01
1.200000000000000000e+01 6.607142686843872070e-01 4.920600128173828125e+01 5.306999969482421875e+01 2.356699943542480469e+01
3.000000000000000000e+00 6.339285969734191895e-01 4.578300094604492188e+01 5.478200149536132812e+01 2.349600028991699219e+01
0.000000000000000000e+00 5.803571343421936035e-01 4.308100128173828125e+01 5.251100158691406250e+01 2.198600006103515625e+01
2.200000000000000000e+01 3.928571343421936035e-01 4.038100051879882812e+01 5.524800109863281250e+01 2.187899971008300781e+01
1.000000000000000000e+00 2.187500000000000000e-01 4.250299835205078125e+01 5.721400070190429688e+01 1.925799942016601562e+01
9.000000000000000000e+00 2.633928656578063965e-01 4.439899826049804688e+01 5.393999862670898438e+01 1.795599937438964844e+01
1.700000000000000000e+01 2.723214328289031982e-01 4.781100082397460938e+01 5.531499862670898438e+01 1.862899971008300781e+01
1.600000000000000000e+01 3.883928656578063965e-01 5.070000076293945312e+01 5.583900070190429688e+01 2.112400054931640625e+01
0.000000000000000000e+00 5.044642686843872070e-01 5.001699829101562500e+01 5.774700164794921875e+01 2.431100082397460938e+01
1.100000000000000000e+01 2.812500000000000000e-01 5.204700088500976562e+01 6.104000091552734375e+01 2.484900093078613281e+01
2.000000000000000000e+00 2.991071343421936035e-01 5.270600128173828125e+01 6.258000183105468750e+01 2.838999938964843750e+01
2.200000000000000000e+01 5.982142686843872070e-01 5.152600097656250000e+01 5.957899856567382812e+01 3.043099975585937500e+01
0.000000000000000000e+00 6.205357313156127930e-01 5.336299896240234375e+01 5.958100128173828125e+01 3.375400161743164062e+01
1.400000000000000000e+01 7.232142686843872070e-01 5.444300079345703125e+01 5.659899902343750000e+01 3.590800094604492188e+01
2.200000000000000000e+01 7.053571343421936035e-01 5.882300186157226562e+01 5.263999938964843750e+01 3.925500106811523438e+01
1.500000000000000000e+01 6.830357313156127930e-01 5.909799957275390625e+01 5.043399810791015625e+01 4.228300094604492188e+01
1.000000000000000000e+00 6.071428656578063965e-01 6.134600067138671875e+01 4.758300018310546875e+01 4.344100189208984375e+01
1.300000000000000000e+01 5.535714030265808105e-01 6.061199951171875000e+01 4.503799819946289062e+01 4.612300109863281250e+01
0.000000000000000000e+00 2.589285671710968018e-01 6.315700149536132812e+01 4.467100143432617188e+01 4.899800109863281250e+01
0.000000000000000000e+00 1.026785746216773987e-01 6.441100311279296875e+01 4.149700164794921875e+01 5.079700088500976562e+01
3.000000000000000000e+00 8.035714179277420044e-02 6.210699844360351562e+01 4.206700134277343750e+01 5.384299850463867188e+01
3.000000000000000000e+00 3.258928656578063965e-01 5.932199859619140625e+01 4.259999847412109375e+01 5.129399871826171875e+01
1.800000000000000000e+01 3.303571343421936035e-01 5.931200027465820312e+01 4.653900146484375000e+01 5.134899902343750000e+01
1.900000000000000000e+01 5.267857313156127930e-01 5.858599853515625000e+01 4.859899902343750000e+01 4.825299835205078125e+01
7.000000000000000000e+00 3.750000000000000000e-01 6.125600051879882812e+01 5.107500076293945312e+01 4.711700057983398438e+01
1.600000000000000000e+01 4.866071343421936035e-01 6.017499923706054688e+01 5.394900131225585938e+01 4.480099868774414062e+01
1.500000000000000000e+01 3.169642984867095947e-01 6.331700134277343750e+01 5.448600006103515625e+01 4.260400009155273438e+01
0.000000000000000000e+00 3.571428656578063965e-01 6.227700042724609375e+01 5.618000030517578125e+01 3.935599899291992188e+01
1.700000000000000000e+01 4.687500000000000000e-01 5.964899826049804688e+01 5.823300170898437500e+01 3.747399902343750000e+01
9.000000000000000000e+00 3.526785671710968018e-01 5.887400054931640625e+01 6.018000030517578125e+01 3.428099822998046875e+01
1.300000000000000000e+01 4.017857015132904053e-01 5.647399902343750000e+01 6.050999832153320312e+01 3.139900016784667969e+01
1.800000000000000000e+01 3.973214328289031982e-01 5.597200012207031250e+01 5.934299850463867188e+01 2.781699943542480469e+01
1.700000000000000000e+01 1.473214328289031982e-01 5.786600112915039062e+01 6.083599853515625000e+01 2.471100044250488281e+01
7.000000000000000000e+00 6.696428358554840088e-02 5.623400115966796875e+01 6.208000183105468750e+01 2.152099990844726562e+01
1.700000000000000000e+01 9.821428358554840088e-02 5.644300079345703125e+01 5.862799835205078125e+01 2.011400032043457031e+01
9.000000000000000000e+00 3.482142984867095947e-01 5.499100112915039062e+01 5.720100021362304688e+01 2.331399917602539062e+01
7.000000000000000000e+00 3.616071343421936035e-01 5.819100189208984375e+01 5.535800170898437500e+01 2.449500083923339844e+01
1.200000000000000000e+01 4.285714328289031982e-01 5.966400146484375000e+01 5.601800155639648438e+01 2.800000000000000000e+01
9.000000000000000000e+00 1.428571492433547974e-01 6.577799987792968750e+01 5.631700134277343750e+01 3.142700004577636719e+01
1.200000000000000000e+01 3.348214328289031982e-01 6.403700256347656250e+01 5.459099960327148438e+01 3.428799819946289062e+01
1.800000000000000000e+01 2.232142835855484009e-01 6.708999633789062500e+01 5.230500030517578125e+01 3.523300170898437500e+01
1.800000000000000000e+01 5.357142910361289978e-02 7.066300201416015625e+01 5.113100051879882812e+01 3.431700134277343750e+01
7.000000000000000000e+00 1.785714365541934967e-02 7.210399627685546875e+01 4.762400054931640625e+01 3.382199859619140625e+01
7.000000000000000000e+00 8.928571827709674835e-03 7.404299926757812500e+01 4.787099838256835938e+01 3.707199859619140625e+01
7.000000000000000000e+00 4.464285820722579956e-02 7.108799743652343750e+01 4.904800033569335938e+01 3.927299880981445312e+01
1.500000000000000000e+01 1.875000000000000000e-01 6.863200378417968750e+01 4.658700180053710938e+01 3.765499877929687500e+01
2.200000000000000000e+01 1.116071417927742004e-01 6.958000183105468750e+01 4.371300125122070312e+01 3.993500137329101562e+01
7.000000000000000000e+00 2.008928507566452026e-01 6.756900024414062500e+01 4.062799835205078125e+01 4.104199981689453125e+01
9.000000000000000000e+00 4.419642984867095947e-01 6.408499908447265625e+01 4.103499984741210938e+01 4.235599899291992188e+01
1.100000000000000000e+01 6.651785969734191895e-01 6.040900039672851562e+01 4.162799835205078125e+01 4.179499816894531250e+01
2.000000000000000000e+01 7.633928656578063965e-01 5.964300155639648438e+01 4.504100036621093750e+01 4.013899993896484375e+01
1.300000000000000000e+01 8.883928656578063965e-01 5.642100143432617188e+01 4.702299880981445312e+01 3.971500015258789062e+01
2.200000000000000000e+01 9.196428656578063965e-01 5.514500045776367188e+01 4.974200057983398438e+01 3.739300155639648438e+01
7.000000000000000000e+00 9.285714030265808105e-01 5.230500030517578125e+01 5.213600158691406250e+01 3.854999923706054688e+01
1.100000000000000000e+01 8.839285969734191895e-01 5.104600143432617188e+01 5.439099884033203125e+01 3.575199890136718750e+01
3.000000000000000000e+00 7.991071343421936035e-01 4.868099975585937500e+01 5.739300155639648438e+01 3.590000152587890625e+01
1.800000000000000000e+01 8.348214030265808105e-01 4.638499832153320312e+01 5.611100006103515625e+01 3.323799896240234375e+01
1.300000000000000000e+01 7.767857313156127930e-01 4.320899963378906250e+01 5.732799911499023438e+01 3.480400085449218750e+01
1.700000000000000000e+01 6.160714030265808105e-01 4.464599990844726562e+01 6.086999893188476562e+01 3.499900054931640625e+01
2.000000000000000000e+01 5.669642686843872070e-01 4.516400146484375000e+01 6.080899810791015625e+01 3.114200019836425781e+01
1.900000000000000000e+01 5.446428656578063965e-01 4.148500061035156250e+01 5.998400115966796875e+01 3.078000068664550781e+01
1.300000000000000000e+01 3.660714328289031982e-01 4.019699859619140625e+01 6.249900054931640625e+01 3.326900100708007812e+01
0.000000000000000000e+00 2.276785671710968018e-01 4.239300155639648438e+01 6.516600036621093750e+01 3.145199966430664062e+01
1.200000000000000000e+01 1.562500000000000000e-01 4.048500061035156250e+01 6.462899780273437500e+01 2.805299949645996094e+01
9.000000000000000000e+00 1.250000000000000000e-01 3.725099945068359375e+01 6.440799713134765625e+01 3.009900093078613281e+01
1.100000000000000000e+01 2.901785671710968018e-01 3.637200164794921875e+01 6.063499832153320312e+01 2.971699905395507812e+01
1.700000000000000000e+01 4.776785671710968018e-01 3.531000137329101562e+01 5.838800048828125000e+01 3.263000106811523438e+01
1.600000000000000000e+01 6.964285969734191895e-01 3.719200134277343750e+01 5.505300140380859375e+01 3.323899841308593750e+01
1.500000000000000000e+01 7.321428656578063965e-01 3.571099853515625000e+01 5.239599990844726562e+01 3.559899902343750000e+01
7.000000000000000000e+00 8.928571343421936035e-01 4.206900024414062500e+01 5.345999908447265625e+01 3.825600051879882812e+01
0.000000000000000000e+00 9.732142686843872070e-01 4.736000061035156250e+01 5.053900146484375000e+01 3.546500015258789062e+01
7.000000000000000000e+00 9.910714030265808105e-01 4.966099929809570312e+01 4.869800186157226562e+01 3.789699935913085938e+01
2.200000000000000000e+01 9.866071343421936035e-01 5.194200134277343750e+01 4.568299865722656250e+01 3.682500076293945312e+01
2.200000000000000000e+01 9.508928656578063965e-01 5.402099990844726562e+01 4.351300048828125000e+01 3.915599822998046875e+01
1.500000000000000000e+01 8.794642686843872070e-01 5.674200057983398438e+01 4.156200027465820312e+01 3.726800155639648438e+01
1.800000000000000000e+01 7.142857313156127930e-01 5.973300170898437500e+01 3.940499877929687500e+01 3.817900085449218750e+01
0.000000000000000000e+00 5.892857313156127930e-01 6.291400146484375000e+01 4.070199966430664062e+01 3.652199935913085938e+01
2.000000000000000000e+00 3.080357015132904053e-01 6.606700134277343750e+01 3.859799957275390625e+01 3.588800048828125000e+01
3.000000000000000000e+00 3.214285671710968018e-01 6.433399963378906250e+01 3.531499862670898438e+01 3.666899871826171875e+01
1.700000000000000000e+01 1.294642835855484009e-01 6.623699951171875000e+01 3.300799942016601562e+01 3.423199844360351562e+01
9.000000000000000000e+00 5.803571268916130066e-02 6.930500030517578125e+01 3.513299942016601562e+01 3.449300003051757812e+01
1.600000000000000000e+01 7.142857462167739868e-02 6.977999877929687500e+01 3.871599960327148438e+01 3.328300094604492188e+01
1.000000000000000000e+00 1.919642835855484009e-01 6.742700195312500000e+01 4.000299835205078125e+01 3.063299942016601562e+01
1.000000000000000000e+00 2.678571343421936035e-01 6.616500091552734375e+01 4.317900085449218750e+01 2.908399963378906250e+01
2.000000000000000000e+01 5.580357313156127930e-01 6.246500015258789062e+01 4.404299926757812500e+01 2.930200004577636719e+01
1.800000000000000000e+01 6.294642686843872070e-01 6.022499847412109375e+01 4.603499984741210938e+01 2.689399909973144531e+01
1.100000000000000000e+01 7.946428656578063965e-01 5.678200149536132812e+01 4.653499984741210938e+01 2.823699951171875000e+01
0.000000000000000000e+00 8.080357313156127930e-01 5.382899856567382812e+01 4.763899993896484375e+01 2.620800018310546875e+01
0.000000000000000000e+00 8.973214030265808105e-01 5.049100112915039062e+01 4.884899902343750000e+01 2.757900047302246094e+01
1.200000000000000000e+01 8.392857313156127930e-01 4.720299911499023438e+01 4.923099899291992188e+01 2.550000000000000000e+01
1.200000000000000000e+01 8.437500000000000000e-01 4.463299942016601562e+01 5.139799880981445312e+01 2.711899948120117188e+01
1.700000000000000000e+01 7.544642686843872070e-01 4.089400100708007812e+01 5.228599929809570312e+01 2.669599914550781250e+01
1.600000000000000000e+01 7.500000000000000000e-01 3.863800048828125000e+01 5.338899993896484375e+01 2.963400077819824219e+01
2.000000000000000000e+01 7.812500000000000000e-01 3.704999923706054688e+01 4.993199920654296875e+01 3.033399963378906250e+01
1.700000000000000000e+01 8.571428656578063965e-01 3.972399902343750000e+01 4.763700103759765625e+01 2.878700065612792969e+01
2.000000000000000000e+01 9.375000000000000000e-01 4.349599838256835938e+01 4.763899993896484375e+01 2.908300018310546875e+01
1.700000000000000000e+01 9.419642686843872070e-01 4.634199905395507812e+01 4.527299880981445312e+01 2.835499954223632812e+01
1.800000000000000000e+01 9.642857313156127930e-01 4.991400146484375000e+01 4.456200027465820312e+01 2.929500007629394531e+01
1.800000000000000000e+01 8.660714030265808105e-01 5.256200027465820312e+01 4.262799835205078125e+01 2.739399909973144531e+01
0.000000000000000000e+00 7.857142686843872070e-01 5.627600097656250000e+01 4.208300018310546875e+01 2.787299919128417969e+01
2.200000000000000000e+01 5.848214030265808105e-01 5.900600051879882812e+01 4.131600189208984375e+01 2.538199996948242188e+01
2.200000000000000000e+01 4.732142984867095947e-01 6.216799926757812500e+01 3.972399902343750000e+01 2.712800025939941406e+01
1.800000000000000000e+01 1.785714328289031982e-01 6.546499633789062500e+01 3.998899841308593750e+01 2.524399948120117188e+01
2.000000000000000000e+00 3.125000000000000000e-02 6.897299957275390625e+01 3.856100082397460938e+01 2.587999916076660156e+01
1.600000000000000000e+01 4.464285913854837418e-03 7.225299835205078125e+01 4.039199829101562500e+01 2.667300033569335938e+01
