1 1 14 0 0.03592814371257491 0 0 24.262 17.065 28.922
1 2 18 0 0.0718562874251496 0 0 24.323 20.591 27.508
1 3 7 0 0.28742514970059885 0 0 27.896 21.838 27.810
1 4 20 0 0.5508982035928144 0 0 28.960 25.395 28.429
1 5 13 0 0.7245508982035929 0 0 32.529 26.395 27.800
1 6 12 0 0.9161676646706587 0 0 33.535 28.663 30.639
1 7 22 0 0.9580838323353293 0 0 36.950 30.229 30.348
1 8 22 0 0.9820359281437125 0 0 39.052 31.924 33.064
1 9 22 0 0.9760479041916168 0 0 40.794 35.043 31.759
1 10 9 0 0.9341317365269461 0 0 43.128 37.520 33.553
1 11 0 0 0.8023952095808383 0 0 46.604 38.143 34.810
1 12 9 0 0.6646706586826348 0 0 49.105 35.449 35.378
1 13 9 0 0.5568862275449102 0 0 49.648 35.883 39.135
1 14 22 0 0.7844311377245509 0 0 46.106 36.961 40.228
1 15 9 0 0.8323353293413174 0 0 44.792 33.542 41.025
1 16 13 0 0.9281437125748503 0 0 42.939 32.015 38.067
1 17 17 0 0.844311377245509 0 0 43.490 28.382 38.971
1 18 0 0 0.7784431137724551 0 0 42.421 28.931 42.654
1 19 12 0 0.8982035928143712 0 0 38.876 29.901 41.564
1 20 18 0 0.874251497005988 0 0 38.505 26.800 39.447
1 21 11 0 0.6407185628742516 0 0 39.910 24.357 41.983
1 22 6 0 0.6107784431137725 0 0 37.689 25.739 44.683
1 23 12 0 0.688622754491018 0 0 34.627 25.366 42.386
1 24 11 0 0.5269461077844311 0 0 35.581 21.902 41.175
1 25 6 0 0.29940119760479034 0 0 37.266 20.080 44.024
1 26 2 0 0.2934131736526946 0 0 36.543 22.396 46.956
1 27 10 0 0.15568862275449102 0 0 40.078 22.187 48.115
1 28 15 0 0.19760479041916168 0 0 43.429 23.926 48.077
1 29 22 0 0.16167664670658677 0 0 46.274 23.097 45.683
1 30 3 0 0.11377245508982048 0 0 49.451 25.037 46.292
1 31 7 0 0.07784431137724557 0 0 51.911 24.418 43.464
1 32 20 0 0.2574850299401197 0 0 51.267 26.219 40.246
1 33 3 0 0.26347305389221565 0 0 50.829 24.280 36.988
1 34 16 0 0.37125748502994016 0 0 50.355 25.485 33.412
1 35 18 0 0.4730538922155688 0 0 47.029 23.671 32.847
1 36 11 0 0.35928143712574856 0 0 47.570 23.575 29.123
1 37 7 0 0.14970059880239517 0 0 46.128 20.232 28.126
1 38 3 0 0.27544910179640725 0 0 44.460 19.282 31.336
1 39 17 0 0.3652694610778443 0 0 40.732 19.001 31.221
1 40 20 0 0.5149700598802396 0 0 38.447 20.224 33.987
1 41 1 0 0.49101796407185627 0 0 34.660 19.752 34.232
1 42 13 0 0.43113772455089827 0 0 31.842 19.875 36.660
1 43 6 0 0.20958083832335328 0 0 28.256 18.616 36.464
1 44 22 0 0.2335329341317366 0 0 25.884 20.673 38.435
1 45 22 0 0.08982035928143717 0 0 22.203 21.470 38.896
1 46 11 0 0.23952095808383234 0 0 21.898 25.145 38.194
1 47 3 0 0.06586826347305386 0 0 18.540 26.862 38.563
1 48 9 0 0.0059880239520957446 0 0 16.752 23.576 38.580
1 49 7 0 0.041916167664670656 0 0 18.389 22.175 35.476
1 50 18 0 0.04790419161676651 0 0 21.255 19.675 35.454
1 51 5 0 0.13772455089820357 0 0 24.129 21.123 33.435
1 52 12 0 0.3053892215568862 0 0 27.609 20.515 32.069
1 53 12 0 0.5868263473053892 0 0 30.125 23.231 32.821
1 54 3 0 0.6467065868263473 0 0 33.593 22.744 31.332
1 55 11 0 0.8383233532934131 0 0 36.424 24.858 32.572
1 56 12 0 0.8502994011976048 0 0 39.384 26.135 30.522
1 57 3 0 0.8802395209580838 0 0 42.261 27.809 32.235
1 58 18 0 0.8562874251497006 0 0 44.062 30.374 30.052
1 59 0 0 0.5988023952095809 0 0 47.587 28.945 29.737
1 60 9 0 0.44311377245508976 0 0 50.450 31.202 28.758
1 61 6 0 0.4610778443113772 0 0 50.686 35.012 28.741
1 62 7 0 0.221556886227545 0 0 51.816 35.409 25.140
1 63 7 0 0.13173652694610782 0 0 50.344 37.719 22.587
1 64 20 0 0.029940119760479056 0 0 52.952 37.172 19.848
1 65 17 0 0.0119760479041916 0 0 53.518 33.484 19.056
1 66 0 0 0.10179640718562877 0 0 50.295 32.955 20.856
1 67 14 0 0.17964071856287422 0 0 47.745 30.229 21.147
1 68 1 0 0.4970059880239521 0 0 45.616 32.493 23.272
1 69 3 0 0.4011976047904191 0 0 42.955 32.904 20.579
1 70 6 0 0.38323353293413165 0 0 42.262 29.223 20.550
1 71 20 0 0.652694610778443 0 0 40.983 29.487 24.179
1 72 14 0 0.6826347305389222 0 0 38.777 32.422 23.214
1 73 1 0 0.437125748502994 0 0 37.363 30.646 20.078
1 74 18 0 0.5089820359281436 0 0 36.243 27.673 22.239
1 75 9 0 0.7544910179640718 0 0 34.938 29.909 25.003
1 76 7 0 0.7005988023952096 0 0 31.293 30.742 25.217
1 77 9 0 0.8862275449101796 0 0 31.651 33.077 28.123
1 78 15 0 0.9640718562874252 0 0 34.401 34.864 29.994
1 79 12 0 0.9940119760479041 0 0 34.999 35.270 33.706
1 80 5 0 0.9880239520958084 0 0 37.801 37.870 34.064
1 81 22 0 0.9700598802395209 0 0 39.977 38.136 37.118
1 82 15 0 0.8682634730538922 0 0 41.782 41.131 38.597
1 83 0 0 0.6946107784431137 0 0 42.755 41.700 42.210
1 84 11 0 0.47904191616766467 0 0 42.218 44.816 44.272
1 85 2 0 0.2694610778443114 0 0 45.801 44.903 45.565
1 86 2 0 0.34730538922155685 0 0 47.514 44.950 42.110
1 87 18 0 0.24550898203592808 0 0 46.891 48.023 39.894
1 88 13 0 0.3413173652694611 0 0 48.321 46.413 36.745
1 89 17 0 0.6167664670658684 0 0 45.843 43.564 36.710
1 90 15 0 0.6227544910179641 0 0 42.806 45.825 36.452
1 91 7 0 0.4850299401197605 0 0 44.254 47.268 33.283
1 92 3 0 0.6347305389221557 0 0 44.457 43.951 31.424
1 93 11 0 0.8083832335329342 0 0 40.701 43.636 31.947
1 94 10 0 0.562874251497006 0 0 39.994 46.286 29.296
1 95 10 0 0.5209580838323353 0 0 42.537 44.652 27.029
1 96 20 0 0.7724550898203593 0 0 41.041 41.244 27.408
1 97 1 0 0.718562874251497 0 0 37.651 42.686 26.719
1 98 7 0 0.46706586826347307 0 0 39.175 43.742 23.362
1 99 6 0 0.5389221556886228 0 0 40.518 40.182 22.966
1 100 11 0 0.6766467065868262 0 0 37.015 38.935 23.695
1 101 13 0 0.41916167664670656 0 0 35.576 41.451 21.172
1 102 1 0 0.21556886227544902 0 0 37.854 40.843 18.186
1 103 22 0 0.31137724550898194 0 0 37.525 37.045 18.240
1 104 13 0 0.281437125748503 0 0 33.738 37.097 18.364
1 105 3 0 0.10778443113772451 0 0 32.942 40.491 16.876
1 106 17 0 0.16766467065868274 0 0 30.379 41.441 19.379
1 107 7 0 0.3293413173652695 0 0 30.102 43.618 22.466
1 108 3 0 0.3772455089820359 0 0 27.294 41.437 23.718
1 109 22 0 0.5808383233532934 0 0 29.515 38.453 24.520
1 110 16 0 0.7904191616766467 0 0 28.969 36.964 27.983
1 111 14 0 0.9101796407185628 0 0 31.263 38.356 30.621
1 112 22 0 0.9461077844311377 0 0 31.490 38.402 34.437
1 113 12 0 0.9401197604790419 0 0 34.115 40.546 36.245
1 114 22 0 0.9520958083832335 0 0 35.925 39.134 39.207
1 115 9 0 0.8622754491017964 0 0 37.752 41.292 41.694
1 116 2 0 0.8203592814371258 0 0 39.780 38.862 43.738
1 117 13 0 0.5329341317365269 0 0 41.578 39.448 46.926
1 118 5 0 0.4251497005988024 0 0 38.868 41.422 48.668
1 119 3 0 0.14371257485029942 0 0 39.345 40.137 52.215
1 120 12 0 0.09580838323353291 0 0 42.315 42.465 52.228
1 121 16 0 0.02395209580838331 0 0 41.355 45.780 53.742
1 122 17 0 0.017964071856287345 0 0 43.463 48.099 51.635
1 123 1 0 0.08383233532934131 0 0 42.327 48.478 48.101
1 124 18 0 0.059880239520958 0 0 44.983 49.647 45.696
1 125 22 0 0.22754491017964074 0 0 42.569 49.471 42.869
1 126 3 0 0.11976047904191622 0 0 39.420 51.431 43.627
1 127 18 0 0.3173652694610779 0 0 36.499 49.066 43.452
1 128 13 0 0.12574850299401197 0 0 34.025 51.760 42.488
1 129 6 0 0.18562874251497008 0 0 36.005 51.999 39.308
1 130 0 0 0.5029940119760479 0 0 35.399 48.299 39.052
1 131 6 0 0.3892215568862275 0 0 31.778 48.853 39.618
1 132 3 0 0.20359281437125742 0 0 31.839 51.679 37.090
1 133 12 0 0.4131736526946108 0 0 33.706 49.653 34.435
1 134 0 0 0.5688622754491017 0 0 31.357 46.751 35.018
1 135 1 0 0.32335329341317365 0 0 28.350 49.071 34.783
1 136 17 0 0.19161676646706582 0 0 29.845 50.811 31.713
1 137 20 0 0.4491017964071856 0 0 30.309 47.429 30.087
1 138 9 0 0.40718562874251496 0 0 26.982 46.133 31.463
1 139 11 0 0.6706586826347305 0 0 28.267 43.050 33.127
1 140 16 0 0.7485029940119761 0 0 28.287 41.658 36.707
1 141 15 0 0.7664670658682635 0 0 30.781 42.652 39.273
1 142 11 0 0.8263473053892215 0 0 31.801 40.015 41.752
1 143 7 0 0.7125748502994012 0 0 34.122 40.301 44.718
1 144 18 0 0.7305389221556886 0 0 35.483 37.049 46.070
1 145 17 0 0.6047904191616766 0 0 38.243 35.312 47.955
1 146 0 0 0.5748502994011976 0 0 39.049 31.679 47.840
1 147 13 0 0.33532934131736525 0 0 40.990 31.866 51.045
1 148 18 0 0.17365269461077848 0 0 37.897 32.865 52.978
1 149 1 0 0.39520958083832336 0 0 36.022 31.060 50.306
1 150 6 0 0.45508982035928147 0 0 33.335 33.696 49.768
1 151 9 0 0.6287425149700598 0 0 31.404 33.697 46.523
1 152 22 0 0.8143712574850299 0 0 33.601 31.466 44.375
1 153 3 0 0.7365269461077844 0 0 30.755 29.209 43.174
1 154 3 0 0.7065868263473054 0 0 28.394 32.154 42.828
1 155 0 0 0.9041916167664671 0 0 30.852 33.706 40.443
1 156 15 0 0.9221556886227544 0 0 30.732 31.113 37.771
1 157 20 0 0.7604790419161677 0 0 27.043 30.503 38.363
1 158 18 0 0.7964071856287425 0 0 26.531 34.187 37.721
1 159 12 0 0.8922155688622755 0 0 28.333 33.628 34.370
1 160 22 0 0.7425149700598803 0 0 26.179 30.700 33.429
1 161 1 0 0.5449101796407185 0 0 23.193 32.994 33.946
1 162 7 0 0.658682634730539 0 0 24.886 35.424 31.573
1 163 11 0 0.592814371257485 0 0 25.153 32.602 29.036
1 164 1 0 0.3532934131736526 0 0 21.507 31.368 29.443
1 165 13 0 0.25149700598802394 0 0 20.256 34.943 29.115
1 166 10 0 0.053892215568862256 0 0 17.121 35.528 27.056
1 167 13 0 0.0 0 0 14.720 38.408 26.835
