1 1 14 0 0.0059880239520957446 0 0 15.798 36.576 27.393
1 2 18 0 0.10179640718562877 0 0 17.967 37.346 30.355
1 3 7 0 0.2694610778443114 0 0 21.256 39.225 30.469
1 4 20 0 0.5568862275449102 0 0 24.067 38.482 32.915
1 5 13 0 0.6946107784431137 0 0 27.265 40.373 33.389
1 6 12 0 0.9041916167664671 0 0 30.206 38.045 34.065
1 7 22 0 0.9580838323353293 0 0 33.762 38.584 35.217
1 8 22 0 0.9880239520958084 0 0 36.979 36.621 34.506
1 9 22 0 0.9760479041916168 0 0 39.226 37.000 37.564
1 10 9 0 0.9281437125748503 0 0 42.793 35.799 37.901
1 11 0 0 0.7784431137724551 0 0 46.366 37.053 37.927
1 12 9 0 0.6467065868263473 0 0 48.222 37.523 34.657
1 13 9 0 0.5988023952095809 0 0 49.262 34.538 32.492
1 14 22 0 0.8203592814371258 0 0 46.147 32.452 32.901
1 15 9 0 0.844311377245509 0 0 44.460 33.139 29.582
1 16 13 0 0.9401197604790419 0 0 41.641 35.330 30.667
1 17 17 0 0.8263473053892215 0 0 41.115 36.924 27.269
1 18 0 0 0.7724550898203593 0 0 41.796 33.601 25.468
1 19 12 0 0.8862275449101796 0 0 38.782 31.854 26.974
1 20 18 0 0.8802395209580838 0 0 36.424 34.684 26.296
1 21 11 0 0.6407185628742516 0 0 37.881 35.380 22.890
1 22 6 0 0.5748502994011976 0 0 37.853 31.827 21.729
1 23 12 0 0.652694610778443 0 0 34.250 31.341 22.991
1 24 11 0 0.5389221556886228 0 0 32.736 34.513 21.732
1 25 6 0 0.33532934131736525 0 0 34.865 35.658 18.839
1 26 2 0 0.20958083832335328 0 0 36.063 32.308 17.519
1 27 10 0 0.17964071856287422 0 0 39.616 33.545 17.413
1 28 15 0 0.29940119760479034 0 0 42.814 33.236 19.484
1 29 22 0 0.3173652694610779 0 0 44.722 36.162 20.785
1 30 3 0 0.059880239520958 0 0 47.344 38.126 18.875
1 31 7 0 0.12574850299401197 0 0 47.991 40.537 21.698
1 32 20 0 0.281437125748503 0 0 47.376 41.744 25.205
1 33 3 0 0.2574850299401197 0 0 44.976 44.572 25.563
1 34 16 0 0.40718562874251496 0 0 43.081 45.980 28.514
1 35 18 0 0.4850299401197605 0 0 39.702 45.160 26.991
1 36 11 0 0.3293413173652695 0 0 38.009 48.289 28.111
1 37 7 0 0.08383233532934131 0 0 36.934 50.307 25.141
1 38 3 0 0.15568862275449102 0 0 36.228 47.069 23.299
1 39 17 0 0.38323353293413165 0 0 33.447 44.751 24.532
1 40 20 0 0.5089820359281436 0 0 32.422 41.184 23.913
1 41 1 0 0.5269461077844311 0 0 29.223 39.329 24.549
1 42 13 0 0.4131736526946108 0 0 26.944 36.758 23.045
1 43 6 0 0.17365269461077848 0 0 23.356 35.365 22.976
1 44 22 0 0.27544910179640725 0 0 23.812 31.718 23.885
1 45 22 0 0.13173652694610782 0 0 21.406 28.907 24.629
1 46 11 0 0.28742514970059885 0 0 21.982 27.779 28.164
1 47 3 0 0.09580838323353291 0 0 19.706 24.889 29.322
1 48 9 0 0.0 0 0 16.915 25.757 26.930
1 49 7 0 0.02395209580838331 0 0 16.786 29.549 27.182
1 50 18 0 0.041916167664670656 0 0 18.540 32.365 25.489
1 51 5 0 0.26347305389221565 0 0 21.056 33.888 27.901
1 52 12 0 0.3413173652694611 0 0 22.805 36.974 26.760
1 53 12 0 0.6107784431137725 0 0 26.204 37.005 28.416
1 54 3 0 0.6227544910179641 0 0 28.101 40.258 28.722
1 55 11 0 0.8502994011976048 0 0 31.545 39.273 29.888
1 56 12 0 0.8383233532934131 0 0 33.853 41.744 31.497
1 57 3 0 0.8682634730538922 0 0 37.638 41.506 31.197
1 58 18 0 0.8323353293413174 0 0 40.067 42.208 33.938
1 59 0 0 0.6287425149700598 0 0 43.465 43.618 33.010
1 60 9 0 0.49101796407185627 0 0 46.479 44.156 35.209
1 61 6 0 0.44311377245508976 0 0 47.193 43.677 38.848
1 62 7 0 0.35928143712574856 0 0 45.498 45.076 41.885
1 63 7 0 0.07784431137724557 0 0 46.336 48.641 42.845
1 64 20 0 0.08982035928143717 0 0 43.376 48.780 45.196
1 65 17 0 0.03592814371257491 0 0 41.239 51.424 43.481
1 66 0 0 0.029940119760479056 0 0 37.603 51.933 44.355
1 67 14 0 0.11377245508982048 0 0 36.611 51.789 40.660
1 68 1 0 0.3772455089820359 0 0 37.934 48.217 40.477
1 69 3 0 0.3532934131736526 0 0 35.681 47.325 43.358
1 70 6 0 0.21556886227544902 0 0 32.881 49.059 41.484
1 71 20 0 0.5029940119760479 0 0 33.760 46.980 38.425
1 72 14 0 0.6826347305389222 0 0 33.440 43.707 40.290
1 73 1 0 0.4730538922155688 0 0 30.173 45.000 41.736
1 74 18 0 0.4970059880239521 0 0 28.587 44.886 38.381
1 75 9 0 0.7664670658682635 0 0 29.549 41.230 37.957
1 76 7 0 0.7065868263473054 0 0 26.787 38.634 38.480
1 77 9 0 0.8982035928143712 0 0 29.126 35.751 38.451
1 78 15 0 0.9640718562874252 0 0 32.859 35.247 38.569
1 79 12 0 0.9940119760479041 0 0 35.408 32.975 37.043
1 80 5 0 0.9820359281437125 0 0 38.404 32.486 39.235
1 81 22 0 0.9700598802395209 0 0 41.251 31.518 36.973
1 82 15 0 0.874251497005988 0 0 44.603 29.877 37.543
1 83 0 0 0.7245508982035929 0 0 46.845 27.992 35.221
1 84 11 0 0.5149700598802396 0 0 47.808 24.392 35.906
1 85 2 0 0.2934131736526946 0 0 51.251 24.931 34.509
1 86 2 0 0.31137724550898194 0 0 52.405 27.837 36.670
1 87 18 0 0.19760479041916168 0 0 52.347 27.265 40.405
1 88 13 0 0.25149700598802394 0 0 52.410 31.005 41.221
1 89 17 0 0.592814371257485 0 0 48.994 31.567 39.670
1 90 15 0 0.5808383233532934 0 0 47.326 28.981 41.894
1 91 7 0 0.4011976047904191 0 0 48.548 30.521 45.152
1 92 3 0 0.5508982035928144 0 0 46.454 33.638 44.607
1 93 11 0 0.7305389221556886 0 0 43.139 31.760 44.464
1 94 10 0 0.5329341317365269 0 0 42.306 32.710 48.005
1 95 10 0 0.5209580838323353 0 0 42.993 36.322 47.440
1 96 20 0 0.7904191616766467 0 0 40.669 36.561 44.458
1 97 1 0 0.718562874251497 0 0 38.071 34.807 46.490
1 98 7 0 0.46706586826347307 0 0 38.628 37.262 49.419
1 99 6 0 0.562874251497006 0 0 38.343 39.952 46.850
1 100 11 0 0.688622754491018 0 0 34.967 38.717 45.540
1 101 13 0 0.4610778443113772 0 0 33.562 38.146 49.055
1 102 1 0 0.24550898203592808 0 0 34.501 41.747 49.889
1 103 22 0 0.39520958083832336 0 0 33.094 43.459 46.833
1 104 13 0 0.43113772455089827 0 0 29.900 41.380 46.526
1 105 3 0 0.13772455089820357 0 0 29.695 41.460 50.382
1 106 17 0 0.16167664670658677 0 0 28.556 37.848 50.862
1 107 7 0 0.3053892215568862 0 0 29.686 34.203 50.452
1 108 3 0 0.34730538922155685 0 0 26.849 32.970 48.383
1 109 22 0 0.6047904191616766 0 0 28.191 34.381 45.109
1 110 16 0 0.7844311377245509 0 0 28.058 32.343 42.001
1 111 14 0 0.9101796407185628 0 0 31.576 31.607 40.853
1 112 22 0 0.9461077844311377 0 0 33.603 28.898 39.208
1 113 12 0 0.9341317365269461 0 0 37.118 27.869 40.056
1 114 22 0 0.9520958083832335 0 0 38.912 27.362 36.829
1 115 9 0 0.8562874251497006 0 0 42.025 25.496 35.823
1 116 2 0 0.8622754491017964 0 0 43.010 26.967 32.459
1 117 13 0 0.6347305389221557 0 0 45.609 25.888 30.006
1 118 5 0 0.47904191616766467 0 0 45.230 22.128 30.205
1 119 3 0 0.2335329341317366 0 0 46.456 21.811 26.606
1 120 12 0 0.04790419161676651 0 0 49.080 19.180 27.284
1 121 16 0 0.017964071856287345 0 0 48.470 16.102 29.414
1 122 17 0 0.0119760479041916 0 0 51.129 17.444 31.803
1 123 1 0 0.10778443113772451 0 0 50.773 19.783 34.779
1 124 18 0 0.053892215568862256 0 0 52.813 21.339 37.577
1 125 22 0 0.19161676646706582 0 0 49.968 22.483 39.825
1 126 3 0 0.11976047904191622 0 0 48.646 19.776 42.108
1 127 18 0 0.20359281437125742 0 0 45.125 18.960 41.130
1 128 13 0 0.0718562874251496 0 0 44.328 17.329 44.444
1 129 6 0 0.14371257485029942 0 0 44.699 20.668 46.215
1 130 0 0 0.45508982035928147 0 0 42.591 22.184 43.528
1 131 6 0 0.3652694610778443 0 0 39.736 19.811 44.049
1 132 3 0 0.14970059880239517 0 0 39.680 20.155 47.795
1 133 12 0 0.3892215568862275 0 0 40.109 23.914 47.652
1 134 0 0 0.5449101796407185 0 0 36.964 23.962 45.518
1 135 1 0 0.22754491017964074 0 0 35.306 21.727 48.144
1 136 17 0 0.16766467065868274 0 0 36.344 24.190 50.857
1 137 20 0 0.437125748502994 0 0 34.654 27.092 49.222
1 138 9 0 0.37125748502994016 0 0 31.743 24.920 48.037
1 139 11 0 0.658682634730539 0 0 32.275 26.020 44.408
1 140 16 0 0.7125748502994012 0 0 32.752 23.971 41.202
1 141 15 0 0.7604790419161677 0 0 36.058 23.054 39.779
1 142 11 0 0.8143712574850299 0 0 36.480 22.888 36.052
1 143 7 0 0.7425149700598803 0 0 39.317 22.212 33.687
1 144 18 0 0.8083832335329342 0 0 39.511 24.232 30.493
1 145 17 0 0.6706586826347305 0 0 41.726 24.930 27.526
1 146 0 0 0.6766467065868262 0 0 41.093 27.696 25.046
1 147 13 0 0.41916167664670656 0 0 43.840 26.674 22.690
1 148 18 0 0.221556886227545 0 0 42.756 23.045 22.336
1 149 1 0 0.4251497005988024 0 0 39.144 24.060 22.525
1 150 6 0 0.4491017964071856 0 0 38.436 21.622 25.337
1 151 9 0 0.6646706586826348 0 0 36.363 22.770 28.296
1 152 22 0 0.8023952095808383 0 0 35.805 26.313 27.097
1 153 3 0 0.7005988023952096 0 0 32.005 26.049 27.010
1 154 3 0 0.7485029940119761 0 0 31.715 24.165 30.259
1 155 0 0 0.9221556886227544 0 0 33.339 26.776 32.427
1 156 15 0 0.9161676646706587 0 0 30.923 29.438 31.315
1 157 20 0 0.7544910179640718 0 0 27.796 27.332 31.244
1 158 18 0 0.7964071856287425 0 0 28.694 26.050 34.714
1 159 12 0 0.8922155688622755 0 0 28.803 29.641 35.994
1 160 22 0 0.7365269461077844 0 0 25.399 30.621 34.574
1 161 1 0 0.5688622754491017 0 0 24.197 27.308 35.871
1 162 7 0 0.6167664670658684 0 0 25.337 28.494 39.263
1 163 11 0 0.5868263473053892 0 0 23.699 31.860 38.774
1 164 1 0 0.32335329341317365 0 0 20.316 30.153 38.255
1 165 13 0 0.18562874251497008 0 0 20.611 27.908 41.228
1 166 10 0 0.23952095808383234 0 0 21.431 31.061 43.207
1 167 13 0 0.06586826347305386 0 0 18.630 33.414 44.342
