1 1 14 0 0.0119760479041916 0 0 30.383 50.026 51.141
1 2 18 0 0.11377245508982048 0 0 30.224 46.436 50.003
1 3 7 0 0.24550898203592808 0 0 33.271 45.009 48.391
1 4 20 0 0.5449101796407185 0 0 33.431 41.605 46.803
1 5 13 0 0.7005988023952096 0 0 36.295 39.921 44.912
1 6 12 0 0.9041916167664671 0 0 34.859 38.088 41.925
1 7 22 0 0.9520958083832335 0 0 36.923 35.582 39.999
1 8 22 0 0.9820359281437125 0 0 36.284 34.629 36.403
1 9 22 0 0.9700598802395209 0 0 37.108 31.032 35.976
1 10 9 0 0.9281437125748503 0 0 36.689 28.656 33.003
1 11 0 0 0.7964071856287425 0 0 38.384 27.127 30.028
1 12 9 0 0.658682634730539 0 0 40.100 28.879 27.138
1 13 9 0 0.592814371257485 0 0 38.247 30.544 24.270
1 14 22 0 0.8083832335329342 0 0 35.205 31.118 26.387
1 15 9 0 0.844311377245509 0 0 35.571 34.877 26.614
1 16 13 0 0.9341317365269461 0 0 36.454 35.174 30.239
1 17 17 0 0.8562874251497006 0 0 37.844 38.654 29.706
1 18 0 0 0.7724550898203593 0 0 35.195 39.400 27.028
1 19 12 0 0.8922155688622755 0 0 32.602 39.545 29.813
1 20 18 0 0.8622754491017964 0 0 34.576 41.891 32.039
1 21 11 0 0.6227544910179641 0 0 35.481 44.183 29.239
1 22 6 0 0.5868263473053892 0 0 31.826 44.252 28.140
1 23 12 0 0.652694610778443 0 0 30.855 45.128 31.718
1 24 11 0 0.5029940119760479 0 0 33.556 47.724 32.290
1 25 6 0 0.25149700598802394 0 0 34.598 49.196 28.938
1 26 2 0 0.22754491017964074 0 0 31.581 48.327 26.809
1 27 10 0 0.21556886227544902 0 0 33.664 46.606 24.151
1 28 15 0 0.3413173652694611 0 0 34.258 43.189 22.650
1 29 22 0 0.3532934131736526 0 0 37.874 42.060 22.962
1 30 3 0 0.27544910179640725 0 0 39.185 39.038 21.016
1 31 7 0 0.19161676646706582 0 0 42.503 37.199 21.483
1 32 20 0 0.37125748502994016 0 0 43.828 35.706 24.692
1 33 3 0 0.2335329341317366 0 0 46.481 37.662 26.535
1 34 16 0 0.33532934131736525 0 0 47.471 36.736 30.022
1 35 18 0 0.46706586826347307 0 0 45.992 38.989 32.615
1 36 11 0 0.3053892215568862 0 0 48.589 38.145 35.231
1 37 7 0 0.16766467065868274 0 0 48.566 41.271 37.390
1 38 3 0 0.281437125748503 0 0 46.062 43.580 35.749
1 39 17 0 0.5149700598802396 0 0 42.655 43.769 37.459
1 40 20 0 0.49101796407185627 0 0 39.783 46.165 37.268
1 41 1 0 0.437125748502994 0 0 37.033 47.573 39.403
1 42 13 0 0.4730538922155688 0 0 33.430 48.122 38.531
1 43 6 0 0.19760479041916168 0 0 31.594 50.345 40.862
1 44 22 0 0.20359281437125742 0 0 27.922 49.842 40.587
1 45 22 0 0.10778443113772451 0 0 24.544 50.027 42.360
1 46 11 0 0.20958083832335328 0 0 22.951 46.546 42.640
1 47 3 0 0.08383233532934131 0 0 19.506 46.296 44.294
1 48 9 0 0.0059880239520957446 0 0 19.786 49.757 45.624
1 49 7 0 0.02395209580838331 0 0 23.166 50.164 47.229
1 50 18 0 0.04790419161676651 0 0 26.594 50.355 45.752
1 51 5 0 0.221556886227545 0 0 28.788 47.220 45.550
1 52 12 0 0.29940119760479034 0 0 32.377 47.730 44.628
1 53 12 0 0.5748502994011976 0 0 33.375 44.806 42.477
1 54 3 0 0.5988023952095809 0 0 37.025 43.862 42.040
1 55 11 0 0.8203592814371258 0 0 37.022 41.501 39.081
1 56 12 0 0.8323353293413174 0 0 39.864 38.983 39.027
1 57 3 0 0.8682634730538922 0 0 40.716 37.066 35.957
1 58 18 0 0.8383233532934131 0 0 42.168 33.564 35.790
1 59 0 0 0.5688622754491017 0 0 45.713 33.201 34.563
1 60 9 0 0.34730538922155685 0 0 48.298 30.499 34.067
1 61 6 0 0.3173652694610779 0 0 47.450 27.034 32.941
1 62 7 0 0.07784431137724557 0 0 50.581 25.024 33.499
1 63 7 0 0.029940119760479056 0 0 50.904 21.397 34.448
1 64 20 0 0.0 0 0 52.564 22.153 37.711
1 65 17 0 0.041916167664670656 0 0 51.756 25.514 39.310
1 66 0 0 0.053892215568862256 0 0 50.674 27.373 42.300
1 67 14 0 0.2574850299401197 0 0 48.526 29.889 40.395
1 68 1 0 0.45508982035928147 0 0 45.782 27.512 39.383
1 69 3 0 0.38323353293413165 0 0 44.895 27.079 42.949
1 70 6 0 0.39520958083832336 0 0 45.534 30.674 43.800
1 71 20 0 0.6826347305389222 0 0 42.354 31.996 42.256
1 72 14 0 0.6766467065868262 0 0 40.195 29.528 44.096
1 73 1 0 0.4850299401197605 0 0 41.084 31.032 47.434
1 74 18 0 0.5568862275449102 0 0 40.569 34.550 46.357
1 75 9 0 0.7904191616766467 0 0 36.988 34.542 45.076
1 76 7 0 0.7065868263473054 0 0 34.190 35.513 47.222
1 77 9 0 0.8862275449101796 0 0 32.181 34.555 44.285
1 78 15 0 0.9640718562874252 0 0 32.992 32.777 41.117
1 79 12 0 0.9940119760479041 0 0 31.741 33.568 37.696
1 80 5 0 0.9880239520958084 0 0 32.041 30.199 35.999
1 81 22 0 0.9760479041916168 0 0 32.312 30.533 32.182
1 82 15 0 0.8982035928143712 0 0 31.749 27.973 29.436
1 83 0 0 0.7544910179640718 0 0 30.858 28.522 25.836
1 84 11 0 0.5389221556886228 0 0 27.776 27.248 24.094
1 85 2 0 0.32335329341317365 0 0 29.676 26.371 20.926
1 86 2 0 0.3772455089820359 0 0 32.474 24.431 22.614
1 87 18 0 0.31137724550898194 0 0 31.679 21.138 24.347
1 88 13 0 0.3652694610778443 0 0 34.999 20.673 26.179
1 89 17 0 0.6646706586826348 0 0 34.614 24.004 28.046
1 90 15 0 0.6347305389221557 0 0 31.212 22.707 29.065
1 91 7 0 0.4970059880239521 0 0 32.799 19.647 30.609
1 92 3 0 0.6407185628742516 0 0 35.354 21.688 32.471
1 93 11 0 0.8023952095808383 0 0 32.766 23.252 34.883
1 94 10 0 0.562874251497006 0 0 32.498 20.234 37.148
1 95 10 0 0.5329341317365269 0 0 36.296 20.096 37.174
1 96 20 0 0.7604790419161677 0 0 36.469 23.692 38.255
1 97 1 0 0.718562874251497 0 0 33.698 23.170 40.822
1 98 7 0 0.44311377245508976 0 0 35.574 20.258 42.317
1 99 6 0 0.5089820359281436 0 0 38.761 22.322 42.596
1 100 11 0 0.6287425149700598 0 0 36.858 25.140 44.193
1 101 13 0 0.4011976047904191 0 0 35.338 22.593 46.527
1 102 1 0 0.16167664670658677 0 0 38.831 21.624 47.593
1 103 22 0 0.2934131736526946 0 0 40.275 25.101 47.923
1 104 13 0 0.3293413173652695 0 0 37.346 26.574 49.786
1 105 3 0 0.10179640718562877 0 0 36.549 23.561 51.923
1 106 17 0 0.17365269461077848 0 0 33.010 24.138 50.830
1 107 7 0 0.40718562874251496 0 0 30.997 23.512 47.610
1 108 3 0 0.4251497005988024 0 0 28.294 26.090 48.554
1 109 22 0 0.5808383233532934 0 0 30.464 29.153 47.939
1 110 16 0 0.7844311377245509 0 0 28.838 31.492 45.425
1 111 14 0 0.9221556886227544 0 0 28.874 30.400 41.802
1 112 22 0 0.9461077844311377 0 0 26.960 31.497 38.813
1 113 12 0 0.9401197604790419 0 0 27.167 29.419 35.644
1 114 22 0 0.9580838323353293 0 0 27.679 31.520 32.550
1 115 9 0 0.874251497005988 0 0 27.257 30.079 29.094
1 116 2 0 0.8502994011976048 0 0 29.002 32.431 26.757
1 117 13 0 0.6107784431137725 0 0 29.060 32.958 23.060
1 118 5 0 0.4610778443113772 0 0 25.388 33.383 22.272
1 119 3 0 0.17964071856287422 0 0 26.399 34.707 18.869
1 120 12 0 0.0718562874251496 0 0 25.398 31.748 16.753
1 121 16 0 0.03592814371257491 0 0 21.795 30.768 16.396
1 122 17 0 0.017964071856287345 0 0 22.746 27.083 16.539
1 123 1 0 0.09580838323353291 0 0 24.622 25.431 19.327
1 124 18 0 0.08982035928143717 0 0 26.343 22.227 20.336
1 125 22 0 0.2694610778443114 0 0 26.099 22.574 24.078
1 126 3 0 0.11976047904191622 0 0 22.543 21.479 24.543
1 127 18 0 0.14970059880239517 0 0 20.192 23.281 26.935
1 128 13 0 0.059880239520958 0 0 18.931 20.126 28.518
1 129 6 0 0.13772455089820357 0 0 22.203 19.111 30.043
1 130 0 0 0.4491017964071856 0 0 22.753 22.617 31.337
1 131 6 0 0.26347305389221565 0 0 19.273 22.786 32.885
1 132 3 0 0.12574850299401197 0 0 20.056 19.579 34.724
1 133 12 0 0.43113772455089827 0 0 23.405 21.060 35.678
1 134 0 0 0.5209580838323353 0 0 21.820 24.132 37.081
1 135 1 0 0.18562874251497008 0 0 19.183 22.130 38.940
1 136 17 0 0.14371257485029942 0 0 21.635 19.508 40.285
1 137 20 0 0.3892215568862275 0 0 23.982 21.782 42.071
1 138 9 0 0.4131736526946108 0 0 21.589 24.662 42.569
1 139 11 0 0.6946107784431137 0 0 23.448 27.218 40.465
1 140 16 0 0.7425149700598803 0 0 22.152 30.193 38.369
1 141 15 0 0.7784431137724551 0 0 22.574 29.448 34.656
1 142 11 0 0.8143712574850299 0 0 22.971 32.620 32.714
1 143 7 0 0.7365269461077844 0 0 23.257 32.473 28.949
1 144 18 0 0.7664670658682635 0 0 25.420 35.205 27.462
1 145 17 0 0.6047904191616766 0 0 26.653 37.064 24.497
1 146 0 0 0.6467065868263473 0 0 29.414 39.490 25.015
1 147 13 0 0.35928143712574856 0 0 29.186 40.673 21.431
1 148 18 0 0.15568862275449102 0 0 25.783 42.349 21.264
1 149 1 0 0.41916167664670656 0 0 25.761 42.686 25.055
1 150 6 0 0.47904191616766467 0 0 23.075 40.448 26.329
1 151 9 0 0.6706586826347305 0 0 23.019 38.713 29.681
1 152 22 0 0.8263473053892215 0 0 26.576 39.768 30.726
1 153 3 0 0.7125748502994012 0 0 25.126 42.432 32.953
1 154 3 0 0.7245508982035929 0 0 22.867 39.852 34.557
1 155 0 0 0.9161676646706587 0 0 25.612 37.327 35.115
1 156 15 0 0.9101796407185628 0 0 27.563 39.699 37.306
1 157 20 0 0.7305389221556886 0 0 24.486 41.034 39.128
1 158 18 0 0.7485029940119761 0 0 23.117 37.634 40.020
1 159 12 0 0.8802395209580838 0 0 26.434 36.663 41.471
1 160 22 0 0.688622754491018 0 0 26.205 39.495 43.943
1 161 1 0 0.5269461077844311 0 0 22.690 38.294 44.741
1 162 7 0 0.6167664670658684 0 0 24.200 34.951 45.441
1 163 11 0 0.5508982035928144 0 0 26.852 36.535 47.726
1 164 1 0 0.28742514970059885 0 0 24.258 38.571 49.607
1 165 13 0 0.13173652694610782 0 0 22.228 35.612 50.960
1 166 10 0 0.23952095808383234 0 0 25.458 33.673 51.391
1 167 13 0 0.06586826347305386 0 0 26.343 32.547 54.914
