5.000000000000000000e+00 1.250000000000000000e-01 2.611899948120117188e+01 3.825099945068359375e+01 4.232799911499023438e+01
1.600000000000000000e+01 2.410714328289031982e-01 2.691300010681152344e+01 4.189199829101562500e+01 4.130500030517578125e+01
1.200000000000000000e+01 5.089285969734191895e-01 3.068199920654296875e+01 4.128099822998046875e+01 4.092499923706054688e+01
1.400000000000000000e+01 5.580357313156127930e-01 3.196100044250488281e+01 3.853099822998046875e+01 3.870000076293945312e+01
2.200000000000000000e+01 7.187500000000000000e-01 3.553200149536132812e+01 3.759199905395507812e+01 3.748500061035156250e+01
1.300000000000000000e+01 6.830357313156127930e-01 3.619800186157226562e+01 3.525899887084960938e+01 3.454000091552734375e+01
2.200000000000000000e+01 7.500000000000000000e-01 3.982699966430664062e+01 3.419300079345703125e+01 3.375999832153320312e+01
1.200000000000000000e+01 6.741071343421936035e-01 4.048199844360351562e+01 3.320199966430664062e+01 3.003599929809570312e+01
3.000000000000000000e+00 6.071428656578063965e-01 4.342399978637695312e+01 3.135899925231933594e+01 2.845100021362304688e+01
0.000000000000000000e+00 6.116071343421936035e-01 4.496799850463867188e+01 3.329399871826171875e+01 2.538899993896484375e+01
2.200000000000000000e+01 3.303571343421936035e-01 4.667699813842773438e+01 3.019899940490722656e+01 2.366200065612792969e+01
1.000000000000000000e+00 2.142857164144515991e-01 4.355899810791015625e+01 2.792799949645996094e+01 2.373900032043457031e+01
9.000000000000000000e+00 3.035714328289031982e-01 4.077999877929687500e+01 3.057999992370605469e+01 2.391900062561035156e+01
1.700000000000000000e+01 2.812500000000000000e-01 3.958900070190429688e+01 2.875300025939941406e+01 2.693799972534179688e+01
1.600000000000000000e+01 3.928571343421936035e-01 3.859400177001953125e+01 2.923699951171875000e+01 3.063599967956542969e+01
0.000000000000000000e+00 5.133928656578063965e-01 4.161999893188476562e+01 2.889699935913085938e+01 3.290999984741210938e+01
1.100000000000000000e+01 3.660714328289031982e-01 4.119400024414062500e+01 2.673100090026855469e+01 3.593500137329101562e+01
2.000000000000000000e+00 4.062500000000000000e-01 4.228799819946289062e+01 2.729199981689453125e+01 3.958900070190429688e+01
2.200000000000000000e+01 6.696428656578063965e-01 4.352099990844726562e+01 3.080999946594238281e+01 3.930500030517578125e+01
0.000000000000000000e+00 6.785714030265808105e-01 4.359500122070312500e+01 3.216699981689453125e+01 4.284500122070312500e+01
1.400000000000000000e+01 7.767857313156127930e-01 4.221400070190429688e+01 3.572999954223632812e+01 4.356399917602539062e+01
2.200000000000000000e+01 7.276785969734191895e-01 3.906900024414062500e+01 4.090299987792968750e+01 4.659899902343750000e+01
1.500000000000000000e+01 6.875000000000000000e-01 3.982799911499023438e+01 4.373600006103515625e+01 4.897100067138671875e+01
1.000000000000000000e+00 5.625000000000000000e-01 3.774100112915039062e+01 4.679700088500976562e+01 4.994200134277343750e+01
1.300000000000000000e+01 4.732142984867095947e-01 3.862599945068359375e+01 5.033000183105468750e+01 5.126200103759765625e+01
0.000000000000000000e+00 1.919642835855484009e-01 3.729399871826171875e+01 5.079000091552734375e+01 5.475699996948242188e+01
0.000000000000000000e+00 5.357142910361289978e-02 3.622600173950195312e+01 5.407699966430664062e+01 5.653599929809570312e+01
3.000000000000000000e+00 7.589285820722579956e-02 3.978799819946289062e+01 5.555500030517578125e+01 5.704999923706054688e+01
3.000000000000000000e+00 2.544642984867095947e-01 4.052299880981445312e+01 5.465599822998046875e+01 5.337799835205078125e+01
1.800000000000000000e+01 3.348214328289031982e-01 4.268399810791015625e+01 5.147800064086914062e+01 5.400799942016601562e+01
1.900000000000000000e+01 5.312500000000000000e-01 4.242699813842773438e+01 4.810499954223632812e+01 5.239799880981445312e+01
7.000000000000000000e+00 3.437500000000000000e-01 4.026100158691406250e+01 4.554999923706054688e+01 5.433499908447265625e+01
1.600000000000000000e+01 4.151785671710968018e-01 3.982199859619140625e+01 4.181399917602539062e+01 5.311299896240234375e+01
1.500000000000000000e+01 3.794642984867095947e-01 3.642900085449218750e+01 4.121500015258789062e+01 5.151599884033203125e+01
0.000000000000000000e+00 4.285714328289031982e-01 3.619400024414062500e+01 3.805300140380859375e+01 4.944400024414062500e+01
1.700000000000000000e+01 4.866071343421936035e-01 3.865000152587890625e+01 3.520299911499023438e+01 4.848699951171875000e+01
9.000000000000000000e+00 4.375000000000000000e-01 3.872000122070312500e+01 3.207199859619140625e+01 4.636999893188476562e+01
1.300000000000000000e+01 5.000000000000000000e-01 4.002399826049804688e+01 3.040900039672851562e+01 4.322299957275390625e+01
1.800000000000000000e+01 4.955357015132904053e-01 3.848400115966796875e+01 2.986599922180175781e+01 3.971699905395507812e+01
1.700000000000000000e+01 2.321428507566452026e-01 3.631200027465820312e+01 2.686599922180175781e+01 3.877500152587890625e+01
7.000000000000000000e+00 9.375000000000000000e-02 3.636700057983398438e+01 2.433799934387207031e+01 3.582099914550781250e+01
1.700000000000000000e+01 1.473214328289031982e-01 3.420199966430664062e+01 2.678000068664550781e+01 3.378200149536132812e+01
9.000000000000000000e+00 3.973214328289031982e-01 3.675799942016601562e+01 2.953599929809570312e+01 3.447700119018554688e+01
7.000000000000000000e+00 4.642857015132904053e-01 3.465200042724609375e+01 3.180800056457519531e+01 3.699300003051757812e+01
1.200000000000000000e+01 4.687500000000000000e-01 3.500000000000000000e+01 3.249700164794921875e+01 4.076300048828125000e+01
9.000000000000000000e+00 1.517857164144515991e-01 2.971800041198730469e+01 3.386800003051757812e+01 4.481100082397460938e+01
1.200000000000000000e+01 3.258928656578063965e-01 3.218299865722656250e+01 3.684299850463867188e+01 4.545000076293945312e+01
1.800000000000000000e+01 1.964285671710968018e-01 2.949699974060058594e+01 3.886399841308593750e+01 4.723600006103515625e+01
1.800000000000000000e+01 4.464285820722579956e-02 2.573699951171875000e+01 3.938800048828125000e+01 4.767399978637695312e+01
7.000000000000000000e+00 2.678571455180644989e-02 2.397599983215332031e+01 4.253699874877929688e+01 4.646200180053710938e+01
7.000000000000000000e+00 0.000000000000000000e+00 2.312700080871582031e+01 4.256900024414062500e+01 5.025199890136718750e+01
7.000000000000000000e+00 3.125000000000000000e-02 2.685300064086914062e+01 4.282899856567382812e+01 5.099599838256835938e+01
1.500000000000000000e+01 1.383928507566452026e-01 2.791900062561035156e+01 4.513899993896484375e+01 4.814400100708007812e+01
2.200000000000000000e+01 9.821428358554840088e-02 2.866399955749511719e+01 4.846699905395507812e+01 4.996400070190429688e+01
7.000000000000000000e+00 1.651785671710968018e-01 2.981399917602539062e+01 5.159899902343750000e+01 4.824800109863281250e+01
9.000000000000000000e+00 3.705357015132904053e-01 3.341799926757812500e+01 5.242300033569335938e+01 4.749800109863281250e+01
1.100000000000000000e+01 6.339285969734191895e-01 3.664300155639648438e+01 5.121500015258789062e+01 4.613399887084960938e+01
2.000000000000000000e+01 7.321428656578063965e-01 3.733000183105468750e+01 4.765999984741210938e+01 4.547000122070312500e+01
1.300000000000000000e+01 8.750000000000000000e-01 4.043299865722656250e+01 4.589699935913085938e+01 4.416500091552734375e+01
2.200000000000000000e+01 9.196428656578063965e-01 4.086399841308593750e+01 4.253900146484375000e+01 4.260100173950195312e+01
7.000000000000000000e+00 9.330357313156127930e-01 4.419800186157226562e+01 4.090900039672851562e+01 4.333700180053710938e+01
1.100000000000000000e+01 9.241071343421936035e-01 4.470199966430664062e+01 3.789400100708007812e+01 4.106499862670898438e+01
3.000000000000000000e+00 8.526785969734191895e-01 4.758300018310546875e+01 3.538499832153320312e+01 4.143000030517578125e+01
1.800000000000000000e+01 8.973214030265808105e-01 4.917699813842773438e+01 3.527399826049804688e+01 3.800699996948242188e+01
1.300000000000000000e+01 7.589285969734191895e-01 5.228799819946289062e+01 3.320399856567382812e+01 3.897299957275390625e+01
1.700000000000000000e+01 6.026785969734191895e-01 5.112799835205078125e+01 2.981800079345703125e+01 4.044200134277343750e+01
2.000000000000000000e+01 5.714285969734191895e-01 4.891600036621093750e+01 2.853800010681152344e+01 3.759700012207031250e+01
1.900000000000000000e+01 5.446428656578063965e-01 5.172100067138671875e+01 2.883600044250488281e+01 3.509999847412109375e+01
1.300000000000000000e+01 3.482142984867095947e-01 5.419400024414062500e+01 2.700200080871582031e+01 3.740399932861328125e+01
0.000000000000000000e+00 2.098214328289031982e-01 5.181399917602539062e+01 2.405299949645996094e+01 3.761100006103515625e+01
1.200000000000000000e+01 1.785714328289031982e-01 5.216500091552734375e+01 2.369400024414062500e+01 3.384600067138671875e+01
9.000000000000000000e+00 1.428571492433547974e-01 5.593199920654296875e+01 2.423900032043457031e+01 3.400799942016601562e+01
1.100000000000000000e+01 2.991071343421936035e-01 5.596200180053710938e+01 2.748900032043457031e+01 3.195299911499023438e+01
1.700000000000000000e+01 4.464285671710968018e-01 5.810200119018554688e+01 3.031200027465820312e+01 3.342499923706054688e+01
1.600000000000000000e+01 7.008928656578063965e-01 5.555899810791015625e+01 3.326399993896484375e+01 3.420399856567382812e+01
1.500000000000000000e+01 7.946428656578063965e-01 5.674700164794921875e+01 3.694200134277343750e+01 3.412400054931640625e+01
7.000000000000000000e+00 8.839285969734191895e-01 5.386100006103515625e+01 3.804800033569335938e+01 4.002700042724609375e+01
0.000000000000000000e+00 9.910714030265808105e-01 4.765000152587890625e+01 4.124100112915039062e+01 3.878400039672851562e+01
7.000000000000000000e+00 9.866071343421936035e-01 4.579700088500976562e+01 4.393700027465820312e+01 4.071099853515625000e+01
2.200000000000000000e+01 9.776785969734191895e-01 4.291999816894531250e+01 4.582799911499023438e+01 3.913999938964843750e+01
2.200000000000000000e+01 9.375000000000000000e-01 4.145600128173828125e+01 4.888100051879882812e+01 4.108700180053710938e+01
1.500000000000000000e+01 8.392857313156127930e-01 3.805500030517578125e+01 5.045800018310546875e+01 4.040000152587890625e+01
1.800000000000000000e+01 6.651785969734191895e-01 3.510699844360351562e+01 5.233399963378906250e+01 4.177000045776367188e+01
0.000000000000000000e+00 5.223214030265808105e-01 3.202099990844726562e+01 5.025699996948242188e+01 4.236700057983398438e+01
2.000000000000000000e+00 2.455357164144515991e-01 2.852199935913085938e+01 5.173099899291992188e+01 4.269699859619140625e+01
3.000000000000000000e+00 2.232142835855484009e-01 2.878000068664550781e+01 5.506100082397460938e+01 4.093799972534179688e+01
1.700000000000000000e+01 3.571428731083869934e-02 2.553800010681152344e+01 5.686800003051757812e+01 4.086700057983398438e+01
9.000000000000000000e+00 1.785714365541934967e-02 2.359099960327148438e+01 5.392900085449218750e+01 4.222299957275390625e+01
1.600000000000000000e+01 6.250000000000000000e-02 2.371699905395507812e+01 5.016699981689453125e+01 4.175299835205078125e+01
1.000000000000000000e+00 1.875000000000000000e-01 2.571999931335449219e+01 4.861299896240234375e+01 3.891899871826171875e+01
1.000000000000000000e+00 3.080357015132904053e-01 2.727599906921386719e+01 4.514699935913085938e+01 3.834400177001953125e+01
2.000000000000000000e+01 5.937500000000000000e-01 3.075600051879882812e+01 4.443600082397460938e+01 3.721900177001953125e+01
1.800000000000000000e+01 6.205357313156127930e-01 3.182699966430664062e+01 4.145399856567382812e+01 3.516299819946289062e+01
1.100000000000000000e+01 8.125000000000000000e-01 3.563399887084960938e+01 4.134000015258789062e+01 3.475500106811523438e+01
0.000000000000000000e+00 7.857142686843872070e-01 3.682799911499023438e+01 3.913700103759765625e+01 3.184900093078613281e+01
0.000000000000000000e+00 9.017857313156127930e-01 4.065999984741210938e+01 3.874200057983398438e+01 3.179199981689453125e+01
1.200000000000000000e+01 8.437500000000000000e-01 4.299800109863281250e+01 3.730300140380859375e+01 2.925399971008300781e+01
1.200000000000000000e+01 8.571428656578063965e-01 4.622299957275390625e+01 3.571599960327148438e+01 3.045999908447265625e+01
1.700000000000000000e+01 7.901785969734191895e-01 4.957600021362304688e+01 3.516400146484375000e+01 2.860600090026855469e+01
1.600000000000000000e+01 7.544642686843872070e-01 5.278699874877929688e+01 3.432799911499023438e+01 3.062299919128417969e+01
2.000000000000000000e+01 7.991071343421936035e-01 5.450699996948242188e+01 3.751800155639648438e+01 2.921299934387207031e+01
1.700000000000000000e+01 8.928571343421936035e-01 5.120199966430664062e+01 3.957600021362304688e+01 2.850300025939941406e+01
2.000000000000000000e+01 9.598214030265808105e-01 4.790700149536132812e+01 4.017200088500976562e+01 3.012800025939941406e+01
1.700000000000000000e+01 9.464285969734191895e-01 4.460699844360351562e+01 4.189500045776367188e+01 2.931599998474121094e+01
1.800000000000000000e+01 9.687500000000000000e-01 4.196599960327148438e+01 4.309999847412109375e+01 3.173200035095214844e+01
1.800000000000000000e+01 8.794642686843872070e-01 3.852700042724609375e+01 4.422999954223632812e+01 3.051799964904785156e+01
0.000000000000000000e+00 8.169642686843872070e-01 3.571799850463867188e+01 4.556800079345703125e+01 3.281299972534179688e+01
2.200000000000000000e+01 6.250000000000000000e-01 3.205699920654296875e+01 4.515299987792968750e+01 3.165600013732910156e+01
2.200000000000000000e+01 4.776785671710968018e-01 2.949300003051757812e+01 4.725099945068359375e+01 3.358300018310546875e+01
1.800000000000000000e+01 2.053571492433547974e-01 2.581599998474121094e+01 4.647600173950195312e+01 3.344800186157226562e+01
2.000000000000000000e+00 6.696428358554840088e-02 2.290699958801269531e+01 4.865900039672851562e+01 3.490200042724609375e+01
1.600000000000000000e+01 1.339285727590322495e-02 2.049799919128417969e+01 4.598799896240234375e+01 3.650899887084960938e+01
5.000000000000000000e+00 1.294642835855484009e-01 6.829100036621093750e+01 4.994100189208984375e+01 2.848900032043457031e+01
1.600000000000000000e+01 2.723214328289031982e-01 6.694400024414062500e+01 4.766400146484375000e+01 3.125300025939941406e+01
1.200000000000000000e+01 5.267857313156127930e-01 6.331600189208984375e+01 4.896900177001953125e+01 3.149900054931640625e+01
1.400000000000000000e+01 5.178571343421936035e-01 6.173099899291992188e+01 5.054600143432617188e+01 2.843499946594238281e+01
2.200000000000000000e+01 6.919642686843872070e-01 5.804299926757812500e+01 5.145600128173828125e+01 2.863899993896484375e+01
1.300000000000000000e+01 6.562500000000000000e-01 5.579100036621093750e+01 5.229399871826171875e+01 2.566799926757812500e+01
2.200000000000000000e+01 7.098214030265808105e-01 5.224900054931640625e+01 5.350999832153320312e+01 2.602599906921386719e+01
1.200000000000000000e+01 6.473214030265808105e-01 4.945600128173828125e+01 5.329399871826171875e+01 2.329700088500976562e+01
3.000000000000000000e+00 6.294642686843872070e-01 4.581800079345703125e+01 5.429199981689453125e+01 2.340699958801269531e+01
0.000000000000000000e+00 5.491071343421936035e-01 4.297700119018554688e+01 5.243700027465820312e+01 2.158399963378906250e+01
2.200000000000000000e+01 3.750000000000000000e-01 4.061700057983398438e+01 5.546500015258789062e+01 2.145400047302246094e+01
1.000000000000000000e+00 2.008928507566452026e-01 4.276800155639648438e+01 5.688399887084960938e+01 1.853300094604492188e+01
9.000000000000000000e+00 2.767857015132904053e-01 4.483599853515625000e+01 5.382400131225585938e+01 1.787100028991699219e+01
1.700000000000000000e+01 2.589285671710968018e-01 4.794699859619140625e+01 5.592399978637695312e+01 1.855400085449218750e+01
1.600000000000000000e+01 3.526785671710968018e-01 5.080400085449218750e+01 5.644599914550781250e+01 2.087899971008300781e+01
0.000000000000000000e+00 4.821428656578063965e-01 4.987400054931640625e+01 5.826900100708007812e+01 2.414399909973144531e+01
1.100000000000000000e+01 2.857142984867095947e-01 5.151900100708007812e+01 6.151800155639648438e+01 2.509900093078613281e+01
2.000000000000000000e+00 3.392857015132904053e-01 5.226200103759765625e+01 6.238800048828125000e+01 2.883200073242187500e+01
2.200000000000000000e+01 6.383928656578063965e-01 5.124100112915039062e+01 5.922200012207031250e+01 3.075600051879882812e+01
0.000000000000000000e+00 6.428571343421936035e-01 5.269499969482421875e+01 5.942800140380859375e+01 3.426399993896484375e+01
1.400000000000000000e+01 7.633928656578063965e-01 5.408499908447265625e+01 5.633900070190429688e+01 3.607300186157226562e+01
2.200000000000000000e+01 7.366071343421936035e-01 5.844200134277343750e+01 5.240299987792968750e+01 3.934099960327148438e+01
1.500000000000000000e+01 7.053571343421936035e-01 5.892699813842773438e+01 5.047800064086914062e+01 4.262300109863281250e+01
1.000000000000000000e+00 5.982142686843872070e-01 6.147100067138671875e+01 4.788399887084960938e+01 4.382899856567382812e+01
1.300000000000000000e+01 5.357142686843872070e-01 6.077700042724609375e+01 4.537599945068359375e+01 4.659600067138671875e+01
0.000000000000000000e+00 2.500000000000000000e-01 6.333200073242187500e+01 4.563199996948242188e+01 4.944499969482421875e+01
0.000000000000000000e+00 1.071428582072257996e-01 6.457199859619140625e+01 4.262599945068359375e+01 5.136000061035156250e+01
3.000000000000000000e+00 8.928571641445159912e-02 6.212599945068359375e+01 4.306600189208984375e+01 5.427799987792968750e+01
3.000000000000000000e+00 3.214285671710968018e-01 5.931999969482421875e+01 4.250500106811523438e+01 5.159000015258789062e+01
1.800000000000000000e+01 3.839285671710968018e-01 5.843199920654296875e+01 4.628699874877929688e+01 5.158300018310546875e+01
1.900000000000000000e+01 5.848214030265808105e-01 5.802500152587890625e+01 4.835100173950195312e+01 4.836000061035156250e+01
7.000000000000000000e+00 4.196428656578063965e-01 6.047499847412109375e+01 5.116400146484375000e+01 4.789899826049804688e+01
1.600000000000000000e+01 4.508928656578063965e-01 6.092399978637695312e+01 5.384199905395507812e+01 4.511999893188476562e+01
1.500000000000000000e+01 4.107142984867095947e-01 6.322399902343750000e+01 5.298099899291992188e+01 4.207199859619140625e+01
0.000000000000000000e+00 4.330357015132904053e-01 6.250400161743164062e+01 5.535599899291992188e+01 3.899000167846679688e+01
1.700000000000000000e+01 5.044642686843872070e-01 5.965999984741210938e+01 5.763499832153320312e+01 3.761800003051757812e+01
9.000000000000000000e+00 4.598214328289031982e-01 5.873799896240234375e+01 5.932600021362304688e+01 3.444200134277343750e+01
1.300000000000000000e+01 4.910714328289031982e-01 5.598400115966796875e+01 6.019599914550781250e+01 3.190999984741210938e+01
1.800000000000000000e+01 4.553571343421936035e-01 5.576100158691406250e+01 5.943399810791015625e+01 2.815200042724609375e+01
1.700000000000000000e+01 1.562500000000000000e-01 5.719900131225585938e+01 6.171400070190429688e+01 2.533600044250488281e+01
7.000000000000000000e+00 8.482142537832260132e-02 5.561999893188476562e+01 6.285400009155273438e+01 2.198699951171875000e+01
1.700000000000000000e+01 1.116071417927742004e-01 5.664799880981445312e+01 5.947600173950195312e+01 2.065800094604492188e+01
9.000000000000000000e+00 3.616071343421936035e-01 5.470700073242187500e+01 5.759000015258789062e+01 2.343400001525878906e+01
7.000000000000000000e+00 3.571428656578063965e-01 5.804600143432617188e+01 5.641899871826171875e+01 2.476799964904785156e+01
1.200000000000000000e+01 4.017857015132904053e-01 5.972700119018554688e+01 5.670100021362304688e+01 2.822100067138671875e+01
9.000000000000000000e+00 1.026785746216773987e-01 6.615299987792968750e+01 5.734700012207031250e+01 3.066500091552734375e+01
1.200000000000000000e+01 2.633928656578063965e-01 6.478299713134765625e+01 5.555699920654296875e+01 3.373899841308593750e+01
1.800000000000000000e+01 1.607142835855484009e-01 6.778299713134765625e+01 5.333700180053710938e+01 3.491899871826171875e+01
1.800000000000000000e+01 4.910714179277420044e-02 7.123799896240234375e+01 5.177700042724609375e+01 3.429999923706054688e+01
7.000000000000000000e+00 2.232142910361289978e-02 7.253800201416015625e+01 4.826599884033203125e+01 3.370199966430664062e+01
7.000000000000000000e+00 8.928571827709674835e-03 7.455400085449218750e+01 4.840499877929687500e+01 3.699000167846679688e+01
7.000000000000000000e+00 4.017857089638710022e-02 7.168000030517578125e+01 4.958300018310546875e+01 3.914300155639648438e+01
1.500000000000000000e+01 1.696428507566452026e-01 6.920600128173828125e+01 4.696900177001953125e+01 3.780599975585937500e+01
2.200000000000000000e+01 1.339285671710968018e-01 6.956700134277343750e+01 4.451800155639648438e+01 4.070800018310546875e+01
7.000000000000000000e+00 2.276785671710968018e-01 6.770500183105468750e+01 4.113600158691406250e+01 4.103599929809570312e+01
9.000000000000000000e+00 4.241071343421936035e-01 6.414800262451171875e+01 4.057600021362304688e+01 4.259999847412109375e+01
1.100000000000000000e+01 6.607142686843872070e-01 6.059999847412109375e+01 4.170800018310546875e+01 4.261199951171875000e+01
2.000000000000000000e+01 7.678571343421936035e-01 5.950699996948242188e+01 4.490700149536132812e+01 4.083800125122070312e+01
1.300000000000000000e+01 9.062500000000000000e-01 5.638899993896484375e+01 4.683800125122070312e+01 3.991500091552734375e+01
2.200000000000000000e+01 9.151785969734191895e-01 5.526599884033203125e+01 4.975699996948242188e+01 3.760599899291992188e+01
7.000000000000000000e+00 9.285714030265808105e-01 5.230500030517578125e+01 5.198400115966796875e+01 3.851200103759765625e+01
1.100000000000000000e+01 9.107142686843872070e-01 5.083100128173828125e+01 5.418700027465820312e+01 3.575099945068359375e+01
3.000000000000000000e+00 8.214285969734191895e-01 4.819200134277343750e+01 5.699800109863281250e+01 3.649300003051757812e+01
1.800000000000000000e+01 8.303571343421936035e-01 4.571300125122070312e+01 5.640399932861328125e+01 3.377500152587890625e+01
1.300000000000000000e+01 7.142857313156127930e-01 4.294699859619140625e+01 5.843700027465820312e+01 3.547999954223632812e+01
1.700000000000000000e+01 5.669642686843872070e-01 4.504100036621093750e+01 6.168399810791015625e+01 3.509199905395507812e+01
2.000000000000000000e+01 5.892857313156127930e-01 4.560100173950195312e+01 6.082099914550781250e+01 3.132999992370605469e+01
1.900000000000000000e+01 5.401785969734191895e-01 4.179100036621093750e+01 6.032600021362304688e+01 3.070299911499023438e+01
1.300000000000000000e+01 3.169642984867095947e-01 4.116199874877929688e+01 6.359799957275390625e+01 3.268199920654296875e+01
0.000000000000000000e+00 2.366071492433547974e-01 4.387099838256835938e+01 6.536599731445312500e+01 3.063599967956542969e+01
1.200000000000000000e+01 1.830357164144515991e-01 4.190399932861328125e+01 6.465000152587890625e+01 2.738800048828125000e+01
9.000000000000000000e+00 1.205357164144515991e-01 3.843299865722656250e+01 6.513700103759765625e+01 2.886499977111816406e+01
1.100000000000000000e+01 2.678571343421936035e-01 3.728599929809570312e+01 6.148099899291992188e+01 2.884799957275390625e+01
1.700000000000000000e+01 3.883928656578063965e-01 3.570199966430664062e+01 5.958200073242187500e+01 3.184300041198730469e+01
1.600000000000000000e+01 6.517857313156127930e-01 3.803599929809570312e+01 5.717699813842773438e+01 3.354899978637695312e+01
1.500000000000000000e+01 7.410714030265808105e-01 3.689699935913085938e+01 5.388499832153320312e+01 3.505300140380859375e+01
7.000000000000000000e+00 8.616071343421936035e-01 4.219400024414062500e+01 5.418899917602539062e+01 3.920500183105468750e+01
0.000000000000000000e+00 9.732142686843872070e-01 4.735900115966796875e+01 5.043500137329101562e+01 3.547000122070312500e+01
7.000000000000000000e+00 9.955357313156127930e-01 4.985499954223632812e+01 4.812099838256835938e+01 3.710800170898437500e+01
2.200000000000000000e+01 9.821428656578063965e-01 5.235800170898437500e+01 4.548300170898437500e+01 3.621699905395507812e+01
2.200000000000000000e+01 9.642857313156127930e-01 5.402999877929687500e+01 4.326499938964843750e+01 3.885499954223632812e+01
1.500000000000000000e+01 8.660714030265808105e-01 5.706600189208984375e+01 4.106999969482421875e+01 3.806399917602539062e+01
1.800000000000000000e+01 6.964285969734191895e-01 6.039500045776367188e+01 3.939699935913085938e+01 3.894900131225585938e+01
0.000000000000000000e+00 5.803571343421936035e-01 6.330699920654296875e+01 4.093600082397460938e+01 3.704100036621093750e+01
2.000000000000000000e+00 2.946428656578063965e-01 6.634799957275390625e+01 3.877199935913085938e+01 3.581299972534179688e+01
3.000000000000000000e+00 3.125000000000000000e-01 6.468900299072265625e+01 3.553699874877929688e+01 3.681800079345703125e+01
1.700000000000000000e+01 1.160714253783226013e-01 6.672399902343750000e+01 3.277099990844726562e+01 3.499399948120117188e+01
9.000000000000000000e+00 7.142857462167739868e-02 6.953900146484375000e+01 3.501900100708007812e+01 3.384600067138671875e+01
1.600000000000000000e+01 8.035714179277420044e-02 7.040799713134765625e+01 3.861700057983398438e+01 3.285699844360351562e+01
1.000000000000000000e+00 2.187500000000000000e-01 6.742199707031250000e+01 4.020299911499023438e+01 3.063599967956542969e+01
1.000000000000000000e+00 2.901785671710968018e-01 6.628700256347656250e+01 4.356999969482421875e+01 2.946100044250488281e+01
2.000000000000000000e+01 5.535714030265808105e-01 6.263000106811523438e+01 4.448500061035156250e+01 2.932299995422363281e+01
1.800000000000000000e+01 6.160714030265808105e-01 6.031999969482421875e+01 4.634899902343750000e+01 2.696400070190429688e+01
1.100000000000000000e+01 8.080357313156127930e-01 5.689099884033203125e+01 4.679000091552734375e+01 2.842600059509277344e+01
0.000000000000000000e+00 8.035714030265808105e-01 5.416099929809570312e+01 4.800099945068359375e+01 2.612000083923339844e+01
0.000000000000000000e+00 8.883928656578063965e-01 5.076300048828125000e+01 4.931800079345703125e+01 2.749099922180175781e+01
1.200000000000000000e+01 8.258928656578063965e-01 4.753099822998046875e+01 4.969900131225585938e+01 2.540900039672851562e+01
1.200000000000000000e+01 8.348214030265808105e-01 4.486199951171875000e+01 5.184299850463867188e+01 2.719099998474121094e+01
1.700000000000000000e+01 7.455357313156127930e-01 4.111600112915039062e+01 5.236299896240234375e+01 2.666099929809570312e+01
1.600000000000000000e+01 7.232142686843872070e-01 3.854999923706054688e+01 5.354700088500976562e+01 2.936199951171875000e+01
2.000000000000000000e+01 7.812500000000000000e-01 3.709000015258789062e+01 5.002999877929687500e+01 3.003100013732910156e+01
1.700000000000000000e+01 8.705357313156127930e-01 4.001100158691406250e+01 4.791699981689453125e+01 2.884900093078613281e+01
2.000000000000000000e+01 9.508928656578063965e-01 4.379399871826171875e+01 4.779000091552734375e+01 2.955800056457519531e+01
1.700000000000000000e+01 9.419642686843872070e-01 4.642499923706054688e+01 4.545899963378906250e+01 2.813299942016601562e+01
1.800000000000000000e+01 9.553571343421936035e-01 5.008000183105468750e+01 4.509600067138671875e+01 2.882299995422363281e+01
1.800000000000000000e+01 8.482142686843872070e-01 5.268600082397460938e+01 4.307699966430664062e+01 2.676799964904785156e+01
0.000000000000000000e+00 7.723214030265808105e-01 5.638700103759765625e+01 4.237099838256835938e+01 2.745100021362304688e+01
2.200000000000000000e+01 5.758928656578063965e-01 5.924499893188476562e+01 4.144100189208984375e+01 2.523600006103515625e+01
2.200000000000000000e+01 4.419642984867095947e-01 6.235499954223632812e+01 3.991400146484375000e+01 2.673900032043457031e+01
1.800000000000000000e+01 1.741071492433547974e-01 6.575299835205078125e+01 4.029499816894531250e+01 2.511300086975097656e+01
2.000000000000000000e+00 5.803571268916130066e-02 6.879399871826171875e+01 3.820100021362304688e+01 2.604899978637695312e+01
1.600000000000000000e+01 4.464285913854837418e-03 7.249099731445312500e+01 3.929600143432617188e+01 2.588199996948242188e+01
