5.000000000000000000e+00 6.696428358554840088e-02 2.513500022888183594e+01 3.827600097656250000e+01 4.285900115966796875e+01
1.600000000000000000e+01 2.008928507566452026e-01 2.666799926757812500e+01 4.157899856567382812e+01 4.160499954223632812e+01
1.200000000000000000e+01 5.000000000000000000e-01 3.043499946594238281e+01 4.131200027465820312e+01 4.111999893188476562e+01
1.400000000000000000e+01 5.446428656578063965e-01 3.176000022888183594e+01 3.839599990844726562e+01 3.867499923706054688e+01
2.200000000000000000e+01 7.053571343421936035e-01 3.522100067138671875e+01 3.734299850463867188e+01 3.769100189208984375e+01
1.300000000000000000e+01 6.785714030265808105e-01 3.587599945068359375e+01 3.535900115966796875e+01 3.460900115966796875e+01
2.200000000000000000e+01 7.455357313156127930e-01 3.939500045776367188e+01 3.422100067138671875e+01 3.390700149536132812e+01
1.200000000000000000e+01 6.830357313156127930e-01 4.049300003051757812e+01 3.296200180053710938e+01 3.036700057983398438e+01
3.000000000000000000e+00 6.428571343421936035e-01 4.353300094604492188e+01 3.175099945068359375e+01 2.852700042724609375e+01
0.000000000000000000e+00 6.250000000000000000e-01 4.521900177001953125e+01 3.345000076293945312e+01 2.546899986267089844e+01
2.200000000000000000e+01 4.375000000000000000e-01 4.740900039672851562e+01 3.052400016784667969e+01 2.451799964904785156e+01
1.000000000000000000e+00 2.633928656578063965e-01 4.488199996948242188e+01 2.775799942016601562e+01 2.504599952697753906e+01
9.000000000000000000e+00 2.946428656578063965e-01 4.186700057983398438e+01 2.990900039672851562e+01 2.388800048828125000e+01
1.700000000000000000e+01 2.812500000000000000e-01 3.959600067138671875e+01 2.861300086975097656e+01 2.660499954223632812e+01
1.600000000000000000e+01 3.750000000000000000e-01 3.828099822998046875e+01 2.928800010681152344e+01 3.011100006103515625e+01
0.000000000000000000e+00 5.133928656578063965e-01 4.076300048828125000e+01 2.901499938964843750e+01 3.308499908447265625e+01
1.100000000000000000e+01 3.214285671710968018e-01 4.010200119018554688e+01 2.667799949645996094e+01 3.596799850463867188e+01
2.000000000000000000e+00 3.348214328289031982e-01 4.064699935913085938e+01 2.706100082397460938e+01 3.974700164794921875e+01
2.200000000000000000e+01 6.294642686843872070e-01 4.245299911499023438e+01 3.035899925231933594e+01 3.928599929809570312e+01
0.000000000000000000e+00 6.517857313156127930e-01 4.218500137329101562e+01 3.194400024414062500e+01 4.277799987792968750e+01
1.400000000000000000e+01 7.723214030265808105e-01 4.148400115966796875e+01 3.559299850463867188e+01 4.343999862670898438e+01
2.200000000000000000e+01 7.321428656578063965e-01 3.914799880981445312e+01 4.117699813842773438e+01 4.636899948120117188e+01
1.500000000000000000e+01 6.964285969734191895e-01 4.019200134277343750e+01 4.402899932861328125e+01 4.856499862670898438e+01
1.000000000000000000e+00 5.848214030265808105e-01 3.856399917602539062e+01 4.738299942016601562e+01 4.975500106811523438e+01
1.300000000000000000e+01 5.178571343421936035e-01 3.994699859619140625e+01 5.076200103759765625e+01 5.075999832153320312e+01
0.000000000000000000e+00 2.366071492433547974e-01 3.963700103759765625e+01 5.244499969482421875e+01 5.418500137329101562e+01
0.000000000000000000e+00 9.375000000000000000e-02 3.928699874877929688e+01 5.619900131225585938e+01 5.479499816894531250e+01
3.000000000000000000e+00 1.071428582072257996e-01 4.317900085449218750e+01 5.656000137329101562e+01 5.523799896240234375e+01
3.000000000000000000e+00 3.705357015132904053e-01 4.366400146484375000e+01 5.501900100708007812e+01 5.182300186157226562e+01
1.800000000000000000e+01 4.241071343421936035e-01 4.461399841308593750e+01 5.160800170898437500e+01 5.321200180053710938e+01
1.900000000000000000e+01 6.026785969734191895e-01 4.379499816894531250e+01 4.828200149536132812e+01 5.149100112915039062e+01
7.000000000000000000e+00 4.553571343421936035e-01 4.149900054931640625e+01 4.594699859619140625e+01 5.354199981689453125e+01
1.600000000000000000e+01 4.151785671710968018e-01 4.022000122070312500e+01 4.230300140380859375e+01 5.314400100708007812e+01
1.500000000000000000e+01 3.973214328289031982e-01 3.671699905395507812e+01 4.200500106811523438e+01 5.147000122070312500e+01
0.000000000000000000e+00 4.196428656578063965e-01 3.587500000000000000e+01 3.879499816894531250e+01 4.952700042724609375e+01
1.700000000000000000e+01 4.955357015132904053e-01 3.773699951171875000e+01 3.573099899291992188e+01 4.809400177001953125e+01
9.000000000000000000e+00 4.598214328289031982e-01 3.744599914550781250e+01 3.280899810791015625e+01 4.563499832153320312e+01
1.300000000000000000e+01 4.910714328289031982e-01 3.853599929809570312e+01 3.074099922180175781e+01 4.271500015258789062e+01
1.800000000000000000e+01 4.687500000000000000e-01 3.718299865722656250e+01 3.005699920654296875e+01 3.919400024414062500e+01
1.700000000000000000e+01 1.785714328289031982e-01 3.483399963378906250e+01 2.719000053405761719e+01 3.847999954223632812e+01
7.000000000000000000e+00 7.142857462167739868e-02 3.497000122070312500e+01 2.469099998474121094e+01 3.545899963378906250e+01
1.700000000000000000e+01 1.339285671710968018e-01 3.345800018310546875e+01 2.735300064086914062e+01 3.310599899291992188e+01
9.000000000000000000e+00 4.017857015132904053e-01 3.623500061035156250e+01 2.982900047302246094e+01 3.425099945068359375e+01
7.000000000000000000e+00 4.330357015132904053e-01 3.376900100708007812e+01 3.215299987792968750e+01 3.607199859619140625e+01
1.200000000000000000e+01 3.392857015132904053e-01 3.241299819946289062e+01 3.288100051879882812e+01 3.959199905395507812e+01
9.000000000000000000e+00 1.428571492433547974e-01 2.976799964904785156e+01 3.371799850463867188e+01 4.460499954223632812e+01
1.200000000000000000e+01 3.125000000000000000e-01 3.201599884033203125e+01 3.666999816894531250e+01 4.573199844360351562e+01
1.800000000000000000e+01 1.696428507566452026e-01 2.959499931335449219e+01 3.895500183105468750e+01 4.748899841308593750e+01
1.800000000000000000e+01 4.910714179277420044e-02 2.604000091552734375e+01 3.987400054931640625e+01 4.804899978637695312e+01
7.000000000000000000e+00 2.232142910361289978e-02 2.427599906921386719e+01 4.319900131225585938e+01 4.725099945068359375e+01
7.000000000000000000e+00 4.464285913854837418e-03 2.395400047302246094e+01 4.449000167846679688e+01 5.088399887084960938e+01
7.000000000000000000e+00 5.357142910361289978e-02 2.779299926757812500e+01 4.393399810791015625e+01 5.142399978637695312e+01
1.500000000000000000e+01 1.607142835855484009e-01 2.897999954223632812e+01 4.555400085449218750e+01 4.821500015258789062e+01
2.200000000000000000e+01 1.116071417927742004e-01 2.903300094604492188e+01 4.915800094604492188e+01 4.907199859619140625e+01
7.000000000000000000e+00 1.875000000000000000e-01 3.024200057983398438e+01 5.245399856567382812e+01 4.743899917602539062e+01
9.000000000000000000e+00 3.616071343421936035e-01 3.418600082397460938e+01 5.296200180053710938e+01 4.757600021362304688e+01
1.100000000000000000e+01 6.473214030265808105e-01 3.736299896240234375e+01 5.175000000000000000e+01 4.599800109863281250e+01
2.000000000000000000e+01 7.500000000000000000e-01 3.809600067138671875e+01 4.806800079345703125e+01 4.534000015258789062e+01
1.300000000000000000e+01 8.973214030265808105e-01 4.064500045776367188e+01 4.591799926757812500e+01 4.354199981689453125e+01
2.200000000000000000e+01 9.151785969734191895e-01 4.070800018310546875e+01 4.233200073242187500e+01 4.259500122070312500e+01
7.000000000000000000e+00 9.330357313156127930e-01 4.405899810791015625e+01 4.047499847412109375e+01 4.257300186157226562e+01
1.100000000000000000e+01 9.285714030265808105e-01 4.415800094604492188e+01 3.723500061035156250e+01 4.043199920654296875e+01
3.000000000000000000e+00 8.348214030265808105e-01 4.685400009155273438e+01 3.470500183105468750e+01 4.139300155639648438e+01
1.800000000000000000e+01 8.571428656578063965e-01 4.812900161743164062e+01 3.396599960327148438e+01 3.792399978637695312e+01
1.300000000000000000e+01 7.678571343421936035e-01 5.144699859619140625e+01 3.294300079345703125e+01 3.953099822998046875e+01
1.700000000000000000e+01 5.982142686843872070e-01 4.996400070190429688e+01 2.994499969482421875e+01 4.123799896240234375e+01
2.000000000000000000e+01 6.205357313156127930e-01 4.803300094604492188e+01 2.923600006103515625e+01 3.792900085449218750e+01
1.900000000000000000e+01 5.892857313156127930e-01 5.135900115966796875e+01 2.924399948120117188e+01 3.586399841308593750e+01
1.300000000000000000e+01 3.839285671710968018e-01 5.336899948120117188e+01 2.726899909973144531e+01 3.859199905395507812e+01
0.000000000000000000e+00 2.589285671710968018e-01 5.058499908447265625e+01 2.466399955749511719e+01 3.851399993896484375e+01
1.200000000000000000e+01 2.321428507566452026e-01 5.086899948120117188e+01 2.418400001525878906e+01 3.472299957275390625e+01
9.000000000000000000e+00 1.517857164144515991e-01 5.467699813842773438e+01 2.418300056457519531e+01 3.484199905395507812e+01
1.100000000000000000e+01 3.526785671710968018e-01 5.482500076293945312e+01 2.761899948120117188e+01 3.307199859619140625e+01
1.700000000000000000e+01 4.866071343421936035e-01 5.730500030517578125e+01 3.011400032043457031e+01 3.445999908447265625e+01
1.600000000000000000e+01 6.919642686843872070e-01 5.560800170898437500e+01 3.320100021362304688e+01 3.582199859619140625e+01
1.500000000000000000e+01 8.035714030265808105e-01 5.653799819946289062e+01 3.682699966430664062e+01 3.471300125122070312e+01
7.000000000000000000e+00 9.107142686843872070e-01 5.322299957275390625e+01 3.861800003051757812e+01 4.030099868774414062e+01
0.000000000000000000e+00 9.821428656578063965e-01 4.696500015258789062e+01 3.996599960327148438e+01 3.728699874877929688e+01
7.000000000000000000e+00 9.955357313156127930e-01 4.519400024414062500e+01 4.278300094604492188e+01 3.899499893188476562e+01
2.200000000000000000e+01 9.776785969734191895e-01 4.261000061035156250e+01 4.559999847412109375e+01 3.852999877929687500e+01
2.200000000000000000e+01 9.508928656578063965e-01 4.158100128173828125e+01 4.868799972534179688e+01 4.059700012207031250e+01
1.500000000000000000e+01 8.482142686843872070e-01 3.826200103759765625e+01 5.044300079345703125e+01 4.035599899291992188e+01
1.800000000000000000e+01 6.696428656578063965e-01 3.559099960327148438e+01 5.252700042724609375e+01 4.212400054931640625e+01
0.000000000000000000e+00 5.267857313156127930e-01 3.221900177001953125e+01 5.074100112915039062e+01 4.219300079345703125e+01
2.000000000000000000e+00 2.455357164144515991e-01 2.845100021362304688e+01 5.162799835205078125e+01 4.247499847412109375e+01
3.000000000000000000e+00 2.142857164144515991e-01 2.900300025939941406e+01 5.517499923706054688e+01 4.113700103759765625e+01
1.700000000000000000e+01 1.026785746216773987e-01 2.651899909973144531e+01 5.480699920654296875e+01 3.823899841308593750e+01
9.000000000000000000e+00 2.678571455180644989e-02 2.381500053405761719e+01 5.323899841308593750e+01 4.044100189208984375e+01
1.600000000000000000e+01 3.571428731083869934e-02 2.288299942016601562e+01 4.949900054931640625e+01 4.016899871826171875e+01
1.000000000000000000e+00 1.473214328289031982e-01 2.523900032043457031e+01 4.782300186157226562e+01 3.781499862670898438e+01
1.000000000000000000e+00 2.500000000000000000e-01 2.639399909973144531e+01 4.414500045776367188e+01 3.773799896240234375e+01
2.000000000000000000e+01 5.357142686843872070e-01 3.015399932861328125e+01 4.405500030517578125e+01 3.686999893188476562e+01
1.800000000000000000e+01 6.339285969734191895e-01 3.194799995422363281e+01 4.131100082397460938e+01 3.500099945068359375e+01
1.100000000000000000e+01 8.214285969734191895e-01 3.575299835205078125e+01 4.144599914550781250e+01 3.517200088500976562e+01
0.000000000000000000e+00 8.125000000000000000e-01 3.700699996948242188e+01 3.928900146484375000e+01 3.222999954223632812e+01
0.000000000000000000e+00 9.017857313156127930e-01 4.075000000000000000e+01 3.851699829101562500e+01 3.231000137329101562e+01
1.200000000000000000e+01 8.392857313156127930e-01 4.256900024414062500e+01 3.687900161743164062e+01 2.946699905395507812e+01
1.200000000000000000e+01 8.526785969734191895e-01 4.600400161743164062e+01 3.548799896240234375e+01 3.022800064086914062e+01
1.700000000000000000e+01 7.767857313156127930e-01 4.945199966430664062e+01 3.463000106811523438e+01 2.867000007629394531e+01
1.600000000000000000e+01 7.187500000000000000e-01 5.282199859619140625e+01 3.363399887084960938e+01 3.023999977111816406e+01
2.000000000000000000e+01 8.169642686843872070e-01 5.413199996948242188e+01 3.727299880981445312e+01 2.963899993896484375e+01
1.700000000000000000e+01 9.062500000000000000e-01 5.079399871826171875e+01 3.903699874877929688e+01 2.914800071716308594e+01
2.000000000000000000e+01 9.553571343421936035e-01 4.724599838256835938e+01 3.971400070190429688e+01 3.027599906921386719e+01
1.700000000000000000e+01 9.375000000000000000e-01 4.416500091552734375e+01 4.165900039672851562e+01 2.899200057983398438e+01
1.800000000000000000e+01 9.642857313156127930e-01 4.146400070190429688e+01 4.278200149536132812e+01 3.152700042724609375e+01
1.800000000000000000e+01 8.794642686843872070e-01 3.811100006103515625e+01 4.414099884033203125e+01 3.081999969482421875e+01
0.000000000000000000e+00 8.080357313156127930e-01 3.510499954223632812e+01 4.557799911499023438e+01 3.284099960327148438e+01
2.200000000000000000e+01 6.071428656578063965e-01 3.182399940490722656e+01 4.447700119018554688e+01 3.120400047302246094e+01
2.200000000000000000e+01 4.285714328289031982e-01 2.901099967956542969e+01 4.674399948120117188e+01 3.266600036621093750e+01
1.800000000000000000e+01 1.562500000000000000e-01 2.550099945068359375e+01 4.514899826049804688e+01 3.281000137329101562e+01
2.000000000000000000e+00 3.125000000000000000e-02 2.230800056457519531e+01 4.700400161743164062e+01 3.333000183105468750e+01
1.600000000000000000e+01 0.000000000000000000e+00 1.921199989318847656e+01 4.474300003051757812e+01 3.435900115966796875e+01
5.000000000000000000e+00 1.160714253783226013e-01 6.792199707031250000e+01 4.929299926757812500e+01 2.814699935913085938e+01
1.600000000000000000e+01 2.678571343421936035e-01 6.695200347900390625e+01 4.666600036621093750e+01 3.090099906921386719e+01
1.200000000000000000e+01 5.223214030265808105e-01 6.347900009155273438e+01 4.816199874877929688e+01 3.123999977111816406e+01
1.400000000000000000e+01 5.401785969734191895e-01 6.154100036621093750e+01 5.008900070190429688e+01 2.875200080871582031e+01
2.200000000000000000e+01 7.008928656578063965e-01 5.783399963378906250e+01 5.075400161743164062e+01 2.860899925231933594e+01
1.300000000000000000e+01 6.562500000000000000e-01 5.583300018310546875e+01 5.185900115966796875e+01 2.560799980163574219e+01
2.200000000000000000e+01 7.232142686843872070e-01 5.221500015258789062e+01 5.300400161743164062e+01 2.603300094604492188e+01
1.200000000000000000e+01 6.607142686843872070e-01 4.935699844360351562e+01 5.322600173950195312e+01 2.352199935913085938e+01
3.000000000000000000e+00 6.116071343421936035e-01 4.581700134277343750e+01 5.462599945068359375e+01 2.346100044250488281e+01
0.000000000000000000e+00 5.625000000000000000e-01 4.300400161743164062e+01 5.257600021362304688e+01 2.193199920654296875e+01
2.200000000000000000e+01 3.883928656578063965e-01 4.048199844360351562e+01 5.551200103759765625e+01 2.192200088500976562e+01
1.000000000000000000e+00 2.276785671710968018e-01 4.266299819946289062e+01 5.743099975585937500e+01 1.952000045776367188e+01
9.000000000000000000e+00 2.767857015132904053e-01 4.446200180053710938e+01 5.438700103759765625e+01 1.817600059509277344e+01
1.700000000000000000e+01 2.544642984867095947e-01 4.790999984741210938e+01 5.591099929809570312e+01 1.847699928283691406e+01
1.600000000000000000e+01 3.660714328289031982e-01 5.086100006103515625e+01 5.593700027465820312e+01 2.096999931335449219e+01
0.000000000000000000e+00 5.044642686843872070e-01 5.009899902343750000e+01 5.771200180053710938e+01 2.429000091552734375e+01
1.100000000000000000e+01 2.991071343421936035e-01 5.202099990844726562e+01 6.088100051879882812e+01 2.508499908447265625e+01
2.000000000000000000e+00 3.169642984867095947e-01 5.271799850463867188e+01 6.235800170898437500e+01 2.859700012207031250e+01
2.200000000000000000e+01 6.160714030265808105e-01 5.168600082397460938e+01 5.912200164794921875e+01 3.044300079345703125e+01
0.000000000000000000e+00 6.383928656578063965e-01 5.318799972534179688e+01 5.923899841308593750e+01 3.389799880981445312e+01
1.400000000000000000e+01 7.276785969734191895e-01 5.441500091552734375e+01 5.645700073242187500e+01 3.613700103759765625e+01
2.200000000000000000e+01 7.142857313156127930e-01 5.866899871826171875e+01 5.231499862670898438e+01 3.916699981689453125e+01
1.500000000000000000e+01 6.741071343421936035e-01 5.958499908447265625e+01 5.048300170898437500e+01 4.236000061035156250e+01
1.000000000000000000e+00 5.491071343421936035e-01 6.202000045776367188e+01 4.763999938964843750e+01 4.330199813842773438e+01
1.300000000000000000e+01 5.089285969734191895e-01 6.141199874877929688e+01 4.524100112915039062e+01 4.621599960327148438e+01
0.000000000000000000e+00 2.187500000000000000e-01 6.386399841308593750e+01 4.538899993896484375e+01 4.925600051879882812e+01
0.000000000000000000e+00 8.035714179277420044e-02 6.485800170898437500e+01 4.208700180053710938e+01 5.125899887084960938e+01
3.000000000000000000e+00 8.482142537832260132e-02 6.205199813842773438e+01 4.264500045776367188e+01 5.386999893188476562e+01
3.000000000000000000e+00 3.258928656578063965e-01 5.954499816894531250e+01 4.276100158691406250e+01 5.100999832153320312e+01
1.800000000000000000e+01 3.303571343421936035e-01 5.920500183105468750e+01 4.661299896240234375e+01 5.128599929809570312e+01
1.900000000000000000e+01 5.312500000000000000e-01 5.869900131225585938e+01 4.865599822998046875e+01 4.816500091552734375e+01
7.000000000000000000e+00 3.571428656578063965e-01 6.141500091552734375e+01 5.113800048828125000e+01 4.725600051879882812e+01
1.600000000000000000e+01 4.732142984867095947e-01 6.042499923706054688e+01 5.384799957275390625e+01 4.463700103759765625e+01
1.500000000000000000e+01 2.857142984867095947e-01 6.362500000000000000e+01 5.451100158691406250e+01 4.273799896240234375e+01
0.000000000000000000e+00 3.437500000000000000e-01 6.282699966430664062e+01 5.573300170898437500e+01 3.926599884033203125e+01
1.700000000000000000e+01 4.821428656578063965e-01 6.004899978637695312e+01 5.756299972534179688e+01 3.744599914550781250e+01
9.000000000000000000e+00 3.794642984867095947e-01 5.928300094604492188e+01 5.939099884033203125e+01 3.408300018310546875e+01
1.300000000000000000e+01 4.419642984867095947e-01 5.673600006103515625e+01 5.997399902343750000e+01 3.141200065612792969e+01
1.800000000000000000e+01 4.464285671710968018e-01 5.610699844360351562e+01 5.877799987792968750e+01 2.786199951171875000e+01
1.700000000000000000e+01 1.830357164144515991e-01 5.741099929809570312e+01 6.029800033569335938e+01 2.459199905395507812e+01
7.000000000000000000e+00 8.928571641445159912e-02 5.547900009155273438e+01 6.090800094604492188e+01 2.135300064086914062e+01
1.700000000000000000e+01 1.383928507566452026e-01 5.641799926757812500e+01 5.746200180053710938e+01 1.987500000000000000e+01
9.000000000000000000e+00 4.107142984867095947e-01 5.476499938964843750e+01 5.588199996948242188e+01 2.301899909973144531e+01
7.000000000000000000e+00 3.928571343421936035e-01 5.819900131225585938e+01 5.506399917602539062e+01 2.460600090026855469e+01
1.200000000000000000e+01 4.508928656578063965e-01 5.983599853515625000e+01 5.565000152587890625e+01 2.814900016784667969e+01
9.000000000000000000e+00 1.205357164144515991e-01 6.622000122070312500e+01 5.603200149536132812e+01 3.093300056457519531e+01
1.200000000000000000e+01 3.035714328289031982e-01 6.456400299072265625e+01 5.446300125122070312e+01 3.404000091552734375e+01
1.800000000000000000e+01 1.741071492433547974e-01 6.760900115966796875e+01 5.227399826049804688e+01 3.480899810791015625e+01
1.800000000000000000e+01 4.017857089638710022e-02 7.116100311279296875e+01 5.107400131225585938e+01 3.375899887084960938e+01
7.000000000000000000e+00 1.785714365541934967e-02 7.241000366210937500e+01 4.747200012207031250e+01 3.298799896240234375e+01
7.000000000000000000e+00 8.928571827709674835e-03 7.433200073242187500e+01 4.686399841308593750e+01 3.622800064086914062e+01
7.000000000000000000e+00 4.464285820722579956e-02 7.160399627685546875e+01 4.869699859619140625e+01 3.824200057983398438e+01
1.500000000000000000e+01 1.919642835855484009e-01 6.865599822998046875e+01 4.636000061035156250e+01 3.741099929809570312e+01
2.200000000000000000e+01 1.294642835855484009e-01 6.931700134277343750e+01 4.359400177001953125e+01 4.001200103759765625e+01
7.000000000000000000e+00 2.053571492433547974e-01 6.766600036621093750e+01 4.019200134277343750e+01 4.024599838256835938e+01
9.000000000000000000e+00 4.062500000000000000e-01 6.425199890136718750e+01 4.034999847412109375e+01 4.204999923706054688e+01
1.100000000000000000e+01 6.651785969734191895e-01 6.074200057983398438e+01 4.183300018310546875e+01 4.193199920654296875e+01
2.000000000000000000e+01 7.589285969734191895e-01 5.963299942016601562e+01 4.511600112915039062e+01 4.047299957275390625e+01
1.300000000000000000e+01 8.705357313156127930e-01 5.661899948120117188e+01 4.720500183105468750e+01 3.999700164794921875e+01
2.200000000000000000e+01 9.196428656578063965e-01 5.515000152587890625e+01 4.977999877929687500e+01 3.767200088500976562e+01
7.000000000000000000e+00 9.241071343421936035e-01 5.236500167846679688e+01 5.224900054931640625e+01 3.876200103759765625e+01
1.100000000000000000e+01 8.928571343421936035e-01 5.079600143432617188e+01 5.439400100708007812e+01 3.604700088500976562e+01
3.000000000000000000e+00 7.812500000000000000e-01 4.866600036621093750e+01 5.765599822998046875e+01 3.643999862670898438e+01
1.800000000000000000e+01 8.258928656578063965e-01 4.612699890136718750e+01 5.632099914550781250e+01 3.370700073242187500e+01
1.300000000000000000e+01 7.366071343421936035e-01 4.287200164794921875e+01 5.775299835205078125e+01 3.520399856567382812e+01
1.700000000000000000e+01 5.714285969734191895e-01 4.439099884033203125e+01 6.117499923706054688e+01 3.548199844360351562e+01
2.000000000000000000e+01 5.803571343421936035e-01 4.548300170898437500e+01 6.068099975585937500e+01 3.191600036621093750e+01
1.900000000000000000e+01 5.535714030265808105e-01 4.188299942016601562e+01 5.997000122070312500e+01 3.088899993896484375e+01
1.300000000000000000e+01 3.482142984867095947e-01 4.026900100708007812e+01 6.268999862670898438e+01 3.332300186157226562e+01
0.000000000000000000e+00 2.098214328289031982e-01 4.257899856567382812e+01 6.549600219726562500e+01 3.195899963378906250e+01
1.200000000000000000e+01 1.651785671710968018e-01 4.130400085449218750e+01 6.451100158691406250e+01 2.844499969482421875e+01
9.000000000000000000e+00 1.250000000000000000e-01 3.780400085449218750e+01 6.461199951171875000e+01 2.998800086975097656e+01
1.100000000000000000e+01 3.080357015132904053e-01 3.711100006103515625e+01 6.089099884033203125e+01 2.993899917602539062e+01
1.700000000000000000e+01 4.642857015132904053e-01 3.602399826049804688e+01 5.910200119018554688e+01 3.312599945068359375e+01
1.600000000000000000e+01 6.875000000000000000e-01 3.726900100708007812e+01 5.536399841308593750e+01 3.313899993896484375e+01
1.500000000000000000e+01 7.544642686843872070e-01 3.617300033569335938e+01 5.243899917602539062e+01 3.540200042724609375e+01
7.000000000000000000e+00 8.616071343421936035e-01 4.183700180053710938e+01 5.382400131225585938e+01 3.864599990844726562e+01
0.000000000000000000e+00 9.732142686843872070e-01 4.734700012207031250e+01 5.097000122070312500e+01 3.643399810791015625e+01
7.000000000000000000e+00 9.866071343421936035e-01 4.957699966430664062e+01 4.845999908447265625e+01 3.830400085449218750e+01
2.200000000000000000e+01 9.910714030265808105e-01 5.183000183105468750e+01 4.591500091552734375e+01 3.645999908447265625e+01
2.200000000000000000e+01 9.687500000000000000e-01 5.411899948120117188e+01 4.381000137329101562e+01 3.882199859619140625e+01
1.500000000000000000e+01 8.750000000000000000e-01 5.682699966430664062e+01 4.131299972534179688e+01 3.781399917602539062e+01
1.800000000000000000e+01 7.098214030265808105e-01 5.995999908447265625e+01 3.930500030517578125e+01 3.853599929809570312e+01
0.000000000000000000e+00 5.669642686843872070e-01 6.307799911499023438e+01 4.040700149536132812e+01 3.657699966430664062e+01
2.000000000000000000e+00 2.901785671710968018e-01 6.615200042724609375e+01 3.838899993896484375e+01 3.577399826049804688e+01
3.000000000000000000e+00 2.410714328289031982e-01 6.539399719238281250e+01 3.490999984741210938e+01 3.721300125122070312e+01
1.700000000000000000e+01 9.821428358554840088e-02 6.706099700927734375e+01 3.325199890136718750e+01 3.418399810791015625e+01
9.000000000000000000e+00 6.250000000000000000e-02 6.992199707031250000e+01 3.580599975585937500e+01 3.393799972534179688e+01
1.600000000000000000e+01 7.589285820722579956e-02 6.991500091552734375e+01 3.950199890136718750e+01 3.281000137329101562e+01
1.000000000000000000e+00 2.232142835855484009e-01 6.707499694824218750e+01 4.009799957275390625e+01 3.051199913024902344e+01
1.000000000000000000e+00 2.723214328289031982e-01 6.622100067138671875e+01 4.328499984741210938e+01 2.869599914550781250e+01
2.000000000000000000e+01 5.580357313156127930e-01 6.225000000000000000e+01 4.378499984741210938e+01 2.909499931335449219e+01
1.800000000000000000e+01 5.937500000000000000e-01 6.028900146484375000e+01 4.595999908447265625e+01 2.654599952697753906e+01
1.100000000000000000e+01 7.901785969734191895e-01 5.673699951171875000e+01 4.637400054931640625e+01 2.795999908447265625e+01
0.000000000000000000e+00 7.946428656578063965e-01 5.385599899291992188e+01 4.724200057983398438e+01 2.566300010681152344e+01
0.000000000000000000e+00 8.883928656578063965e-01 5.069200134277343750e+01 4.867599868774414062e+01 2.719199943542480469e+01
1.200000000000000000e+01 8.303571343421936035e-01 4.745000076293945312e+01 4.938499832153320312e+01 2.531500053405761719e+01
1.200000000000000000e+01 8.437500000000000000e-01 4.476699829101562500e+01 5.157400131225585938e+01 2.713800048828125000e+01
1.700000000000000000e+01 7.633928656578063965e-01 4.096300125122070312e+01 5.225999832153320312e+01 2.694000053405761719e+01
1.600000000000000000e+01 7.410714030265808105e-01 3.864400100708007812e+01 5.337799835205078125e+01 2.982299995422363281e+01
2.000000000000000000e+01 7.857142686843872070e-01 3.691500091552734375e+01 5.001499938964843750e+01 3.056599998474121094e+01
1.700000000000000000e+01 8.839285969734191895e-01 3.988999938964843750e+01 4.772499847412109375e+01 2.935600090026855469e+01
2.000000000000000000e+01 9.464285969734191895e-01 4.356700134277343750e+01 4.751599884033203125e+01 2.913899993896484375e+01
1.700000000000000000e+01 9.419642686843872070e-01 4.618099975585937500e+01 4.509000015258789062e+01 2.791799926757812500e+01
1.800000000000000000e+01 9.598214030265808105e-01 4.985100173950195312e+01 4.459999847412109375e+01 2.884600067138671875e+01
1.800000000000000000e+01 8.660714030265808105e-01 5.245199966430664062e+01 4.235100173950195312e+01 2.723900032043457031e+01
0.000000000000000000e+00 7.991071343421936035e-01 5.621099853515625000e+01 4.193099975585937500e+01 2.788199996948242188e+01
2.200000000000000000e+01 5.758928656578063965e-01 5.880400085449218750e+01 4.106299972534179688e+01 2.529199981689453125e+01
2.200000000000000000e+01 4.776785671710968018e-01 6.172900009155273438e+01 3.927899932861328125e+01 2.697800064086914062e+01
1.800000000000000000e+01 1.964285671710968018e-01 6.502100372314453125e+01 4.002600097656250000e+01 2.520999908447265625e+01
2.000000000000000000e+00 5.803571268916130066e-02 6.855899810791015625e+01 3.888999938964843750e+01 2.542200088500976562e+01
1.600000000000000000e+01 1.339285727590322495e-02 7.153600311279296875e+01 4.135300064086914062e+01 2.607500076293945312e+01
