1 1 14 0 0.0119760479041916 0 0 42.979 16.783 32.078
1 2 18 0 0.10778443113772451 0 0 40.689 19.603 31.048
1 3 7 0 0.29940119760479034 0 0 41.758 23.188 30.541
1 4 20 0 0.5568862275449102 0 0 39.236 25.897 31.145
1 5 13 0 0.7305389221556886 0 0 39.465 29.469 29.831
1 6 12 0 0.9161676646706587 0 0 38.088 31.775 32.541
1 7 22 0 0.9580838323353293 0 0 37.690 35.440 31.538
1 8 22 0 0.9820359281437125 0 0 37.520 38.256 34.021
1 9 22 0 0.9700598802395209 0 0 34.977 40.872 32.857
1 10 9 0 0.9281437125748503 0 0 34.035 44.267 34.259
1 11 0 0 0.7664670658682635 0 0 34.335 48.025 34.844
1 12 9 0 0.6047904191616766 0 0 37.324 49.998 36.026
1 13 9 0 0.5808383233532934 0 0 38.349 49.527 39.589
1 14 22 0 0.8143712574850299 0 0 35.802 46.873 40.531
1 15 9 0 0.8502994011976048 0 0 38.388 44.282 41.759
1 16 13 0 0.9341317365269461 0 0 38.998 42.275 38.653
1 17 17 0 0.8383233532934131 0 0 42.693 41.847 39.157
1 18 0 0 0.7544910179640718 0 0 42.444 41.434 42.914
1 19 12 0 0.8862275449101796 0 0 40.400 38.288 42.642
1 20 18 0 0.8562874251497006 0 0 42.980 36.550 40.577
1 21 11 0 0.6107784431137725 0 0 45.882 37.494 42.856
1 22 6 0 0.562874251497006 0 0 43.953 36.190 45.890
1 23 12 0 0.652694610778443 0 0 43.067 32.882 44.381
1 24 11 0 0.4850299401197605 0 0 46.681 32.453 43.292
1 25 6 0 0.2335329341317366 0 0 49.328 34.319 45.265
1 26 2 0 0.24550898203592808 0 0 47.134 34.880 48.245
1 27 10 0 0.15568862275449102 0 0 47.986 38.577 48.737
1 28 15 0 0.21556886227544902 0 0 46.856 42.086 48.130
1 29 22 0 0.35928143712574856 0 0 46.894 43.654 44.635
1 30 3 0 0.13173652694610782 0 0 49.603 46.180 43.468
1 31 7 0 0.07784431137724557 0 0 50.570 47.995 40.309
1 32 20 0 0.16167664670658677 0 0 48.511 48.680 37.191
1 33 3 0 0.20359281437125742 0 0 49.307 46.562 34.145
1 34 16 0 0.3772455089820359 0 0 47.356 44.805 31.457
1 35 18 0 0.4491017964071856 0 0 48.441 41.523 32.970
1 36 11 0 0.2934131736526946 0 0 49.590 40.147 29.650
1 37 7 0 0.08982035928143717 0 0 53.073 39.203 30.679
1 38 3 0 0.221556886227545 0 0 51.802 37.034 33.573
1 39 17 0 0.3293413173652695 0 0 50.168 33.646 32.957
1 40 20 0 0.5149700598802396 0 0 48.025 32.449 35.874
1 41 1 0 0.47904191616766467 0 0 46.790 28.974 36.365
1 42 13 0 0.49101796407185627 0 0 44.898 27.356 39.189
1 43 6 0 0.23952095808383234 0 0 44.959 23.561 39.194
1 44 22 0 0.2574850299401197 0 0 41.981 22.202 41.077
1 45 22 0 0.10179640718562877 0 0 39.913 19.053 41.297
1 46 11 0 0.18562874251497008 0 0 36.213 19.801 40.694
1 47 3 0 0.059880239520958 0 0 33.782 16.869 40.830
1 48 9 0 0.0 0 0 36.431 14.147 40.723
1 49 7 0 0.029940119760479056 0 0 38.274 15.445 37.647
1 50 18 0 0.053892215568862256 0 0 41.349 17.563 37.372
1 51 5 0 0.27544910179640725 0 0 40.670 21.077 36.161
1 52 12 0 0.3652694610778443 0 0 43.202 23.658 35.090
1 53 12 0 0.6467065868263473 0 0 41.880 27.192 35.081
1 54 3 0 0.658682634730539 0 0 43.552 29.671 32.813
1 55 11 0 0.8682634730538922 0 0 42.486 33.013 34.331
1 56 12 0 0.8622754491017964 0 0 42.439 35.800 31.822
1 57 3 0 0.874251497005988 0 0 42.407 39.470 32.708
1 58 18 0 0.8263473053892215 0 0 40.827 42.246 30.652
1 59 0 0 0.5748502994011976 0 0 42.228 45.650 29.828
1 60 9 0 0.40718562874251496 0 0 40.691 48.598 28.081
1 61 6 0 0.43113772455089827 0 0 37.167 49.910 28.245
1 62 7 0 0.14970059880239517 0 0 36.493 51.522 24.895
1 63 7 0 0.11377245508982048 0 0 33.742 50.474 22.493
1 64 20 0 0.041916167664670656 0 0 35.872 50.354 19.353
1 65 17 0 0.0059880239520957446 0 0 39.477 49.639 18.365
1 66 0 0 0.11976047904191622 0 0 40.103 47.233 21.215
1 67 14 0 0.2694610778443114 0 0 40.079 43.501 21.443
1 68 1 0 0.5029940119760479 0 0 36.872 43.117 23.520
1 69 3 0 0.39520958083832336 0 0 35.261 40.535 21.171
1 70 6 0 0.3892215568862275 0 0 38.456 38.455 21.338
1 71 20 0 0.6826347305389222 0 0 38.233 37.996 25.083
1 72 14 0 0.6946107784431137 0 0 34.787 36.735 24.596
1 73 1 0 0.45508982035928147 0 0 35.917 34.490 21.785
1 74 18 0 0.5329341317365269 0 0 38.749 33.042 23.880
1 75 9 0 0.7784431137724551 0 0 36.724 32.499 27.040
1 76 7 0 0.7125748502994012 0 0 34.815 29.420 27.894
1 77 9 0 0.8982035928143712 0 0 32.961 31.166 30.734
1 78 15 0 0.9640718562874252 0 0 32.645 34.705 31.972
1 79 12 0 0.9940119760479041 0 0 33.130 36.010 35.434
1 80 5 0 0.9880239520958084 0 0 31.364 39.321 35.442
1 81 22 0 0.9760479041916168 0 0 32.526 41.492 38.342
1 82 15 0 0.8802395209580838 0 0 30.667 44.374 40.017
1 83 0 0 0.7065868263473054 0 0 31.292 46.317 43.206
1 84 11 0 0.4970059880239521 0 0 28.538 47.067 45.650
1 85 2 0 0.281437125748503 0 0 29.974 50.496 46.512
1 86 2 0 0.33532934131736525 0 0 29.710 51.791 42.959
1 87 18 0 0.20958083832335328 0 0 26.378 52.348 41.242
1 88 13 0 0.3413173652694611 0 0 27.896 52.434 37.830
1 89 17 0 0.6227544910179641 0 0 29.603 49.056 38.297
1 90 15 0 0.5868263473053892 0 0 26.199 47.546 38.236
1 91 7 0 0.4131736526946108 0 0 25.059 49.596 35.217
1 92 3 0 0.592814371257485 0 0 27.200 47.679 32.727
1 93 11 0 0.7724550898203593 0 0 26.431 44.056 33.620
1 94 10 0 0.5389221556886228 0 0 23.638 43.928 31.062
1 95 10 0 0.5209580838323353 0 0 25.895 45.439 28.378
1 96 20 0 0.7604790419161677 0 0 28.724 42.937 29.092
1 97 1 0 0.718562874251497 0 0 26.215 40.041 28.860
1 98 7 0 0.4730538922155688 0 0 25.168 41.194 25.456
1 99 6 0 0.5269461077844311 0 0 28.748 41.434 24.367
1 100 11 0 0.6646706586826348 0 0 29.248 37.823 25.260
1 101 13 0 0.41916167664670656 0 0 26.081 36.895 23.471
1 102 1 0 0.17964071856287422 0 0 26.982 38.503 20.180
1 103 22 0 0.3053892215568862 0 0 30.459 36.993 20.107
1 104 13 0 0.31137724550898194 0 0 29.411 33.492 20.976
1 105 3 0 0.08383233532934131 0 0 26.307 33.978 18.758
1 106 17 0 0.13772455089820357 0 0 24.342 32.347 21.499
1 107 7 0 0.28742514970059885 0 0 22.737 32.868 24.926
1 108 3 0 0.34730538922155685 0 0 23.779 29.513 26.388
1 109 22 0 0.6167664670658684 0 0 26.991 30.816 27.942
1 110 16 0 0.7964071856287425 0 0 28.699 29.888 31.228
1 111 14 0 0.9041916167664671 0 0 28.552 33.002 33.323
1 112 22 0 0.9461077844311377 0 0 28.588 34.032 36.973
1 113 12 0 0.9401197604790419 0 0 27.964 37.380 38.575
1 114 22 0 0.9520958083832335 0 0 30.278 38.518 41.399
1 115 9 0 0.844311377245509 0 0 29.267 41.121 43.927
1 116 2 0 0.8323353293413174 0 0 32.636 42.342 45.093
1 117 13 0 0.5449101796407185 0 0 33.140 44.421 48.193
1 118 5 0 0.44311377245508976 0 0 30.777 42.529 50.429
1 119 3 0 0.19161676646706582 0 0 33.046 43.305 53.391
1 120 12 0 0.0718562874251496 0 0 30.941 46.458 53.854
1 121 16 0 0.017964071856287345 0 0 27.690 47.046 55.707
1 122 17 0 0.02395209580838331 0 0 26.034 49.459 53.338
1 123 1 0 0.09580838323353291 0 0 25.494 48.602 49.757
1 124 18 0 0.06586826347305386 0 0 25.098 51.399 47.227
1 125 22 0 0.25149700598802394 0 0 24.162 48.872 44.607
1 126 3 0 0.14371257485029942 0 0 20.894 46.999 45.100
1 127 18 0 0.3173652694610779 0 0 21.722 43.357 45.521
1 128 13 0 0.12574850299401197 0 0 18.109 42.447 45.036
1 129 6 0 0.17365269461077848 0 0 18.401 44.057 41.569
1 130 0 0 0.5089820359281436 0 0 21.507 42.080 41.214
1 131 6 0 0.38323353293413165 0 0 19.741 38.903 42.406
1 132 3 0 0.19760479041916168 0 0 16.934 39.447 39.903
1 133 12 0 0.437125748502994 0 0 19.377 40.303 37.127
1 134 0 0 0.5988023952095809 0 0 21.211 37.027 37.983
1 135 1 0 0.32335329341317365 0 0 17.898 35.169 37.952
1 136 17 0 0.26347305389221565 0 0 17.063 36.750 34.579
1 137 20 0 0.46706586826347307 0 0 19.915 35.142 32.808
1 138 9 0 0.4011976047904191 0 0 19.701 32.109 35.060
1 139 11 0 0.6766467065868262 0 0 23.174 32.368 36.503
1 140 16 0 0.7425149700598803 0 0 24.806 32.031 39.869
1 141 15 0 0.8023952095808383 0 0 25.428 35.188 41.915
1 142 11 0 0.8203592814371258 0 0 28.275 35.148 44.386
1 143 7 0 0.7005988023952096 0 0 28.863 37.706 47.095
1 144 18 0 0.7365269461077844 0 0 32.587 38.245 47.796
1 145 17 0 0.6287425149700598 0 0 35.437 40.277 48.944
1 146 0 0 0.6706586826347305 0 0 38.946 39.692 47.741
1 147 13 0 0.37125748502994016 0 0 40.982 41.256 50.589
1 148 18 0 0.22754491017964074 0 0 39.373 39.218 53.326
1 149 1 0 0.4251497005988024 0 0 39.235 36.082 51.195
1 150 6 0 0.4610778443113772 0 0 35.507 35.536 51.491
1 151 9 0 0.6347305389221557 0 0 33.997 33.325 48.734
1 152 22 0 0.7904191616766467 0 0 36.909 33.859 46.504
1 153 3 0 0.688622754491018 0 0 37.235 30.218 45.881
1 154 3 0 0.7245508982035929 0 0 33.448 29.861 45.303
1 155 0 0 0.9101796407185628 0 0 33.421 32.725 42.797
1 156 15 0 0.9221556886227544 0 0 35.957 31.026 40.607
1 157 20 0 0.7844311377245509 0 0 35.061 27.374 41.160
1 158 18 0 0.8083832335329342 0 0 31.350 27.897 40.587
1 159 12 0 0.8922155688622755 0 0 31.956 28.995 36.993
1 160 22 0 0.7485029940119761 0 0 34.013 25.898 36.295
1 161 1 0 0.5508982035928144 0 0 30.967 23.930 37.239
1 162 7 0 0.6407185628742516 0 0 28.813 25.971 34.904
1 163 11 0 0.5688622754491017 0 0 31.090 24.992 32.078
1 164 1 0 0.3532934131736526 0 0 31.218 21.353 33.240
1 165 13 0 0.16766467065868274 0 0 27.484 20.815 32.997
1 166 10 0 0.04790419161676651 0 0 26.226 19.120 29.892
1 167 13 0 0.03592814371257491 0 0 23.340 20.295 27.810
