5.000000000000000000e+00 1.339285671710968018e-01 2.585799980163574219e+01 3.836700057983398438e+01 4.047399902343750000e+01
1.600000000000000000e+01 2.366071492433547974e-01 2.690299987792968750e+01 4.204499816894531250e+01 4.146300125122070312e+01
1.200000000000000000e+01 5.000000000000000000e-01 3.059000015258789062e+01 4.110800170898437500e+01 4.093099975585937500e+01
1.400000000000000000e+01 5.357142686843872070e-01 3.164200019836425781e+01 3.812900161743164062e+01 3.860100173950195312e+01
2.200000000000000000e+01 7.142857313156127930e-01 3.530899810791015625e+01 3.760499954223632812e+01 3.762900161743164062e+01
1.300000000000000000e+01 6.785714030265808105e-01 3.602700042724609375e+01 3.541799926757812500e+01 3.462400054931640625e+01
2.200000000000000000e+01 7.455357313156127930e-01 3.948600006103515625e+01 3.413899993896484375e+01 3.378300094604492188e+01
1.200000000000000000e+01 6.875000000000000000e-01 4.080899810791015625e+01 3.308399963378906250e+01 3.037999916076660156e+01
3.000000000000000000e+00 6.428571343421936035e-01 4.401100158691406250e+01 3.146199989318847656e+01 2.896100044250488281e+01
0.000000000000000000e+00 6.250000000000000000e-01 4.558200073242187500e+01 3.288600158691406250e+01 2.585199928283691406e+01
2.200000000000000000e+01 4.464285671710968018e-01 4.807300186157226562e+01 2.991600036621093750e+01 2.529400062561035156e+01
1.000000000000000000e+00 2.500000000000000000e-01 4.549100112915039062e+01 2.719300079345703125e+01 2.559000015258789062e+01
9.000000000000000000e+00 2.767857015132904053e-01 4.288700103759765625e+01 2.939800071716308594e+01 2.399600028991699219e+01
1.700000000000000000e+01 2.901785671710968018e-01 4.011100006103515625e+01 2.872200012207031250e+01 2.654400062561035156e+01
1.600000000000000000e+01 3.750000000000000000e-01 3.872999954223632812e+01 2.900499916076660156e+01 3.011100006103515625e+01
0.000000000000000000e+00 5.223214030265808105e-01 4.127299880981445312e+01 2.897900009155273438e+01 3.296400070190429688e+01
1.100000000000000000e+01 3.258928656578063965e-01 4.072200012207031250e+01 2.651399993896484375e+01 3.582300186157226562e+01
2.000000000000000000e+00 3.928571343421936035e-01 4.147299957275390625e+01 2.713800048828125000e+01 3.959700012207031250e+01
2.200000000000000000e+01 6.607142686843872070e-01 4.317100143432617188e+01 3.053800010681152344e+01 3.930099868774414062e+01
0.000000000000000000e+00 6.651785969734191895e-01 4.349200057983398438e+01 3.196299934387207031e+01 4.277799987792968750e+01
1.400000000000000000e+01 7.678571343421936035e-01 4.225899887084960938e+01 3.549200057983398438e+01 4.354399871826171875e+01
2.200000000000000000e+01 7.187500000000000000e-01 3.889300155639648438e+01 4.074100112915039062e+01 4.672600173950195312e+01
1.500000000000000000e+01 6.696428656578063965e-01 3.928200149536132812e+01 4.370199966430664062e+01 4.897700119018554688e+01
1.000000000000000000e+00 5.491071343421936035e-01 3.713000106811523438e+01 4.663899993896484375e+01 4.985599899291992188e+01
1.300000000000000000e+01 4.910714328289031982e-01 3.842200088500976562e+01 5.016699981689453125e+01 5.109400177001953125e+01
0.000000000000000000e+00 2.098214328289031982e-01 3.754899978637695312e+01 5.132199859619140625e+01 5.469400024414062500e+01
0.000000000000000000e+00 7.589285820722579956e-02 3.670000076293945312e+01 5.474499893188476562e+01 5.610599899291992188e+01
3.000000000000000000e+00 8.035714179277420044e-02 4.046900177001953125e+01 5.567699813842773438e+01 5.662300109863281250e+01
3.000000000000000000e+00 3.125000000000000000e-01 4.117800140380859375e+01 5.421099853515625000e+01 5.310699844360351562e+01
1.800000000000000000e+01 3.482142984867095947e-01 4.257300186157226562e+01 5.078400039672851562e+01 5.413700103759765625e+01
1.900000000000000000e+01 5.535714030265808105e-01 4.181200027465820312e+01 4.762799835205078125e+01 5.208399963378906250e+01
7.000000000000000000e+00 3.392857015132904053e-01 3.958200073242187500e+01 4.527299880981445312e+01 5.409899902343750000e+01
1.600000000000000000e+01 4.062500000000000000e-01 3.925299835205078125e+01 4.158200073242187500e+01 5.308000183105468750e+01
1.500000000000000000e+01 3.794642984867095947e-01 3.590700149536132812e+01 4.118399810791015625e+01 5.116400146484375000e+01
0.000000000000000000e+00 4.375000000000000000e-01 3.600899887084960938e+01 3.780300140380859375e+01 4.929899978637695312e+01
1.700000000000000000e+01 5.089285969734191895e-01 3.847000122070312500e+01 3.519300079345703125e+01 4.776399993896484375e+01
9.000000000000000000e+00 4.687500000000000000e-01 3.862699890136718750e+01 3.203400039672851562e+01 4.579199981689453125e+01
1.300000000000000000e+01 4.955357015132904053e-01 3.993999862670898438e+01 3.019799995422363281e+01 4.279700088500976562e+01
1.800000000000000000e+01 4.866071343421936035e-01 3.814699935913085938e+01 2.979299926757812500e+01 3.942699813842773438e+01
1.700000000000000000e+01 2.187500000000000000e-01 3.591899871826171875e+01 2.678100013732910156e+01 3.839799880981445312e+01
7.000000000000000000e+00 9.375000000000000000e-02 3.605899810791015625e+01 2.468199920654296875e+01 3.518700027465820312e+01
1.700000000000000000e+01 1.517857164144515991e-01 3.407799911499023438e+01 2.719599914550781250e+01 3.301800155639648438e+01
9.000000000000000000e+00 4.508928656578063965e-01 3.661800003051757812e+01 2.986700057983398438e+01 3.413600158691406250e+01
7.000000000000000000e+00 4.553571343421936035e-01 3.432799911499023438e+01 3.161300086975097656e+01 3.668500137329101562e+01
1.200000000000000000e+01 4.419642984867095947e-01 3.458300018310546875e+01 3.197400093078613281e+01 4.046900177001953125e+01
9.000000000000000000e+00 1.026785746216773987e-01 2.891399955749511719e+01 3.343500137329101562e+01 4.440800094604492188e+01
1.200000000000000000e+01 3.169642984867095947e-01 3.150600051879882812e+01 3.628099822998046875e+01 4.512599945068359375e+01
1.800000000000000000e+01 1.919642835855484009e-01 2.905900001525878906e+01 3.874399948120117188e+01 4.668999862670898438e+01
1.800000000000000000e+01 4.910714179277420044e-02 2.534199905395507812e+01 3.944699859619140625e+01 4.701300048828125000e+01
7.000000000000000000e+00 2.232142910361289978e-02 2.339399909973144531e+01 4.270000076293945312e+01 4.650999832153320312e+01
7.000000000000000000e+00 0.000000000000000000e+00 2.312800025939941406e+01 4.325600051879882812e+01 5.030799865722656250e+01
7.000000000000000000e+00 4.464285820722579956e-02 2.696599960327148438e+01 4.306999969482421875e+01 5.087500000000000000e+01
1.500000000000000000e+01 1.607142835855484009e-01 2.802099990844726562e+01 4.485100173950195312e+01 4.770100021362304688e+01
2.200000000000000000e+01 8.928571641445159912e-02 2.800200080871582031e+01 4.842800140380859375e+01 4.912200164794921875e+01
7.000000000000000000e+00 1.741071492433547974e-01 2.917000007629394531e+01 5.171400070190429688e+01 4.745700073242187500e+01
9.000000000000000000e+00 3.303571343421936035e-01 3.292100143432617188e+01 5.256399917602539062e+01 4.741999816894531250e+01
1.100000000000000000e+01 6.205357313156127930e-01 3.625500106811523438e+01 5.142399978637695312e+01 4.615200042724609375e+01
2.000000000000000000e+01 7.366071343421936035e-01 3.718099975585937500e+01 4.782199859619140625e+01 4.539899826049804688e+01
1.300000000000000000e+01 8.660714030265808105e-01 4.030799865722656250e+01 4.588199996948242188e+01 4.437400054931640625e+01
2.200000000000000000e+01 9.107142686843872070e-01 4.045500183105468750e+01 4.250199890136718750e+01 4.264400100708007812e+01
7.000000000000000000e+00 9.375000000000000000e-01 4.377700042724609375e+01 4.067100143432617188e+01 4.291400146484375000e+01
1.100000000000000000e+01 9.241071343421936035e-01 4.425999832153320312e+01 3.760200119018554688e+01 4.066299819946289062e+01
3.000000000000000000e+00 8.616071343421936035e-01 4.722100067138671875e+01 3.539500045776367188e+01 4.109799957275390625e+01
1.800000000000000000e+01 8.839285969734191895e-01 4.906900024414062500e+01 3.509799957275390625e+01 3.771200180053710938e+01
1.300000000000000000e+01 7.633928656578063965e-01 5.208300018310546875e+01 3.324800109863281250e+01 3.921500015258789062e+01
1.700000000000000000e+01 6.026785969734191895e-01 5.100000000000000000e+01 2.984799957275390625e+01 4.056900024414062500e+01
2.000000000000000000e+01 5.758928656578063965e-01 4.883000183105468750e+01 2.850900077819824219e+01 3.769499969482421875e+01
1.900000000000000000e+01 5.401785969734191895e-01 5.175299835205078125e+01 2.850300025939941406e+01 3.517100143432617188e+01
1.300000000000000000e+01 3.526785671710968018e-01 5.391999816894531250e+01 2.697699928283691406e+01 3.790999984741210938e+01
0.000000000000000000e+00 2.232142835855484009e-01 5.155599975585937500e+01 2.403100013732910156e+01 3.838000106811523438e+01
1.200000000000000000e+01 1.473214328289031982e-01 5.208900070190429688e+01 2.315900039672851562e+01 3.459500122070312500e+01
9.000000000000000000e+00 1.116071417927742004e-01 5.586999893188476562e+01 2.364299964904785156e+01 3.497000122070312500e+01
1.100000000000000000e+01 2.991071343421936035e-01 5.584000015258789062e+01 2.703700065612792969e+01 3.314400100708007812e+01
1.700000000000000000e+01 4.776785671710968018e-01 5.757400131225585938e+01 3.013699913024902344e+01 3.447999954223632812e+01
1.600000000000000000e+01 6.964285969734191895e-01 5.543299865722656250e+01 3.329999923706054688e+01 3.457600021362304688e+01
1.500000000000000000e+01 7.812500000000000000e-01 5.685400009155273438e+01 3.680199813842773438e+01 3.414500045776367188e+01
7.000000000000000000e+00 8.794642686843872070e-01 5.331399917602539062e+01 3.775600051879882812e+01 4.018099975585937500e+01
0.000000000000000000e+00 9.910714030265808105e-01 4.723600006103515625e+01 4.124900054931640625e+01 3.832799911499023438e+01
7.000000000000000000e+00 9.866071343421936035e-01 4.563499832153320312e+01 4.386999893188476562e+01 4.053699874877929688e+01
2.200000000000000000e+01 9.776785969734191895e-01 4.277899932861328125e+01 4.631999969482421875e+01 3.945600128173828125e+01
2.200000000000000000e+01 9.330357313156127930e-01 4.129000091552734375e+01 4.928900146484375000e+01 4.145999908447265625e+01
1.500000000000000000e+01 8.258928656578063965e-01 3.795899963378906250e+01 5.103300094604492188e+01 4.052299880981445312e+01
1.800000000000000000e+01 6.517857313156127930e-01 3.488600158691406250e+01 5.255799865722656250e+01 4.214899826049804688e+01
0.000000000000000000e+00 5.133928656578063965e-01 3.164900016784667969e+01 5.037900161743164062e+01 4.229000091552734375e+01
2.000000000000000000e+00 2.321428507566452026e-01 2.792399978637695312e+01 5.108800125122070312e+01 4.265399932861328125e+01
3.000000000000000000e+00 1.651785671710968018e-01 2.768000030517578125e+01 5.469900131225585938e+01 4.125999832153320312e+01
1.700000000000000000e+01 3.125000000000000000e-02 2.418000030517578125e+01 5.613999938964843750e+01 4.069599914550781250e+01
9.000000000000000000e+00 1.339285727590322495e-02 2.221599960327148438e+01 5.315000152587890625e+01 4.207699966430664062e+01
1.600000000000000000e+01 5.357142910361289978e-02 2.343799972534179688e+01 4.951699829101562500e+01 4.229100036621093750e+01
1.000000000000000000e+00 2.053571492433547974e-01 2.587800025939941406e+01 4.838100051879882812e+01 3.958200073242187500e+01
1.000000000000000000e+00 2.723214328289031982e-01 2.690200042724609375e+01 4.490000152587890625e+01 3.842300033569335938e+01
2.000000000000000000e+01 5.625000000000000000e-01 3.049300003051757812e+01 4.434199905395507812e+01 3.737300109863281250e+01
1.800000000000000000e+01 6.383928656578063965e-01 3.186300086975097656e+01 4.156499862670898438e+01 3.521900177001953125e+01
1.100000000000000000e+01 8.125000000000000000e-01 3.564599990844726562e+01 4.151100158691406250e+01 3.516999816894531250e+01
0.000000000000000000e+00 8.214285969734191895e-01 3.728300094604492188e+01 3.948400115966796875e+01 3.254399871826171875e+01
0.000000000000000000e+00 9.196428656578063965e-01 4.104800033569335938e+01 3.878300094604492188e+01 3.274000167846679688e+01
1.200000000000000000e+01 8.526785969734191895e-01 4.304800033569335938e+01 3.709999847412109375e+01 2.997599983215332031e+01
1.200000000000000000e+01 8.392857313156127930e-01 4.633200073242187500e+01 3.541899871826171875e+01 3.087599945068359375e+01
1.700000000000000000e+01 7.589285969734191895e-01 4.945399856567382812e+01 3.424499893188476562e+01 2.903300094604492188e+01
1.600000000000000000e+01 7.500000000000000000e-01 5.281100082397460938e+01 3.394300079345703125e+01 3.109799957275390625e+01
2.000000000000000000e+01 7.946428656578063965e-01 5.431900024414062500e+01 3.703799819946289062e+01 2.933799934387207031e+01
1.700000000000000000e+01 9.062500000000000000e-01 5.110200119018554688e+01 3.921599960327148438e+01 2.922999954223632812e+01
2.000000000000000000e+01 9.642857313156127930e-01 4.779600143432617188e+01 4.006200027465820312e+01 3.082600021362304688e+01
1.700000000000000000e+01 9.464285969734191895e-01 4.469400024414062500e+01 4.172999954223632812e+01 2.953800010681152344e+01
1.800000000000000000e+01 9.687500000000000000e-01 4.194200134277343750e+01 4.313399887084960938e+01 3.183699989318847656e+01
1.800000000000000000e+01 8.750000000000000000e-01 3.842599868774414062e+01 4.419800186157226562e+01 3.068899917602539062e+01
0.000000000000000000e+00 8.169642686843872070e-01 3.554899978637695312e+01 4.526499938964843750e+01 3.285499954223632812e+01
2.200000000000000000e+01 6.294642686843872070e-01 3.183600044250488281e+01 4.514699935913085938e+01 3.169400024414062500e+01
2.200000000000000000e+01 4.732142984867095947e-01 2.923900032043457031e+01 4.716899871826171875e+01 3.358399963378906250e+01
1.800000000000000000e+01 1.964285671710968018e-01 2.546699905395507812e+01 4.637599945068359375e+01 3.393999862670898438e+01
2.000000000000000000e+00 6.250000000000000000e-02 2.288400077819824219e+01 4.864199829101562500e+01 3.524900054931640625e+01
1.600000000000000000e+01 1.785714365541934967e-02 2.055800056457519531e+01 4.580300140380859375e+01 3.636600112915039062e+01
5.000000000000000000e+00 1.205357164144515991e-01 6.801300048828125000e+01 5.078099822998046875e+01 2.799600028991699219e+01
1.600000000000000000e+01 2.455357164144515991e-01 6.734200286865234375e+01 4.793399810791015625e+01 3.049900054931640625e+01
1.200000000000000000e+01 5.044642686843872070e-01 6.363000106811523438e+01 4.884500122070312500e+01 3.083799934387207031e+01
1.400000000000000000e+01 5.312500000000000000e-01 6.158900070190429688e+01 5.060200119018554688e+01 2.820000076293945312e+01
2.200000000000000000e+01 6.919642686843872070e-01 5.784700012207031250e+01 5.145999908447265625e+01 2.823900032043457031e+01
1.300000000000000000e+01 6.339285969734191895e-01 5.595299911499023438e+01 5.194599914550781250e+01 2.492300033569335938e+01
2.200000000000000000e+01 7.098214030265808105e-01 5.255899810791015625e+01 5.331800079345703125e+01 2.581999969482421875e+01
1.200000000000000000e+01 6.741071343421936035e-01 4.947100067138671875e+01 5.320199966430664062e+01 2.365699958801269531e+01
3.000000000000000000e+00 6.473214030265808105e-01 4.607400131225585938e+01 5.480599975585937500e+01 2.399799919128417969e+01
0.000000000000000000e+00 5.714285969734191895e-01 4.314899826049804688e+01 5.321699905395507812e+01 2.210199928283691406e+01
2.200000000000000000e+01 4.151785671710968018e-01 4.090000152587890625e+01 5.636399841308593750e+01 2.233499908447265625e+01
1.000000000000000000e+00 2.276785671710968018e-01 4.311100006103515625e+01 5.841099929809570312e+01 1.990399932861328125e+01
9.000000000000000000e+00 2.589285671710968018e-01 4.455699920654296875e+01 5.519400024414062500e+01 1.833699989318847656e+01
1.700000000000000000e+01 2.633928656578063965e-01 4.796400070190429688e+01 5.653499984741210938e+01 1.911800003051757812e+01
1.600000000000000000e+01 3.437500000000000000e-01 5.111399841308593750e+01 5.672000122070312500e+01 2.110600090026855469e+01
0.000000000000000000e+00 5.178571343421936035e-01 5.017200088500976562e+01 5.795399856567382812e+01 2.462599945068359375e+01
1.100000000000000000e+01 2.857142984867095947e-01 5.222900009155273438e+01 6.127000045776367188e+01 2.497100067138671875e+01
2.000000000000000000e+00 2.946428656578063965e-01 5.297000122070312500e+01 6.291699981689453125e+01 2.838599967956542969e+01
2.200000000000000000e+01 5.892857313156127930e-01 5.181100082397460938e+01 5.999000167846679688e+01 3.062400054931640625e+01
0.000000000000000000e+00 6.116071343421936035e-01 5.327199935913085938e+01 5.997999954223632812e+01 3.411700057983398438e+01
1.400000000000000000e+01 7.276785969734191895e-01 5.454899978637695312e+01 5.693999862670898438e+01 3.584999847412109375e+01
2.200000000000000000e+01 7.321428656578063965e-01 5.858700180053710938e+01 5.270100021362304688e+01 3.884799957275390625e+01
1.500000000000000000e+01 7.008928656578063965e-01 5.906100082397460938e+01 5.065900039672851562e+01 4.209600067138671875e+01
1.000000000000000000e+00 6.160714030265808105e-01 6.156600189208984375e+01 4.800400161743164062e+01 4.301300048828125000e+01
1.300000000000000000e+01 5.669642686843872070e-01 6.083399963378906250e+01 4.570500183105468750e+01 4.598500061035156250e+01
0.000000000000000000e+00 2.678571343421936035e-01 6.351100158691406250e+01 4.546900177001953125e+01 4.872499847412109375e+01
0.000000000000000000e+00 1.383928507566452026e-01 6.467800140380859375e+01 4.223199844360351562e+01 5.053200149536132812e+01
3.000000000000000000e+00 1.071428582072257996e-01 6.238700103759765625e+01 4.282899856567382812e+01 5.359000015258789062e+01
3.000000000000000000e+00 3.616071343421936035e-01 5.927299880981445312e+01 4.310599899291992188e+01 5.113999938964843750e+01
1.800000000000000000e+01 3.973214328289031982e-01 5.902199935913085938e+01 4.696500015258789062e+01 5.109999847412109375e+01
1.900000000000000000e+01 5.848214030265808105e-01 5.846500015258789062e+01 4.886899948120117188e+01 4.784500122070312500e+01
7.000000000000000000e+00 3.839285671710968018e-01 6.142399978637695312e+01 5.135900115966796875e+01 4.746099853515625000e+01
1.600000000000000000e+01 3.883928656578063965e-01 6.164899826049804688e+01 5.423400115966796875e+01 4.492699813842773438e+01
1.500000000000000000e+01 3.571428656578063965e-01 6.364799880981445312e+01 5.357300186157226562e+01 4.182199859619140625e+01
0.000000000000000000e+00 4.241071343421936035e-01 6.261600112915039062e+01 5.570600128173828125e+01 3.878099822998046875e+01
1.700000000000000000e+01 4.821428656578063965e-01 5.998199844360351562e+01 5.799599838256835938e+01 3.749000167846679688e+01
9.000000000000000000e+00 4.285714328289031982e-01 5.921300125122070312e+01 5.950799942016601562e+01 3.411899948120117188e+01
1.300000000000000000e+01 4.107142984867095947e-01 5.681299972534179688e+01 6.081000137329101562e+01 3.157200050354003906e+01
1.800000000000000000e+01 4.330357015132904053e-01 5.612400054931640625e+01 5.946400070190429688e+01 2.801399993896484375e+01
1.700000000000000000e+01 1.785714328289031982e-01 5.767599868774414062e+01 6.102299880981445312e+01 2.486599922180175781e+01
7.000000000000000000e+00 8.482142537832260132e-02 5.598099899291992188e+01 6.188499832153320312e+01 2.154500007629394531e+01
1.700000000000000000e+01 1.294642835855484009e-01 5.663899993896484375e+01 5.832699966430664062e+01 2.005999946594238281e+01
9.000000000000000000e+00 3.660714328289031982e-01 5.491899871826171875e+01 5.703499984741210938e+01 2.322900009155273438e+01
7.000000000000000000e+00 3.705357015132904053e-01 5.823799896240234375e+01 5.550400161743164062e+01 2.437199974060058594e+01
1.200000000000000000e+01 4.196428656578063965e-01 5.996500015258789062e+01 5.623799896240234375e+01 2.772200012207031250e+01
9.000000000000000000e+00 1.250000000000000000e-01 6.608899688720703125e+01 5.720800018310546875e+01 3.095700073242187500e+01
1.200000000000000000e+01 2.812500000000000000e-01 6.478500366210937500e+01 5.508700180053710938e+01 3.380699920654296875e+01
1.800000000000000000e+01 1.830357164144515991e-01 6.778600311279296875e+01 5.313499832153320312e+01 3.495500183105468750e+01
1.800000000000000000e+01 4.017857089638710022e-02 7.145099639892578125e+01 5.215299987792968750e+01 3.424900054931640625e+01
7.000000000000000000e+00 2.678571455180644989e-02 7.283799743652343750e+01 4.856800079345703125e+01 3.354600143432617188e+01
7.000000000000000000e+00 4.464285913854837418e-03 7.493499755859375000e+01 4.834299850463867188e+01 3.666199874877929688e+01
7.000000000000000000e+00 3.571428731083869934e-02 7.219799804687500000e+01 4.933000183105468750e+01 3.920399856567382812e+01
1.500000000000000000e+01 1.562500000000000000e-01 6.953299713134765625e+01 4.700299835205078125e+01 3.775500106811523438e+01
2.200000000000000000e+01 1.428571492433547974e-01 6.949199676513671875e+01 4.388600158691406250e+01 4.004100036621093750e+01
7.000000000000000000e+00 2.410714328289031982e-01 6.747499847412109375e+01 4.075500106811523438e+01 4.043500137329101562e+01
9.000000000000000000e+00 4.642857015132904053e-01 6.409200286865234375e+01 4.083399963378906250e+01 4.221799850463867188e+01
1.100000000000000000e+01 6.830357313156127930e-01 6.056000137329101562e+01 4.209899902343750000e+01 4.195199966430664062e+01
2.000000000000000000e+01 7.723214030265808105e-01 5.961600112915039062e+01 4.539300155639648438e+01 4.027999877929687500e+01
1.300000000000000000e+01 9.017857313156127930e-01 5.643000030517578125e+01 4.714699935913085938e+01 3.927500152587890625e+01
2.200000000000000000e+01 9.151785969734191895e-01 5.529899978637695312e+01 5.020999908447265625e+01 3.718799972534179688e+01
7.000000000000000000e+00 9.285714030265808105e-01 5.227600097656250000e+01 5.233399963378906250e+01 3.852700042724609375e+01
1.100000000000000000e+01 8.928571343421936035e-01 5.075699996948242188e+01 5.439199829101562500e+01 3.569400024414062500e+01
3.000000000000000000e+00 8.080357313156127930e-01 4.821300125122070312e+01 5.724399948120117188e+01 3.633200073242187500e+01
1.800000000000000000e+01 8.303571343421936035e-01 4.548699951171875000e+01 5.656299972534179688e+01 3.386700057983398438e+01
1.300000000000000000e+01 7.232142686843872070e-01 4.311000061035156250e+01 5.850199890136718750e+01 3.606600189208984375e+01
1.700000000000000000e+01 5.580357313156127930e-01 4.490399932861328125e+01 6.182899856567382812e+01 3.569200134277343750e+01
2.000000000000000000e+01 5.803571343421936035e-01 4.557899856567382812e+01 6.113199996948242188e+01 3.193099975585937500e+01
1.900000000000000000e+01 5.446428656578063965e-01 4.185200119018554688e+01 6.054299926757812500e+01 3.110799980163574219e+01
1.300000000000000000e+01 3.348214328289031982e-01 4.059199905395507812e+01 6.330099868774414062e+01 3.345399856567382812e+01
0.000000000000000000e+00 2.142857164144515991e-01 4.284999847412109375e+01 6.581400299072265625e+01 3.160499954223632812e+01
1.200000000000000000e+01 2.008928507566452026e-01 4.145500183105468750e+01 6.464600372314453125e+01 2.814399909973144531e+01
9.000000000000000000e+00 1.160714253783226013e-01 3.791699981689453125e+01 6.518399810791015625e+01 2.947400093078613281e+01
1.100000000000000000e+01 3.035714328289031982e-01 3.743799972534179688e+01 6.144599914550781250e+01 2.944599914550781250e+01
1.700000000000000000e+01 4.017857015132904053e-01 3.579499816894531250e+01 5.988499832153320312e+01 3.257600021362304688e+01
1.600000000000000000e+01 6.562500000000000000e-01 3.813600158691406250e+01 5.745999908447265625e+01 3.448899841308593750e+01
1.500000000000000000e+01 7.410714030265808105e-01 3.687300109863281250e+01 5.409899902343750000e+01 3.557199859619140625e+01
7.000000000000000000e+00 8.437500000000000000e-01 4.222100067138671875e+01 5.430500030517578125e+01 3.969699859619140625e+01
0.000000000000000000e+00 9.732142686843872070e-01 4.699599838256835938e+01 5.084899902343750000e+01 3.559299850463867188e+01
7.000000000000000000e+00 9.955357313156127930e-01 4.963700103759765625e+01 4.858800125122070312e+01 3.732799911499023438e+01
2.200000000000000000e+01 9.821428656578063965e-01 5.235699844360351562e+01 4.600400161743164062e+01 3.589099884033203125e+01
2.200000000000000000e+01 9.598214030265808105e-01 5.427099990844726562e+01 4.386700057983398438e+01 3.835100173950195312e+01
1.500000000000000000e+01 8.705357313156127930e-01 5.718500137329101562e+01 4.168600082397460938e+01 3.724499893188476562e+01
1.800000000000000000e+01 7.053571343421936035e-01 6.019900131225585938e+01 3.948500061035156250e+01 3.832799911499023438e+01
0.000000000000000000e+00 5.982142686843872070e-01 6.315599822998046875e+01 4.086000061035156250e+01 3.641500091552734375e+01
2.000000000000000000e+00 3.080357015132904053e-01 6.642199707031250000e+01 3.890200042724609375e+01 3.573699951171875000e+01
3.000000000000000000e+00 3.214285671710968018e-01 6.472399902343750000e+01 3.564199829101562500e+01 3.667800140380859375e+01
1.700000000000000000e+01 9.821428358554840088e-02 6.723200225830078125e+01 3.335400009155273438e+01 3.491500091552734375e+01
9.000000000000000000e+00 7.142857462167739868e-02 7.000299835205078125e+01 3.596500015258789062e+01 3.483800125122070312e+01
1.600000000000000000e+01 6.696428358554840088e-02 7.077999877929687500e+01 3.896300125122070312e+01 3.263800048828125000e+01
1.000000000000000000e+00 1.696428507566452026e-01 6.819699859619140625e+01 4.028200149536132812e+01 3.008099937438964844e+01
1.000000000000000000e+00 2.544642984867095947e-01 6.669599914550781250e+01 4.342699813842773438e+01 2.883799934387207031e+01
2.000000000000000000e+01 5.267857313156127930e-01 6.301499938964843750e+01 4.415599822998046875e+01 2.894899940490722656e+01
1.800000000000000000e+01 6.071428656578063965e-01 6.046300125122070312e+01 4.606600189208984375e+01 2.684799957275390625e+01
1.100000000000000000e+01 7.857142686843872070e-01 5.704899978637695312e+01 4.657500076293945312e+01 2.810099983215332031e+01
0.000000000000000000e+00 7.767857313156127930e-01 5.431999969482421875e+01 4.757500076293945312e+01 2.566600036621093750e+01
0.000000000000000000e+00 8.883928656578063965e-01 5.123300170898437500e+01 4.886100006103515625e+01 2.753700065612792969e+01
1.200000000000000000e+01 8.348214030265808105e-01 4.784600067138671875e+01 4.958300018310546875e+01 2.598399925231933594e+01
1.200000000000000000e+01 8.571428656578063965e-01 4.539699935913085938e+01 5.195700073242187500e+01 2.784799957275390625e+01
1.700000000000000000e+01 7.901785969734191895e-01 4.172200012207031250e+01 5.258599853515625000e+01 2.745299911499023438e+01
1.600000000000000000e+01 7.544642686843872070e-01 3.911800003051757812e+01 5.374399948120117188e+01 2.999200057983398438e+01
2.000000000000000000e+01 8.035714030265808105e-01 3.749399948120117188e+01 5.028599929809570312e+01 3.100000000000000000e+01
1.700000000000000000e+01 8.973214030265808105e-01 4.033200073242187500e+01 4.803799819946289062e+01 2.966399955749511719e+01
2.000000000000000000e+01 9.553571343421936035e-01 4.404499816894531250e+01 4.761899948120117188e+01 2.973100090026855469e+01
1.700000000000000000e+01 9.419642686843872070e-01 4.671599960327148438e+01 4.519400024414062500e+01 2.831900024414062500e+01
1.800000000000000000e+01 9.508928656578063965e-01 5.031700134277343750e+01 4.458700180053710938e+01 2.906100082397460938e+01
1.800000000000000000e+01 8.482142686843872070e-01 5.286500167846679688e+01 4.240999984741210938e+01 2.714599990844726562e+01
0.000000000000000000e+00 7.991071343421936035e-01 5.646099853515625000e+01 4.206299972534179688e+01 2.807399940490722656e+01
2.200000000000000000e+01 5.937500000000000000e-01 5.923099899291992188e+01 4.136800003051757812e+01 2.551700019836425781e+01
2.200000000000000000e+01 4.598214328289031982e-01 6.222200012207031250e+01 3.949800109863281250e+01 2.675000000000000000e+01
1.800000000000000000e+01 1.875000000000000000e-01 6.543199920654296875e+01 4.030199813842773438e+01 2.473500061035156250e+01
2.000000000000000000e+00 5.803571268916130066e-02 6.843900299072265625e+01 3.807199859619140625e+01 2.508699989318847656e+01
1.600000000000000000e+01 8.928571827709674835e-03 7.188300323486328125e+01 3.984000015258789062e+01 2.551300048828125000e+01
