1 1 14 0 0.0059880239520957446 0 0 31.175 21.075 15.839
1 2 18 0 0.09580838323353291 0 0 29.258 23.384 18.112
1 3 7 0 0.38323353293413165 0 0 31.425 26.099 19.457
1 4 20 0 0.6167664670658684 0 0 30.512 28.476 22.274
1 5 13 0 0.7724550898203593 0 0 31.988 31.983 22.444
1 6 12 0 0.9341317365269461 0 0 32.458 32.707 26.082
1 7 22 0 0.9580838323353293 0 0 33.385 36.314 26.587
1 8 22 0 0.9880239520958084 0 0 35.061 37.307 29.839
1 9 22 0 0.9700598802395209 0 0 33.398 40.487 31.031
1 10 9 0 0.9221556886227544 0 0 34.421 42.908 33.744
1 11 0 0 0.7904191616766467 0 0 36.814 45.584 34.824
1 12 9 0 0.688622754491018 0 0 40.537 44.921 34.769
1 13 9 0 0.592814371257485 0 0 42.084 43.612 37.951
1 14 22 0 0.8143712574850299 0 0 40.066 40.525 38.613
1 15 9 0 0.8323353293413174 0 0 42.194 37.810 36.927
1 16 13 0 0.9281437125748503 0 0 40.460 37.507 33.585
1 17 17 0 0.8263473053892215 0 0 43.338 36.266 31.445
1 18 0 0 0.7305389221556886 0 0 44.633 34.088 34.235
1 19 12 0 0.874251497005988 0 0 41.467 32.021 34.073
1 20 18 0 0.8502994011976048 0 0 41.716 31.797 30.325
1 21 11 0 0.5988023952095809 0 0 45.229 30.586 30.591
1 22 6 0 0.5688622754491017 0 0 44.281 28.143 33.336
1 23 12 0 0.6706586826347305 0 0 41.587 26.536 31.323
1 24 11 0 0.5089820359281436 0 0 43.307 26.359 27.925
1 25 6 0 0.28742514970059885 0 0 47.007 26.141 28.742
1 26 2 0 0.24550898203592808 0 0 46.870 24.552 32.168
1 27 10 0 0.20359281437125742 0 0 48.955 27.347 33.626
1 28 15 0 0.3413173652694611 0 0 48.824 30.562 35.598
1 29 22 0 0.281437125748503 0 0 50.252 33.836 34.440
1 30 3 0 0.14371257485029942 0 0 51.111 37.130 36.177
1 31 7 0 0.11377245508982048 0 0 52.166 38.923 33.031
1 32 20 0 0.26347305389221565 0 0 49.610 41.085 31.341
1 33 3 0 0.17964071856287422 0 0 49.344 41.139 27.559
1 34 16 0 0.29940119760479034 0 0 46.746 42.972 25.542
1 35 18 0 0.437125748502994 0 0 45.264 39.816 23.972
1 36 11 0 0.23952095808383234 0 0 44.381 41.440 20.640
1 37 7 0 0.10778443113772451 0 0 45.397 38.742 18.113
1 38 3 0 0.17365269461077848 0 0 46.007 35.650 20.249
1 39 17 0 0.41916167664670656 0 0 43.171 33.184 20.726
1 40 20 0 0.5449101796407185 0 0 42.448 30.756 23.557
1 41 1 0 0.5209580838323353 0 0 40.184 27.884 22.762
1 42 13 0 0.35928143712574856 0 0 39.696 24.105 22.733
1 43 6 0 0.13772455089820357 0 0 37.552 21.081 22.370
1 44 22 0 0.22754491017964074 0 0 36.116 19.720 25.595
1 45 22 0 0.10179640718562877 0 0 33.506 17.148 26.516
1 46 11 0 0.20958083832335328 0 0 30.865 18.510 28.837
1 47 3 0 0.06586826347305386 0 0 28.038 16.342 30.267
1 48 9 0 0.0 0 0 28.979 13.739 27.688
1 49 7 0 0.017964071856287345 0 0 28.775 16.065 24.750
1 50 18 0 0.03592814371257491 0 0 31.768 17.185 22.756
1 51 5 0 0.16167664670658677 0 0 31.933 20.970 22.230
1 52 12 0 0.3892215568862275 0 0 34.432 23.770 21.641
1 53 12 0 0.6467065868263473 0 0 34.916 26.768 23.889
1 54 3 0 0.6946107784431137 0 0 36.167 30.058 22.605
1 55 11 0 0.8802395209580838 0 0 37.320 32.077 25.535
1 56 12 0 0.8682634730538922 0 0 37.451 35.732 24.544
1 57 3 0 0.8622754491017964 0 0 39.469 38.415 26.436
1 58 18 0 0.8383233532934131 0 0 38.449 41.995 27.192
1 59 0 0 0.6347305389221557 0 0 40.359 45.074 28.241
1 60 9 0 0.43113772455089827 0 0 40.369 48.718 28.937
1 61 6 0 0.3293413173652695 0 0 37.735 51.221 30.061
1 62 7 0 0.33532934131736525 0 0 34.506 51.293 28.064
1 63 7 0 0.0718562874251496 0 0 34.860 53.693 25.204
1 64 20 0 0.053892215568862256 0 0 31.254 53.631 24.143
1 65 17 0 0.041916167664670656 0 0 32.527 52.494 20.840
1 66 0 0 0.029940119760479056 0 0 30.554 50.417 18.322
1 67 14 0 0.11976047904191622 0 0 33.145 47.641 17.986
1 68 1 0 0.40718562874251496 0 0 32.838 46.777 21.633
1 69 3 0 0.3532934131736526 0 0 29.171 46.185 20.983
1 70 6 0 0.2574850299401197 0 0 29.822 43.951 18.015
1 71 20 0 0.5329341317365269 0 0 32.210 42.066 20.227
1 72 14 0 0.6826347305389222 0 0 29.630 41.563 22.973
1 73 1 0 0.4850299401197605 0 0 27.248 40.636 20.156
1 74 18 0 0.5029940119760479 0 0 29.784 38.156 18.809
1 75 9 0 0.7604790419161677 0 0 29.675 36.625 22.267
1 76 7 0 0.7125748502994012 0 0 27.023 34.083 23.135
1 77 9 0 0.8982035928143712 0 0 27.699 33.513 26.739
1 78 15 0 0.9640718562874252 0 0 29.124 36.007 29.219
1 79 12 0 0.9940119760479041 0 0 31.231 35.227 32.243
1 80 5 0 0.9820359281437125 0 0 30.881 38.146 34.604
1 81 22 0 0.9760479041916168 0 0 34.014 38.283 36.629
1 82 15 0 0.8862275449101796 0 0 34.817 40.234 39.783
1 83 0 0 0.718562874251497 0 0 37.279 39.941 42.612
1 84 11 0 0.5149700598802396 0 0 36.183 39.265 46.258
1 85 2 0 0.2934131736526946 0 0 38.826 41.517 47.674
1 86 2 0 0.3772455089820359 0 0 37.804 44.520 45.609
1 87 18 0 0.2694610778443114 0 0 34.465 46.179 46.227
1 88 13 0 0.3173652694610779 0 0 34.667 48.419 43.178
1 89 17 0 0.6107784431137725 0 0 34.933 45.423 40.862
1 90 15 0 0.6227544910179641 0 0 31.596 44.196 42.033
1 91 7 0 0.45508982035928147 0 0 30.120 47.612 41.476
1 92 3 0 0.5568862275449102 0 0 30.624 47.604 37.720
1 93 11 0 0.7964071856287425 0 0 28.882 44.384 37.006
1 94 10 0 0.5389221556886228 0 0 25.792 46.502 37.473
1 95 10 0 0.49101796407185627 0 0 26.851 48.508 34.407
1 96 20 0 0.7485029940119761 0 0 27.873 45.449 32.474
1 97 1 0 0.7065868263473054 0 0 24.594 43.433 32.668
1 98 7 0 0.4610778443113772 0 0 22.837 46.457 31.268
1 99 6 0 0.5269461077844311 0 0 25.405 46.525 28.479
1 100 11 0 0.652694610778443 0 0 24.645 42.889 27.642
1 101 13 0 0.4251497005988024 0 0 20.928 43.612 27.856
1 102 1 0 0.19760479041916168 0 0 21.538 46.528 25.593
1 103 22 0 0.31137724550898194 0 0 23.520 44.802 22.885
1 104 13 0 0.37125748502994016 0 0 21.852 41.408 22.628
1 105 3 0 0.08383233532934131 0 0 18.180 42.482 22.433
1 106 17 0 0.14970059880239517 0 0 17.464 40.156 25.253
1 107 7 0 0.3053892215568862 0 0 17.460 39.547 28.955
1 108 3 0 0.3652694610778443 0 0 17.494 35.790 28.385
1 109 22 0 0.5868263473053892 0 0 21.189 35.830 27.914
1 110 16 0 0.7844311377245509 0 0 23.308 33.000 29.121
1 111 14 0 0.9101796407185628 0 0 25.596 34.287 31.861
1 112 22 0 0.9461077844311377 0 0 27.409 33.030 34.975
1 113 12 0 0.9401197604790419 0 0 28.610 35.417 37.661
1 114 22 0 0.9520958083832335 0 0 32.161 34.665 38.985
1 115 9 0 0.8562874251497006 0 0 33.968 35.670 42.149
1 116 2 0 0.844311377245509 0 0 37.616 35.153 41.439
1 117 13 0 0.562874251497006 0 0 40.494 35.416 43.818
1 118 5 0 0.46706586826347307 0 0 39.121 33.171 46.583
1 119 3 0 0.16766467065868274 0 0 42.625 32.383 47.705
1 120 12 0 0.04790419161676651 0 0 41.617 32.651 51.297
1 121 16 0 0.02395209580838331 0 0 38.325 32.929 53.056
1 122 17 0 0.0119760479041916 0 0 38.460 36.587 53.898
1 123 1 0 0.07784431137724557 0 0 36.862 39.228 51.785
1 124 18 0 0.059880239520958 0 0 35.598 42.805 51.282
1 125 22 0 0.25149700598802394 0 0 32.828 41.959 48.874
1 126 3 0 0.12574850299401197 0 0 29.669 40.962 50.665
1 127 18 0 0.19161676646706582 0 0 28.909 37.312 49.813
1 128 13 0 0.08982035928143717 0 0 25.230 38.155 50.350
1 129 6 0 0.15568862275449102 0 0 25.302 41.122 47.994
1 130 0 0 0.4970059880239521 0 0 27.060 38.850 45.555
1 131 6 0 0.4011976047904191 0 0 24.527 36.085 45.963
1 132 3 0 0.18562874251497008 0 0 21.675 38.546 45.786
1 133 12 0 0.4730538922155688 0 0 22.891 40.240 42.650
1 134 0 0 0.5748502994011976 0 0 23.243 36.809 41.125
1 135 1 0 0.32335329341317365 0 0 19.785 35.772 42.358
1 136 17 0 0.221556886227545 0 0 18.351 39.013 41.123
1 137 20 0 0.47904191616766467 0 0 19.335 37.961 37.610
1 138 9 0 0.4131736526946108 0 0 18.685 34.336 38.440
1 139 11 0 0.6766467065868262 0 0 22.260 33.331 37.501
1 140 16 0 0.7544910179640718 0 0 24.970 31.267 39.238
1 141 15 0 0.7784431137724551 0 0 27.422 32.906 41.610
1 142 11 0 0.8203592814371258 0 0 30.755 31.049 41.514
1 143 7 0 0.6646706586826348 0 0 33.421 30.926 44.200
1 144 18 0 0.7425149700598803 0 0 36.584 30.148 42.316
1 145 17 0 0.6287425149700598 0 0 40.292 30.703 42.389
1 146 0 0 0.658682634730539 0 0 42.679 30.907 39.438
1 147 13 0 0.39520958083832336 0 0 45.625 30.633 41.799
1 148 18 0 0.21556886227544902 0 0 44.536 27.546 43.633
1 149 1 0 0.44311377245508976 0 0 42.757 26.102 40.564
1 150 6 0 0.4491017964071856 0 0 39.577 25.270 42.380
1 151 9 0 0.6047904191616766 0 0 36.229 25.407 40.497
1 152 22 0 0.8083832335329342 0 0 37.786 27.181 37.575
1 153 3 0 0.7245508982035929 0 0 36.576 24.652 35.061
1 154 3 0 0.7005988023952096 0 0 33.324 24.390 36.880
1 155 0 0 0.9041916167664671 0 0 32.876 28.073 36.215
1 156 15 0 0.9161676646706587 0 0 33.171 27.733 32.455
1 157 20 0 0.7664670658682635 0 0 31.285 24.546 32.311
1 158 18 0 0.8023952095808383 0 0 28.453 26.155 34.217
1 159 12 0 0.8922155688622755 0 0 28.260 28.788 31.538
1 160 22 0 0.7365269461077844 0 0 27.936 26.171 28.795
1 161 1 0 0.5508982035928144 0 0 25.173 24.559 30.647
1 162 7 0 0.6407185628742516 0 0 23.472 27.929 30.948
1 163 11 0 0.5808383233532934 0 0 23.812 28.212 27.225
1 164 1 0 0.34730538922155685 0 0 22.228 24.841 26.822
1 165 13 0 0.2335329341317366 0 0 19.285 25.677 29.093
1 166 10 0 0.27544910179640725 0 0 18.198 29.100 27.797
1 167 13 0 0.13173652694610782 0 0 18.024 28.343 24.102
