5.000000000000000000e+00 8.928571641445159912e-02 2.572800064086914062e+01 3.838199996948242188e+01 4.318099975585937500e+01
1.600000000000000000e+01 2.366071492433547974e-01 2.684799957275390625e+01 4.172399902343750000e+01 4.154000091552734375e+01
1.200000000000000000e+01 5.089285969734191895e-01 3.064100074768066406e+01 4.115299987792968750e+01 4.103099822998046875e+01
1.400000000000000000e+01 5.357142686843872070e-01 3.173600006103515625e+01 3.830699920654296875e+01 3.871300125122070312e+01
2.200000000000000000e+01 7.098214030265808105e-01 3.537699890136718750e+01 3.741299819946289062e+01 3.773199844360351562e+01
1.300000000000000000e+01 6.830357313156127930e-01 3.586700057983398438e+01 3.544499969482421875e+01 3.459299850463867188e+01
2.200000000000000000e+01 7.232142686843872070e-01 3.927000045776367188e+01 3.367900085449218750e+01 3.391999816894531250e+01
1.200000000000000000e+01 6.562500000000000000e-01 4.008499908447265625e+01 3.260300064086914062e+01 3.027300071716308594e+01
3.000000000000000000e+00 6.071428656578063965e-01 4.322200012207031250e+01 3.097699928283691406e+01 2.886800003051757812e+01
0.000000000000000000e+00 5.892857313156127930e-01 4.474200057983398438e+01 3.250000000000000000e+01 2.564599990844726562e+01
2.200000000000000000e+01 4.062500000000000000e-01 4.714899826049804688e+01 2.969400024414062500e+01 2.514599990844726562e+01
1.000000000000000000e+00 2.321428507566452026e-01 4.449100112915039062e+01 2.694799995422363281e+01 2.501199913024902344e+01
9.000000000000000000e+00 2.767857015132904053e-01 4.171699905395507812e+01 2.933499908447265625e+01 2.388299942016601562e+01
1.700000000000000000e+01 2.455357164144515991e-01 3.929800033569335938e+01 2.797699928283691406e+01 2.660799980163574219e+01
1.600000000000000000e+01 3.526785671710968018e-01 3.816299819946289062e+01 2.880100059509277344e+01 3.030400085449218750e+01
0.000000000000000000e+00 4.821428656578063965e-01 4.071099853515625000e+01 2.838999938964843750e+01 3.305699920654296875e+01
1.100000000000000000e+01 2.991071343421936035e-01 3.959099960327148438e+01 2.627599906921386719e+01 3.614500045776367188e+01
2.000000000000000000e+00 3.348214328289031982e-01 4.015499877929687500e+01 2.695800018310546875e+01 3.984099960327148438e+01
2.200000000000000000e+01 6.250000000000000000e-01 4.222600173950195312e+01 3.003199958801269531e+01 3.931499862670898438e+01
0.000000000000000000e+00 6.473214030265808105e-01 4.246099853515625000e+01 3.157399940490722656e+01 4.273500061035156250e+01
1.400000000000000000e+01 7.589285969734191895e-01 4.184899902343750000e+01 3.527799987792968750e+01 4.337500000000000000e+01
2.200000000000000000e+01 7.633928656578063965e-01 3.918999862670898438e+01 4.106299972534179688e+01 4.589199829101562500e+01
1.500000000000000000e+01 7.053571343421936035e-01 3.999599838256835938e+01 4.391099929809570312e+01 4.834600067138671875e+01
1.000000000000000000e+00 6.160714030265808105e-01 3.818500137329101562e+01 4.721900177001953125e+01 4.926100158691406250e+01
1.300000000000000000e+01 5.535714030265808105e-01 3.978200149536132812e+01 5.065399932861328125e+01 5.016500091552734375e+01
0.000000000000000000e+00 2.812500000000000000e-01 3.957199859619140625e+01 5.205500030517578125e+01 5.366500091552734375e+01
0.000000000000000000e+00 1.205357164144515991e-01 3.900500106811523438e+01 5.562799835205078125e+01 5.464400100708007812e+01
3.000000000000000000e+00 1.339285671710968018e-01 4.278200149536132812e+01 5.609199905395507812e+01 5.531900024414062500e+01
3.000000000000000000e+00 3.883928656578063965e-01 4.347499847412109375e+01 5.519800186157226562e+01 5.156700134277343750e+01
1.800000000000000000e+01 4.955357015132904053e-01 4.468399810791015625e+01 5.148400115966796875e+01 5.241400146484375000e+01
1.900000000000000000e+01 6.428571343421936035e-01 4.343600082397460938e+01 4.813100051879882812e+01 5.102299880981445312e+01
7.000000000000000000e+00 4.732142984867095947e-01 4.139699935913085938e+01 4.590599822998046875e+01 5.338399887084960938e+01
1.600000000000000000e+01 4.910714328289031982e-01 4.059299850463867188e+01 4.220199966430664062e+01 5.237900161743164062e+01
1.500000000000000000e+01 4.508928656578063965e-01 3.698799896240234375e+01 4.165299987792968750e+01 5.115599822998046875e+01
0.000000000000000000e+00 4.776785671710968018e-01 3.632699966430664062e+01 3.836399841308593750e+01 4.919499969482421875e+01
1.700000000000000000e+01 5.133928656578063965e-01 3.820000076293945312e+01 3.549800109863281250e+01 4.776399993896484375e+01
9.000000000000000000e+00 4.330357015132904053e-01 3.750799942016601562e+01 3.237900161743164062e+01 4.581200027465820312e+01
1.300000000000000000e+01 4.196428656578063965e-01 3.841799926757812500e+01 3.001700019836425781e+01 4.300999832153320312e+01
1.800000000000000000e+01 4.375000000000000000e-01 3.690800094604492188e+01 2.985099983215332031e+01 3.943199920654296875e+01
1.700000000000000000e+01 1.607142835855484009e-01 3.388600158691406250e+01 2.743400001525878906e+01 3.872900009155273438e+01
7.000000000000000000e+00 7.142857462167739868e-02 3.404999923706054688e+01 2.487199974060058594e+01 3.596200180053710938e+01
1.700000000000000000e+01 1.116071417927742004e-01 3.252399826049804688e+01 2.741300010681152344e+01 3.346099853515625000e+01
9.000000000000000000e+00 3.571428656578063965e-01 3.570700073242187500e+01 2.953400039672851562e+01 3.401100158691406250e+01
7.000000000000000000e+00 4.241071343421936035e-01 3.384999847412109375e+01 3.193799972534179688e+01 3.622100067138671875e+01
1.200000000000000000e+01 3.928571343421936035e-01 3.301900100708007812e+01 3.295399856567382812e+01 3.976200103759765625e+01
9.000000000000000000e+00 1.517857164144515991e-01 3.002400016784667969e+01 3.368500137329101562e+01 4.486600112915039062e+01
1.200000000000000000e+01 3.214285671710968018e-01 3.204199981689453125e+01 3.674800109863281250e+01 4.581700134277343750e+01
1.800000000000000000e+01 1.830357164144515991e-01 2.971500015258789062e+01 3.916400146484375000e+01 4.776599884033203125e+01
1.800000000000000000e+01 4.464285820722579956e-02 2.601099967956542969e+01 4.033599853515625000e+01 4.818799972534179688e+01
7.000000000000000000e+00 3.125000000000000000e-02 2.454599952697753906e+01 4.364099884033203125e+01 4.703099822998046875e+01
7.000000000000000000e+00 4.464285913854837418e-03 2.419599914550781250e+01 4.484400177001953125e+01 5.063899993896484375e+01
7.000000000000000000e+00 5.803571268916130066e-02 2.792200088500976562e+01 4.392499923706054688e+01 5.137099838256835938e+01
1.500000000000000000e+01 1.919642835855484009e-01 2.896999931335449219e+01 4.539400100708007812e+01 4.785499954223632812e+01
2.200000000000000000e+01 1.071428582072257996e-01 2.849500083923339844e+01 4.899700164794921875e+01 4.893299865722656250e+01
7.000000000000000000e+00 1.964285671710968018e-01 2.984700012207031250e+01 5.203900146484375000e+01 4.693000030517578125e+01
9.000000000000000000e+00 3.794642984867095947e-01 3.370700073242187500e+01 5.282199859619140625e+01 4.697999954223632812e+01
1.100000000000000000e+01 6.517857313156127930e-01 3.693999862670898438e+01 5.156399917602539062e+01 4.560599899291992188e+01
2.000000000000000000e+01 7.723214030265808105e-01 3.792100143432617188e+01 4.799900054931640625e+01 4.492599868774414062e+01
1.300000000000000000e+01 9.107142686843872070e-01 4.085900115966796875e+01 4.615299987792968750e+01 4.339500045776367188e+01
2.200000000000000000e+01 9.285714030265808105e-01 4.111399841308593750e+01 4.246400070190429688e+01 4.224399948120117188e+01
7.000000000000000000e+00 9.330357313156127930e-01 4.411700057983398438e+01 4.019800186157226562e+01 4.257199859619140625e+01
1.100000000000000000e+01 9.062500000000000000e-01 4.407300186157226562e+01 3.680400085449218750e+01 4.050299835205078125e+01
3.000000000000000000e+00 8.214285969734191895e-01 4.688800048828125000e+01 3.435499954223632812e+01 4.104600143432617188e+01
1.800000000000000000e+01 8.348214030265808105e-01 4.840900039672851562e+01 3.365299987792968750e+01 3.768299865722656250e+01
1.300000000000000000e+01 7.410714030265808105e-01 5.178799819946289062e+01 3.257199859619140625e+01 3.926800155639648438e+01
1.700000000000000000e+01 5.669642686843872070e-01 5.028799819946289062e+01 2.931800079345703125e+01 4.081000137329101562e+01
2.000000000000000000e+01 5.714285969734191895e-01 4.843600082397460938e+01 2.847100067138671875e+01 3.761299896240234375e+01
1.900000000000000000e+01 5.446428656578063965e-01 5.145199966430664062e+01 2.859499931335449219e+01 3.538999938964843750e+01
1.300000000000000000e+01 3.303571343421936035e-01 5.337400054931640625e+01 2.638899993896484375e+01 3.797800064086914062e+01
0.000000000000000000e+00 2.142857164144515991e-01 5.062500000000000000e+01 2.379400062561035156e+01 3.788700103759765625e+01
1.200000000000000000e+01 2.008928507566452026e-01 5.102099990844726562e+01 2.380800056457519531e+01 3.408399963378906250e+01
9.000000000000000000e+00 1.383928507566452026e-01 5.479100036621093750e+01 2.385199928283691406e+01 3.429100036621093750e+01
1.100000000000000000e+01 3.258928656578063965e-01 5.500299835205078125e+01 2.726600074768066406e+01 3.231100082397460938e+01
1.700000000000000000e+01 4.642857015132904053e-01 5.746200180053710938e+01 3.010300064086914062e+01 3.314300155639648438e+01
1.600000000000000000e+01 6.919642686843872070e-01 5.560100173950195312e+01 3.303900146484375000e+01 3.489899826049804688e+01
1.500000000000000000e+01 7.812500000000000000e-01 5.652399826049804688e+01 3.660800170898437500e+01 3.427099990844726562e+01
7.000000000000000000e+00 9.017857313156127930e-01 5.314599990844726562e+01 3.827999877929687500e+01 3.996799850463867188e+01
0.000000000000000000e+00 9.776785969734191895e-01 4.676200103759765625e+01 3.970399856567382812e+01 3.707500076293945312e+01
7.000000000000000000e+00 9.955357313156127930e-01 4.515800094604492188e+01 4.270700073242187500e+01 3.883300018310546875e+01
2.200000000000000000e+01 9.866071343421936035e-01 4.271599960327148438e+01 4.565000152587890625e+01 3.810400009155273438e+01
2.200000000000000000e+01 9.464285969734191895e-01 4.141699981689453125e+01 4.860900115966796875e+01 4.039199829101562500e+01
1.500000000000000000e+01 8.482142686843872070e-01 3.782099914550781250e+01 5.006499862670898438e+01 3.997100067138671875e+01
1.800000000000000000e+01 6.696428656578063965e-01 3.540100097656250000e+01 5.252700042724609375e+01 4.154999923706054688e+01
0.000000000000000000e+00 5.178571343421936035e-01 3.203699874877929688e+01 5.092499923706054688e+01 4.203799819946289062e+01
2.000000000000000000e+00 2.544642984867095947e-01 2.848399925231933594e+01 5.246599960327148438e+01 4.183599853515625000e+01
3.000000000000000000e+00 2.053571492433547974e-01 2.927700042724609375e+01 5.608399963378906250e+01 4.090200042724609375e+01
1.700000000000000000e+01 9.375000000000000000e-02 2.641799926757812500e+01 5.577899932861328125e+01 3.826399993896484375e+01
9.000000000000000000e+00 2.232142910361289978e-02 2.436100006103515625e+01 5.462699890136718750e+01 4.126900100708007812e+01
1.600000000000000000e+01 6.250000000000000000e-02 2.410899925231933594e+01 5.064599990844726562e+01 4.189899826049804688e+01
1.000000000000000000e+00 1.473214328289031982e-01 2.524699974060058594e+01 4.820000076293945312e+01 3.922900009155273438e+01
1.000000000000000000e+00 2.589285671710968018e-01 2.645999908447265625e+01 4.465499877929687500e+01 3.876200103759765625e+01
2.000000000000000000e+01 5.267857313156127930e-01 3.001799964904785156e+01 4.433000183105468750e+01 3.720399856567382812e+01
1.800000000000000000e+01 6.294642686843872070e-01 3.154599952697753906e+01 4.164500045776367188e+01 3.493600082397460938e+01
1.100000000000000000e+01 8.080357313156127930e-01 3.537099838256835938e+01 4.145100021362304688e+01 3.506999969482421875e+01
0.000000000000000000e+00 8.169642686843872070e-01 3.714899826049804688e+01 3.929199981689453125e+01 3.237300109863281250e+01
0.000000000000000000e+00 8.973214030265808105e-01 4.086899948120117188e+01 3.818899917602539062e+01 3.281900024414062500e+01
1.200000000000000000e+01 8.392857313156127930e-01 4.262900161743164062e+01 3.672499847412109375e+01 2.971100044250488281e+01
1.200000000000000000e+01 8.526785969734191895e-01 4.596400070190429688e+01 3.504100036621093750e+01 3.078800010681152344e+01
1.700000000000000000e+01 7.767857313156127930e-01 4.918899917602539062e+01 3.435699844360351562e+01 2.882600021362304688e+01
1.600000000000000000e+01 7.276785969734191895e-01 5.267300033569335938e+01 3.373300170898437500e+01 3.032200050354003906e+01
2.000000000000000000e+01 7.991071343421936035e-01 5.418000030517578125e+01 3.709799957275390625e+01 2.943199920654296875e+01
1.700000000000000000e+01 8.883928656578063965e-01 5.094100189208984375e+01 3.900999832153320312e+01 2.901899909973144531e+01
2.000000000000000000e+01 9.553571343421936035e-01 4.740800094604492188e+01 3.960900115966796875e+01 3.046999931335449219e+01
1.700000000000000000e+01 9.419642686843872070e-01 4.444499969482421875e+01 4.162200164794921875e+01 2.919799995422363281e+01
1.800000000000000000e+01 9.687500000000000000e-01 4.161000061035156250e+01 4.285900115966796875e+01 3.164599990844726562e+01
1.800000000000000000e+01 8.660714030265808105e-01 3.816999816894531250e+01 4.387900161743164062e+01 3.035899925231933594e+01
0.000000000000000000e+00 7.946428656578063965e-01 3.522499847412109375e+01 4.525699996948242188e+01 3.228200149536132812e+01
2.200000000000000000e+01 6.026785969734191895e-01 3.147500038146972656e+01 4.533200073242187500e+01 3.154400062561035156e+01
2.200000000000000000e+01 4.598214328289031982e-01 2.909799957275390625e+01 4.758300018310546875e+01 3.354899978637695312e+01
1.800000000000000000e+01 1.875000000000000000e-01 2.559000015258789062e+01 4.585800170898437500e+01 3.387400054931640625e+01
2.000000000000000000e+00 2.678571455180644989e-02 2.212400054931640625e+01 4.756100082397460938e+01 3.443099975585937500e+01
1.600000000000000000e+01 1.339285727590322495e-02 2.038699913024902344e+01 4.558700180053710938e+01 3.715499877929687500e+01
5.000000000000000000e+00 1.428571492433547974e-01 6.736799621582031250e+01 4.922000122070312500e+01 2.736199951171875000e+01
1.600000000000000000e+01 2.410714328289031982e-01 6.751300048828125000e+01 4.710100173950195312e+01 3.060099983215332031e+01
1.200000000000000000e+01 5.000000000000000000e-01 6.382899856567382812e+01 4.818899917602539062e+01 3.099200057983398438e+01
1.400000000000000000e+01 5.223214030265808105e-01 6.174499893188476562e+01 4.995199966430664062e+01 2.829100036621093750e+01
2.200000000000000000e+01 6.964285969734191895e-01 5.810200119018554688e+01 5.100899887084960938e+01 2.881900024414062500e+01
1.300000000000000000e+01 6.785714030265808105e-01 5.566099929809570312e+01 5.215399932861328125e+01 2.614200019836425781e+01
2.200000000000000000e+01 7.455357313156127930e-01 5.205300140380859375e+01 5.321900177001953125e+01 2.660199928283691406e+01
1.200000000000000000e+01 6.741071343421936035e-01 4.950999832153320312e+01 5.317599868774414062e+01 2.378199958801269531e+01
3.000000000000000000e+00 6.116071343421936035e-01 4.596799850463867188e+01 5.470500183105468750e+01 2.332200050354003906e+01
0.000000000000000000e+00 5.937500000000000000e-01 4.322700119018554688e+01 5.236600112915039062e+01 2.201799964904785156e+01
2.200000000000000000e+01 3.973214328289031982e-01 4.060300064086914062e+01 5.526200103759765625e+01 2.171999931335449219e+01
1.000000000000000000e+00 2.276785671710968018e-01 4.273400115966796875e+01 5.730599975585937500e+01 1.918199920654296875e+01
9.000000000000000000e+00 2.901785671710968018e-01 4.465999984741210938e+01 5.409299850463867188e+01 1.813100051879882812e+01
1.700000000000000000e+01 2.723214328289031982e-01 4.801900100708007812e+01 5.571699905395507812e+01 1.852899932861328125e+01
1.600000000000000000e+01 3.616071343421936035e-01 5.105400085449218750e+01 5.627399826049804688e+01 2.094099998474121094e+01
0.000000000000000000e+00 5.044642686843872070e-01 5.002899932861328125e+01 5.779299926757812500e+01 2.431200027465820312e+01
1.100000000000000000e+01 3.125000000000000000e-01 5.199599838256835938e+01 6.088999938964843750e+01 2.514800071716308594e+01
2.000000000000000000e+00 3.169642984867095947e-01 5.302299880981445312e+01 6.238299942016601562e+01 2.863599967956542969e+01
2.200000000000000000e+01 6.205357313156127930e-01 5.194599914550781250e+01 5.929600143432617188e+01 3.058600044250488281e+01
0.000000000000000000e+00 6.383928656578063965e-01 5.341400146484375000e+01 5.930599975585937500e+01 3.403599929809570312e+01
1.400000000000000000e+01 7.366071343421936035e-01 5.447499847412109375e+01 5.643700027465820312e+01 3.618399810791015625e+01
2.200000000000000000e+01 7.142857313156127930e-01 5.862300109863281250e+01 5.227999877929687500e+01 3.933700180053710938e+01
1.500000000000000000e+01 6.875000000000000000e-01 5.918000030517578125e+01 5.039899826049804688e+01 4.255300140380859375e+01
1.000000000000000000e+00 5.803571343421936035e-01 6.152299880981445312e+01 4.764300155639648438e+01 4.370100021362304688e+01
1.300000000000000000e+01 5.312500000000000000e-01 6.068399810791015625e+01 4.519300079345703125e+01 4.656000137329101562e+01
0.000000000000000000e+00 2.500000000000000000e-01 6.340100097656250000e+01 4.538000106811523438e+01 4.933800125122070312e+01
0.000000000000000000e+00 8.482142537832260132e-02 6.483699798583984375e+01 4.248300170898437500e+01 5.137799835205078125e+01
3.000000000000000000e+00 9.821428358554840088e-02 6.191500091552734375e+01 4.303599929809570312e+01 5.400699996948242188e+01
3.000000000000000000e+00 3.482142984867095947e-01 5.948600006103515625e+01 4.302899932861328125e+01 5.101900100708007812e+01
1.800000000000000000e+01 3.437500000000000000e-01 5.904000091552734375e+01 4.692399978637695312e+01 5.138800048828125000e+01
1.900000000000000000e+01 5.491071343421936035e-01 5.856000137329101562e+01 4.861299896240234375e+01 4.805099868774414062e+01
7.000000000000000000e+00 3.660714328289031982e-01 6.114199829101562500e+01 5.144800186157226562e+01 4.760900115966796875e+01
1.600000000000000000e+01 4.687500000000000000e-01 6.054000091552734375e+01 5.394200134277343750e+01 4.464799880981445312e+01
1.500000000000000000e+01 3.080357015132904053e-01 6.369200134277343750e+01 5.426200103759765625e+01 4.249399948120117188e+01
0.000000000000000000e+00 3.839285671710968018e-01 6.261100006103515625e+01 5.562799835205078125e+01 3.894900131225585938e+01
1.700000000000000000e+01 4.866071343421936035e-01 5.968099975585937500e+01 5.775099945068359375e+01 3.765999984741210938e+01
9.000000000000000000e+00 4.017857015132904053e-01 5.881999969482421875e+01 5.966699981689453125e+01 3.447299957275390625e+01
1.300000000000000000e+01 4.151785671710968018e-01 5.648300170898437500e+01 6.045999908447265625e+01 3.153700065612792969e+01
1.800000000000000000e+01 4.107142984867095947e-01 5.620899963378906250e+01 5.911199951171875000e+01 2.797599983215332031e+01
1.700000000000000000e+01 1.562500000000000000e-01 5.803400039672851562e+01 6.078099822998046875e+01 2.494599914550781250e+01
7.000000000000000000e+00 7.589285820722579956e-02 5.605500030517578125e+01 6.195299911499023438e+01 2.194799995422363281e+01
1.700000000000000000e+01 1.250000000000000000e-01 5.661500167846679688e+01 5.850000000000000000e+01 2.027199935913085938e+01
9.000000000000000000e+00 3.705357015132904053e-01 5.485599899291992188e+01 5.718199920654296875e+01 2.350099945068359375e+01
7.000000000000000000e+00 3.750000000000000000e-01 5.814799880981445312e+01 5.554800033569335938e+01 2.458399963378906250e+01
1.200000000000000000e+01 4.419642984867095947e-01 5.983900070190429688e+01 5.585599899291992188e+01 2.805100059509277344e+01
9.000000000000000000e+00 1.026785746216773987e-01 6.668299865722656250e+01 5.596799850463867188e+01 3.046800041198730469e+01
1.200000000000000000e+01 2.678571343421936035e-01 6.496600341796875000e+01 5.522900009155273438e+01 3.387500000000000000e+01
1.800000000000000000e+01 1.741071492433547974e-01 6.748999786376953125e+01 5.282699966430664062e+01 3.534199905395507812e+01
1.800000000000000000e+01 5.357142910361289978e-02 7.099199676513671875e+01 5.136199951171875000e+01 3.438299942016601562e+01
7.000000000000000000e+00 1.785714365541934967e-02 7.222799682617187500e+01 4.787799835205078125e+01 3.343999862670898438e+01
7.000000000000000000e+00 0.000000000000000000e+00 7.431099700927734375e+01 4.800000000000000000e+01 3.658800125122070312e+01
7.000000000000000000e+00 4.910714179277420044e-02 7.138300323486328125e+01 4.922100067138671875e+01 3.878799819946289062e+01
1.500000000000000000e+01 1.785714328289031982e-01 6.879599761962890625e+01 4.670999908447265625e+01 3.768700027465820312e+01
2.200000000000000000e+01 1.294642835855484009e-01 6.952999877929687500e+01 4.343700027465820312e+01 3.961800003051757812e+01
7.000000000000000000e+00 2.232142835855484009e-01 6.761399841308593750e+01 4.024700164794921875e+01 4.038600158691406250e+01
9.000000000000000000e+00 4.464285671710968018e-01 6.423799896240234375e+01 4.100899887084960938e+01 4.206399917602539062e+01
1.100000000000000000e+01 6.607142686843872070e-01 6.055899810791015625e+01 4.168500137329101562e+01 4.220899963378906250e+01
2.000000000000000000e+01 7.678571343421936035e-01 5.962300109863281250e+01 4.493299865722656250e+01 4.042800140380859375e+01
1.300000000000000000e+01 8.794642686843872070e-01 5.647999954223632812e+01 4.718799972534179688e+01 4.001300048828125000e+01
2.200000000000000000e+01 9.151785969734191895e-01 5.518899917602539062e+01 4.984199905395507812e+01 3.756299972534179688e+01
7.000000000000000000e+00 9.241071343421936035e-01 5.229100036621093750e+01 5.211700057983398438e+01 3.868199920654296875e+01
1.100000000000000000e+01 8.928571343421936035e-01 5.075099945068359375e+01 5.409000015258789062e+01 3.574000167846679688e+01
3.000000000000000000e+00 8.035714030265808105e-01 4.877700042724609375e+01 5.731800079345703125e+01 3.590100097656250000e+01
1.800000000000000000e+01 8.303571343421936035e-01 4.616799926757812500e+01 5.609299850463867188e+01 3.332400131225585938e+01
1.300000000000000000e+01 7.500000000000000000e-01 4.311199951171875000e+01 5.766899871826171875e+01 3.490599822998046875e+01
1.700000000000000000e+01 5.982142686843872070e-01 4.487799835205078125e+01 6.108399963378906250e+01 3.485400009155273438e+01
2.000000000000000000e+01 5.580357313156127930e-01 4.549800109863281250e+01 6.084199905395507812e+01 3.117399978637695312e+01
1.900000000000000000e+01 5.401785969734191895e-01 4.177199935913085938e+01 6.008100128173828125e+01 3.054999923706054688e+01
1.300000000000000000e+01 3.392857015132904053e-01 4.075299835205078125e+01 6.312599945068359375e+01 3.266799926757812500e+01
0.000000000000000000e+00 2.187500000000000000e-01 4.293899917602539062e+01 6.531700134277343750e+01 3.049200057983398438e+01
1.200000000000000000e+01 1.696428507566452026e-01 4.063899993896484375e+01 6.414700317382812500e+01 2.767399978637695312e+01
9.000000000000000000e+00 1.160714253783226013e-01 3.739599990844726562e+01 6.473100280761718750e+01 2.985000038146972656e+01
1.100000000000000000e+01 3.035714328289031982e-01 3.669900131225585938e+01 6.104299926757812500e+01 3.004000091552734375e+01
1.700000000000000000e+01 4.285714328289031982e-01 3.549100112915039062e+01 5.921400070190429688e+01 3.333499908447265625e+01
1.600000000000000000e+01 6.651785969734191895e-01 3.680899810791015625e+01 5.546500015258789062e+01 3.301399993896484375e+01
1.500000000000000000e+01 7.187500000000000000e-01 3.551200103759765625e+01 5.269200134277343750e+01 3.531999969482421875e+01
7.000000000000000000e+00 8.616071343421936035e-01 4.152000045776367188e+01 5.380699920654296875e+01 3.835100173950195312e+01
0.000000000000000000e+00 9.732142686843872070e-01 4.692200088500976562e+01 5.058800125122070312e+01 3.608200073242187500e+01
7.000000000000000000e+00 9.910714030265808105e-01 4.971200180053710938e+01 4.862200164794921875e+01 3.799300003051757812e+01
2.200000000000000000e+01 9.821428656578063965e-01 5.206200027465820312e+01 4.583900070190429688e+01 3.645600128173828125e+01
2.200000000000000000e+01 9.642857313156127930e-01 5.429000091552734375e+01 4.368399810791015625e+01 3.868199920654296875e+01
1.500000000000000000e+01 8.750000000000000000e-01 5.692100143432617188e+01 4.118099975585937500e+01 3.750600051879882812e+01
1.800000000000000000e+01 7.008928656578063965e-01 5.996900177001953125e+01 3.899000167846679688e+01 3.845999908447265625e+01
0.000000000000000000e+00 5.758928656578063965e-01 6.303699874877929688e+01 4.058000183105468750e+01 3.681900024414062500e+01
2.000000000000000000e+00 2.946428656578063965e-01 6.637999725341796875e+01 3.883700180053710938e+01 3.585100173950195312e+01
3.000000000000000000e+00 2.633928656578063965e-01 6.556700134277343750e+01 3.528799819946289062e+01 3.722399902343750000e+01
1.700000000000000000e+01 8.035714179277420044e-02 6.770099639892578125e+01 3.322800064086914062e+01 3.490200042724609375e+01
9.000000000000000000e+00 4.017857089638710022e-02 7.047499847412109375e+01 3.591199874877929688e+01 3.454899978637695312e+01
1.600000000000000000e+01 6.696428358554840088e-02 7.039700317382812500e+01 3.937599945068359375e+01 3.319900131225585938e+01
1.000000000000000000e+00 2.098214328289031982e-01 6.740899658203125000e+01 3.990499877929687500e+01 3.077899932861328125e+01
1.000000000000000000e+00 2.857142984867095947e-01 6.614499664306640625e+01 4.307400131225585938e+01 2.910499954223632812e+01
2.000000000000000000e+01 5.625000000000000000e-01 6.239400100708007812e+01 4.374599838256835938e+01 2.943700027465820312e+01
1.800000000000000000e+01 6.339285969734191895e-01 6.024900054931640625e+01 4.582600021362304688e+01 2.710499954223632812e+01
1.100000000000000000e+01 8.125000000000000000e-01 5.686100006103515625e+01 4.652799987792968750e+01 2.880100059509277344e+01
0.000000000000000000e+00 8.258928656578063965e-01 5.379499816894531250e+01 4.778599929809570312e+01 2.706500053405761719e+01
0.000000000000000000e+00 9.196428656578063965e-01 5.030300140380859375e+01 4.909199905395507812e+01 2.817700004577636719e+01
1.200000000000000000e+01 8.437500000000000000e-01 4.738999938964843750e+01 4.962599945068359375e+01 2.576199913024902344e+01
1.200000000000000000e+01 8.571428656578063965e-01 4.461899948120117188e+01 5.168899917602539062e+01 2.736100006103515625e+01
1.700000000000000000e+01 7.544642686843872070e-01 4.091099929809570312e+01 5.221599960327148438e+01 2.690999984741210938e+01
1.600000000000000000e+01 7.321428656578063965e-01 3.837599945068359375e+01 5.332699966430664062e+01 2.955699920654296875e+01
2.000000000000000000e+01 7.901785969734191895e-01 3.700500106811523438e+01 4.986600112915039062e+01 3.049099922180175781e+01
1.700000000000000000e+01 8.839285969734191895e-01 3.997399902343750000e+01 4.771400070190429688e+01 2.945400047302246094e+01
2.000000000000000000e+01 9.508928656578063965e-01 4.372700119018554688e+01 4.737300109863281250e+01 2.935099983215332031e+01
1.700000000000000000e+01 9.375000000000000000e-01 4.626399993896484375e+01 4.491299819946289062e+01 2.779199981689453125e+01
1.800000000000000000e+01 9.598214030265808105e-01 4.990499877929687500e+01 4.452999877929687500e+01 2.889800071716308594e+01
1.800000000000000000e+01 8.705357313156127930e-01 5.261500167846679688e+01 4.231999969482421875e+01 2.738100051879882812e+01
0.000000000000000000e+00 7.857142686843872070e-01 5.632400131225585938e+01 4.191199874877929688e+01 2.790600013732910156e+01
2.200000000000000000e+01 5.848214030265808105e-01 5.902000045776367188e+01 4.125099945068359375e+01 2.533499908447265625e+01
2.200000000000000000e+01 4.553571343421936035e-01 6.212599945068359375e+01 3.956299972534179688e+01 2.676199913024902344e+01
1.800000000000000000e+01 1.651785671710968018e-01 6.554499816894531250e+01 4.007300186157226562e+01 2.517900085449218750e+01
2.000000000000000000e+00 3.571428731083869934e-02 6.907800292968750000e+01 3.860800170898437500e+01 2.556699943542480469e+01
1.600000000000000000e+01 8.928571827709674835e-03 7.192900085449218750e+01 4.107899856567382812e+01 2.612599945068359375e+01
