1 1 14 0 0.02395209580838331 0 0 33.825 15.003 31.126
1 2 18 0 0.12574850299401197 0 0 31.773 18.083 30.337
1 3 7 0 0.3053892215568862 0 0 34.138 20.890 29.496
1 4 20 0 0.592814371257485 0 0 32.991 24.408 30.037
1 5 13 0 0.7425149700598803 0 0 34.619 27.429 28.428
1 6 12 0 0.9221556886227544 0 0 34.589 30.111 30.971
1 7 22 0 0.9520958083832335 0 0 35.611 33.613 29.956
1 8 22 0 0.9880239520958084 0 0 36.687 36.136 32.658
1 9 22 0 0.9700598802395209 0 0 35.694 39.522 31.364
1 10 9 0 0.9281437125748503 0 0 36.384 42.956 32.743
1 11 0 0 0.7844311377245509 0 0 38.643 45.944 32.879
1 12 9 0 0.6227544910179641 0 0 42.217 46.198 33.886
1 13 9 0 0.5808383233532934 0 0 42.894 46.220 37.581
1 14 22 0 0.8143712574850299 0 0 39.987 44.034 38.557
1 15 9 0 0.8203592814371258 0 0 42.147 41.018 39.307
1 16 13 0 0.9341317365269461 0 0 41.139 38.983 36.296
1 17 17 0 0.8263473053892215 0 0 44.111 36.655 36.610
1 18 0 0 0.7544910179640718 0 0 44.216 36.773 40.432
1 19 12 0 0.8922155688622755 0 0 40.992 34.909 40.589
1 20 18 0 0.8682634730538922 0 0 41.823 32.267 38.078
1 21 11 0 0.6407185628742516 0 0 45.277 31.662 39.535
1 22 6 0 0.5868263473053892 0 0 43.846 31.329 43.000
1 23 12 0 0.6646706586826348 0 0 41.349 28.711 41.929
1 24 11 0 0.5029940119760479 0 0 43.933 26.737 39.987
1 25 6 0 0.26347305389221565 0 0 47.415 26.972 41.512
1 26 2 0 0.27544910179640725 0 0 46.064 28.224 44.794
1 27 10 0 0.19760479041916168 0 0 48.180 31.351 45.071
1 28 15 0 0.3652694610778443 0 0 47.868 35.096 44.274
1 29 22 0 0.35928143712574856 0 0 49.508 36.496 41.193
1 30 3 0 0.08982035928143717 0 0 52.765 38.341 41.672
1 31 7 0 0.11377245508982048 0 0 52.972 39.940 38.290
1 32 20 0 0.24550898203592808 0 0 51.160 40.572 35.003
1 33 3 0 0.21556886227544902 0 0 51.387 38.209 32.081
1 34 16 0 0.3532934131736526 0 0 49.155 38.320 29.009
1 35 18 0 0.4850299401197605 0 0 47.748 34.831 29.557
1 36 11 0 0.3892215568862275 0 0 47.170 34.176 25.888
1 37 7 0 0.14371257485029942 0 0 49.758 31.467 25.311
1 38 3 0 0.281437125748503 0 0 49.013 30.540 28.893
1 39 17 0 0.4610778443113772 0 0 45.709 28.662 29.400
1 40 20 0 0.5209580838323353 0 0 44.662 27.270 32.684
1 41 1 0 0.5149700598802396 0 0 42.214 24.543 33.501
1 42 13 0 0.4011976047904191 0 0 41.216 22.058 36.145
1 43 6 0 0.16766467065868274 0 0 38.970 19.049 36.407
1 44 22 0 0.221556886227545 0 0 36.782 19.541 39.374
1 45 22 0 0.10179640718562877 0 0 33.779 17.840 41.137
1 46 11 0 0.20359281437125742 0 0 30.826 20.217 41.303
1 47 3 0 0.06586826347305386 0 0 27.587 19.055 42.977
1 48 9 0 0.0 0 0 28.615 15.430 42.694
1 49 7 0 0.029940119760479056 0 0 29.148 15.697 38.957
1 50 18 0 0.04790419161676651 0 0 32.680 15.892 37.675
1 51 5 0 0.19161676646706582 0 0 33.455 18.612 35.133
1 52 12 0 0.3772455089820359 0 0 36.380 20.374 33.520
1 53 12 0 0.6467065868263473 0 0 36.763 24.123 33.704
1 54 3 0 0.6706586826347305 0 0 38.703 25.794 30.974
1 55 11 0 0.8562874251497006 0 0 39.411 29.333 32.092
1 56 12 0 0.8622754491017964 0 0 40.095 32.172 29.649
1 57 3 0 0.874251497005988 0 0 41.874 35.340 30.708
1 58 18 0 0.8383233532934131 0 0 41.010 38.518 28.794
1 59 0 0 0.6287425149700598 0 0 43.783 41.021 28.292
1 60 9 0 0.41916167664670656 0 0 44.568 44.352 26.670
1 61 6 0 0.34730538922155685 0 0 42.069 47.152 26.047
1 62 7 0 0.3173652694610779 0 0 39.393 46.511 23.475
1 63 7 0 0.07784431137724557 0 0 40.719 46.975 19.980
1 64 20 0 0.059880239520958 0 0 37.430 46.468 18.263
1 65 17 0 0.041916167664670656 0 0 38.952 43.678 16.197
1 66 0 0 0.03592814371257491 0 0 37.653 40.472 14.651
1 67 14 0 0.08383233532934131 0 0 40.078 38.444 16.760
1 68 1 0 0.3413173652694611 0 0 38.635 39.633 20.016
1 69 3 0 0.2934131736526946 0 0 35.158 38.681 18.827
1 70 6 0 0.22754491017964074 0 0 36.401 35.135 18.116
1 71 20 0 0.5089820359281436 0 0 37.963 35.066 21.581
1 72 14 0 0.6766467065868262 0 0 34.782 36.230 23.216
1 73 1 0 0.4970059880239521 0 0 32.793 33.671 21.294
1 74 18 0 0.5568862275449102 0 0 34.845 30.998 23.008
1 75 9 0 0.8023952095808383 0 0 32.956 31.253 26.251
1 76 7 0 0.7005988023952096 0 0 29.740 29.534 27.101
1 77 9 0 0.8982035928143712 0 0 30.131 30.900 30.630
1 78 15 0 0.9640718562874252 0 0 30.853 34.555 31.342
1 79 12 0 0.9940119760479041 0 0 32.406 35.894 34.478
1 80 5 0 0.9820359281437125 0 0 32.235 39.691 34.457
1 81 22 0 0.9760479041916168 0 0 34.623 40.983 37.012
1 82 15 0 0.8802395209580838 0 0 34.577 44.389 38.621
1 83 0 0 0.6946107784431137 0 0 36.430 46.074 41.437
1 84 11 0 0.5329341317365269 0 0 34.349 46.825 44.518
1 85 2 0 0.28742514970059885 0 0 36.605 49.760 45.304
1 86 2 0 0.32335329341317365 0 0 36.365 51.313 41.848
1 87 18 0 0.25149700598802394 0 0 33.449 52.923 40.063
1 88 13 0 0.29940119760479034 0 0 34.893 52.867 36.627
1 89 17 0 0.6167664670658684 0 0 35.074 49.088 36.352
1 90 15 0 0.6107784431137725 0 0 31.514 48.851 37.501
1 91 7 0 0.43113772455089827 0 0 30.459 51.124 34.645
1 92 3 0 0.5748502994011976 0 0 32.364 49.034 32.154
1 93 11 0 0.7784431137724551 0 0 30.186 46.057 32.913
1 94 10 0 0.5449101796407185 0 0 27.484 47.406 30.665
1 95 10 0 0.49101796407185627 0 0 29.853 47.702 27.729
1 96 20 0 0.7664670658682635 0 0 31.078 44.191 28.387
1 97 1 0 0.7125748502994012 0 0 27.469 42.906 28.858
1 98 7 0 0.4730538922155688 0 0 26.823 44.342 25.419
1 99 6 0 0.5389221556886228 0 0 29.890 42.757 23.865
1 100 11 0 0.688622754491018 0 0 28.714 39.508 25.388
1 101 13 0 0.4491017964071856 0 0 25.258 40.115 23.901
1 102 1 0 0.23952095808383234 0 0 26.710 41.104 20.517
1 103 22 0 0.37125748502994016 0 0 29.068 38.131 20.149
1 104 13 0 0.39520958083832336 0 0 26.769 35.361 21.343
1 105 3 0 0.13772455089820357 0 0 23.570 36.385 19.687
1 106 17 0 0.18562874251497008 0 0 21.633 36.423 22.925
1 107 7 0 0.3293413173652695 0 0 20.868 38.173 26.161
1 108 3 0 0.33532934131736525 0 0 19.962 34.944 27.844
1 109 22 0 0.5688622754491017 0 0 23.508 33.631 28.020
1 110 16 0 0.7724550898203593 0 0 25.100 32.447 31.177
1 111 14 0 0.9041916167664671 0 0 26.742 35.317 33.088
1 112 22 0 0.9461077844311377 0 0 27.798 35.755 36.724
1 113 12 0 0.9401197604790419 0 0 28.742 39.160 38.084
1 114 22 0 0.9580838323353293 0 0 31.870 39.134 40.163
1 115 9 0 0.8502994011976048 0 0 32.480 41.722 42.833
1 116 2 0 0.844311377245509 0 0 36.253 41.423 43.213
1 117 13 0 0.5988023952095809 0 0 38.594 42.930 45.830
1 118 5 0 0.45508982035928147 0 0 36.507 42.430 48.911
1 119 3 0 0.2335329341317366 0 0 39.720 42.143 50.875
1 120 12 0 0.053892215568862256 0 0 38.969 44.950 53.296
1 121 16 0 0.017964071856287345 0 0 36.045 46.824 54.518
1 122 17 0 0.0119760479041916 0 0 35.186 49.977 52.498
1 123 1 0 0.13173652694610782 0 0 33.253 49.378 49.276
1 124 18 0 0.09580838323353291 0 0 32.946 52.128 46.695
1 125 22 0 0.2574850299401197 0 0 30.447 50.437 44.493
1 126 3 0 0.10778443113772451 0 0 26.988 50.586 46.018
1 127 18 0 0.16167664670658677 0 0 25.697 47.169 46.981
1 128 13 0 0.0718562874251496 0 0 22.200 48.114 45.963
1 129 6 0 0.14970059880239517 0 0 23.236 49.278 42.515
1 130 0 0 0.46706586826347307 0 0 25.212 46.093 41.879
1 131 6 0 0.38323353293413165 0 0 22.383 43.864 43.083
1 132 3 0 0.15568862275449102 0 0 19.886 45.810 40.915
1 133 12 0 0.437125748502994 0 0 22.165 45.167 38.001
1 134 0 0 0.5508982035928144 0 0 22.127 41.458 38.960
1 135 1 0 0.2694610778443114 0 0 18.371 41.521 38.968
1 136 17 0 0.17365269461077848 0 0 17.960 43.502 35.748
1 137 20 0 0.4251497005988024 0 0 19.496 40.795 33.669
1 138 9 0 0.40718562874251496 0 0 18.614 37.883 35.886
1 139 11 0 0.652694610778443 0 0 22.085 36.890 36.774
1 140 16 0 0.7065868263473054 0 0 23.777 36.114 40.082
1 141 15 0 0.7904191616766467 0 0 26.174 38.313 41.957
1 142 11 0 0.8323353293413174 0 0 29.268 36.931 43.600
1 143 7 0 0.718562874251497 0 0 31.210 39.064 46.091
1 144 18 0 0.7485029940119761 0 0 34.816 37.813 46.452
1 145 17 0 0.6047904191616766 0 0 38.365 38.252 47.663
1 146 0 0 0.6826347305389222 0 0 41.017 36.846 45.426
1 147 13 0 0.4131736526946108 0 0 43.844 37.823 47.785
1 148 18 0 0.20958083832335328 0 0 42.359 36.289 50.893
1 149 1 0 0.44311377245508976 0 0 40.946 33.406 48.811
1 150 6 0 0.47904191616766467 0 0 37.248 33.843 49.606
1 151 9 0 0.658682634730539 0 0 34.436 32.968 47.190
1 152 22 0 0.8083832335329342 0 0 36.987 32.441 44.499
1 153 3 0 0.7365269461077844 0 0 35.742 28.925 43.895
1 154 3 0 0.7305389221556886 0 0 32.071 29.852 44.475
1 155 0 0 0.9101796407185628 0 0 32.214 32.243 41.577
1 156 15 0 0.9161676646706587 0 0 33.295 29.670 39.025
1 157 20 0 0.7604790419161677 0 0 31.091 27.067 40.462
1 158 18 0 0.7964071856287425 0 0 28.047 29.296 40.368
1 159 12 0 0.8862275449101796 0 0 28.621 30.038 36.765
1 160 22 0 0.7245508982035929 0 0 28.817 26.281 36.121
1 161 1 0 0.5269461077844311 0 0 25.405 25.844 37.604
1 162 7 0 0.6347305389221557 0 0 24.258 28.655 35.258
1 163 11 0 0.562874251497006 0 0 25.497 26.735 32.211
1 164 1 0 0.31137724550898194 0 0 24.070 23.544 33.589
1 165 13 0 0.17964071856287422 0 0 20.561 25.123 33.985
1 166 10 0 0.11976047904191622 0 0 19.631 25.118 30.346
1 167 13 0 0.0059880239520957446 0 0 18.402 21.668 29.243
