1 1 14 0 0.0059880239520957446 0 0 38.506 15.676 28.150
1 2 18 0 0.10778443113772451 0 0 36.155 18.625 28.054
1 3 7 0 0.29940119760479034 0 0 37.856 22.038 28.024
1 4 20 0 0.592814371257485 0 0 35.982 25.147 29.247
1 5 13 0 0.7544910179640718 0 0 37.498 28.488 28.281
1 6 12 0 0.9221556886227544 0 0 36.352 31.039 30.904
1 7 22 0 0.9580838323353293 0 0 36.688 34.644 29.876
1 8 22 0 0.9880239520958084 0 0 36.801 37.269 32.516
1 9 22 0 0.9700598802395209 0 0 35.361 40.478 31.098
1 10 9 0 0.9341317365269461 0 0 34.846 43.752 32.863
1 11 0 0 0.7904191616766467 0 0 36.325 47.214 33.350
1 12 9 0 0.658682634730539 0 0 39.679 48.172 34.633
1 13 9 0 0.5748502994011976 0 0 40.101 48.368 38.380
1 14 22 0 0.8143712574850299 0 0 37.662 45.611 39.297
1 15 9 0 0.8263473053892215 0 0 40.180 42.933 40.280
1 16 13 0 0.9281437125748503 0 0 39.946 40.671 37.212
1 17 17 0 0.8383233532934131 0 0 43.500 39.465 37.552
1 18 0 0 0.7604790419161677 0 0 43.015 39.438 41.359
1 19 12 0 0.8862275449101796 0 0 40.289 36.803 41.204
1 20 18 0 0.874251497005988 0 0 41.969 34.672 38.567
1 21 11 0 0.652694610778443 0 0 45.223 34.649 40.522
1 22 6 0 0.6047904191616766 0 0 43.389 33.855 43.666
1 23 12 0 0.7065868263473054 0 0 41.659 30.970 41.838
1 24 11 0 0.5269461077844311 0 0 44.728 29.530 40.380
1 25 6 0 0.28742514970059885 0 0 47.827 30.179 42.422
1 26 2 0 0.3053892215568862 0 0 45.867 31.057 45.520
1 27 10 0 0.24550898203592808 0 0 47.471 34.437 46.153
1 28 15 0 0.3413173652694611 0 0 46.717 38.077 45.577
1 29 22 0 0.3532934131736526 0 0 48.224 40.056 42.651
1 30 3 0 0.11377245508982048 0 0 50.911 42.629 43.192
1 31 7 0 0.08383233532934131 0 0 52.402 42.999 39.709
1 32 20 0 0.20958083832335328 0 0 50.627 43.425 36.440
1 33 3 0 0.2335329341317366 0 0 50.950 41.888 32.976
1 34 16 0 0.40718562874251496 0 0 48.386 41.969 30.151
1 35 18 0 0.5089820359281436 0 0 47.941 38.255 30.687
1 36 11 0 0.4011976047904191 0 0 47.992 37.307 27.090
1 37 7 0 0.13772455089820357 0 0 51.407 35.742 26.976
1 38 3 0 0.2574850299401197 0 0 50.549 33.435 29.904
1 39 17 0 0.4131736526946108 0 0 48.026 30.762 30.480
1 40 20 0 0.5568862275449102 0 0 46.140 30.608 33.773
1 41 1 0 0.5329341317365269 0 0 44.313 27.345 34.181
1 42 13 0 0.41916167664670656 0 0 43.425 24.364 36.332
1 43 6 0 0.18562874251497008 0 0 41.970 20.931 35.591
1 44 22 0 0.16766467065868274 0 0 39.610 20.104 38.390
1 45 22 0 0.10179640718562877 0 0 36.831 18.023 39.675
1 46 11 0 0.19161676646706582 0 0 33.543 19.838 39.687
1 47 3 0 0.06586826347305386 0 0 30.337 18.053 40.692
1 48 9 0 0.0 0 0 31.682 14.511 40.026
1 49 7 0 0.02395209580838331 0 0 33.078 15.350 36.632
1 50 18 0 0.04790419161676651 0 0 36.551 16.442 35.749
1 51 5 0 0.21556886227544902 0 0 36.959 19.513 33.573
1 52 12 0 0.35928143712574856 0 0 39.749 21.850 32.458
1 53 12 0 0.6467065868263473 0 0 39.248 25.527 33.172
1 54 3 0 0.6706586826347305 0 0 41.406 27.741 31.035
1 55 11 0 0.8562874251497006 0 0 40.964 31.215 32.334
1 56 12 0 0.8622754491017964 0 0 41.229 34.090 29.833
1 57 3 0 0.8802395209580838 0 0 42.035 37.697 30.915
1 58 18 0 0.8502994011976048 0 0 40.690 40.900 29.545
1 59 0 0 0.6646706586826348 0 0 43.026 43.852 29.600
1 60 9 0 0.45508982035928147 0 0 42.930 47.421 28.167
1 61 6 0 0.3772455089820359 0 0 40.077 48.970 26.172
1 62 7 0 0.3652694610778443 0 0 37.773 47.705 23.453
1 63 7 0 0.09580838323353291 0 0 38.838 48.892 20.043
1 64 20 0 0.07784431137724557 0 0 36.709 46.693 17.813
1 65 17 0 0.041916167664670656 0 0 39.577 44.647 16.525
1 66 0 0 0.029940119760479056 0 0 39.419 41.287 14.846
1 67 14 0 0.12574850299401197 0 0 41.759 39.810 17.333
1 68 1 0 0.37125748502994016 0 0 39.731 40.696 20.368
1 69 3 0 0.2934131736526946 0 0 36.704 39.399 18.442
1 70 6 0 0.19760479041916168 0 0 38.511 36.119 17.764
1 71 20 0 0.4970059880239521 0 0 39.694 35.890 21.343
1 72 14 0 0.6407185628742516 0 0 36.094 36.108 22.524
1 73 1 0 0.437125748502994 0 0 34.945 33.477 20.055
1 74 18 0 0.47904191616766467 0 0 37.430 31.072 21.522
1 75 9 0 0.7365269461077844 0 0 35.591 31.945 24.732
1 76 7 0 0.7425149700598803 0 0 32.713 29.946 26.004
1 77 9 0 0.8982035928143712 0 0 31.703 31.042 29.393
1 78 15 0 0.9640718562874252 0 0 31.863 34.597 30.578
1 79 12 0 0.9940119760479041 0 0 32.701 36.150 33.967
1 80 5 0 0.9820359281437125 0 0 31.499 39.791 34.146
1 81 22 0 0.9760479041916168 0 0 33.341 41.571 36.992
1 82 15 0 0.8682634730538922 0 0 32.407 44.952 38.514
1 83 0 0 0.6946107784431137 0 0 33.653 46.745 41.630
1 84 11 0 0.5029940119760479 0 0 31.191 47.631 44.267
1 85 2 0 0.2694610778443114 0 0 32.982 50.875 45.142
1 86 2 0 0.3293413173652695 0 0 32.504 52.034 41.603
1 87 18 0 0.27544910179640725 0 0 29.279 52.716 39.743
1 88 13 0 0.3173652694610779 0 0 31.066 53.182 36.359
1 89 17 0 0.6107784431137725 0 0 32.104 49.567 36.394
1 90 15 0 0.5988023952095809 0 0 28.555 48.525 36.687
1 91 7 0 0.44311377245508976 0 0 27.383 50.531 33.711
1 92 3 0 0.5808383233532934 0 0 29.973 48.987 31.379
1 93 11 0 0.7844311377245509 0 0 28.559 45.576 32.095
1 94 10 0 0.5449101796407185 0 0 25.877 46.376 29.622
1 95 10 0 0.5149700598802396 0 0 28.442 47.227 26.938
1 96 20 0 0.7724550898203593 0 0 30.214 44.018 27.745
1 97 1 0 0.7305389221556886 0 0 27.061 41.843 27.489
1 98 7 0 0.4850299401197605 0 0 26.256 43.311 24.078
1 99 6 0 0.5209580838323353 0 0 29.844 42.772 22.899
1 100 11 0 0.6826347305389222 0 0 29.639 39.173 24.072
1 101 13 0 0.49101796407185627 0 0 26.289 38.585 22.440
1 102 1 0 0.26347305389221565 0 0 27.581 40.112 19.169
1 103 22 0 0.33532934131736525 0 0 30.597 37.865 18.797
1 104 13 0 0.3892215568862275 0 0 28.992 34.692 20.047
1 105 3 0 0.13173652694610782 0 0 26.081 35.316 17.696
1 106 17 0 0.14371257485029942 0 0 23.327 34.119 20.041
1 107 7 0 0.23952095808383234 0 0 21.414 35.575 23.022
1 108 3 0 0.34730538922155685 0 0 22.041 32.363 25.015
1 109 22 0 0.6227544910179641 0 0 25.460 32.865 26.514
1 110 16 0 0.7784431137724551 0 0 26.644 31.228 29.740
1 111 14 0 0.9101796407185628 0 0 27.618 34.121 31.864
1 112 22 0 0.9461077844311377 0 0 28.046 35.028 35.495
1 113 12 0 0.9401197604790419 0 0 28.149 38.390 37.111
1 114 22 0 0.9520958083832335 0 0 30.734 39.089 39.689
1 115 9 0 0.844311377245509 0 0 30.775 41.912 42.052
1 116 2 0 0.8323353293413174 0 0 34.351 42.035 43.506
1 117 13 0 0.562874251497006 0 0 36.060 44.009 46.261
1 118 5 0 0.4610778443113772 0 0 33.146 43.401 48.579
1 119 3 0 0.17365269461077848 0 0 35.663 44.099 51.355
1 120 12 0 0.03592814371257491 0 0 34.102 47.059 53.137
1 121 16 0 0.017964071856287345 0 0 30.525 47.400 54.207
1 122 17 0 0.0119760479041916 0 0 30.432 50.606 52.175
1 123 1 0 0.08982035928143717 0 0 29.582 50.428 48.535
1 124 18 0 0.053892215568862256 0 0 28.378 52.907 45.935
1 125 22 0 0.20359281437125742 0 0 26.733 50.325 43.777
1 126 3 0 0.11976047904191622 0 0 23.342 49.401 45.043
1 127 18 0 0.16167664670658677 0 0 22.772 45.836 45.924
1 128 13 0 0.059880239520958 0 0 19.183 46.083 44.828
1 129 6 0 0.14970059880239517 0 0 20.296 47.339 41.401
1 130 0 0 0.46706586826347307 0 0 22.797 44.520 41.290
1 131 6 0 0.32335329341317365 0 0 20.135 41.994 42.158
1 132 3 0 0.15568862275449102 0 0 17.809 43.527 39.639
1 133 12 0 0.4251497005988024 0 0 20.541 43.573 36.992
1 134 0 0 0.5389221556886228 0 0 21.115 39.945 37.736
1 135 1 0 0.281437125748503 0 0 17.429 39.063 37.542
1 136 17 0 0.221556886227545 0 0 17.114 41.273 34.485
1 137 20 0 0.43113772455089827 0 0 19.252 39.031 32.310
1 138 9 0 0.38323353293413165 0 0 18.261 35.909 34.224
1 139 11 0 0.6347305389221557 0 0 21.736 35.327 35.396
1 140 16 0 0.718562874251497 0 0 23.382 34.568 38.704
1 141 15 0 0.7964071856287425 0 0 25.296 37.164 40.662
1 142 11 0 0.8203592814371258 0 0 28.100 36.572 43.172
1 143 7 0 0.7125748502994012 0 0 29.753 38.947 45.626
1 144 18 0 0.7485029940119761 0 0 33.272 37.846 46.200
1 145 17 0 0.5868263473053892 0 0 36.502 38.855 47.821
1 146 0 0 0.6766467065868262 0 0 39.684 38.341 45.797
1 147 13 0 0.39520958083832336 0 0 41.791 39.648 48.676
1 148 18 0 0.25149700598802394 0 0 40.207 37.482 51.324
1 149 1 0 0.4491017964071856 0 0 39.414 34.485 49.116
1 150 6 0 0.4730538922155688 0 0 35.660 34.504 49.729
1 151 9 0 0.6167664670658684 0 0 33.723 32.649 47.060
1 152 22 0 0.8023952095808383 0 0 36.207 32.858 44.317
1 153 3 0 0.688622754491018 0 0 35.919 29.134 43.827
1 154 3 0 0.7005988023952096 0 0 32.119 29.495 43.895
1 155 0 0 0.9041916167664671 0 0 32.273 32.353 41.353
1 156 15 0 0.9161676646706587 0 0 33.934 30.193 38.717
1 157 20 0 0.7664670658682635 0 0 32.054 27.106 39.674
1 158 18 0 0.8083832335329342 0 0 28.870 29.198 39.267
1 159 12 0 0.8922155688622755 0 0 29.855 29.652 35.641
1 160 22 0 0.7245508982035929 0 0 30.595 25.992 35.255
1 161 1 0 0.5508982035928144 0 0 27.131 25.413 36.672
1 162 7 0 0.6287425149700598 0 0 25.579 27.631 34.029
1 163 11 0 0.5688622754491017 0 0 27.544 25.931 31.270
1 164 1 0 0.31137724550898194 0 0 26.358 22.473 32.176
1 165 13 0 0.17964071856287422 0 0 22.760 23.397 32.840
1 166 10 0 0.22754491017964074 0 0 22.286 25.107 29.498
1 167 13 0 0.0718562874251496 0 0 22.378 23.448 26.159
