1 1 14 0 0.0119760479041916 0 0 32.067 18.030 48.936
1 2 18 0 0.10179640718562877 0 0 33.786 19.687 45.981
1 3 7 0 0.29940119760479034 0 0 34.415 23.303 46.820
1 4 20 0 0.5808383233532934 0 0 35.203 25.683 43.904
1 5 13 0 0.7365269461077844 0 0 36.969 28.975 44.405
1 6 12 0 0.9221556886227544 0 0 35.465 31.626 42.106
1 7 22 0 0.9580838323353293 0 0 37.006 35.045 41.586
1 8 22 0 0.9880239520958084 0 0 35.117 37.929 40.070
1 9 22 0 0.9760479041916168 0 0 37.459 40.385 38.571
1 10 9 0 0.9281437125748503 0 0 37.408 43.456 36.322
1 11 0 0 0.7784431137724551 0 0 38.335 47.057 36.307
1 12 9 0 0.652694610778443 0 0 36.448 49.086 38.909
1 13 9 0 0.592814371257485 0 0 33.027 50.544 38.213
1 14 22 0 0.8023952095808383 0 0 31.817 47.675 36.144
1 15 9 0 0.8323353293413174 0 0 29.232 46.296 38.510
1 16 13 0 0.9401197604790419 0 0 31.402 43.296 39.302
1 17 17 0 0.8682634730538922 0 0 30.110 43.050 42.854
1 18 0 0 0.7904191616766467 0 0 26.501 43.320 41.829
1 19 12 0 0.8982035928143712 0 0 26.537 40.024 39.929
1 20 18 0 0.8862275449101796 0 0 27.624 38.277 43.072
1 21 11 0 0.658682634730539 0 0 25.192 40.403 45.014
1 22 6 0 0.6167664670658684 0 0 22.371 39.362 42.689
1 23 12 0 0.6646706586826348 0 0 23.394 35.697 43.044
1 24 11 0 0.5329341317365269 0 0 24.122 35.507 46.761
1 25 6 0 0.37125748502994016 0 0 21.627 38.002 48.172
1 26 2 0 0.3053892215568862 0 0 19.140 37.060 45.463
1 27 10 0 0.20359281437125742 0 0 18.200 40.680 44.923
1 28 15 0 0.34730538922155685 0 0 19.965 43.769 43.465
1 29 22 0 0.16766467065868274 0 0 20.813 45.919 46.446
1 30 3 0 0.12574850299401197 0 0 21.386 49.557 45.413
1 31 7 0 0.06586826347305386 0 0 23.353 50.517 48.503
1 32 20 0 0.21556886227544902 0 0 27.020 49.832 47.529
1 33 3 0 0.22754491017964074 0 0 29.527 48.458 49.973
1 34 16 0 0.32335329341317365 0 0 33.230 48.695 49.166
1 35 18 0 0.44311377245508976 0 0 34.562 45.259 50.115
1 36 11 0 0.17964071856287422 0 0 36.882 45.295 53.054
1 37 7 0 0.2574850299401197 0 0 36.458 41.543 53.565
1 38 3 0 0.35928143712574856 0 0 33.080 39.732 53.363
1 39 17 0 0.4011976047904191 0 0 32.169 36.145 52.828
1 40 20 0 0.5688622754491017 0 0 30.197 34.929 49.818
1 41 1 0 0.4850299401197605 0 0 29.369 31.213 49.621
1 42 13 0 0.4131736526946108 0 0 26.306 29.217 48.504
1 43 6 0 0.18562874251497008 0 0 25.573 25.523 48.238
1 44 22 0 0.221556886227545 0 0 23.937 24.660 45.019
1 45 22 0 0.08982035928143717 0 0 23.040 21.499 43.203
1 46 11 0 0.15568862275449102 0 0 23.998 21.563 39.520
1 47 3 0 0.041916167664670656 0 0 22.876 18.757 37.202
1 48 9 0 0.0 0 0 22.476 16.084 39.814
1 49 7 0 0.017964071856287345 0 0 25.647 17.013 41.624
1 50 18 0 0.059880239520958 0 0 26.082 19.241 44.612
1 51 5 0 0.19161676646706582 0 0 28.950 21.633 44.963
1 52 12 0 0.3413173652694611 0 0 29.674 24.628 47.170
1 53 12 0 0.6227544910179641 0 0 30.651 27.841 45.372
1 54 3 0 0.6407185628742516 0 0 33.000 30.164 47.331
1 55 11 0 0.8562874251497006 0 0 33.116 33.552 45.623
1 56 12 0 0.844311377245509 0 0 35.980 35.935 46.242
1 57 3 0 0.8622754491017964 0 0 35.925 39.636 45.654
1 58 18 0 0.8143712574850299 0 0 39.459 40.838 45.130
1 59 0 0 0.5269461077844311 0 0 40.868 43.372 47.552
1 60 9 0 0.40718562874251496 0 0 41.938 46.915 46.730
1 61 6 0 0.3652694610778443 0 0 44.641 47.585 44.154
1 62 7 0 0.13173652694610782 0 0 48.267 47.459 44.945
1 63 7 0 0.04790419161676651 0 0 51.621 47.029 43.262
1 64 20 0 0.053892215568862256 0 0 53.164 43.808 41.935
1 65 17 0 0.029940119760479056 0 0 53.608 41.554 44.921
1 66 0 0 0.03592814371257491 0 0 53.154 38.051 46.261
1 67 14 0 0.08383233532934131 0 0 50.226 39.059 48.370
1 68 1 0 0.281437125748503 0 0 48.642 40.505 45.297
1 69 3 0 0.33532934131736525 0 0 49.219 37.234 43.473
1 70 6 0 0.3173652694610779 0 0 47.696 35.173 46.293
1 71 20 0 0.5868263473053892 0 0 44.101 36.038 45.550
1 72 14 0 0.6946107784431137 0 0 44.432 35.282 41.855
1 73 1 0 0.5029940119760479 0 0 46.239 32.091 42.645
1 74 18 0 0.5449101796407185 0 0 43.364 31.260 45.045
1 75 9 0 0.7964071856287425 0 0 40.903 31.061 42.231
1 76 7 0 0.7425149700598803 0 0 39.755 28.015 40.401
1 77 9 0 0.9101796407185628 0 0 37.249 29.827 38.264
1 78 15 0 0.9700598802395209 0 0 37.313 33.359 36.891
1 79 12 0 0.9940119760479041 0 0 34.640 35.727 35.642
1 80 5 0 0.9820359281437125 0 0 36.515 38.584 33.912
1 81 22 0 0.9640718562874252 0 0 34.017 41.436 33.970
1 82 15 0 0.8802395209580838 0 0 33.828 44.430 31.673
1 83 0 0 0.7065868263473054 0 0 31.073 47.013 31.065
1 84 11 0 0.49101796407185627 0 0 29.550 47.804 27.716
1 85 2 0 0.25149700598802394 0 0 29.263 51.584 28.145
1 86 2 0 0.3532934131736526 0 0 32.744 52.046 29.387
1 87 18 0 0.2694610778443114 0 0 35.773 51.442 27.170
1 88 13 0 0.38323353293413165 0 0 38.413 51.415 29.848
1 89 17 0 0.6347305389221557 0 0 37.175 48.259 31.459
1 90 15 0 0.6047904191616766 0 0 37.155 46.420 28.089
1 91 7 0 0.437125748502994 0 0 40.669 47.505 27.346
1 92 3 0 0.5568862275449102 0 0 42.106 46.056 30.495
1 93 11 0 0.7544910179640718 0 0 40.878 42.535 29.729
1 94 10 0 0.5209580838323353 0 0 44.101 41.430 27.999
1 95 10 0 0.5149700598802396 0 0 45.938 42.209 31.255
1 96 20 0 0.8083832335329342 0 0 43.426 40.319 33.325
1 97 1 0 0.7485029940119761 0 0 43.812 37.130 31.378
1 98 7 0 0.47904191616766467 0 0 47.576 37.252 31.532
1 99 6 0 0.5389221556886228 0 0 47.606 37.725 35.285
1 100 11 0 0.6826347305389222 0 0 45.640 34.571 35.895
1 101 13 0 0.46706586826347307 0 0 47.803 32.668 33.400
1 102 1 0 0.24550898203592808 0 0 50.936 33.615 35.379
1 103 22 0 0.3293413173652695 0 0 49.808 32.475 38.832
1 104 13 0 0.3892215568862275 0 0 48.076 29.281 37.765
1 105 3 0 0.13772455089820357 0 0 51.133 28.872 35.522
1 106 17 0 0.14371257485029942 0 0 49.513 27.796 32.296
1 107 7 0 0.28742514970059885 0 0 47.247 29.031 29.486
1 108 3 0 0.39520958083832336 0 0 44.343 26.733 30.236
1 109 22 0 0.6107784431137725 0 0 42.370 28.012 33.201
1 110 16 0 0.7844311377245509 0 0 38.552 28.019 33.534
1 111 14 0 0.9161676646706587 0 0 37.317 31.501 32.802
1 112 22 0 0.9461077844311377 0 0 34.216 33.174 31.429
1 113 12 0 0.9341317365269461 0 0 34.225 36.577 29.767
1 114 22 0 0.9520958083832335 0 0 31.386 38.783 30.992
1 115 9 0 0.8502994011976048 0 0 29.918 41.872 29.490
1 116 2 0 0.8383233532934131 0 0 27.882 43.832 32.014
1 117 13 0 0.5748502994011976 0 0 25.309 46.617 32.199
1 118 5 0 0.45508982035928147 0 0 23.743 45.489 29.089
1 119 3 0 0.19760479041916168 0 0 20.173 46.569 29.486
1 120 12 0 0.11377245508982048 0 0 21.321 50.230 29.411
1 121 16 0 0.0059880239520957446 0 0 20.056 52.268 26.419
1 122 17 0 0.02395209580838331 0 0 23.673 53.377 26.029
1 123 1 0 0.0718562874251496 0 0 26.654 51.595 24.589
1 124 18 0 0.07784431137724557 0 0 30.340 52.232 23.996
1 125 22 0 0.2335329341317366 0 0 31.804 48.778 23.546
1 126 3 0 0.11976047904191622 0 0 30.862 47.099 20.300
1 127 18 0 0.23952095808383234 0 0 29.739 43.605 21.022
1 128 13 0 0.09580838323353291 0 0 31.550 42.543 17.841
1 129 6 0 0.14970059880239517 0 0 34.906 43.491 19.389
1 130 0 0 0.4610778443113772 0 0 34.172 41.461 22.413
1 131 6 0 0.3772455089820359 0 0 32.992 38.488 20.406
1 132 3 0 0.16167664670658677 0 0 36.279 38.562 18.555
1 133 12 0 0.41916167664670656 0 0 38.282 38.954 21.763
1 134 0 0 0.5508982035928144 0 0 36.434 36.020 23.326
1 135 1 0 0.2934131736526946 0 0 37.191 33.729 20.405
1 136 17 0 0.20958083832335328 0 0 40.676 35.080 20.462
1 137 20 0 0.4491017964071856 0 0 41.455 33.646 23.858
1 138 9 0 0.43113772455089827 0 0 39.127 30.691 23.474
1 139 11 0 0.6706586826347305 0 0 36.960 31.918 26.319
1 140 16 0 0.7305389221556886 0 0 33.149 31.848 26.556
1 141 15 0 0.7724550898203593 0 0 31.423 35.264 26.348
1 142 11 0 0.8203592814371258 0 0 28.195 36.180 28.007
1 143 7 0 0.7245508982035929 0 0 26.297 39.509 28.302
1 144 18 0 0.7664670658682635 0 0 24.664 40.448 31.583
1 145 17 0 0.6287425149700598 0 0 22.714 42.798 33.816
1 146 0 0 0.6766467065868262 0 0 22.771 42.224 37.565
1 147 13 0 0.4251497005988024 0 0 19.920 44.652 38.206
1 148 18 0 0.26347305389221565 0 0 17.398 42.833 36.070
1 149 1 0 0.4730538922155688 0 0 18.965 39.387 36.691
1 150 6 0 0.4970059880239521 0 0 19.774 38.754 33.072
1 151 9 0 0.6467065868263473 0 0 22.359 36.258 31.981
1 152 22 0 0.8263473053892215 0 0 23.447 36.093 35.552
1 153 3 0 0.7005988023952096 0 0 23.010 32.489 36.810
1 154 3 0 0.688622754491018 0 0 23.906 31.228 33.367
1 155 0 0 0.8922155688622755 0 0 27.309 32.839 33.546
1 156 15 0 0.9041916167664671 0 0 27.959 31.270 36.921
1 157 20 0 0.7125748502994012 0 0 26.686 27.937 35.659
1 158 18 0 0.7604790419161677 0 0 28.760 27.938 32.542
1 159 12 0 0.874251497005988 0 0 31.894 28.591 34.542
1 160 22 0 0.718562874251497 0 0 31.195 25.747 36.934
1 161 1 0 0.5089820359281436 0 0 30.406 23.431 34.106
1 162 7 0 0.5988023952095809 0 0 33.627 24.434 32.486
1 163 11 0 0.562874251497006 0 0 35.596 23.633 35.589
1 164 1 0 0.31137724550898194 0 0 34.001 20.208 35.916
1 165 13 0 0.17365269461077848 0 0 35.088 19.392 32.420
1 166 10 0 0.27544910179640725 0 0 38.496 20.952 32.752
1 167 13 0 0.10778443113772451 0 0 39.499 18.458 35.461
