1 1 14 0 0.0119760479041916 0 0 25.149 21.134 19.867
1 2 18 0 0.13772455089820357 0 0 25.938 24.595 21.187
1 3 7 0 0.32335329341317365 0 0 29.507 25.829 21.441
1 4 20 0 0.6047904191616766 0 0 29.774 28.824 23.737
1 5 13 0 0.7425149700598803 0 0 32.981 30.839 23.827
1 6 12 0 0.9101796407185628 0 0 33.284 32.052 27.434
1 7 22 0 0.9580838323353293 0 0 35.930 34.655 28.081
1 8 22 0 0.9880239520958084 0 0 37.575 35.098 31.419
1 9 22 0 0.9700598802395209 0 0 38.389 38.833 31.816
1 10 9 0 0.9221556886227544 0 0 39.470 41.219 34.594
1 11 0 0 0.7784431137724551 0 0 42.261 43.035 36.278
1 12 9 0 0.6167664670658684 0 0 45.589 41.591 37.419
1 13 9 0 0.5688622754491017 0 0 45.720 39.554 40.568
1 14 22 0 0.8023952095808383 0 0 42.087 38.482 40.633
1 15 9 0 0.8263473053892215 0 0 42.417 34.781 39.806
1 16 13 0 0.9161676646706587 0 0 41.312 34.300 36.213
1 17 17 0 0.8203592814371258 0 0 43.429 31.321 35.314
1 18 0 0 0.7245508982035929 0 0 42.624 29.636 38.641
1 19 12 0 0.8862275449101796 0 0 38.917 29.793 37.929
1 20 18 0 0.874251497005988 0 0 39.390 28.150 34.546
1 21 11 0 0.6347305389221557 0 0 41.683 25.404 35.813
1 22 6 0 0.5988023952095809 0 0 39.296 24.692 38.649
1 23 12 0 0.7005988023952096 0 0 36.326 24.784 36.233
1 24 11 0 0.5508982035928144 0 0 37.703 22.364 33.712
1 25 6 0 0.29940119760479034 0 0 40.359 20.279 35.528
1 26 2 0 0.33532934131736525 0 0 39.052 20.807 39.084
1 27 10 0 0.24550898203592808 0 0 42.446 21.871 40.436
1 28 15 0 0.2934131736526946 0 0 44.459 24.876 41.531
1 29 22 0 0.3053892215568862 0 0 47.179 26.790 39.640
1 30 3 0 0.10179640718562877 0 0 50.845 26.817 40.577
1 31 7 0 0.11377245508982048 0 0 52.392 29.317 38.151
1 32 20 0 0.2574850299401197 0 0 51.305 31.820 35.554
1 33 3 0 0.21556886227544902 0 0 51.374 30.959 31.833
1 34 16 0 0.3532934131736526 0 0 50.036 32.958 28.919
1 35 18 0 0.4730538922155688 0 0 47.384 30.244 28.226
1 36 11 0 0.3413173652694611 0 0 47.277 30.839 24.444
1 37 7 0 0.11976047904191622 0 0 48.514 27.566 23.215
1 38 3 0 0.23952095808383234 0 0 46.451 25.797 25.832
1 39 17 0 0.41916167664670656 0 0 42.689 25.445 25.421
1 40 20 0 0.5149700598802396 0 0 40.189 23.958 27.793
1 41 1 0 0.5089820359281436 0 0 36.484 23.024 27.115
1 42 13 0 0.40718562874251496 0 0 33.798 20.954 28.750
1 43 6 0 0.17365269461077848 0 0 30.625 19.462 27.360
1 44 22 0 0.19760479041916168 0 0 27.940 19.672 30.121
1 45 22 0 0.10778443113772451 0 0 24.238 19.428 30.382
1 46 11 0 0.20958083832335328 0 0 22.737 22.634 31.668
1 47 3 0 0.0718562874251496 0 0 19.154 22.711 32.756
1 48 9 0 0.0 0 0 18.277 19.621 30.760
1 49 7 0 0.02395209580838331 0 0 20.033 20.848 27.663
1 50 18 0 0.04790419161676651 0 0 23.509 19.886 26.413
1 51 5 0 0.20359281437125742 0 0 25.990 22.519 25.525
1 52 12 0 0.3772455089820359 0 0 29.725 22.771 25.243
1 53 12 0 0.658682634730539 0 0 31.703 25.466 27.028
1 54 3 0 0.6646706586826348 0 0 34.960 26.760 25.561
1 55 11 0 0.8562874251497006 0 0 37.088 28.680 28.089
1 56 12 0 0.8622754491017964 0 0 39.276 31.558 26.881
1 57 3 0 0.8682634730538922 0 0 41.925 33.204 29.101
1 58 18 0 0.8383233532934131 0 0 43.048 36.816 29.195
1 59 0 0 0.6227544910179641 0 0 46.712 37.539 29.729
1 60 9 0 0.39520958083832336 0 0 48.831 40.612 29.449
1 61 6 0 0.3892215568862275 0 0 47.655 44.152 29.758
1 62 7 0 0.3652694610778443 0 0 45.538 45.945 27.268
1 63 7 0 0.09580838323353291 0 0 47.222 48.130 24.671
1 64 20 0 0.06586826347305386 0 0 44.747 48.655 21.833
1 65 17 0 0.041916167664670656 0 0 46.362 46.053 19.522
1 66 0 0 0.017964071856287345 0 0 44.393 44.636 16.561
1 67 14 0 0.08383233532934131 0 0 44.842 40.985 17.418
1 68 1 0 0.34730538922155685 0 0 43.088 41.420 20.759
1 69 3 0 0.27544910179640725 0 0 39.959 42.957 19.306
1 70 6 0 0.17964071856287422 0 0 39.741 39.938 17.078
1 71 20 0 0.47904191616766467 0 0 40.254 37.763 20.086
1 72 14 0 0.6467065868263473 0 0 37.279 39.274 21.865
1 73 1 0 0.45508982035928147 0 0 35.027 39.039 18.856
1 74 18 0 0.5029940119760479 0 0 35.392 35.314 19.006
1 75 9 0 0.7305389221556886 0 0 34.065 35.749 22.449
1 76 7 0 0.718562874251497 0 0 30.434 35.167 23.098
1 77 9 0 0.8982035928143712 0 0 30.023 35.474 26.839
1 78 15 0 0.9640718562874252 0 0 32.154 37.598 29.093
1 79 12 0 0.9940119760479041 0 0 33.112 36.799 32.636
1 80 5 0 0.9820359281437125 0 0 34.261 39.912 34.437
1 81 22 0 0.9760479041916168 0 0 36.319 39.017 37.387
1 82 15 0 0.8802395209580838 0 0 37.132 41.313 40.274
1 83 0 0 0.6946107784431137 0 0 38.348 40.348 43.737
1 84 11 0 0.5269461077844311 0 0 36.315 41.054 46.885
1 85 2 0 0.28742514970059885 0 0 39.530 41.618 48.717
1 86 2 0 0.35928143712574856 0 0 40.810 44.281 46.291
1 87 18 0 0.2335329341317366 0 0 39.142 47.630 45.907
1 88 13 0 0.281437125748503 0 0 41.074 48.564 42.740
1 89 17 0 0.5868263473053892 0 0 39.871 45.378 40.988
1 90 15 0 0.5808383233532934 0 0 36.259 46.508 41.375
1 91 7 0 0.437125748502994 0 0 36.990 49.860 39.793
1 92 3 0 0.5568862275449102 0 0 38.590 48.652 36.612
1 93 11 0 0.7365269461077844 0 0 35.431 46.874 35.672
1 94 10 0 0.5329341317365269 0 0 34.219 49.972 33.830
1 95 10 0 0.5209580838323353 0 0 37.344 49.711 31.702
1 96 20 0 0.7724550898203593 0 0 36.571 46.131 30.813
1 97 1 0 0.7065868263473054 0 0 32.835 46.649 30.391
1 98 7 0 0.4970059880239521 0 0 33.626 49.389 27.932
1 99 6 0 0.562874251497006 0 0 36.094 47.171 26.141
1 100 11 0 0.6826347305389222 0 0 33.621 44.422 25.689
1 101 13 0 0.49101796407185627 0 0 31.045 46.986 24.607
1 102 1 0 0.2694610778443114 0 0 33.245 48.344 21.809
1 103 22 0 0.38323353293413165 0 0 34.298 45.016 20.421
1 104 13 0 0.4011976047904191 0 0 30.827 43.459 20.503
1 105 3 0 0.14371257485029942 0 0 29.112 46.655 19.393
1 106 17 0 0.18562874251497008 0 0 26.274 46.368 21.854
1 107 7 0 0.31137724550898194 0 0 25.036 46.736 25.434
1 108 3 0 0.37125748502994016 0 0 22.810 43.670 25.549
1 109 22 0 0.6107784431137725 0 0 25.859 41.346 25.623
1 110 16 0 0.7964071856287425 0 0 25.777 38.375 27.968
1 111 14 0 0.9041916167664671 0 0 28.013 39.309 30.834
1 112 22 0 0.9520958083832335 0 0 28.720 38.243 34.404
1 113 12 0 0.9401197604790419 0 0 30.132 40.208 37.267
1 114 22 0 0.9461077844311377 0 0 31.934 37.706 39.537
1 115 9 0 0.844311377245509 0 0 33.324 38.597 42.936
1 116 2 0 0.8502994011976048 0 0 36.189 36.133 43.222
1 117 13 0 0.592814371257485 0 0 38.200 35.502 46.328
1 118 5 0 0.4610778443113772 0 0 35.503 34.705 48.795
1 119 3 0 0.26347305389221565 0 0 38.051 32.371 50.352
1 120 12 0 0.059880239520958 0 0 37.299 33.786 53.811
1 121 16 0 0.03592814371257491 0 0 34.090 35.289 55.003
1 122 17 0 0.029940119760479056 0 0 35.331 38.849 54.829
1 123 1 0 0.12574850299401197 0 0 35.386 41.604 52.181
1 124 18 0 0.08982035928143717 0 0 37.076 44.887 51.295
1 125 22 0 0.221556886227545 0 0 34.754 45.665 48.382
1 126 3 0 0.13173652694610782 0 0 31.240 46.080 49.799
1 127 18 0 0.16167664670658677 0 0 28.331 43.777 48.851
1 128 13 0 0.07784431137724557 0 0 26.410 46.967 48.433
1 129 6 0 0.15568862275449102 0 0 28.875 48.358 45.922
1 130 0 0 0.4850299401197605 0 0 28.819 45.247 43.784
1 131 6 0 0.3173652694610779 0 0 25.017 44.899 43.949
1 132 3 0 0.14970059880239517 0 0 24.566 48.524 42.852
1 133 12 0 0.4131736526946108 0 0 26.895 48.026 39.877
1 134 0 0 0.5389221556886228 0 0 24.991 44.796 38.947
1 135 1 0 0.22754491017964074 0 0 21.733 46.746 39.056
1 136 17 0 0.16766467065868274 0 0 23.151 49.610 36.984
1 137 20 0 0.44311377245508976 0 0 24.470 47.602 34.076
1 138 9 0 0.4251497005988024 0 0 21.827 44.919 34.523
1 139 11 0 0.6706586826347305 0 0 24.067 41.992 35.093
1 140 16 0 0.7664670658682635 0 0 24.622 39.036 37.369
1 141 15 0 0.7544910179640718 0 0 26.554 39.304 40.562
1 142 11 0 0.8323353293413174 0 0 28.103 35.928 41.400
1 143 7 0 0.688622754491018 0 0 30.060 34.945 44.538
1 144 18 0 0.7604790419161677 0 0 32.833 32.485 44.108
1 145 17 0 0.6407185628742516 0 0 36.147 31.204 45.473
1 146 0 0 0.6766467065868262 0 0 38.370 29.415 42.997
1 147 13 0 0.4491017964071856 0 0 40.791 28.552 45.765
1 148 18 0 0.25149700598802394 0 0 38.332 26.966 48.188
1 149 1 0 0.43113772455089827 0 0 36.408 25.529 45.254
1 150 6 0 0.46706586826347307 0 0 33.132 27.216 46.060
1 151 9 0 0.6287425149700598 0 0 30.504 28.398 43.532
1 152 22 0 0.8083832335329342 0 0 33.204 28.219 40.899
1 153 3 0 0.7485029940119761 0 0 30.694 26.589 38.537
1 154 3 0 0.7844311377245509 0 0 27.970 29.126 39.260
1 155 0 0 0.9341317365269461 0 0 29.780 31.924 37.454
1 156 15 0 0.9281437125748503 0 0 29.965 30.218 34.134
1 157 20 0 0.7904191616766467 0 0 26.604 28.433 34.473
1 158 18 0 0.8143712574850299 0 0 24.917 31.760 34.920
1 159 12 0 0.8922155688622755 0 0 26.575 33.210 31.801
1 160 22 0 0.7125748502994012 0 0 25.283 30.332 29.718
1 161 1 0 0.5449101796407185 0 0 21.771 31.023 30.785
1 162 7 0 0.652694610778443 0 0 22.502 34.589 29.821
1 163 11 0 0.5748502994011976 0 0 23.557 33.561 26.294
1 164 1 0 0.3293413173652695 0 0 20.591 31.183 25.949
1 165 13 0 0.19161676646706582 0 0 18.138 33.849 26.976
1 166 10 0 0.053892215568862256 0 0 16.732 34.426 23.576
1 167 13 0 0.0059880239520957446 0 0 15.436 31.270 21.991
