5.000000000000000000e+00 9.375000000000000000e-02 2.546899986267089844e+01 3.872600173950195312e+01 4.195600128173828125e+01
1.600000000000000000e+01 2.187500000000000000e-01 2.649099922180175781e+01 4.230799865722656250e+01 4.121400070190429688e+01
1.200000000000000000e+01 5.044642686843872070e-01 3.012999916076660156e+01 4.125899887084960938e+01 4.056700134277343750e+01
1.400000000000000000e+01 5.178571343421936035e-01 3.109399986267089844e+01 3.848099899291992188e+01 3.806299972534179688e+01
2.200000000000000000e+01 6.875000000000000000e-01 3.470999908447265625e+01 3.735900115966796875e+01 3.742499923706054688e+01
1.300000000000000000e+01 6.696428656578063965e-01 3.584799957275390625e+01 3.520299911499023438e+01 3.430500030517578125e+01
2.200000000000000000e+01 7.187500000000000000e-01 3.938899993896484375e+01 3.375899887084960938e+01 3.372700119018554688e+01
1.200000000000000000e+01 6.741071343421936035e-01 4.038499832153320312e+01 3.306100082397460938e+01 3.008200073242187500e+01
3.000000000000000000e+00 6.160714030265808105e-01 4.340700149536132812e+01 3.100900077819824219e+01 2.883699989318847656e+01
0.000000000000000000e+00 6.116071343421936035e-01 4.496300125122070312e+01 3.269400024414062500e+01 2.577599906921386719e+01
2.200000000000000000e+01 4.017857015132904053e-01 4.735800170898437500e+01 2.994300079345703125e+01 2.481200027465820312e+01
1.000000000000000000e+00 2.410714328289031982e-01 4.460599899291992188e+01 2.719700050354003906e+01 2.491699981689453125e+01
9.000000000000000000e+00 2.723214328289031982e-01 4.169599914550781250e+01 2.939399909973144531e+01 2.388899993896484375e+01
1.700000000000000000e+01 2.633928656578063965e-01 3.945299911499023438e+01 2.821500015258789062e+01 2.674699974060058594e+01
1.600000000000000000e+01 3.303571343421936035e-01 3.792300033569335938e+01 2.881999969482421875e+01 3.013899993896484375e+01
0.000000000000000000e+00 4.821428656578063965e-01 4.054700088500976562e+01 2.844599914550781250e+01 3.297299957275390625e+01
1.100000000000000000e+01 2.767857015132904053e-01 3.934400177001953125e+01 2.601499938964843750e+01 3.555500030517578125e+01
2.000000000000000000e+00 2.946428656578063965e-01 3.975799942016601562e+01 2.638100051879882812e+01 3.944400024414062500e+01
2.200000000000000000e+01 5.714285969734191895e-01 4.175899887084960938e+01 2.969499969482421875e+01 3.924900054931640625e+01
0.000000000000000000e+00 6.339285969734191895e-01 4.192399978637695312e+01 3.158200073242187500e+01 4.250699996948242188e+01
1.400000000000000000e+01 7.366071343421936035e-01 4.078400039672851562e+01 3.521200180053710938e+01 4.305400085449218750e+01
2.200000000000000000e+01 7.276785969734191895e-01 3.872200012207031250e+01 4.080699920654296875e+01 4.605899810791015625e+01
1.500000000000000000e+01 6.964285969734191895e-01 3.967800140380859375e+01 4.370199966430664062e+01 4.846200180053710938e+01
1.000000000000000000e+00 5.758928656578063965e-01 3.813800048828125000e+01 4.710800170898437500e+01 4.968899917602539062e+01
1.300000000000000000e+01 5.223214030265808105e-01 4.006700134277343750e+01 5.028400039672851562e+01 5.096400070190429688e+01
0.000000000000000000e+00 2.500000000000000000e-01 4.002899932861328125e+01 5.122900009155273438e+01 5.467499923706054688e+01
0.000000000000000000e+00 8.482142537832260132e-02 3.982099914550781250e+01 5.474499893188476562e+01 5.619599914550781250e+01
3.000000000000000000e+00 1.250000000000000000e-01 4.375999832153320312e+01 5.458599853515625000e+01 5.640399932861328125e+01
3.000000000000000000e+00 3.750000000000000000e-01 4.399599838256835938e+01 5.389099884033203125e+01 5.263399887084960938e+01
1.800000000000000000e+01 4.955357015132904053e-01 4.502000045776367188e+01 5.006999969482421875e+01 5.323799896240234375e+01
1.900000000000000000e+01 6.205357313156127930e-01 4.345000076293945312e+01 4.706299972534179688e+01 5.153400039672851562e+01
7.000000000000000000e+00 4.241071343421936035e-01 4.098300170898437500e+01 4.505699920654296875e+01 5.367399978637695312e+01
1.600000000000000000e+01 4.776785671710968018e-01 3.994599914550781250e+01 4.153400039672851562e+01 5.229800033569335938e+01
1.500000000000000000e+01 4.330357015132904053e-01 3.640599822998046875e+01 4.165100097656250000e+01 5.081900024414062500e+01
0.000000000000000000e+00 4.375000000000000000e-01 3.564099884033203125e+01 3.842699813842773438e+01 4.900899887084960938e+01
1.700000000000000000e+01 4.732142984867095947e-01 3.725899887084960938e+01 3.513999938964843750e+01 4.771699905395507812e+01
9.000000000000000000e+00 3.794642984867095947e-01 3.678400039672851562e+01 3.209600067138671875e+01 4.553699874877929688e+01
1.300000000000000000e+01 4.285714328289031982e-01 3.795500183105468750e+01 3.010600090026855469e+01 4.247200012207031250e+01
1.800000000000000000e+01 4.151785671710968018e-01 3.666299819946289062e+01 2.979999923706054688e+01 3.903799819946289062e+01
1.700000000000000000e+01 1.607142835855484009e-01 3.414699935913085938e+01 2.704899978637695312e+01 3.825400161743164062e+01
7.000000000000000000e+00 6.250000000000000000e-02 3.409099960327148438e+01 2.429800033569335938e+01 3.556900024414062500e+01
1.700000000000000000e+01 1.026785746216773987e-01 3.274599838256835938e+01 2.710899925231933594e+01 3.318999862670898438e+01
9.000000000000000000e+00 3.392857015132904053e-01 3.560599899291992188e+01 2.942600059509277344e+01 3.429600143432617188e+01
7.000000000000000000e+00 3.973214328289031982e-01 3.362200164794921875e+01 3.182200050354003906e+01 3.630400085449218750e+01
1.200000000000000000e+01 3.705357015132904053e-01 3.292100143432617188e+01 3.280199813842773438e+01 3.990000152587890625e+01
9.000000000000000000e+00 1.428571492433547974e-01 2.956800079345703125e+01 3.391699981689453125e+01 4.465299987792968750e+01
1.200000000000000000e+01 3.169642984867095947e-01 3.165299987792968750e+01 3.689300155639648438e+01 4.562400054931640625e+01
1.800000000000000000e+01 1.785714328289031982e-01 2.918000030517578125e+01 3.931999969482421875e+01 4.724200057983398438e+01
1.800000000000000000e+01 4.910714179277420044e-02 2.556800079345703125e+01 4.063000106811523438e+01 4.727899932861328125e+01
7.000000000000000000e+00 3.125000000000000000e-02 2.384099960327148438e+01 4.398500061035156250e+01 4.631100082397460938e+01
7.000000000000000000e+00 4.464285913854837418e-03 2.375900077819824219e+01 4.485400009155273438e+01 5.010100173950195312e+01
7.000000000000000000e+00 5.357142910361289978e-02 2.736300086975097656e+01 4.422600173950195312e+01 5.067300033569335938e+01
1.500000000000000000e+01 2.008928507566452026e-01 2.884099960327148438e+01 4.570199966430664062e+01 4.747800064086914062e+01
2.200000000000000000e+01 1.339285671710968018e-01 2.843700027465820312e+01 4.941099929809570312e+01 4.792900085449218750e+01
7.000000000000000000e+00 2.276785671710968018e-01 3.055800056457519531e+01 5.245399856567382812e+01 4.702600097656250000e+01
9.000000000000000000e+00 3.839285671710968018e-01 3.435699844360351562e+01 5.258100128173828125e+01 4.792399978637695312e+01
1.100000000000000000e+01 6.473214030265808105e-01 3.756499862670898438e+01 5.166099929809570312e+01 4.614899826049804688e+01
2.000000000000000000e+01 7.544642686843872070e-01 3.785400009155273438e+01 4.796300125122070312e+01 4.525999832153320312e+01
1.300000000000000000e+01 8.839285969734191895e-01 4.060699844360351562e+01 4.580199813842773438e+01 4.370800018310546875e+01
2.200000000000000000e+01 9.241071343421936035e-01 4.064599990844726562e+01 4.226900100708007812e+01 4.220700073242187500e+01
7.000000000000000000e+00 9.330357313156127930e-01 4.379800033569335938e+01 4.004700088500976562e+01 4.248099899291992188e+01
1.100000000000000000e+01 9.151785969734191895e-01 4.395299911499023438e+01 3.699300003051757812e+01 4.026399993896484375e+01
3.000000000000000000e+00 8.214285969734191895e-01 4.645600128173828125e+01 3.439799880981445312e+01 4.103300094604492188e+01
1.800000000000000000e+01 8.348214030265808105e-01 4.788499832153320312e+01 3.378300094604492188e+01 3.766299819946289062e+01
1.300000000000000000e+01 7.678571343421936035e-01 5.122399902343750000e+01 3.288000106811523438e+01 3.939899826049804688e+01
1.700000000000000000e+01 5.892857313156127930e-01 4.984400177001953125e+01 2.958699989318847656e+01 4.075199890136718750e+01
2.000000000000000000e+01 5.848214030265808105e-01 4.808000183105468750e+01 2.873399925231933594e+01 3.742499923706054688e+01
1.900000000000000000e+01 5.446428656578063965e-01 5.120000076293945312e+01 2.842000007629394531e+01 3.524599838256835938e+01
1.300000000000000000e+01 3.616071343421936035e-01 5.345000076293945312e+01 2.700300025939941406e+01 3.806100082397460938e+01
0.000000000000000000e+00 2.053571492433547974e-01 5.125999832153320312e+01 2.395199966430664062e+01 3.867699813842773438e+01
1.200000000000000000e+01 1.517857164144515991e-01 5.141500091552734375e+01 2.300399971008300781e+01 3.484999847412109375e+01
9.000000000000000000e+00 8.928571641445159912e-02 5.524700164794921875e+01 2.310700035095214844e+01 3.471400070190429688e+01
1.100000000000000000e+01 2.901785671710968018e-01 5.527399826049804688e+01 2.658300018310546875e+01 3.309700012207031250e+01
1.700000000000000000e+01 5.089285969734191895e-01 5.681499862670898438e+01 2.999799919128417969e+01 3.420000076293945312e+01
1.600000000000000000e+01 7.142857313156127930e-01 5.471500015258789062e+01 3.317599868774414062e+01 3.491699981689453125e+01
1.500000000000000000e+01 7.812500000000000000e-01 5.651900100708007812e+01 3.651100158691406250e+01 3.454600143432617188e+01
7.000000000000000000e+00 9.062500000000000000e-01 5.309700012207031250e+01 3.849000167846679688e+01 4.032899856567382812e+01
0.000000000000000000e+00 9.866071343421936035e-01 4.691099929809570312e+01 3.998500061035156250e+01 3.700799942016601562e+01
7.000000000000000000e+00 9.955357313156127930e-01 4.499499893188476562e+01 4.287599945068359375e+01 3.882300186157226562e+01
2.200000000000000000e+01 9.821428656578063965e-01 4.265700149536132812e+01 4.581600189208984375e+01 3.850500106811523438e+01
2.200000000000000000e+01 9.419642686843872070e-01 4.182899856567382812e+01 4.860100173950195312e+01 4.083499908447265625e+01
1.500000000000000000e+01 8.482142686843872070e-01 3.859600067138671875e+01 5.056600189208984375e+01 4.060499954223632812e+01
1.800000000000000000e+01 6.651785969734191895e-01 3.602299880981445312e+01 5.307300186157226562e+01 4.224599838256835938e+01
0.000000000000000000e+00 5.625000000000000000e-01 3.279499816894531250e+01 5.106999969482421875e+01 4.227299880981445312e+01
2.000000000000000000e+00 2.857142984867095947e-01 2.919099998474121094e+01 5.244900131225585938e+01 4.203699874877929688e+01
3.000000000000000000e+00 2.366071492433547974e-01 2.997200012207031250e+01 5.616500091552734375e+01 4.124900054931640625e+01
1.700000000000000000e+01 1.473214328289031982e-01 2.770000076293945312e+01 5.595999908447265625e+01 3.819800186157226562e+01
9.000000000000000000e+00 4.017857089638710022e-02 2.472200012207031250e+01 5.457099914550781250e+01 4.008700180053710938e+01
1.600000000000000000e+01 6.696428358554840088e-02 2.402899932861328125e+01 5.099700164794921875e+01 4.110300064086914062e+01
1.000000000000000000e+00 1.919642835855484009e-01 2.580900001525878906e+01 4.868899917602539062e+01 3.854899978637695312e+01
1.000000000000000000e+00 2.589285671710968018e-01 2.651000022888183594e+01 4.510100173950195312e+01 3.774499893188476562e+01
2.000000000000000000e+01 5.312500000000000000e-01 3.001300048828125000e+01 4.424900054931640625e+01 3.655500030517578125e+01
1.800000000000000000e+01 6.026785969734191895e-01 3.142600059509277344e+01 4.127600097656250000e+01 3.461600112915039062e+01
1.100000000000000000e+01 7.946428656578063965e-01 3.529000091552734375e+01 4.109600067138671875e+01 3.492200088500976562e+01
0.000000000000000000e+00 8.035714030265808105e-01 3.683800125122070312e+01 3.928599929809570312e+01 3.196699905395507812e+01
0.000000000000000000e+00 8.928571343421936035e-01 4.054899978637695312e+01 3.850799942016601562e+01 3.253099822998046875e+01
1.200000000000000000e+01 8.392857313156127930e-01 4.268099975585937500e+01 3.698199844360351562e+01 2.953400039672851562e+01
1.200000000000000000e+01 8.303571343421936035e-01 4.586899948120117188e+01 3.501499938964843750e+01 3.050799942016601562e+01
1.700000000000000000e+01 7.723214030265808105e-01 4.935499954223632812e+01 3.434099960327148438e+01 2.914500045776367188e+01
1.600000000000000000e+01 7.321428656578063965e-01 5.261199951171875000e+01 3.362500000000000000e+01 3.082900047302246094e+01
2.000000000000000000e+01 8.080357313156127930e-01 5.421500015258789062e+01 3.706700134277343750e+01 2.982900047302246094e+01
1.700000000000000000e+01 9.017857313156127930e-01 5.086000061035156250e+01 3.893899917602539062e+01 2.929100036621093750e+01
2.000000000000000000e+01 9.598214030265808105e-01 4.732199859619140625e+01 3.983700180053710938e+01 3.058699989318847656e+01
1.700000000000000000e+01 9.375000000000000000e-01 4.427099990844726562e+01 4.166500091552734375e+01 2.927099990844726562e+01
1.800000000000000000e+01 9.642857313156127930e-01 4.142399978637695312e+01 4.282199859619140625e+01 3.174099922180175781e+01
1.800000000000000000e+01 8.616071343421936035e-01 3.791600036621093750e+01 4.398799896240234375e+01 3.063400077819824219e+01
0.000000000000000000e+00 7.991071343421936035e-01 3.507899856567382812e+01 4.513499832153320312e+01 3.282899856567382812e+01
2.200000000000000000e+01 5.937500000000000000e-01 3.172599983215332031e+01 4.490399932861328125e+01 3.090900039672851562e+01
2.200000000000000000e+01 4.598214328289031982e-01 2.925900077819824219e+01 4.725600051879882812e+01 3.269900131225585938e+01
1.800000000000000000e+01 1.830357164144515991e-01 2.554599952697753906e+01 4.637400054931640625e+01 3.296900177001953125e+01
2.000000000000000000e+00 4.464285820722579956e-02 2.280699920654296875e+01 4.878699874877929688e+01 3.415299987792968750e+01
1.600000000000000000e+01 8.928571827709674835e-03 2.002499961853027344e+01 4.759999847412109375e+01 3.652000045776367188e+01
5.000000000000000000e+00 1.071428582072257996e-01 6.778399658203125000e+01 4.990599822998046875e+01 2.717700004577636719e+01
1.600000000000000000e+01 1.964285671710968018e-01 6.784300231933593750e+01 4.749300003051757812e+01 3.022999954223632812e+01
1.200000000000000000e+01 4.687500000000000000e-01 6.439299774169921875e+01 4.868299865722656250e+01 3.141200065612792969e+01
1.400000000000000000e+01 5.267857313156127930e-01 6.191099929809570312e+01 5.039799880981445312e+01 2.901099967956542969e+01
2.200000000000000000e+01 7.008928656578063965e-01 5.816600036621093750e+01 5.112799835205078125e+01 2.925900077819824219e+01
1.300000000000000000e+01 6.785714030265808105e-01 5.597100067138671875e+01 5.188800048828125000e+01 2.623299980163574219e+01
2.200000000000000000e+01 7.500000000000000000e-01 5.231600189208984375e+01 5.291299819946289062e+01 2.658900070190429688e+01
1.200000000000000000e+01 6.919642686843872070e-01 4.954499816894531250e+01 5.260599899291992188e+01 2.393400001525878906e+01
3.000000000000000000e+00 6.562500000000000000e-01 4.602999877929687500e+01 5.390999984741210938e+01 2.367200088500976562e+01
0.000000000000000000e+00 6.294642686843872070e-01 4.352999877929687500e+01 5.151699829101562500e+01 2.212599945068359375e+01
2.200000000000000000e+01 5.000000000000000000e-01 4.061800003051757812e+01 5.399700164794921875e+01 2.192200088500976562e+01
1.000000000000000000e+00 2.678571343421936035e-01 4.252899932861328125e+01 5.618899917602539062e+01 1.946599960327148438e+01
9.000000000000000000e+00 2.991071343421936035e-01 4.449399948120117188e+01 5.322100067138671875e+01 1.778199958801269531e+01
1.700000000000000000e+01 3.125000000000000000e-01 4.789500045776367188e+01 5.459099960327148438e+01 1.863999938964843750e+01
1.600000000000000000e+01 4.107142984867095947e-01 5.065499877929687500e+01 5.563700103759765625e+01 2.113699913024902344e+01
0.000000000000000000e+00 5.357142686843872070e-01 4.976200103759765625e+01 5.725199890136718750e+01 2.446599960327148438e+01
1.100000000000000000e+01 3.348214328289031982e-01 5.151100158691406250e+01 6.044699859619140625e+01 2.517499923706054688e+01
2.000000000000000000e+00 3.437500000000000000e-01 5.256900024414062500e+01 6.191099929809570312e+01 2.851399993896484375e+01
2.200000000000000000e+01 6.383928656578063965e-01 5.126399993896484375e+01 5.896799850463867188e+01 3.054000091552734375e+01
0.000000000000000000e+00 6.428571343421936035e-01 5.279299926757812500e+01 5.933399963378906250e+01 3.392499923706054688e+01
1.400000000000000000e+01 7.232142686843872070e-01 5.447499847412109375e+01 5.657400131225585938e+01 3.602999877929687500e+01
2.200000000000000000e+01 7.098214030265808105e-01 5.876499938964843750e+01 5.256399917602539062e+01 3.903400039672851562e+01
1.500000000000000000e+01 6.607142686843872070e-01 5.955899810791015625e+01 5.093799972534179688e+01 4.234999847412109375e+01
1.000000000000000000e+00 5.491071343421936035e-01 6.206800079345703125e+01 4.822499847412109375e+01 4.342200088500976562e+01
1.300000000000000000e+01 5.133928656578063965e-01 6.160100173950195312e+01 4.568199920654296875e+01 4.625099945068359375e+01
0.000000000000000000e+00 2.232142835855484009e-01 6.374399948120117188e+01 4.604399871826171875e+01 4.942399978637695312e+01
0.000000000000000000e+00 7.589285820722579956e-02 6.569200134277343750e+01 4.394599914550781250e+01 5.187400054931640625e+01
3.000000000000000000e+00 8.035714179277420044e-02 6.240700149536132812e+01 4.386999893188476562e+01 5.405199813842773438e+01
3.000000000000000000e+00 3.214285671710968018e-01 6.003799819946289062e+01 4.355500030517578125e+01 5.106200027465820312e+01
1.800000000000000000e+01 3.258928656578063965e-01 5.892499923706054688e+01 4.736199951171875000e+01 5.152899932861328125e+01
1.900000000000000000e+01 5.535714030265808105e-01 5.813600158691406250e+01 4.905699920654296875e+01 4.814400100708007812e+01
7.000000000000000000e+00 3.526785671710968018e-01 6.075199890136718750e+01 5.182199859619140625e+01 4.781900024414062500e+01
1.600000000000000000e+01 4.196428656578063965e-01 6.109999847412109375e+01 5.395100021362304688e+01 4.456600189208984375e+01
1.500000000000000000e+01 3.571428656578063965e-01 6.354999923706054688e+01 5.311800003051757812e+01 4.174399948120117188e+01
0.000000000000000000e+00 3.660714328289031982e-01 6.283599853515625000e+01 5.552700042724609375e+01 3.881700134277343750e+01
1.700000000000000000e+01 4.642857015132904053e-01 5.990800094604492188e+01 5.796200180053710938e+01 3.771699905395507812e+01
9.000000000000000000e+00 3.883928656578063965e-01 5.863000106811523438e+01 5.998799896240234375e+01 3.466699981689453125e+01
1.300000000000000000e+01 4.866071343421936035e-01 5.620999908447265625e+01 5.992800140380859375e+01 3.165800094604492188e+01
1.800000000000000000e+01 4.910714328289031982e-01 5.586899948120117188e+01 5.859700012207031250e+01 2.810099983215332031e+01
1.700000000000000000e+01 2.142857164144515991e-01 5.721799850463867188e+01 6.044800186157226562e+01 2.518000030517578125e+01
7.000000000000000000e+00 1.116071417927742004e-01 5.548799896240234375e+01 6.081200027465820312e+01 2.180800056457519531e+01
1.700000000000000000e+01 1.651785671710968018e-01 5.634999847412109375e+01 5.735699844360351562e+01 2.020400047302246094e+01
9.000000000000000000e+00 4.464285671710968018e-01 5.471699905395507812e+01 5.590800094604492188e+01 2.335799980163574219e+01
7.000000000000000000e+00 3.928571343421936035e-01 5.824200057983398438e+01 5.536100006103515625e+01 2.484000015258789062e+01
1.200000000000000000e+01 4.553571343421936035e-01 5.964599990844726562e+01 5.593099975585937500e+01 2.824900054931640625e+01
9.000000000000000000e+00 1.160714253783226013e-01 6.599600219726562500e+01 5.670700073242187500e+01 3.051700019836425781e+01
1.200000000000000000e+01 3.080357015132904053e-01 6.460099792480468750e+01 5.490000152587890625e+01 3.366899871826171875e+01
1.800000000000000000e+01 1.383928507566452026e-01 6.797200012207031250e+01 5.347499847412109375e+01 3.471400070190429688e+01
1.800000000000000000e+01 2.232142910361289978e-02 7.161900329589843750e+01 5.253099822998046875e+01 3.363399887084960938e+01
7.000000000000000000e+00 1.785714365541934967e-02 7.236399841308593750e+01 4.897399902343750000e+01 3.237699890136718750e+01
7.000000000000000000e+00 0.000000000000000000e+00 7.474199676513671875e+01 4.847399902343750000e+01 3.530300140380859375e+01
7.000000000000000000e+00 2.678571455180644989e-02 7.216600036621093750e+01 4.965900039672851562e+01 3.796900177001953125e+01
1.500000000000000000e+01 1.562500000000000000e-01 6.935700225830078125e+01 4.747999954223632812e+01 3.668799972534179688e+01
2.200000000000000000e+01 1.205357164144515991e-01 6.976999664306640625e+01 4.426300048828125000e+01 3.860300064086914062e+01
7.000000000000000000e+00 2.098214328289031982e-01 6.797399902343750000e+01 4.111199951171875000e+01 3.977899932861328125e+01
9.000000000000000000e+00 4.062500000000000000e-01 6.463300323486328125e+01 4.112699890136718750e+01 4.172900009155273438e+01
1.100000000000000000e+01 6.517857313156127930e-01 6.126599884033203125e+01 4.245199966430664062e+01 4.170800018310546875e+01
2.000000000000000000e+01 7.633928656578063965e-01 5.980799865722656250e+01 4.561199951171875000e+01 4.022200012207031250e+01
1.300000000000000000e+01 8.750000000000000000e-01 5.647999954223632812e+01 4.750400161743164062e+01 4.004800033569335938e+01
2.200000000000000000e+01 9.107142686843872070e-01 5.531800079345703125e+01 5.000199890136718750e+01 3.739599990844726562e+01
7.000000000000000000e+00 9.196428656578063965e-01 5.253200149536132812e+01 5.226900100708007812e+01 3.863899993896484375e+01
1.100000000000000000e+01 8.973214030265808105e-01 5.085400009155273438e+01 5.404600143432617188e+01 3.570899963378906250e+01
3.000000000000000000e+00 8.125000000000000000e-01 4.875600051879882812e+01 5.715200042724609375e+01 3.633599853515625000e+01
1.800000000000000000e+01 8.437500000000000000e-01 4.596799850463867188e+01 5.592100143432617188e+01 3.400199890136718750e+01
1.300000000000000000e+01 7.410714030265808105e-01 4.283499908447265625e+01 5.770700073242187500e+01 3.532500076293945312e+01
1.700000000000000000e+01 5.803571343421936035e-01 4.463199996948242188e+01 6.111899948120117188e+01 3.507099914550781250e+01
2.000000000000000000e+01 5.982142686843872070e-01 4.526900100708007812e+01 6.036800003051757812e+01 3.131999969482421875e+01
1.900000000000000000e+01 5.669642686843872070e-01 4.161299896240234375e+01 5.970100021362304688e+01 3.062000083923339844e+01
1.300000000000000000e+01 3.482142984867095947e-01 4.038000106811523438e+01 6.270899963378906250e+01 3.270299911499023438e+01
0.000000000000000000e+00 2.321428507566452026e-01 4.273199844360351562e+01 6.493299865722656250e+01 3.062299919128417969e+01
1.200000000000000000e+01 1.875000000000000000e-01 4.056700134277343750e+01 6.394400024414062500e+01 2.762199974060058594e+01
9.000000000000000000e+00 1.294642835855484009e-01 3.751300048828125000e+01 6.452200317382812500e+01 2.979400062561035156e+01
1.100000000000000000e+01 3.035714328289031982e-01 3.626499938964843750e+01 6.092599868774414062e+01 3.002000045776367188e+01
1.700000000000000000e+01 4.419642984867095947e-01 3.565399932861328125e+01 5.908800125122070312e+01 3.330199813842773438e+01
1.600000000000000000e+01 6.830357313156127930e-01 3.739799880981445312e+01 5.561000061035156250e+01 3.346500015258789062e+01
1.500000000000000000e+01 7.589285969734191895e-01 3.623500061035156250e+01 5.271400070190429688e+01 3.561899948120117188e+01
7.000000000000000000e+00 8.571428656578063965e-01 4.183800125122070312e+01 5.397200012207031250e+01 3.902399826049804688e+01
0.000000000000000000e+00 9.732142686843872070e-01 4.733399963378906250e+01 5.061999893188476562e+01 3.671900177001953125e+01
7.000000000000000000e+00 9.776785969734191895e-01 4.983599853515625000e+01 4.862699890136718750e+01 3.872700119018554688e+01
2.200000000000000000e+01 9.910714030265808105e-01 5.184199905395507812e+01 4.618999862670898438e+01 3.682300186157226562e+01
2.200000000000000000e+01 9.508928656578063965e-01 5.430400085449218750e+01 4.400899887084960938e+01 3.881900024414062500e+01
1.500000000000000000e+01 8.660714030265808105e-01 5.706800079345703125e+01 4.159999847412109375e+01 3.755899810791015625e+01
1.800000000000000000e+01 7.053571343421936035e-01 6.012200164794921875e+01 3.959899902343750000e+01 3.870199966430664062e+01
0.000000000000000000e+00 5.580357313156127930e-01 6.328099822998046875e+01 4.034400177001953125e+01 3.651499938964843750e+01
2.000000000000000000e+00 2.812500000000000000e-01 6.644499969482421875e+01 3.831700134277343750e+01 3.574300003051757812e+01
3.000000000000000000e+00 2.544642984867095947e-01 6.532399749755859375e+01 3.496699905395507812e+01 3.724599838256835938e+01
1.700000000000000000e+01 9.821428358554840088e-02 6.689399719238281250e+01 3.274900054931640625e+01 3.454800033569335938e+01
9.000000000000000000e+00 5.803571268916130066e-02 6.962200164794921875e+01 3.532400131225585938e+01 3.410499954223632812e+01
1.600000000000000000e+01 7.142857462167739868e-02 7.049600219726562500e+01 3.881000137329101562e+01 3.270999908447265625e+01
1.000000000000000000e+00 1.696428507566452026e-01 6.794599914550781250e+01 4.030199813842773438e+01 3.037000083923339844e+01
1.000000000000000000e+00 2.455357164144515991e-01 6.669300079345703125e+01 4.349900054931640625e+01 2.873999977111816406e+01
2.000000000000000000e+01 5.401785969734191895e-01 6.291500091552734375e+01 4.418799972534179688e+01 2.952700042724609375e+01
1.800000000000000000e+01 6.071428656578063965e-01 6.064699935913085938e+01 4.615100097656250000e+01 2.721899986267089844e+01
1.100000000000000000e+01 7.901785969734191895e-01 5.743199920654296875e+01 4.661500167846679688e+01 2.905699920654296875e+01
0.000000000000000000e+00 8.258928656578063965e-01 5.414500045776367188e+01 4.725099945068359375e+01 2.720599937438964844e+01
0.000000000000000000e+00 9.285714030265808105e-01 5.087799835205078125e+01 4.867599868774414062e+01 2.847999954223632812e+01
1.200000000000000000e+01 8.705357313156127930e-01 4.770100021362304688e+01 4.946500015258789062e+01 2.662000083923339844e+01
1.200000000000000000e+01 8.526785969734191895e-01 4.488999938964843750e+01 5.167399978637695312e+01 2.781800079345703125e+01
1.700000000000000000e+01 7.857142686843872070e-01 4.105799865722656250e+01 5.196799850463867188e+01 2.754800033569335938e+01
1.600000000000000000e+01 7.455357313156127930e-01 3.839799880981445312e+01 5.328300094604492188e+01 3.009799957275390625e+01
2.000000000000000000e+01 7.767857313156127930e-01 3.665499877929687500e+01 4.994499969482421875e+01 3.077099990844726562e+01
1.700000000000000000e+01 8.794642686843872070e-01 3.951100158691406250e+01 4.771500015258789062e+01 2.969899940490722656e+01
2.000000000000000000e+01 9.464285969734191895e-01 4.338199996948242188e+01 4.738499832153320312e+01 2.966900062561035156e+01
1.700000000000000000e+01 9.553571343421936035e-01 4.616500091552734375e+01 4.512500000000000000e+01 2.842700004577636719e+01
1.800000000000000000e+01 9.687500000000000000e-01 4.989599990844726562e+01 4.463199996948242188e+01 2.932600021362304688e+01
1.800000000000000000e+01 8.883928656578063965e-01 5.259299850463867188e+01 4.226100158691406250e+01 2.823699951171875000e+01
0.000000000000000000e+00 8.169642686843872070e-01 5.644400024414062500e+01 4.207699966430664062e+01 2.884399986267089844e+01
2.200000000000000000e+01 6.250000000000000000e-01 5.878300094604492188e+01 4.172900009155273438e+01 2.583399963378906250e+01
2.200000000000000000e+01 4.508928656578063965e-01 6.209799957275390625e+01 4.001100158691406250e+01 2.655599975585937500e+01
1.800000000000000000e+01 1.741071492433547974e-01 6.529699707031250000e+01 4.013000106811523438e+01 2.467000007629394531e+01
2.000000000000000000e+00 3.571428731083869934e-02 6.881199645996093750e+01 3.899300003051757812e+01 2.520299911499023438e+01
1.600000000000000000e+01 1.339285727590322495e-02 7.164299774169921875e+01 4.142599868774414062e+01 2.627700042724609375e+01
