1 1 14 0 0.0059880239520957446 0 0 49.713 25.322 19.977
1 2 18 0 0.07784431137724557 0 0 46.010 25.451 20.818
1 3 7 0 0.281437125748503 0 0 44.497 28.885 21.439
1 4 20 0 0.562874251497006 0 0 41.532 29.662 23.642
1 5 13 0 0.7005988023952096 0 0 39.547 32.784 23.136
1 6 12 0 0.9041916167664671 0 0 38.481 33.941 26.590
1 7 22 0 0.9461077844311377 0 0 36.238 37.038 26.641
1 8 22 0 0.9820359281437125 0 0 35.799 39.205 29.642
1 9 22 0 0.9700598802395209 0 0 32.157 40.293 30.009
1 10 9 0 0.9281437125748503 0 0 30.341 42.237 32.646
1 11 0 0 0.7844311377245509 0 0 29.085 45.632 33.714
1 12 9 0 0.6167664670658684 0 0 30.935 48.914 34.014
1 13 9 0 0.5808383233532934 0 0 33.618 49.406 36.554
1 14 22 0 0.8023952095808383 0 0 33.681 45.888 37.971
1 15 9 0 0.8622754491017964 0 0 37.142 45.264 36.808
1 16 13 0 0.9341317365269461 0 0 37.024 43.749 33.390
1 17 17 0 0.844311377245509 0 0 40.362 45.130 32.443
1 18 0 0 0.7604790419161677 0 0 41.946 44.800 35.859
1 19 12 0 0.8862275449101796 0 0 41.867 41.024 35.900
1 20 18 0 0.8562874251497006 0 0 43.706 40.768 32.611
1 21 11 0 0.6047904191616766 0 0 46.255 43.294 33.818
1 22 6 0 0.5748502994011976 0 0 46.666 41.553 37.108
1 23 12 0 0.6826347305389222 0 0 46.865 38.140 35.424
1 24 11 0 0.5029940119760479 0 0 49.367 39.179 32.792
1 25 6 0 0.2934131736526946 0 0 50.857 42.679 33.227
1 26 2 0 0.23952095808383234 0 0 51.312 42.175 36.971
1 27 10 0 0.14970059880239517 0 0 50.836 45.686 38.109
1 28 15 0 0.18562874251497008 0 0 47.911 47.796 39.387
1 29 22 0 0.3532934131736526 0 0 45.372 49.004 36.820
1 30 3 0 0.11976047904191622 0 0 45.692 52.623 35.610
1 31 7 0 0.0718562874251496 0 0 43.617 54.991 33.444
1 32 20 0 0.20958083832335328 0 0 40.935 53.470 31.285
1 33 3 0 0.19760479041916168 0 0 41.474 52.592 27.664
1 34 16 0 0.3173652694610779 0 0 38.769 50.962 25.512
1 35 18 0 0.43113772455089827 0 0 41.202 48.133 24.816
1 36 11 0 0.3053892215568862 0 0 40.030 47.455 21.320
1 37 7 0 0.13772455089820357 0 0 43.467 47.001 19.673
1 38 3 0 0.25149700598802394 0 0 45.486 45.525 22.470
1 39 17 0 0.3652694610778443 0 0 46.441 41.905 22.979
1 40 20 0 0.5209580838323353 0 0 47.004 40.307 26.277
1 41 1 0 0.4970059880239521 0 0 47.940 36.651 26.377
1 42 13 0 0.47904191616766467 0 0 48.956 34.035 28.875
1 43 6 0 0.2574850299401197 0 0 50.301 30.602 28.057
1 44 22 0 0.2335329341317366 0 0 50.035 27.979 30.751
1 45 22 0 0.08383233532934131 0 0 50.170 24.260 31.006
1 46 11 0 0.17365269461077848 0 0 46.964 23.118 32.589
1 47 3 0 0.053892215568862256 0 0 46.451 19.360 32.944
1 48 9 0 0.0 0 0 49.180 18.154 30.602
1 49 7 0 0.02395209580838331 0 0 48.679 20.255 27.489
1 50 18 0 0.059880239520958 0 0 49.706 23.820 26.601
1 51 5 0 0.27544910179640725 0 0 46.833 26.259 26.569
1 52 12 0 0.35928143712574856 0 0 47.367 29.704 25.115
1 53 12 0 0.6347305389221557 0 0 44.768 31.994 26.639
1 54 3 0 0.652694610778443 0 0 43.569 34.752 24.339
1 55 11 0 0.8502994011976048 0 0 41.941 37.511 26.280
1 56 12 0 0.8263473053892215 0 0 39.478 39.852 24.608
1 57 3 0 0.8682634730538922 0 0 38.162 42.849 26.589
1 58 18 0 0.8083832335329342 0 0 34.905 44.729 26.454
1 59 0 0 0.6107784431137725 0 0 34.252 48.349 27.361
1 60 9 0 0.4491017964071856 0 0 30.951 50.175 27.305
1 61 6 0 0.40718562874251496 0 0 27.397 49.714 28.445
1 62 7 0 0.16167664670658677 0 0 25.692 50.669 25.216
1 63 7 0 0.12574850299401197 0 0 22.998 48.391 23.906
1 64 20 0 0.041916167664670656 0 0 23.473 49.605 20.329
1 65 17 0 0.017964071856287345 0 0 26.177 50.406 17.811
1 66 0 0 0.13173652694610782 0 0 28.812 48.173 19.296
1 67 14 0 0.26347305389221565 0 0 30.950 45.154 18.693
1 68 1 0 0.5089820359281436 0 0 29.470 43.370 21.727
1 69 3 0 0.4011976047904191 0 0 27.738 40.629 19.762
1 70 6 0 0.3413173652694611 0 0 30.864 40.340 17.689
1 71 20 0 0.5988023952095809 0 0 32.980 39.699 20.710
1 72 14 0 0.6706586826347305 0 0 30.551 36.979 21.787
1 73 1 0 0.41916167664670656 0 0 30.518 35.377 18.349
1 74 18 0 0.46706586826347307 0 0 34.324 35.317 18.410
1 75 9 0 0.7125748502994012 0 0 34.693 34.237 21.976
1 76 7 0 0.6946107784431137 0 0 34.879 30.675 23.091
1 77 9 0 0.8802395209580838 0 0 34.234 30.978 26.778
1 78 15 0 0.9640718562874252 0 0 33.125 33.898 28.787
1 79 12 0 0.9940119760479041 0 0 34.423 35.272 32.093
1 80 5 0 0.9880239520958084 0 0 31.375 36.750 33.688
1 81 22 0 0.9760479041916168 0 0 32.629 39.445 35.976
1 82 15 0 0.8922155688622755 0 0 30.631 40.951 38.823
1 83 0 0 0.7485029940119761 0 0 31.616 42.347 42.210
1 84 11 0 0.5149700598802396 0 0 30.298 41.636 45.659
1 85 2 0 0.28742514970059885 0 0 29.908 45.236 46.796
1 86 2 0 0.4131736526946108 0 0 27.946 46.072 43.640
1 87 18 0 0.29940119760479034 0 0 24.435 44.651 43.502
1 88 13 0 0.33532934131736525 0 0 23.680 46.336 40.184
1 89 17 0 0.6287425149700598 0 0 26.438 44.441 38.523
1 90 15 0 0.6227544910179641 0 0 25.047 41.108 39.822
1 91 7 0 0.437125748502994 0 0 21.659 41.951 38.177
1 92 3 0 0.592814371257485 0 0 23.625 42.613 35.002
1 93 11 0 0.7964071856287425 0 0 25.012 39.036 35.107
1 94 10 0 0.5508982035928144 0 0 21.542 38.001 33.866
1 95 10 0 0.5329341317365269 0 0 21.877 40.576 31.147
1 96 20 0 0.7784431137724551 0 0 25.192 39.311 29.920
1 97 1 0 0.7305389221556886 0 0 24.164 35.711 30.223
1 98 7 0 0.4730538922155688 0 0 21.166 36.339 28.040
1 99 6 0 0.5389221556886228 0 0 23.550 37.920 25.611
1 100 11 0 0.6646706586826348 0 0 25.618 34.725 25.644
1 101 13 0 0.4251497005988024 0 0 22.461 32.638 25.258
1 102 1 0 0.20359281437125742 0 0 21.094 34.540 22.285
1 103 22 0 0.32335329341317365 0 0 24.565 34.476 20.715
1 104 13 0 0.31137724550898194 0 0 25.330 30.818 21.124
1 105 3 0 0.11377245508982048 0 0 21.810 29.334 21.107
1 106 17 0 0.19161676646706582 0 0 22.883 27.341 24.162
1 107 7 0 0.3772455089820359 0 0 23.002 27.980 27.861
1 108 3 0 0.39520958083832336 0 0 25.571 25.174 28.256
1 109 22 0 0.5868263473053892 0 0 28.345 27.501 26.947
1 110 16 0 0.7724550898203593 0 0 31.549 27.655 28.980
1 111 14 0 0.9101796407185628 0 0 31.250 30.500 31.432
1 112 22 0 0.9520958083832335 0 0 32.778 31.262 34.853
1 113 12 0 0.9401197604790419 0 0 31.215 33.409 37.456
1 114 22 0 0.9580838323353293 0 0 33.758 35.864 38.760
1 115 9 0 0.874251497005988 0 0 33.238 37.491 42.100
1 116 2 0 0.8323353293413174 0 0 35.491 40.497 42.399
1 117 13 0 0.5449101796407185 0 0 36.003 42.340 45.554
1 118 5 0 0.4850299401197605 0 0 35.980 39.242 47.646
1 119 3 0 0.221556886227545 0 0 38.733 40.484 49.989
1 120 12 0 0.09580838323353291 0 0 35.912 42.176 52.005
1 121 16 0 0.03592814371257491 0 0 34.371 40.168 54.802
1 122 17 0 0.029940119760479056 0 0 31.124 41.983 54.345
1 123 1 0 0.10778443113772451 0 0 29.197 41.023 51.270
1 124 18 0 0.08982035928143717 0 0 26.674 43.395 49.692
1 125 22 0 0.22754491017964074 0 0 25.685 40.493 47.519
1 126 3 0 0.10179640718562877 0 0 24.924 37.645 49.830
1 127 18 0 0.16766467065868274 0 0 27.041 34.660 49.382
1 128 13 0 0.06586826347305386 0 0 23.931 32.425 49.465
1 129 6 0 0.14371257485029942 0 0 22.367 34.583 46.766
1 130 0 0 0.44311377245508976 0 0 25.576 34.276 44.701
1 131 6 0 0.3293413173652695 0 0 26.131 30.594 45.412
1 132 3 0 0.15568862275449102 0 0 22.494 29.549 44.784
1 133 12 0 0.38323353293413165 0 0 22.740 31.536 41.610
1 134 0 0 0.5269461077844311 0 0 25.878 29.507 40.881
1 135 1 0 0.24550898203592808 0 0 24.207 26.132 41.374
1 136 17 0 0.17964071856287422 0 0 21.120 27.300 39.574
1 137 20 0 0.45508982035928147 0 0 23.295 28.155 36.585
1 138 9 0 0.3892215568862275 0 0 25.424 24.973 37.376
1 139 11 0 0.658682634730539 0 0 28.613 26.958 36.715
1 140 16 0 0.7245508982035929 0 0 31.617 27.569 38.853
1 141 15 0 0.7904191616766467 0 0 31.818 30.585 41.090
1 142 11 0 0.8383233532934131 0 0 35.226 31.951 41.757
1 143 7 0 0.7065868263473054 0 0 35.466 34.456 44.565
1 144 18 0 0.7544910179640718 0 0 38.391 36.742 43.757
1 145 17 0 0.6467065868263473 0 0 39.762 40.202 44.328
1 146 0 0 0.6766467065868262 0 0 41.986 41.909 41.724
1 147 13 0 0.37125748502994016 0 0 44.258 44.008 44.028
1 148 18 0 0.2694610778443114 0 0 44.996 41.111 46.465
1 149 1 0 0.4610778443113772 0 0 45.558 38.955 43.441
1 150 6 0 0.49101796407185627 0 0 43.503 36.248 45.140
1 151 9 0 0.688622754491018 0 0 41.799 33.862 42.635
1 152 22 0 0.8203592814371258 0 0 42.818 35.928 39.568
1 153 3 0 0.718562874251497 0 0 44.454 32.754 38.298
1 154 3 0 0.7425149700598803 0 0 41.743 30.341 39.365
1 155 0 0 0.9161676646706587 0 0 38.989 32.242 37.564
1 156 15 0 0.9221556886227544 0 0 40.695 32.241 34.204
1 157 20 0 0.7664670658682635 0 0 42.019 28.690 34.667
1 158 18 0 0.8143712574850299 0 0 38.536 27.432 35.490
1 159 12 0 0.8982035928143712 0 0 37.200 28.890 32.253
1 160 22 0 0.7365269461077844 0 0 39.579 26.953 30.142
1 161 1 0 0.5568862275449102 0 0 39.017 23.901 32.309
1 162 7 0 0.6407185628742516 0 0 35.368 24.375 31.358
1 163 11 0 0.5688622754491017 0 0 36.283 24.697 27.666
1 164 1 0 0.34730538922155685 0 0 38.341 21.615 28.090
1 165 13 0 0.21556886227544902 0 0 35.440 19.609 29.451
1 166 10 0 0.04790419161676651 0 0 35.007 16.363 27.585
1 167 13 0 0.0119760479041916 0 0 31.692 15.764 25.897
