5.000000000000000000e+00 7.142857462167739868e-02 2.465699958801269531e+01 3.813600158691406250e+01 4.095399856567382812e+01
1.600000000000000000e+01 2.008928507566452026e-01 2.656200027465820312e+01 4.137300109863281250e+01 4.203599929809570312e+01
1.200000000000000000e+01 4.553571343421936035e-01 3.030599975585937500e+01 4.064699935913085938e+01 4.150299835205078125e+01
1.400000000000000000e+01 5.446428656578063965e-01 3.176000022888183594e+01 3.807099914550781250e+01 3.918700027465820312e+01
2.200000000000000000e+01 7.098214030265808105e-01 3.527000045776367188e+01 3.746400070190429688e+01 3.764799880981445312e+01
1.300000000000000000e+01 6.562500000000000000e-01 3.535300064086914062e+01 3.553499984741210938e+01 3.436500167846679688e+01
2.200000000000000000e+01 7.142857313156127930e-01 3.873799896240234375e+01 3.438100051879882812e+01 3.318099975585937500e+01
1.200000000000000000e+01 6.383928656578063965e-01 3.985900115966796875e+01 3.285499954223632812e+01 2.998500061035156250e+01
3.000000000000000000e+00 5.758928656578063965e-01 4.297600173950195312e+01 3.091300010681152344e+01 2.900399971008300781e+01
0.000000000000000000e+00 5.803571343421936035e-01 4.450799942016601562e+01 3.271200180053710938e+01 2.596199989318847656e+01
2.200000000000000000e+01 3.928571343421936035e-01 4.711000061035156250e+01 2.996800041198730469e+01 2.519499969482421875e+01
1.000000000000000000e+00 2.187500000000000000e-01 4.428400039672851562e+01 2.755299949645996094e+01 2.400399971008300781e+01
9.000000000000000000e+00 2.767857015132904053e-01 4.129499816894531250e+01 2.990299987792968750e+01 2.364599990844726562e+01
1.700000000000000000e+01 2.455357164144515991e-01 3.933300018310546875e+01 2.811599922180175781e+01 2.638299942016601562e+01
1.600000000000000000e+01 3.169642984867095947e-01 3.810400009155273438e+01 2.869700050354003906e+01 2.995800018310546875e+01
0.000000000000000000e+00 5.089285969734191895e-01 4.076399993896484375e+01 2.909600067138671875e+01 3.270299911499023438e+01
1.100000000000000000e+01 3.035714328289031982e-01 3.987599945068359375e+01 2.662999916076660156e+01 3.551200103759765625e+01
2.000000000000000000e+00 3.660714328289031982e-01 4.109500122070312500e+01 2.728899955749511719e+01 3.913100051879882812e+01
2.200000000000000000e+01 6.651785969734191895e-01 4.262599945068359375e+01 3.071599960327148438e+01 3.871099853515625000e+01
0.000000000000000000e+00 6.741071343421936035e-01 4.277399826049804688e+01 3.196500015258789062e+01 4.231499862670898438e+01
1.400000000000000000e+01 7.678571343421936035e-01 4.197100067138671875e+01 3.556200027465820312e+01 4.331399917602539062e+01
2.200000000000000000e+01 7.276785969734191895e-01 3.917100143432617188e+01 4.086800003051757812e+01 4.662400054931640625e+01
1.500000000000000000e+01 6.875000000000000000e-01 4.008499908447265625e+01 4.374800109863281250e+01 4.913999938964843750e+01
1.000000000000000000e+00 5.491071343421936035e-01 3.827799987792968750e+01 4.686299896240234375e+01 5.052399826049804688e+01
1.300000000000000000e+01 5.178571343421936035e-01 3.983599853515625000e+01 5.029199981689453125e+01 5.120399856567382812e+01
0.000000000000000000e+00 2.410714328289031982e-01 3.948400115966796875e+01 5.148899841308593750e+01 5.482199859619140625e+01
0.000000000000000000e+00 9.375000000000000000e-02 3.922800064086914062e+01 5.512799835205078125e+01 5.600999832153320312e+01
3.000000000000000000e+00 1.026785746216773987e-01 4.306200027465820312e+01 5.544400024414062500e+01 5.684799957275390625e+01
3.000000000000000000e+00 3.258928656578063965e-01 4.372700119018554688e+01 5.380899810791015625e+01 5.341999816894531250e+01
1.800000000000000000e+01 3.303571343421936035e-01 4.449499893188476562e+01 5.027399826049804688e+01 5.491299819946289062e+01
1.900000000000000000e+01 5.580357313156127930e-01 4.341799926757812500e+01 4.744699859619140625e+01 5.249100112915039062e+01
7.000000000000000000e+00 3.526785671710968018e-01 4.134199905395507812e+01 4.494900131225585938e+01 5.450500106811523438e+01
1.600000000000000000e+01 4.151785671710968018e-01 4.026300048828125000e+01 4.149900054931640625e+01 5.302399826049804688e+01
1.500000000000000000e+01 3.839285671710968018e-01 3.676200103759765625e+01 4.132600021362304688e+01 5.150000000000000000e+01
0.000000000000000000e+00 4.419642984867095947e-01 3.668099975585937500e+01 3.803300094604492188e+01 4.955300140380859375e+01
1.700000000000000000e+01 5.267857313156127930e-01 3.868899917602539062e+01 3.529199981689453125e+01 4.778200149536132812e+01
9.000000000000000000e+00 4.642857015132904053e-01 3.822999954223632812e+01 3.230099868774414062e+01 4.545999908447265625e+01
1.300000000000000000e+01 4.821428656578063965e-01 3.909000015258789062e+01 3.032500076293945312e+01 4.237400054931640625e+01
1.800000000000000000e+01 4.776785671710968018e-01 3.762099838256835938e+01 3.005800056457519531e+01 3.884600067138671875e+01
1.700000000000000000e+01 2.098214328289031982e-01 3.518099975585937500e+01 2.712899971008300781e+01 3.814500045776367188e+01
7.000000000000000000e+00 9.821428358554840088e-02 3.520999908447265625e+01 2.483399963378906250e+01 3.509000015258789062e+01
1.700000000000000000e+01 1.250000000000000000e-01 3.333100128173828125e+01 2.729800033569335938e+01 3.274499893188476562e+01
9.000000000000000000e+00 3.705357015132904053e-01 3.585200119018554688e+01 3.017399978637695312e+01 3.362599945068359375e+01
7.000000000000000000e+00 3.750000000000000000e-01 3.356100082397460938e+01 3.199900054931640625e+01 3.609500122070312500e+01
1.200000000000000000e+01 4.017857015132904053e-01 3.395399856567382812e+01 3.242200088500976562e+01 3.977199935913085938e+01
9.000000000000000000e+00 1.339285671710968018e-01 3.016200065612792969e+01 3.340399932861328125e+01 4.584299850463867188e+01
1.200000000000000000e+01 2.946428656578063965e-01 3.231399917602539062e+01 3.649300003051757812e+01 4.642900085449218750e+01
1.800000000000000000e+01 2.053571492433547974e-01 3.009499931335449219e+01 3.902600097656250000e+01 4.816899871826171875e+01
1.800000000000000000e+01 5.357142910361289978e-02 2.638800048828125000e+01 4.024499893188476562e+01 4.862400054931640625e+01
7.000000000000000000e+00 4.464285820722579956e-02 2.448399925231933594e+01 4.323099899291992188e+01 4.710400009155273438e+01
7.000000000000000000e+00 8.928571827709674835e-03 2.367300033569335938e+01 4.505799865722656250e+01 5.038499832153320312e+01
7.000000000000000000e+00 2.678571455180644989e-02 2.714299964904785156e+01 4.470100021362304688e+01 5.186899948120117188e+01
1.500000000000000000e+01 1.562500000000000000e-01 2.872999954223632812e+01 4.586299896240234375e+01 4.860900115966796875e+01
2.200000000000000000e+01 8.482142537832260132e-02 2.800399971008300781e+01 4.956200027465820312e+01 4.931499862670898438e+01
7.000000000000000000e+00 1.696428507566452026e-01 3.005400085449218750e+01 5.264400100708007812e+01 4.807099914550781250e+01
9.000000000000000000e+00 3.348214328289031982e-01 3.384799957275390625e+01 5.243899917602539062e+01 4.840499877929687500e+01
1.100000000000000000e+01 6.250000000000000000e-01 3.695000076293945312e+01 5.153799819946289062e+01 4.652799987792968750e+01
2.000000000000000000e+01 7.187500000000000000e-01 3.769699859619140625e+01 4.780500030517578125e+01 4.602799987792968750e+01
1.300000000000000000e+01 8.705357313156127930e-01 4.093199920654296875e+01 4.602700042724609375e+01 4.478900146484375000e+01
2.200000000000000000e+01 9.107142686843872070e-01 4.096500015258789062e+01 4.260699844360351562e+01 4.301699829101562500e+01
7.000000000000000000e+00 9.285714030265808105e-01 4.419300079345703125e+01 4.056399917602539062e+01 4.296099853515625000e+01
1.100000000000000000e+01 9.241071343421936035e-01 4.503799819946289062e+01 3.758100128173828125e+01 4.073799896240234375e+01
3.000000000000000000e+00 8.482142686843872070e-01 4.783300018310546875e+01 3.500099945068359375e+01 4.121200180053710938e+01
1.800000000000000000e+01 8.616071343421936035e-01 4.872900009155273438e+01 3.425299835205078125e+01 3.757799911499023438e+01
1.300000000000000000e+01 7.410714030265808105e-01 5.215499877929687500e+01 3.278200149536132812e+01 3.835800170898437500e+01
1.700000000000000000e+01 6.026785969734191895e-01 5.056900024414062500e+01 2.995999908447265625e+01 4.045500183105468750e+01
2.000000000000000000e+01 6.160714030265808105e-01 4.839199829101562500e+01 2.915699958801269531e+01 3.738499832153320312e+01
1.900000000000000000e+01 5.669642686843872070e-01 5.123199844360351562e+01 2.885499954223632812e+01 3.490599822998046875e+01
1.300000000000000000e+01 3.392857015132904053e-01 5.362400054931640625e+01 2.670000076293945312e+01 3.724800109863281250e+01
0.000000000000000000e+00 1.919642835855484009e-01 5.125600051879882812e+01 2.360000038146972656e+01 3.724499893188476562e+01
1.200000000000000000e+01 1.964285671710968018e-01 5.096799850463867188e+01 2.372299957275390625e+01 3.342300033569335938e+01
9.000000000000000000e+00 1.116071417927742004e-01 5.471300125122070312e+01 2.369499969482421875e+01 3.307500076293945312e+01
1.100000000000000000e+01 3.080357015132904053e-01 5.472700119018554688e+01 2.727799987792968750e+01 3.168899917602539062e+01
1.700000000000000000e+01 4.375000000000000000e-01 5.724399948120117188e+01 3.001700019836425781e+01 3.259299850463867188e+01
1.600000000000000000e+01 6.919642686843872070e-01 5.545800018310546875e+01 3.352700042724609375e+01 3.292900085449218750e+01
1.500000000000000000e+01 7.723214030265808105e-01 5.690900039672851562e+01 3.710800170898437500e+01 3.291999816894531250e+01
7.000000000000000000e+00 8.794642686843872070e-01 5.393199920654296875e+01 3.773300170898437500e+01 3.882799911499023438e+01
0.000000000000000000e+00 9.910714030265808105e-01 4.781000137329101562e+01 4.125600051879882812e+01 3.861600112915039062e+01
7.000000000000000000e+00 9.866071343421936035e-01 4.624900054931640625e+01 4.393399810791015625e+01 4.083599853515625000e+01
2.200000000000000000e+01 9.776785969734191895e-01 4.329299926757812500e+01 4.613399887084960938e+01 3.952799987792968750e+01
2.200000000000000000e+01 9.375000000000000000e-01 4.166199874877929688e+01 4.902399826049804688e+01 4.138299942016601562e+01
1.500000000000000000e+01 8.258928656578063965e-01 3.813899993896484375e+01 5.075000000000000000e+01 4.108900070190429688e+01
1.800000000000000000e+01 6.473214030265808105e-01 3.559799957275390625e+01 5.277399826049804688e+01 4.287200164794921875e+01
0.000000000000000000e+00 5.223214030265808105e-01 3.227399826049804688e+01 5.089400100708007812e+01 4.309600067138671875e+01
2.000000000000000000e+00 2.500000000000000000e-01 2.860700035095214844e+01 5.200799942016601562e+01 4.336399841308593750e+01
3.000000000000000000e+00 1.785714328289031982e-01 2.927799987792968750e+01 5.576499938964843750e+01 4.345600128173828125e+01
1.700000000000000000e+01 7.589285820722579956e-02 2.661400032043457031e+01 5.667100143432617188e+01 4.070299911499023438e+01
9.000000000000000000e+00 3.571428731083869934e-02 2.400499916076660156e+01 5.385800170898437500e+01 4.138499832153320312e+01
1.600000000000000000e+01 4.910714179277420044e-02 2.335000038146972656e+01 5.017300033569335938e+01 4.115299987792968750e+01
1.000000000000000000e+00 1.607142835855484009e-01 2.526899909973144531e+01 4.808700180053710938e+01 3.840800094604492188e+01
1.000000000000000000e+00 2.544642984867095947e-01 2.627099990844726562e+01 4.442100143432617188e+01 3.799800109863281250e+01
2.000000000000000000e+01 5.357142686843872070e-01 2.993000030517578125e+01 4.398699951171875000e+01 3.745299911499023438e+01
1.800000000000000000e+01 6.071428656578063965e-01 3.164299964904785156e+01 4.122800064086914062e+01 3.559999847412109375e+01
1.100000000000000000e+01 7.946428656578063965e-01 3.535100173950195312e+01 4.143299865722656250e+01 3.537200164794921875e+01
0.000000000000000000e+00 8.080357313156127930e-01 3.685499954223632812e+01 3.960599899291992188e+01 3.236100006103515625e+01
0.000000000000000000e+00 8.928571343421936035e-01 4.063299942016601562e+01 3.857099914550781250e+01 3.220100021362304688e+01
1.200000000000000000e+01 8.169642686843872070e-01 4.238100051879882812e+01 3.676699829101562500e+01 2.920299911499023438e+01
1.200000000000000000e+01 8.348214030265808105e-01 4.553099822998046875e+01 3.522100067138671875e+01 3.042799949645996094e+01
1.700000000000000000e+01 7.767857313156127930e-01 4.886899948120117188e+01 3.469499969482421875e+01 2.864699935913085938e+01
1.600000000000000000e+01 7.366071343421936035e-01 5.229499816894531250e+01 3.401599884033203125e+01 3.035099983215332031e+01
2.000000000000000000e+01 7.857142686843872070e-01 5.398699951171875000e+01 3.724700164794921875e+01 2.889100074768066406e+01
1.700000000000000000e+01 8.839285969734191895e-01 5.083700180053710938e+01 3.930500030517578125e+01 2.863100051879882812e+01
2.000000000000000000e+01 9.642857313156127930e-01 4.771400070190429688e+01 3.996300125122070312e+01 3.068600082397460938e+01
1.700000000000000000e+01 9.464285969734191895e-01 4.450000000000000000e+01 4.145500183105468750e+01 2.932500076293945312e+01
1.800000000000000000e+01 9.687500000000000000e-01 4.185699844360351562e+01 4.253400039672851562e+01 3.183499908447265625e+01
1.800000000000000000e+01 9.017857313156127930e-01 3.856200027465820312e+01 4.424300003051757812e+01 3.117300033569335938e+01
0.000000000000000000e+00 8.303571343421936035e-01 3.596099853515625000e+01 4.553400039672851562e+01 3.352799987792968750e+01
2.200000000000000000e+01 6.607142686843872070e-01 3.240499877929687500e+01 4.504199981689453125e+01 3.229199981689453125e+01
2.200000000000000000e+01 4.866071343421936035e-01 2.954599952697753906e+01 4.722100067138671875e+01 3.388100051879882812e+01
1.800000000000000000e+01 2.276785671710968018e-01 2.602099990844726562e+01 4.620500183105468750e+01 3.339599990844726562e+01
2.000000000000000000e+00 6.250000000000000000e-02 2.293700027465820312e+01 4.850699996948242188e+01 3.324700164794921875e+01
1.600000000000000000e+01 4.464285913854837418e-03 1.932999992370605469e+01 4.722499847412109375e+01 3.266699981689453125e+01
5.000000000000000000e+00 1.071428582072257996e-01 6.807900238037109375e+01 5.047600173950195312e+01 2.830200004577636719e+01
1.600000000000000000e+01 2.366071492433547974e-01 6.762300109863281250e+01 4.777700042724609375e+01 3.101799964904785156e+01
1.200000000000000000e+01 4.955357015132904053e-01 6.398600006103515625e+01 4.878900146484375000e+01 3.157699966430664062e+01
1.400000000000000000e+01 5.401785969734191895e-01 6.196200180053710938e+01 5.056600189208984375e+01 2.895199966430664062e+01
2.200000000000000000e+01 6.964285969734191895e-01 5.824000167846679688e+01 5.130699920654296875e+01 2.917700004577636719e+01
1.300000000000000000e+01 6.517857313156127930e-01 5.639699935913085938e+01 5.180799865722656250e+01 2.577799987792968750e+01
2.200000000000000000e+01 7.232142686843872070e-01 5.272299957275390625e+01 5.296099853515625000e+01 2.609099960327148438e+01
1.200000000000000000e+01 6.696428656578063965e-01 4.999599838256835938e+01 5.294699859619140625e+01 2.343400001525878906e+01
3.000000000000000000e+00 6.294642686843872070e-01 4.638299942016601562e+01 5.452600097656250000e+01 2.361899948120117188e+01
0.000000000000000000e+00 5.982142686843872070e-01 4.357799911499023438e+01 5.227000045776367188e+01 2.221500015258789062e+01
2.200000000000000000e+01 4.241071343421936035e-01 4.086999893188476562e+01 5.493899917602539062e+01 2.182200050354003906e+01
1.000000000000000000e+00 2.633928656578063965e-01 4.297900009155273438e+01 5.669599914550781250e+01 1.925799942016601562e+01
9.000000000000000000e+00 3.214285671710968018e-01 4.497999954223632812e+01 5.367800140380859375e+01 1.851099967956542969e+01
1.700000000000000000e+01 2.812500000000000000e-01 4.826499938964843750e+01 5.556999969482421875e+01 1.872299957275390625e+01
1.600000000000000000e+01 3.482142984867095947e-01 5.126399993896484375e+01 5.636199951171875000e+01 2.106800079345703125e+01
0.000000000000000000e+00 5.000000000000000000e-01 5.023300170898437500e+01 5.790999984741210938e+01 2.431699943542480469e+01
1.100000000000000000e+01 2.901785671710968018e-01 5.192800140380859375e+01 6.116400146484375000e+01 2.506599998474121094e+01
2.000000000000000000e+00 3.437500000000000000e-01 5.246599960327148438e+01 6.219499969482421875e+01 2.863999938964843750e+01
2.200000000000000000e+01 6.339285969734191895e-01 5.129899978637695312e+01 5.922000122070312500e+01 3.061700057983398438e+01
0.000000000000000000e+00 6.428571343421936035e-01 5.281499862670898438e+01 5.943199920654296875e+01 3.413399887084960938e+01
1.400000000000000000e+01 7.544642686843872070e-01 5.411100006103515625e+01 5.638899993896484375e+01 3.608300018310546875e+01
2.200000000000000000e+01 7.321428656578063965e-01 5.827099990844726562e+01 5.248400115966796875e+01 3.987300109863281250e+01
1.500000000000000000e+01 7.008928656578063965e-01 5.842900085449218750e+01 5.087900161743164062e+01 4.323799896240234375e+01
1.000000000000000000e+00 6.116071343421936035e-01 6.087099838256835938e+01 4.815299987792968750e+01 4.410499954223632812e+01
1.300000000000000000e+01 5.714285969734191895e-01 6.001399993896484375e+01 4.528499984741210938e+01 4.670100021362304688e+01
0.000000000000000000e+00 2.857142984867095947e-01 6.190800094604492188e+01 4.540999984741210938e+01 5.006399917602539062e+01
0.000000000000000000e+00 1.160714253783226013e-01 6.279999923706054688e+01 4.264899826049804688e+01 5.273400115966796875e+01
3.000000000000000000e+00 1.741071492433547974e-01 5.946799850463867188e+01 4.271300125122070312e+01 5.446599960327148438e+01
3.000000000000000000e+00 4.598214328289031982e-01 5.756900024414062500e+01 4.296500015258789062e+01 5.102899932861328125e+01
1.800000000000000000e+01 4.910714328289031982e-01 5.680799865722656250e+01 4.670600128173828125e+01 5.122900009155273438e+01
1.900000000000000000e+01 6.205357313156127930e-01 5.703499984741210938e+01 4.893199920654296875e+01 4.817800140380859375e+01
7.000000000000000000e+00 4.285714328289031982e-01 5.964699935913085938e+01 5.161899948120117188e+01 4.830099868774414062e+01
1.600000000000000000e+01 4.687500000000000000e-01 5.968099975585937500e+01 5.443199920654296875e+01 4.559299850463867188e+01
1.500000000000000000e+01 3.794642984867095947e-01 6.255699920654296875e+01 5.378499984741210938e+01 4.311999893188476562e+01
0.000000000000000000e+00 4.107142984867095947e-01 6.188000106811523438e+01 5.592499923706054688e+01 3.991999816894531250e+01
1.700000000000000000e+01 5.133928656578063965e-01 5.916999816894531250e+01 5.785300064086914062e+01 3.818500137329101562e+01
9.000000000000000000e+00 4.330357015132904053e-01 5.874800109863281250e+01 5.954999923706054688e+01 3.480300140380859375e+01
1.300000000000000000e+01 4.732142984867095947e-01 5.647299957275390625e+01 6.008599853515625000e+01 3.186400032043457031e+01
1.800000000000000000e+01 4.464285671710968018e-01 5.605500030517578125e+01 5.909799957275390625e+01 2.817000007629394531e+01
1.700000000000000000e+01 1.875000000000000000e-01 5.767900085449218750e+01 6.092200088500976562e+01 2.519599914550781250e+01
7.000000000000000000e+00 8.928571641445159912e-02 5.617100143432617188e+01 6.159799957275390625e+01 2.175699996948242188e+01
1.700000000000000000e+01 1.473214328289031982e-01 5.676599884033203125e+01 5.805699920654296875e+01 2.061000061035156250e+01
9.000000000000000000e+00 3.883928656578063965e-01 5.503599929809570312e+01 5.670800018310546875e+01 2.367399978637695312e+01
7.000000000000000000e+00 3.616071343421936035e-01 5.851599884033203125e+01 5.562900161743164062e+01 2.494700050354003906e+01
1.200000000000000000e+01 4.062500000000000000e-01 6.001200103759765625e+01 5.625199890136718750e+01 2.845899963378906250e+01
9.000000000000000000e+00 1.428571492433547974e-01 6.604299926757812500e+01 5.708000183105468750e+01 3.192099952697753906e+01
1.200000000000000000e+01 3.125000000000000000e-01 6.409200286865234375e+01 5.541699981689453125e+01 3.481600189208984375e+01
1.800000000000000000e+01 2.232142835855484009e-01 6.707199859619140625e+01 5.340100097656250000e+01 3.596500015258789062e+01
1.800000000000000000e+01 5.803571268916130066e-02 7.061399841308593750e+01 5.307600021362304688e+01 3.485300064086914062e+01
7.000000000000000000e+00 1.785714365541934967e-02 7.287200164794921875e+01 5.002700042724609375e+01 3.406700134277343750e+01
7.000000000000000000e+00 0.000000000000000000e+00 7.504499816894531250e+01 5.132699966430664062e+01 3.688700103759765625e+01
7.000000000000000000e+00 2.232142910361289978e-02 7.222200012207031250e+01 5.068000030517578125e+01 3.950799942016601562e+01
1.500000000000000000e+01 1.205357164144515991e-01 6.979100036621093750e+01 4.819699859619140625e+01 3.800500106811523438e+01
2.200000000000000000e+01 1.294642835855484009e-01 6.973899841308593750e+01 4.491999816894531250e+01 3.999700164794921875e+01
7.000000000000000000e+00 2.142857164144515991e-01 6.814499664306640625e+01 4.159400177001953125e+01 4.044900131225585938e+01
9.000000000000000000e+00 3.973214328289031982e-01 6.473999786376953125e+01 4.245999908447265625e+01 4.220700073242187500e+01
1.100000000000000000e+01 6.785714030265808105e-01 6.101599884033203125e+01 4.267699813842773438e+01 4.194499969482421875e+01
2.000000000000000000e+01 7.500000000000000000e-01 5.975000000000000000e+01 4.591099929809570312e+01 4.051800155639648438e+01
1.300000000000000000e+01 8.973214030265808105e-01 5.617300033569335938e+01 4.722499847412109375e+01 4.032899856567382812e+01
2.200000000000000000e+01 9.151785969734191895e-01 5.533000183105468750e+01 4.990499877929687500e+01 3.777299880981445312e+01
7.000000000000000000e+00 9.330357313156127930e-01 5.213000106811523438e+01 5.181999969482421875e+01 3.835599899291992188e+01
1.100000000000000000e+01 9.196428656578063965e-01 5.064300155639648438e+01 5.379199981689453125e+01 3.540399932861328125e+01
3.000000000000000000e+00 8.214285969734191895e-01 4.817599868774414062e+01 5.685699844360351562e+01 3.583200073242187500e+01
1.800000000000000000e+01 8.526785969734191895e-01 4.539799880981445312e+01 5.588499832153320312e+01 3.340599822998046875e+01
1.300000000000000000e+01 7.455357313156127930e-01 4.257500076293945312e+01 5.763000106811523438e+01 3.522600173950195312e+01
1.700000000000000000e+01 5.892857313156127930e-01 4.439500045776367188e+01 6.098600006103515625e+01 3.473799896240234375e+01
2.000000000000000000e+01 5.937500000000000000e-01 4.506100082397460938e+01 6.024700164794921875e+01 3.107900047302246094e+01
1.900000000000000000e+01 5.625000000000000000e-01 4.131600189208984375e+01 5.970700073242187500e+01 3.011199951171875000e+01
1.300000000000000000e+01 3.571428656578063965e-01 3.997200012207031250e+01 6.243700027465820312e+01 3.236399841308593750e+01
0.000000000000000000e+00 2.321428507566452026e-01 4.204199981689453125e+01 6.501000213623046875e+01 3.048100090026855469e+01
1.200000000000000000e+01 1.830357164144515991e-01 4.031800079345703125e+01 6.396500015258789062e+01 2.716900062561035156e+01
9.000000000000000000e+00 1.383928507566452026e-01 3.682699966430664062e+01 6.402400207519531250e+01 2.890099906921386719e+01
1.100000000000000000e+01 2.991071343421936035e-01 3.654499816894531250e+01 6.021500015258789062e+01 2.875499916076660156e+01
1.700000000000000000e+01 4.508928656578063965e-01 3.525999832153320312e+01 5.828900146484375000e+01 3.181200027465820312e+01
1.600000000000000000e+01 7.053571343421936035e-01 3.785100173950195312e+01 5.564500045776367188e+01 3.317900085449218750e+01
1.500000000000000000e+01 7.812500000000000000e-01 3.687300109863281250e+01 5.271699905395507812e+01 3.547100067138671875e+01
7.000000000000000000e+00 8.750000000000000000e-01 4.258800125122070312e+01 5.400400161743164062e+01 3.887599945068359375e+01
0.000000000000000000e+00 9.821428656578063965e-01 4.724499893188476562e+01 5.004999923706054688e+01 3.482300186157226562e+01
7.000000000000000000e+00 9.955357313156127930e-01 5.010100173950195312e+01 4.809500122070312500e+01 3.618600082397460938e+01
2.200000000000000000e+01 9.732142686843872070e-01 5.315900039672851562e+01 4.600999832153320312e+01 3.546400070190429688e+01
2.200000000000000000e+01 9.508928656578063965e-01 5.494599914550781250e+01 4.391699981689453125e+01 3.809600067138671875e+01
1.500000000000000000e+01 8.437500000000000000e-01 5.804800033569335938e+01 4.195899963378906250e+01 3.702000045776367188e+01
1.800000000000000000e+01 6.830357313156127930e-01 6.114500045776367188e+01 4.031499862670898438e+01 3.849900054931640625e+01
0.000000000000000000e+00 5.044642686843872070e-01 6.451699829101562500e+01 4.150000000000000000e+01 3.684199905395507812e+01
2.000000000000000000e+00 2.723214328289031982e-01 6.730599975585937500e+01 3.924800109863281250e+01 3.545399856567382812e+01
3.000000000000000000e+00 2.678571343421936035e-01 6.598100280761718750e+01 3.580500030517578125e+01 3.680599975585937500e+01
1.700000000000000000e+01 8.035714179277420044e-02 6.784100341796875000e+01 3.345399856567382812e+01 3.436899948120117188e+01
9.000000000000000000e+00 3.125000000000000000e-02 7.081700134277343750e+01 3.588299942016601562e+01 3.395999908447265625e+01
1.600000000000000000e+01 6.696428358554840088e-02 7.098400115966796875e+01 3.942699813842773438e+01 3.263899993896484375e+01
1.000000000000000000e+00 1.651785671710968018e-01 6.825700378417968750e+01 4.079199981689453125e+01 3.042900085449218750e+01
1.000000000000000000e+00 2.589285671710968018e-01 6.674700164794921875e+01 4.393999862670898438e+01 2.862599945068359375e+01
2.000000000000000000e+01 5.312500000000000000e-01 6.314899826049804688e+01 4.451399993896484375e+01 2.914399909973144531e+01
1.800000000000000000e+01 5.848214030265808105e-01 6.055899810791015625e+01 4.623500061035156250e+01 2.698299980163574219e+01
1.100000000000000000e+01 7.901785969734191895e-01 5.739599990844726562e+01 4.680899810791015625e+01 2.882399940490722656e+01
0.000000000000000000e+00 7.991071343421936035e-01 5.452600097656250000e+01 4.759400177001953125e+01 2.640999984741210938e+01
0.000000000000000000e+00 8.883928656578063965e-01 5.103900146484375000e+01 4.879999923706054688e+01 2.752899932861328125e+01
1.200000000000000000e+01 8.392857313156127930e-01 4.782099914550781250e+01 4.922999954223632812e+01 2.555800056457519531e+01
1.200000000000000000e+01 8.571428656578063965e-01 4.552199935913085938e+01 5.161800003051757812e+01 2.734900093078613281e+01
1.700000000000000000e+01 8.035714030265808105e-01 4.166199874877929688e+01 5.183800125122070312e+01 2.737299919128417969e+01
1.600000000000000000e+01 7.633928656578063965e-01 3.916099929809570312e+01 5.334899902343750000e+01 2.985600090026855469e+01
2.000000000000000000e+01 8.125000000000000000e-01 3.768899917602539062e+01 5.005099868774414062e+01 3.092900085449218750e+01
1.700000000000000000e+01 9.062500000000000000e-01 4.048099899291992188e+01 4.770500183105468750e+01 2.982500076293945312e+01
2.000000000000000000e+01 9.553571343421936035e-01 4.406200027465820312e+01 4.721799850463867188e+01 2.960199928283691406e+01
1.700000000000000000e+01 9.419642686843872070e-01 4.636700057983398438e+01 4.469300079345703125e+01 2.783799934387207031e+01
1.800000000000000000e+01 9.598214030265808105e-01 5.001499938964843750e+01 4.469400024414062500e+01 2.912700080871582031e+01
1.800000000000000000e+01 8.660714030265808105e-01 5.283100128173828125e+01 4.278400039672851562e+01 2.728800010681152344e+01
0.000000000000000000e+00 7.589285969734191895e-01 5.662200164794921875e+01 4.244100189208984375e+01 2.734000015258789062e+01
2.200000000000000000e+01 5.535714030265808105e-01 5.962200164794921875e+01 4.127899932861328125e+01 2.530699920654296875e+01
2.200000000000000000e+01 4.196428656578063965e-01 6.266199874877929688e+01 4.005400085449218750e+01 2.718499946594238281e+01
1.800000000000000000e+01 1.517857164144515991e-01 6.608000183105468750e+01 3.995399856567382812e+01 2.542399978637695312e+01
2.000000000000000000e+00 4.017857089638710022e-02 6.978600311279296875e+01 3.949000167846679688e+01 2.617499923706054688e+01
1.600000000000000000e+01 1.339285727590322495e-02 7.228199768066406250e+01 4.244599914550781250e+01 2.610600090026855469e+01
