5.000000000000000000e+00 1.160714253783226013e-01 2.579800033569335938e+01 3.815599822998046875e+01 4.096200180053710938e+01
1.600000000000000000e+01 2.098214328289031982e-01 2.646999931335449219e+01 4.193000030517578125e+01 4.098400115966796875e+01
1.200000000000000000e+01 4.955357015132904053e-01 3.030400085449218750e+01 4.138800048828125000e+01 4.117200088500976562e+01
1.400000000000000000e+01 5.535714030265808105e-01 3.169799995422363281e+01 3.853699874877929688e+01 3.885200119018554688e+01
2.200000000000000000e+01 7.098214030265808105e-01 3.524700164794921875e+01 3.743199920654296875e+01 3.777399826049804688e+01
1.300000000000000000e+01 6.696428656578063965e-01 3.585300064086914062e+01 3.533399963378906250e+01 3.455500030517578125e+01
2.200000000000000000e+01 7.321428656578063965e-01 3.937400054931640625e+01 3.411800003051757812e+01 3.374599838256835938e+01
1.200000000000000000e+01 6.830357313156127930e-01 4.048799896240234375e+01 3.312500000000000000e+01 3.024200057983398438e+01
3.000000000000000000e+00 6.250000000000000000e-01 4.362799835205078125e+01 3.112700080871582031e+01 2.928100013732910156e+01
0.000000000000000000e+00 5.892857313156127930e-01 4.528099822998046875e+01 3.242399978637695312e+01 2.606200027465820312e+01
2.200000000000000000e+01 3.794642984867095947e-01 4.755300140380859375e+01 2.948900032043457031e+01 2.532799911499023438e+01
1.000000000000000000e+00 2.187500000000000000e-01 4.457300186157226562e+01 2.715299987792968750e+01 2.472800064086914062e+01
9.000000000000000000e+00 3.125000000000000000e-01 4.209400177001953125e+01 3.009399986267089844e+01 2.398500061035156250e+01
1.700000000000000000e+01 2.991071343421936035e-01 3.952500152587890625e+01 2.899099922180175781e+01 2.649300003051757812e+01
1.600000000000000000e+01 4.285714328289031982e-01 3.851599884033203125e+01 2.963500022888183594e+01 3.030699920654296875e+01
0.000000000000000000e+00 5.312500000000000000e-01 4.143700027465820312e+01 2.908699989318847656e+01 3.274900054931640625e+01
1.100000000000000000e+01 3.258928656578063965e-01 4.035599899291992188e+01 2.655400085449218750e+01 3.550400161743164062e+01
2.000000000000000000e+00 3.482142984867095947e-01 4.196300125122070312e+01 2.660899925231933594e+01 3.903900146484375000e+01
2.200000000000000000e+01 6.428571343421936035e-01 4.317399978637695312e+01 3.012000083923339844e+01 3.915299987792968750e+01
0.000000000000000000e+00 6.517857313156127930e-01 4.335499954223632812e+01 3.162700080871582031e+01 4.265000152587890625e+01
1.400000000000000000e+01 7.589285969734191895e-01 4.239699935913085938e+01 3.519300079345703125e+01 4.368199920654296875e+01
2.200000000000000000e+01 7.187500000000000000e-01 3.917399978637695312e+01 4.037799835205078125e+01 4.661199951171875000e+01
1.500000000000000000e+01 6.875000000000000000e-01 3.968500137329101562e+01 4.328499984741210938e+01 4.886800003051757812e+01
1.000000000000000000e+00 5.625000000000000000e-01 3.731299972534179688e+01 4.630599975585937500e+01 4.958100128173828125e+01
1.300000000000000000e+01 5.000000000000000000e-01 3.824200057983398438e+01 4.969200134277343750e+01 5.107099914550781250e+01
0.000000000000000000e+00 1.919642835855484009e-01 3.623600006103515625e+01 5.043000030517578125e+01 5.424700164794921875e+01
0.000000000000000000e+00 5.803571268916130066e-02 3.431600189208984375e+01 5.368000030517578125e+01 5.538299942016601562e+01
3.000000000000000000e+00 4.910714179277420044e-02 3.746300125122070312e+01 5.520899963378906250e+01 5.682099914550781250e+01
3.000000000000000000e+00 2.500000000000000000e-01 3.940200042724609375e+01 5.396900177001953125e+01 5.366699981689453125e+01
1.800000000000000000e+01 2.633928656578063965e-01 4.127199935913085938e+01 5.104499816894531250e+01 5.530400085449218750e+01
1.900000000000000000e+01 4.910714328289031982e-01 4.152399826049804688e+01 4.793799972534179688e+01 5.317100143432617188e+01
7.000000000000000000e+00 3.392857015132904053e-01 3.941999816894531250e+01 4.495399856567382812e+01 5.421300125122070312e+01
1.600000000000000000e+01 3.973214328289031982e-01 3.908499908447265625e+01 4.133700180053710938e+01 5.286000061035156250e+01
1.500000000000000000e+01 3.839285671710968018e-01 3.599599838256835938e+01 4.075099945068359375e+01 5.090299987792968750e+01
0.000000000000000000e+00 3.660714328289031982e-01 3.629800033569335938e+01 3.716199874877929688e+01 4.966799926757812500e+01
1.700000000000000000e+01 5.089285969734191895e-01 3.883499908447265625e+01 3.463700103759765625e+01 4.809600067138671875e+01
9.000000000000000000e+00 4.151785671710968018e-01 3.875699996948242188e+01 3.143099975585937500e+01 4.599100112915039062e+01
1.300000000000000000e+01 4.776785671710968018e-01 3.979800033569335938e+01 2.981500053405761719e+01 4.267499923706054688e+01
1.800000000000000000e+01 4.642857015132904053e-01 3.791999816894531250e+01 2.944499969482421875e+01 3.931100082397460938e+01
1.700000000000000000e+01 1.741071492433547974e-01 3.521200180053710938e+01 2.679999923706054688e+01 3.835400009155273438e+01
7.000000000000000000e+00 9.375000000000000000e-02 3.480199813842773438e+01 2.492900085449218750e+01 3.503400039672851562e+01
1.700000000000000000e+01 1.607142835855484009e-01 3.349200057983398438e+01 2.793199920654296875e+01 3.307099914550781250e+01
9.000000000000000000e+00 4.419642984867095947e-01 3.633000183105468750e+01 3.004899978637695312e+01 3.446900177001953125e+01
7.000000000000000000e+00 4.330357015132904053e-01 3.380699920654296875e+01 3.211199951171875000e+01 3.653699874877929688e+01
1.200000000000000000e+01 4.464285671710968018e-01 3.422800064086914062e+01 3.248400115966796875e+01 4.032699966430664062e+01
9.000000000000000000e+00 1.071428582072257996e-01 2.900799942016601562e+01 3.352600097656250000e+01 4.470700073242187500e+01
1.200000000000000000e+01 2.901785671710968018e-01 3.127000045776367188e+01 3.646400070190429688e+01 4.564400100708007812e+01
1.800000000000000000e+01 1.428571492433547974e-01 2.863800048828125000e+01 3.888999938964843750e+01 4.723799896240234375e+01
1.800000000000000000e+01 3.571428731083869934e-02 2.497599983215332031e+01 3.979299926757812500e+01 4.766500091552734375e+01
7.000000000000000000e+00 1.785714365541934967e-02 2.315999984741210938e+01 4.291299819946289062e+01 4.631700134277343750e+01
7.000000000000000000e+00 4.464285913854837418e-03 2.292200088500976562e+01 4.408000183105468750e+01 4.991400146484375000e+01
7.000000000000000000e+00 4.464285820722579956e-02 2.672299957275390625e+01 4.338899993896484375e+01 5.079700088500976562e+01
1.500000000000000000e+01 1.517857164144515991e-01 2.794700050354003906e+01 4.499200057983398438e+01 4.766199874877929688e+01
2.200000000000000000e+01 1.205357164144515991e-01 2.845599937438964844e+01 4.862799835205078125e+01 4.875099945068359375e+01
7.000000000000000000e+00 2.321428507566452026e-01 3.008200073242187500e+01 5.173899841308593750e+01 4.717399978637695312e+01
9.000000000000000000e+00 3.883928656578063965e-01 3.382600021362304688e+01 5.246200180053710938e+01 4.749800109863281250e+01
1.100000000000000000e+01 6.473214030265808105e-01 3.694499969482421875e+01 5.085499954223632812e+01 4.628799819946289062e+01
2.000000000000000000e+01 7.455357313156127930e-01 3.748899841308593750e+01 4.718999862670898438e+01 4.538499832153320312e+01
1.300000000000000000e+01 8.794642686843872070e-01 4.072100067138671875e+01 4.538600158691406250e+01 4.432600021362304688e+01
2.200000000000000000e+01 9.196428656578063965e-01 4.097399902343750000e+01 4.190900039672851562e+01 4.273300170898437500e+01
7.000000000000000000e+00 9.330357313156127930e-01 4.442399978637695312e+01 4.029700088500976562e+01 4.323500061035156250e+01
1.100000000000000000e+01 9.241071343421936035e-01 4.509500122070312500e+01 3.729700088500976562e+01 4.093799972534179688e+01
3.000000000000000000e+00 8.258928656578063965e-01 4.761399841308593750e+01 3.466400146484375000e+01 4.175799942016601562e+01
1.800000000000000000e+01 8.571428656578063965e-01 4.901800155639648438e+01 3.440200042724609375e+01 3.812599945068359375e+01
1.300000000000000000e+01 7.678571343421936035e-01 5.251599884033203125e+01 3.346699905395507812e+01 3.906200027465820312e+01
1.700000000000000000e+01 6.205357313156127930e-01 5.127399826049804688e+01 3.023200035095214844e+01 4.051399993896484375e+01
2.000000000000000000e+01 6.071428656578063965e-01 4.903200149536132812e+01 2.920000076293945312e+01 3.759000015258789062e+01
1.900000000000000000e+01 5.803571343421936035e-01 5.200699996948242188e+01 2.934499931335449219e+01 3.509500122070312500e+01
1.300000000000000000e+01 4.196428656578063965e-01 5.459799957275390625e+01 2.784399986267089844e+01 3.749700164794921875e+01
0.000000000000000000e+00 2.678571343421936035e-01 5.217399978637695312e+01 2.493700027465820312e+01 3.816699981689453125e+01
1.200000000000000000e+01 2.232142835855484009e-01 5.197399902343750000e+01 2.425099945068359375e+01 3.443799972534179688e+01
9.000000000000000000e+00 1.473214328289031982e-01 5.587500000000000000e+01 2.448600006103515625e+01 3.419599914550781250e+01
1.100000000000000000e+01 3.303571343421936035e-01 5.581700134277343750e+01 2.779999923706054688e+01 3.234099960327148438e+01
1.700000000000000000e+01 4.866071343421936035e-01 5.804100036621093750e+01 3.069700050354003906e+01 3.378499984741210938e+01
1.600000000000000000e+01 7.053571343421936035e-01 5.590999984741210938e+01 3.391400146484375000e+01 3.358700180053710938e+01
1.500000000000000000e+01 7.812500000000000000e-01 5.697600173950195312e+01 3.756399917602539062e+01 3.352700042724609375e+01
7.000000000000000000e+00 8.750000000000000000e-01 5.411700057983398438e+01 3.817399978637695312e+01 3.987599945068359375e+01
0.000000000000000000e+00 9.910714030265808105e-01 4.772499847412109375e+01 4.077999877929687500e+01 3.829199981689453125e+01
7.000000000000000000e+00 9.866071343421936035e-01 4.615999984741210938e+01 4.330300140380859375e+01 4.069900131225585938e+01
2.200000000000000000e+01 9.821428656578063965e-01 4.324100112915039062e+01 4.552700042724609375e+01 3.943299865722656250e+01
2.200000000000000000e+01 9.419642686843872070e-01 4.162200164794921875e+01 4.833200073242187500e+01 4.151699829101562500e+01
1.500000000000000000e+01 8.482142686843872070e-01 3.826800155639648438e+01 5.002299880981445312e+01 4.086199951171875000e+01
1.800000000000000000e+01 6.741071343421936035e-01 3.538899993896484375e+01 5.222700119018554688e+01 4.214699935913085938e+01
0.000000000000000000e+00 5.446428656578063965e-01 3.204899978637695312e+01 5.040399932861328125e+01 4.229100036621093750e+01
2.000000000000000000e+00 2.767857015132904053e-01 2.851199913024902344e+01 5.199200057983398438e+01 4.218000030517578125e+01
3.000000000000000000e+00 2.589285671710968018e-01 2.967499923706054688e+01 5.542599868774414062e+01 4.086600112915039062e+01
1.700000000000000000e+01 7.589285820722579956e-02 2.634199905395507812e+01 5.671099853515625000e+01 3.958900070190429688e+01
9.000000000000000000e+00 4.017857089638710022e-02 2.412199974060058594e+01 5.446300125122070312e+01 4.179199981689453125e+01
1.600000000000000000e+01 5.357142910361289978e-02 2.379000091552734375e+01 5.076499938964843750e+01 4.182099914550781250e+01
1.000000000000000000e+00 1.830357164144515991e-01 2.586800003051757812e+01 4.866899871826171875e+01 3.922800064086914062e+01
1.000000000000000000e+00 2.812500000000000000e-01 2.662299919128417969e+01 4.511600112915039062e+01 3.809400177001953125e+01
2.000000000000000000e+01 5.401785969734191895e-01 3.007299995422363281e+01 4.413499832153320312e+01 3.704499816894531250e+01
1.800000000000000000e+01 6.026785969734191895e-01 3.155599975585937500e+01 4.144900131225585938e+01 3.484500122070312500e+01
1.100000000000000000e+01 7.901785969734191895e-01 3.535599899291992188e+01 4.152799987792968750e+01 3.536000061035156250e+01
0.000000000000000000e+00 8.214285969734191895e-01 3.719599914550781250e+01 3.949499893188476562e+01 3.280599975585937500e+01
0.000000000000000000e+00 9.062500000000000000e-01 4.094300079345703125e+01 3.844800186157226562e+01 3.274499893188476562e+01
1.200000000000000000e+01 8.526785969734191895e-01 4.292699813842773438e+01 3.709600067138671875e+01 2.975300025939941406e+01
1.200000000000000000e+01 8.616071343421936035e-01 4.618700027465820312e+01 3.553900146484375000e+01 3.080900001525878906e+01
1.700000000000000000e+01 7.633928656578063965e-01 4.909199905395507812e+01 3.455699920654296875e+01 2.856800079345703125e+01
1.600000000000000000e+01 7.142857313156127930e-01 5.272399902343750000e+01 3.377999877929687500e+01 2.982900047302246094e+01
2.000000000000000000e+01 7.767857313156127930e-01 5.435499954223632812e+01 3.712099838256835938e+01 2.944300079345703125e+01
1.700000000000000000e+01 8.973214030265808105e-01 5.112699890136718750e+01 3.918899917602539062e+01 2.915699958801269531e+01
2.000000000000000000e+01 9.598214030265808105e-01 4.771099853515625000e+01 3.980699920654296875e+01 3.058600044250488281e+01
1.700000000000000000e+01 9.508928656578063965e-01 4.454899978637695312e+01 4.164899826049804688e+01 2.950600051879882812e+01
1.800000000000000000e+01 9.687500000000000000e-01 4.160900115966796875e+01 4.302199935913085938e+01 3.176399993896484375e+01
1.800000000000000000e+01 8.660714030265808105e-01 3.810599899291992188e+01 4.413899993896484375e+01 3.062299919128417969e+01
0.000000000000000000e+00 7.991071343421936035e-01 3.532099914550781250e+01 4.547399902343750000e+01 3.290100097656250000e+01
2.200000000000000000e+01 5.937500000000000000e-01 3.152000045776367188e+01 4.542699813842773438e+01 3.178199958801269531e+01
2.200000000000000000e+01 4.732142984867095947e-01 2.926300048828125000e+01 4.808499908447265625e+01 3.354000091552734375e+01
1.800000000000000000e+01 1.964285671710968018e-01 2.576700019836425781e+01 4.681700134277343750e+01 3.327799987792968750e+01
2.000000000000000000e+00 6.696428358554840088e-02 2.309199905395507812e+01 4.931999969482421875e+01 3.438499832153320312e+01
1.600000000000000000e+01 8.928571827709674835e-03 1.981299972534179688e+01 4.785100173950195312e+01 3.597499847412109375e+01
5.000000000000000000e+00 1.026785746216773987e-01 6.885900115966796875e+01 5.001699829101562500e+01 2.807299995422363281e+01
1.600000000000000000e+01 2.410714328289031982e-01 6.761599731445312500e+01 4.746599960327148438e+01 3.071999931335449219e+01
1.200000000000000000e+01 5.133928656578063965e-01 6.399000167846679688e+01 4.851699829101562500e+01 3.097900009155273438e+01
1.400000000000000000e+01 5.357142686843872070e-01 6.180199813842773438e+01 5.045199966430664062e+01 2.846599960327148438e+01
2.200000000000000000e+01 6.919642686843872070e-01 5.807600021362304688e+01 5.124100112915039062e+01 2.841300010681152344e+01
1.300000000000000000e+01 6.562500000000000000e-01 5.581900024414062500e+01 5.174000167846679688e+01 2.527899932861328125e+01
2.200000000000000000e+01 7.276785969734191895e-01 5.228799819946289062e+01 5.325400161743164062e+01 2.605800056457519531e+01
1.200000000000000000e+01 6.651785969734191895e-01 4.947200012207031250e+01 5.322800064086914062e+01 2.355200004577636719e+01
3.000000000000000000e+00 6.116071343421936035e-01 4.589899826049804688e+01 5.483800125122070312e+01 2.348800086975097656e+01
0.000000000000000000e+00 5.669642686843872070e-01 4.295100021362304688e+01 5.294800186157226562e+01 2.207200050354003906e+01
2.200000000000000000e+01 3.928571343421936035e-01 4.052899932861328125e+01 5.598699951171875000e+01 2.211000061035156250e+01
1.000000000000000000e+00 2.053571492433547974e-01 4.265100097656250000e+01 5.818000030517578125e+01 1.964299964904785156e+01
9.000000000000000000e+00 2.723214328289031982e-01 4.429299926757812500e+01 5.491799926757812500e+01 1.802899932861328125e+01
1.700000000000000000e+01 2.455357164144515991e-01 4.768700027465820312e+01 5.662099838256835938e+01 1.840999984741210938e+01
1.600000000000000000e+01 3.169642984867095947e-01 5.087400054931640625e+01 5.682799911499023438e+01 2.061499977111816406e+01
0.000000000000000000e+00 5.178571343421936035e-01 5.012400054931640625e+01 5.788499832153320312e+01 2.426799964904785156e+01
1.100000000000000000e+01 3.080357015132904053e-01 5.201300048828125000e+01 6.111600112915039062e+01 2.513800048828125000e+01
2.000000000000000000e+00 3.348214328289031982e-01 5.318999862670898438e+01 6.227199935913085938e+01 2.858399963378906250e+01
2.200000000000000000e+01 6.383928656578063965e-01 5.178699874877929688e+01 5.925600051879882812e+01 3.049300003051757812e+01
0.000000000000000000e+00 6.160714030265808105e-01 5.346099853515625000e+01 5.970199966430664062e+01 3.385200119018554688e+01
1.400000000000000000e+01 7.410714030265808105e-01 5.456700134277343750e+01 5.655599975585937500e+01 3.573400115966796875e+01
2.200000000000000000e+01 7.232142686843872070e-01 5.881100082397460938e+01 5.240100097656250000e+01 3.896500015258789062e+01
1.500000000000000000e+01 6.964285969734191895e-01 5.933000183105468750e+01 5.061999893188476562e+01 4.223300170898437500e+01
1.000000000000000000e+00 5.982142686843872070e-01 6.140700149536132812e+01 4.786500167846679688e+01 4.367200088500976562e+01
1.300000000000000000e+01 5.267857313156127930e-01 6.119300079345703125e+01 4.566400146484375000e+01 4.672800064086914062e+01
0.000000000000000000e+00 2.366071492433547974e-01 6.393399810791015625e+01 4.591299819946289062e+01 4.929499816894531250e+01
0.000000000000000000e+00 8.035714179277420044e-02 6.548799896240234375e+01 4.343299865722656250e+01 5.173600006103515625e+01
3.000000000000000000e+00 7.142857462167739868e-02 6.300799942016601562e+01 4.426200103759765625e+01 5.443799972534179688e+01
3.000000000000000000e+00 2.946428656578063965e-01 6.018600082397460938e+01 4.339899826049804688e+01 5.188600158691406250e+01
1.800000000000000000e+01 3.526785671710968018e-01 5.890700149536132812e+01 4.705599975585937500e+01 5.152999877929687500e+01
1.900000000000000000e+01 5.580357313156127930e-01 5.812699890136718750e+01 4.887200164794921875e+01 4.828300094604492188e+01
7.000000000000000000e+00 4.241071343421936035e-01 6.063399887084960938e+01 5.155199813842773438e+01 4.757600021362304688e+01
1.600000000000000000e+01 4.598214328289031982e-01 6.112200164794921875e+01 5.395399856567382812e+01 4.459700012207031250e+01
1.500000000000000000e+01 3.705357015132904053e-01 6.353499984741210938e+01 5.317499923706054688e+01 4.181499862670898438e+01
0.000000000000000000e+00 4.062500000000000000e-01 6.286600112915039062e+01 5.529800033569335938e+01 3.876300048828125000e+01
1.700000000000000000e+01 4.375000000000000000e-01 6.050600051879882812e+01 5.815000152587890625e+01 3.768899917602539062e+01
9.000000000000000000e+00 3.750000000000000000e-01 5.932400131225585938e+01 5.967800140380859375e+01 3.438899993896484375e+01
1.300000000000000000e+01 4.553571343421936035e-01 5.680199813842773438e+01 6.024000167846679688e+01 3.155699920654296875e+01
1.800000000000000000e+01 4.687500000000000000e-01 5.617399978637695312e+01 5.897200012207031250e+01 2.789100074768066406e+01
1.700000000000000000e+01 1.696428507566452026e-01 5.766600036621093750e+01 6.097499847412109375e+01 2.499399948120117188e+01
7.000000000000000000e+00 8.928571641445159912e-02 5.611500167846679688e+01 6.187300109863281250e+01 2.161899948120117188e+01
1.700000000000000000e+01 1.250000000000000000e-01 5.677799987792968750e+01 5.833800125122070312e+01 2.020800018310546875e+01
9.000000000000000000e+00 3.616071343421936035e-01 5.489500045776367188e+01 5.673300170898437500e+01 2.305500030517578125e+01
7.000000000000000000e+00 4.107142984867095947e-01 5.797000122070312500e+01 5.563000106811523438e+01 2.483900070190429688e+01
1.200000000000000000e+01 4.508928656578063965e-01 5.974000167846679688e+01 5.612500000000000000e+01 2.812599945068359375e+01
9.000000000000000000e+00 1.294642835855484009e-01 6.569599914550781250e+01 5.725600051879882812e+01 3.068000030517578125e+01
1.200000000000000000e+01 3.035714328289031982e-01 6.463300323486328125e+01 5.500999832153320312e+01 3.364799880981445312e+01
1.800000000000000000e+01 1.562500000000000000e-01 6.797899627685546875e+01 5.347800064086914062e+01 3.475000000000000000e+01
1.800000000000000000e+01 2.678571455180644989e-02 7.164499664306640625e+01 5.284000015258789062e+01 3.370700073242187500e+01
7.000000000000000000e+00 2.232142910361289978e-02 7.272399902343750000e+01 4.913600158691406250e+01 3.351900100708007812e+01
7.000000000000000000e+00 0.000000000000000000e+00 7.504799652099609375e+01 4.935499954223632812e+01 3.658499908447265625e+01
7.000000000000000000e+00 3.125000000000000000e-02 7.208899688720703125e+01 5.066099929809570312e+01 3.872900009155273438e+01
1.500000000000000000e+01 1.339285671710968018e-01 6.970099639892578125e+01 4.790800094604492188e+01 3.738700103759765625e+01
2.200000000000000000e+01 1.116071417927742004e-01 6.991300201416015625e+01 4.549000167846679688e+01 4.034400177001953125e+01
7.000000000000000000e+00 2.142857164144515991e-01 6.789199829101562500e+01 4.231000137329101562e+01 4.134099960327148438e+01
9.000000000000000000e+00 4.017857015132904053e-01 6.453299713134765625e+01 4.219499969482421875e+01 4.312699890136718750e+01
1.100000000000000000e+01 6.607142686843872070e-01 6.076599884033203125e+01 4.211000061035156250e+01 4.261100006103515625e+01
2.000000000000000000e+01 7.544642686843872070e-01 5.972200012207031250e+01 4.542900085449218750e+01 4.086299896240234375e+01
1.300000000000000000e+01 8.928571343421936035e-01 5.634000015258789062e+01 4.702799987792968750e+01 3.995800018310546875e+01
2.200000000000000000e+01 9.151785969734191895e-01 5.557799911499023438e+01 4.976699829101562500e+01 3.734799957275390625e+01
7.000000000000000000e+00 9.285714030265808105e-01 5.261399841308593750e+01 5.197299957275390625e+01 3.840900039672851562e+01
1.100000000000000000e+01 9.017857313156127930e-01 5.124399948120117188e+01 5.406200027465820312e+01 3.549499893188476562e+01
3.000000000000000000e+00 8.035714030265808105e-01 4.908900070190429688e+01 5.721900177001953125e+01 3.579999923706054688e+01
1.800000000000000000e+01 8.303571343421936035e-01 4.610599899291992188e+01 5.641999816894531250e+01 3.360100173950195312e+01
1.300000000000000000e+01 7.366071343421936035e-01 4.368899917602539062e+01 5.825699996948242188e+01 3.604800033569335938e+01
1.700000000000000000e+01 5.714285969734191895e-01 4.538399887084960938e+01 6.164799880981445312e+01 3.520000076293945312e+01
2.000000000000000000e+01 5.848214030265808105e-01 4.542200088500976562e+01 6.071400070190429688e+01 3.150000000000000000e+01
1.900000000000000000e+01 5.758928656578063965e-01 4.160300064086914062e+01 6.001300048828125000e+01 3.129199981689453125e+01
1.300000000000000000e+01 3.571428656578063965e-01 4.089799880981445312e+01 6.301200103759765625e+01 3.364899826049804688e+01
0.000000000000000000e+00 2.276785671710968018e-01 4.288600158691406250e+01 6.553800201416015625e+01 3.139200019836425781e+01
1.200000000000000000e+01 1.785714328289031982e-01 4.060800170898437500e+01 6.455500030517578125e+01 2.845999908447265625e+01
9.000000000000000000e+00 1.383928507566452026e-01 3.746900177001953125e+01 6.471900177001953125e+01 3.053499984741210938e+01
1.100000000000000000e+01 3.214285671710968018e-01 3.704700088500976562e+01 6.096099853515625000e+01 3.006399917602539062e+01
1.700000000000000000e+01 4.821428656578063965e-01 3.582199859619140625e+01 5.894100189208984375e+01 3.310200119018554688e+01
1.600000000000000000e+01 7.008928656578063965e-01 3.844100189208984375e+01 5.648899841308593750e+01 3.450999832153320312e+01
1.500000000000000000e+01 7.857142686843872070e-01 3.750299835205078125e+01 5.313000106811523438e+01 3.584400177001953125e+01
7.000000000000000000e+00 8.839285969734191895e-01 4.306999969482421875e+01 5.365999984741210938e+01 3.974800109863281250e+01
0.000000000000000000e+00 9.776785969734191895e-01 4.775600051879882812e+01 5.037599945068359375e+01 3.514799880981445312e+01
7.000000000000000000e+00 9.955357313156127930e-01 5.012300109863281250e+01 4.821099853515625000e+01 3.724300003051757812e+01
2.200000000000000000e+01 9.732142686843872070e-01 5.283700180053710938e+01 4.554700088500976562e+01 3.616500091552734375e+01
2.200000000000000000e+01 9.464285969734191895e-01 5.472700119018554688e+01 4.348199844360351562e+01 3.891299819946289062e+01
1.500000000000000000e+01 8.437500000000000000e-01 5.776599884033203125e+01 4.152199935913085938e+01 3.772700119018554688e+01
1.800000000000000000e+01 6.785714030265808105e-01 6.098500061035156250e+01 3.978400039672851562e+01 3.889199829101562500e+01
0.000000000000000000e+00 5.223214030265808105e-01 6.437599945068359375e+01 4.110900115966796875e+01 3.773500061035156250e+01
2.000000000000000000e+00 2.857142984867095947e-01 6.681600189208984375e+01 3.862599945068359375e+01 3.613600158691406250e+01
3.000000000000000000e+00 3.437500000000000000e-01 6.440699768066406250e+01 3.571500015258789062e+01 3.681000137329101562e+01
1.700000000000000000e+01 1.651785671710968018e-01 6.606199645996093750e+01 3.355799865722656250e+01 3.407500076293945312e+01
9.000000000000000000e+00 8.482142537832260132e-02 6.918199920654296875e+01 3.566400146484375000e+01 3.415100097656250000e+01
1.600000000000000000e+01 9.821428358554840088e-02 6.976499938964843750e+01 3.907400131225585938e+01 3.250099945068359375e+01
1.000000000000000000e+00 1.875000000000000000e-01 6.744300079345703125e+01 4.018399810791015625e+01 2.960000038146972656e+01
1.000000000000000000e+00 2.544642984867095947e-01 6.650299835205078125e+01 4.361000061035156250e+01 2.830500030517578125e+01
2.000000000000000000e+01 5.491071343421936035e-01 6.285100173950195312e+01 4.417200088500976562e+01 2.921299934387207031e+01
1.800000000000000000e+01 6.339285969734191895e-01 6.019400024414062500e+01 4.596400070190429688e+01 2.698600006103515625e+01
1.100000000000000000e+01 7.946428656578063965e-01 5.690100097656250000e+01 4.678799819946289062e+01 2.860199928283691406e+01
0.000000000000000000e+00 8.125000000000000000e-01 5.399000167846679688e+01 4.754199981689453125e+01 2.635400009155273438e+01
0.000000000000000000e+00 8.883928656578063965e-01 5.047200012207031250e+01 4.867399978637695312e+01 2.726099967956542969e+01
1.200000000000000000e+01 8.392857313156127930e-01 4.725299835205078125e+01 4.971200180053710938e+01 2.564999961853027344e+01
1.200000000000000000e+01 8.348214030265808105e-01 4.502199935913085938e+01 5.221300125122070312e+01 2.738299942016601562e+01
1.700000000000000000e+01 7.723214030265808105e-01 4.114099884033203125e+01 5.195600128173828125e+01 2.722800064086914062e+01
1.600000000000000000e+01 7.500000000000000000e-01 3.895800018310546875e+01 5.352600097656250000e+01 2.993099975585937500e+01
2.000000000000000000e+01 8.169642686843872070e-01 3.738199996948242188e+01 5.031800079345703125e+01 3.137000083923339844e+01
1.700000000000000000e+01 9.107142686843872070e-01 4.018799972534179688e+01 4.804899978637695312e+01 3.009099960327148438e+01
2.000000000000000000e+01 9.642857313156127930e-01 4.390100097656250000e+01 4.769599914550781250e+01 2.980599975585937500e+01
1.700000000000000000e+01 9.375000000000000000e-01 4.597600173950195312e+01 4.516500091552734375e+01 2.781800079345703125e+01
1.800000000000000000e+01 9.553571343421936035e-01 4.965299987792968750e+01 4.463399887084960938e+01 2.879899978637695312e+01
1.800000000000000000e+01 8.705357313156127930e-01 5.253099822998046875e+01 4.264099884033203125e+01 2.736700057983398438e+01
0.000000000000000000e+00 8.080357313156127930e-01 5.616899871826171875e+01 4.228400039672851562e+01 2.836899948120117188e+01
2.200000000000000000e+01 6.294642686843872070e-01 5.880099868774414062e+01 4.158499908447265625e+01 2.573999977111816406e+01
2.200000000000000000e+01 5.044642686843872070e-01 6.179499816894531250e+01 3.982300186157226562e+01 2.715399932861328125e+01
1.800000000000000000e+01 2.008928507566452026e-01 6.496900177001953125e+01 3.992699813842773438e+01 2.500900077819824219e+01
2.000000000000000000e+00 6.250000000000000000e-02 6.821199798583984375e+01 3.809600067138671875e+01 2.530900001525878906e+01
1.600000000000000000e+01 1.339285727590322495e-02 7.159500122070312500e+01 3.994699859619140625e+01 2.528599929809570312e+01
