5.000000000000000000e+00 1.116071417927742004e-01 2.578199958801269531e+01 3.831299972534179688e+01 4.175500106811523438e+01
1.600000000000000000e+01 2.366071492433547974e-01 2.692700004577636719e+01 4.197700119018554688e+01 4.127399826049804688e+01
1.200000000000000000e+01 5.044642686843872070e-01 3.063899993896484375e+01 4.130799865722656250e+01 4.128699874877929688e+01
1.400000000000000000e+01 5.401785969734191895e-01 3.146800041198730469e+01 3.874900054931640625e+01 3.862900161743164062e+01
2.200000000000000000e+01 7.008928656578063965e-01 3.480099868774414062e+01 3.747499847412109375e+01 3.742300033569335938e+01
1.300000000000000000e+01 6.741071343421936035e-01 3.598500061035156250e+01 3.537799835205078125e+01 3.450099945068359375e+01
2.200000000000000000e+01 7.500000000000000000e-01 3.963000106811523438e+01 3.425999832153320312e+01 3.377500152587890625e+01
1.200000000000000000e+01 6.919642686843872070e-01 4.083499908447265625e+01 3.309700012207031250e+01 3.030500030517578125e+01
3.000000000000000000e+00 6.339285969734191895e-01 4.395299911499023438e+01 3.125600051879882812e+01 2.914800071716308594e+01
0.000000000000000000e+00 6.160714030265808105e-01 4.557600021362304688e+01 3.263399887084960938e+01 2.595599937438964844e+01
2.200000000000000000e+01 4.285714328289031982e-01 4.804299926757812500e+01 2.965699958801269531e+01 2.554800033569335938e+01
1.000000000000000000e+00 2.276785671710968018e-01 4.504800033569335938e+01 2.732600021362304688e+01 2.474200057983398438e+01
9.000000000000000000e+00 2.991071343421936035e-01 4.264199829101562500e+01 3.006100082397460938e+01 2.362599945068359375e+01
1.700000000000000000e+01 2.901785671710968018e-01 4.010900115966796875e+01 2.897699928283691406e+01 2.618199920654296875e+01
1.600000000000000000e+01 4.196428656578063965e-01 3.873400115966796875e+01 2.956699943542480469e+01 2.970599937438964844e+01
0.000000000000000000e+00 5.312500000000000000e-01 4.119100189208984375e+01 2.929199981689453125e+01 3.267900085449218750e+01
1.100000000000000000e+01 3.392857015132904053e-01 4.061999893188476562e+01 2.680500030517578125e+01 3.551499938964843750e+01
2.000000000000000000e+00 3.571428656578063965e-01 4.183599853515625000e+01 2.689399909973144531e+01 3.913800048828125000e+01
2.200000000000000000e+01 6.473214030265808105e-01 4.298099899291992188e+01 3.050000000000000000e+01 3.911100006103515625e+01
0.000000000000000000e+00 6.562500000000000000e-01 4.313199996948242188e+01 3.180400085449218750e+01 4.284099960327148438e+01
1.400000000000000000e+01 7.589285969734191895e-01 4.183900070190429688e+01 3.538100051879882812e+01 4.339400100708007812e+01
2.200000000000000000e+01 7.187500000000000000e-01 3.908200073242187500e+01 4.054800033569335938e+01 4.679800033569335938e+01
1.500000000000000000e+01 6.830357313156127930e-01 3.990800094604492188e+01 4.356999969482421875e+01 4.902899932861328125e+01
1.000000000000000000e+00 5.580357313156127930e-01 3.754800033569335938e+01 4.647999954223632812e+01 4.985599899291992188e+01
1.300000000000000000e+01 4.910714328289031982e-01 3.852399826049804688e+01 4.991199874877929688e+01 5.131299972534179688e+01
0.000000000000000000e+00 1.964285671710968018e-01 3.693899917602539062e+01 5.041999816894531250e+01 5.471200180053710938e+01
0.000000000000000000e+00 6.696428358554840088e-02 3.544699859619140625e+01 5.337200164794921875e+01 5.626200103759765625e+01
3.000000000000000000e+00 6.250000000000000000e-02 3.883300018310546875e+01 5.490999984741210938e+01 5.733100128173828125e+01
3.000000000000000000e+00 2.455357164144515991e-01 4.034000015258789062e+01 5.391199874877929688e+01 5.379299926757812500e+01
1.800000000000000000e+01 2.723214328289031982e-01 4.212300109863281250e+01 5.071500015258789062e+01 5.522200012207031250e+01
1.900000000000000000e+01 5.133928656578063965e-01 4.209999847412109375e+01 4.762799835205078125e+01 5.288700103759765625e+01
7.000000000000000000e+00 3.303571343421936035e-01 3.974599838256835938e+01 4.504199981689453125e+01 5.441600036621093750e+01
1.600000000000000000e+01 3.973214328289031982e-01 3.958700180053710938e+01 4.140000152587890625e+01 5.308399963378906250e+01
1.500000000000000000e+01 3.616071343421936035e-01 3.631000137329101562e+01 4.088299942016601562e+01 5.137900161743164062e+01
0.000000000000000000e+00 4.017857015132904053e-01 3.620399856567382812e+01 3.755799865722656250e+01 4.955099868774414062e+01
1.700000000000000000e+01 5.000000000000000000e-01 3.840000152587890625e+01 3.485599899291992188e+01 4.792499923706054688e+01
9.000000000000000000e+00 4.107142984867095947e-01 3.812300109863281250e+01 3.161400032043457031e+01 4.575500106811523438e+01
1.300000000000000000e+01 4.776785671710968018e-01 3.965900039672851562e+01 2.990900039672851562e+01 4.269900131225585938e+01
1.800000000000000000e+01 4.821428656578063965e-01 3.795399856567382812e+01 2.979700088500976562e+01 3.922900009155273438e+01
1.700000000000000000e+01 2.053571492433547974e-01 3.526900100708007812e+01 2.724500083923339844e+01 3.819499969482421875e+01
7.000000000000000000e+00 1.026785746216773987e-01 3.544200134277343750e+01 2.494300079345703125e+01 3.516400146484375000e+01
1.700000000000000000e+01 1.651785671710968018e-01 3.398600006103515625e+01 2.758699989318847656e+01 3.270800018310546875e+01
9.000000000000000000e+00 4.508928656578063965e-01 3.631600189208984375e+01 3.026199913024902344e+01 3.386700057983398438e+01
7.000000000000000000e+00 4.419642984867095947e-01 3.396500015258789062e+01 3.203699874877929688e+01 3.625600051879882812e+01
1.200000000000000000e+01 4.553571343421936035e-01 3.408499908447265625e+01 3.266799926757812500e+01 4.002099990844726562e+01
9.000000000000000000e+00 1.294642835855484009e-01 2.889599990844726562e+01 3.405199813842773438e+01 4.439799880981445312e+01
1.200000000000000000e+01 2.812500000000000000e-01 3.141500091552734375e+01 3.642499923706054688e+01 4.557199859619140625e+01
1.800000000000000000e+01 1.785714328289031982e-01 2.905999946594238281e+01 3.890800094604492188e+01 4.707300186157226562e+01
1.800000000000000000e+01 4.910714179277420044e-02 2.548200035095214844e+01 3.996599960327148438e+01 4.740499877929687500e+01
7.000000000000000000e+00 4.017857089638710022e-02 2.391200065612792969e+01 4.316299819946289062e+01 4.631999969482421875e+01
7.000000000000000000e+00 0.000000000000000000e+00 2.275799942016601562e+01 4.366199874877929688e+01 4.995600128173828125e+01
7.000000000000000000e+00 3.125000000000000000e-02 2.647200012207031250e+01 4.359700012207031250e+01 5.097999954223632812e+01
1.500000000000000000e+01 1.517857164144515991e-01 2.796599960327148438e+01 4.525299835205078125e+01 4.790599822998046875e+01
2.200000000000000000e+01 9.375000000000000000e-02 2.749200057983398438e+01 4.894599914550781250e+01 4.863100051879882812e+01
7.000000000000000000e+00 1.830357164144515991e-01 2.966200065612792969e+01 5.210400009155273438e+01 4.750299835205078125e+01
9.000000000000000000e+00 3.526785671710968018e-01 3.339400100708007812e+01 5.172200012207031250e+01 4.784999847412109375e+01
1.100000000000000000e+01 6.383928656578063965e-01 3.682400131225585938e+01 5.119200134277343750e+01 4.631900024414062500e+01
2.000000000000000000e+01 7.232142686843872070e-01 3.730500030517578125e+01 4.736899948120117188e+01 4.559600067138671875e+01
1.300000000000000000e+01 8.750000000000000000e-01 4.062300109863281250e+01 4.572700119018554688e+01 4.443999862670898438e+01
2.200000000000000000e+01 9.062500000000000000e-01 4.068199920654296875e+01 4.217200088500976562e+01 4.307099914550781250e+01
7.000000000000000000e+00 9.285714030265808105e-01 4.426300048828125000e+01 4.061999893188476562e+01 4.323500061035156250e+01
1.100000000000000000e+01 9.196428656578063965e-01 4.454100036621093750e+01 3.755099868774414062e+01 4.100400161743164062e+01
3.000000000000000000e+00 8.392857313156127930e-01 4.729199981689453125e+01 3.494200134277343750e+01 4.169499969482421875e+01
1.800000000000000000e+01 8.303571343421936035e-01 4.883800125122070312e+01 3.383499908447265625e+01 3.836000061035156250e+01
1.300000000000000000e+01 7.276785969734191895e-01 5.224399948120117188e+01 3.281399917602539062e+01 3.961000061035156250e+01
1.700000000000000000e+01 5.803571343421936035e-01 5.074700164794921875e+01 2.967000007629394531e+01 4.131999969482421875e+01
2.000000000000000000e+01 5.714285969734191895e-01 4.891799926757812500e+01 2.861599922180175781e+01 3.815499877929687500e+01
1.900000000000000000e+01 5.982142686843872070e-01 5.174700164794921875e+01 2.932999992370605469e+01 3.577399826049804688e+01
1.300000000000000000e+01 3.705357015132904053e-01 5.439500045776367188e+01 2.756999969482421875e+01 3.789400100708007812e+01
0.000000000000000000e+00 2.321428507566452026e-01 5.200000000000000000e+01 2.459600067138671875e+01 3.854399871826171875e+01
1.200000000000000000e+01 2.187500000000000000e-01 5.165999984741210938e+01 2.429599952697753906e+01 3.483200073242187500e+01
9.000000000000000000e+00 1.696428507566452026e-01 5.541099929809570312e+01 2.463400077819824219e+01 3.450999832153320312e+01
1.100000000000000000e+01 3.348214328289031982e-01 5.579700088500976562e+01 2.793000030517578125e+01 3.266199874877929688e+01
1.700000000000000000e+01 4.955357015132904053e-01 5.775999832153320312e+01 3.065399932861328125e+01 3.431499862670898438e+01
1.600000000000000000e+01 7.098214030265808105e-01 5.595600128173828125e+01 3.398799896240234375e+01 3.364300155639648438e+01
1.500000000000000000e+01 7.946428656578063965e-01 5.713000106811523438e+01 3.757699966430664062e+01 3.343099975585937500e+01
7.000000000000000000e+00 8.839285969734191895e-01 5.405199813842773438e+01 3.793700027465820312e+01 3.953300094604492188e+01
0.000000000000000000e+00 9.910714030265808105e-01 4.782500076293945312e+01 4.105099868774414062e+01 3.866099929809570312e+01
7.000000000000000000e+00 9.866071343421936035e-01 4.597200012207031250e+01 4.366299819946289062e+01 4.075199890136718750e+01
2.200000000000000000e+01 9.821428656578063965e-01 4.303599929809570312e+01 4.565599822998046875e+01 3.932899856567382812e+01
2.200000000000000000e+01 9.419642686843872070e-01 4.150000000000000000e+01 4.851599884033203125e+01 4.137799835205078125e+01
1.500000000000000000e+01 8.348214030265808105e-01 3.802899932861328125e+01 5.024900054931640625e+01 4.096699905395507812e+01
1.800000000000000000e+01 6.696428656578063965e-01 3.530199813842773438e+01 5.221500015258789062e+01 4.247800064086914062e+01
0.000000000000000000e+00 5.491071343421936035e-01 3.216500091552734375e+01 4.997499847412109375e+01 4.258800125122070312e+01
2.000000000000000000e+00 2.678571343421936035e-01 2.896699905395507812e+01 5.181200027465820312e+01 4.272299957275390625e+01
3.000000000000000000e+00 2.633928656578063965e-01 3.003899955749511719e+01 5.514599990844726562e+01 4.123199844360351562e+01
1.700000000000000000e+01 7.589285820722579956e-02 2.671800041198730469e+01 5.724700164794921875e+01 4.097299957275390625e+01
9.000000000000000000e+00 2.232142910361289978e-02 2.412299919128417969e+01 5.470800018310546875e+01 4.232099914550781250e+01
1.600000000000000000e+01 5.803571268916130066e-02 2.372999954223632812e+01 5.090100097656250000e+01 4.177899932861328125e+01
1.000000000000000000e+00 2.008928507566452026e-01 2.602799987792968750e+01 4.900199890136718750e+01 3.934799957275390625e+01
1.000000000000000000e+00 2.500000000000000000e-01 2.648299980163574219e+01 4.530599975585937500e+01 3.827000045776367188e+01
2.000000000000000000e+01 5.357142686843872070e-01 3.002599906921386719e+01 4.422299957275390625e+01 3.718600082397460938e+01
1.800000000000000000e+01 6.026785969734191895e-01 3.129000091552734375e+01 4.152199935913085938e+01 3.494499969482421875e+01
1.100000000000000000e+01 7.901785969734191895e-01 3.507699966430664062e+01 4.127999877929687500e+01 3.474800109863281250e+01
0.000000000000000000e+00 8.125000000000000000e-01 3.706900024414062500e+01 3.911299896240234375e+01 3.236700057983398438e+01
0.000000000000000000e+00 9.151785969734191895e-01 4.085100173950195312e+01 3.880300140380859375e+01 3.276100158691406250e+01
1.200000000000000000e+01 8.794642686843872070e-01 4.337300109863281250e+01 3.718600082397460938e+01 3.039100074768066406e+01
1.200000000000000000e+01 8.616071343421936035e-01 4.636600112915039062e+01 3.518999862670898438e+01 3.147699928283691406e+01
1.700000000000000000e+01 8.035714030265808105e-01 4.951100158691406250e+01 3.479800033569335938e+01 2.929599952697753906e+01
1.600000000000000000e+01 7.366071343421936035e-01 5.315999984741210938e+01 3.437300109863281250e+01 3.054299926757812500e+01
2.000000000000000000e+01 8.080357313156127930e-01 5.452899932861328125e+01 3.757899856567382812e+01 2.923800086975097656e+01
1.700000000000000000e+01 8.973214030265808105e-01 5.129700088500976562e+01 3.951200103759765625e+01 2.868199920654296875e+01
2.000000000000000000e+01 9.598214030265808105e-01 4.797200012207031250e+01 3.997100067138671875e+01 3.030500030517578125e+01
1.700000000000000000e+01 9.642857313156127930e-01 4.468199920654296875e+01 4.180199813842773438e+01 2.971800041198730469e+01
1.800000000000000000e+01 9.687500000000000000e-01 4.159299850463867188e+01 4.305500030517578125e+01 3.146899986267089844e+01
1.800000000000000000e+01 8.526785969734191895e-01 3.804499816894531250e+01 4.374900054931640625e+01 3.007600021362304688e+01
0.000000000000000000e+00 7.991071343421936035e-01 3.517300033569335938e+01 4.507799911499023438e+01 3.221400070190429688e+01
2.200000000000000000e+01 5.892857313156127930e-01 3.139399909973144531e+01 4.527500152587890625e+01 3.143600082397460938e+01
2.200000000000000000e+01 4.375000000000000000e-01 2.890500068664550781e+01 4.721699905395507812e+01 3.359000015258789062e+01
1.800000000000000000e+01 1.607142835855484009e-01 2.512500000000000000e+01 4.706200027465820312e+01 3.388499832153320312e+01
2.000000000000000000e+00 5.357142910361289978e-02 2.268099975585937500e+01 4.949100112915039062e+01 3.526399993896484375e+01
1.600000000000000000e+01 1.339285727590322495e-02 1.998900032043457031e+01 4.767599868774414062e+01 3.739799880981445312e+01
5.000000000000000000e+00 8.928571641445159912e-02 6.867199707031250000e+01 5.016699981689453125e+01 2.753300094604492188e+01
1.600000000000000000e+01 2.232142835855484009e-01 6.752300262451171875e+01 4.794100189208984375e+01 3.048299980163574219e+01
1.200000000000000000e+01 5.089285969734191895e-01 6.372600173950195312e+01 4.859099960327148438e+01 3.092200088500976562e+01
1.400000000000000000e+01 5.178571343421936035e-01 6.189300155639648438e+01 5.058599853515625000e+01 2.812700080871582031e+01
2.200000000000000000e+01 6.785714030265808105e-01 5.817599868774414062e+01 5.123500061035156250e+01 2.818899917602539062e+01
1.300000000000000000e+01 6.428571343421936035e-01 5.590000152587890625e+01 5.167900085449218750e+01 2.505500030517578125e+01
2.200000000000000000e+01 7.142857313156127930e-01 5.256499862670898438e+01 5.329800033569335938e+01 2.575699996948242188e+01
1.200000000000000000e+01 6.517857313156127930e-01 4.969499969482421875e+01 5.303599929809570312e+01 2.316500091552734375e+01
3.000000000000000000e+00 6.607142686843872070e-01 4.594200134277343750e+01 5.388600158691406250e+01 2.360700035095214844e+01
0.000000000000000000e+00 5.625000000000000000e-01 4.261100006103515625e+01 5.271500015258789062e+01 2.195800018310546875e+01
2.200000000000000000e+01 3.660714328289031982e-01 4.051200103759765625e+01 5.597100067138671875e+01 2.201899909973144531e+01
1.000000000000000000e+00 2.098214328289031982e-01 4.271099853515625000e+01 5.754199981689453125e+01 1.937800025939941406e+01
9.000000000000000000e+00 3.035714328289031982e-01 4.426499938964843750e+01 5.412200164794921875e+01 1.845299911499023438e+01
1.700000000000000000e+01 2.767857015132904053e-01 4.754899978637695312e+01 5.576599884033203125e+01 1.872900009155273438e+01
1.600000000000000000e+01 3.482142984867095947e-01 5.078699874877929688e+01 5.625299835205078125e+01 2.086499977111816406e+01
0.000000000000000000e+00 4.866071343421936035e-01 5.016699981689453125e+01 5.825500106811523438e+01 2.404899978637695312e+01
1.100000000000000000e+01 2.946428656578063965e-01 5.230599975585937500e+01 6.123600006103515625e+01 2.501799964904785156e+01
2.000000000000000000e+00 3.125000000000000000e-01 5.277999877929687500e+01 6.276699829101562500e+01 2.846199989318847656e+01
2.200000000000000000e+01 6.116071343421936035e-01 5.150500106811523438e+01 5.969100189208984375e+01 3.036400032043457031e+01
0.000000000000000000e+00 6.294642686843872070e-01 5.279499816894531250e+01 5.993399810791015625e+01 3.386899948120117188e+01
1.400000000000000000e+01 7.410714030265808105e-01 5.426900100708007812e+01 5.660499954223632812e+01 3.545600128173828125e+01
2.200000000000000000e+01 7.321428656578063965e-01 5.853599929809570312e+01 5.215999984741210938e+01 3.894499969482421875e+01
1.500000000000000000e+01 7.053571343421936035e-01 5.888899993896484375e+01 5.080300140380859375e+01 4.249000167846679688e+01
1.000000000000000000e+00 6.071428656578063965e-01 6.145899963378906250e+01 4.810699844360351562e+01 4.353300094604492188e+01
1.300000000000000000e+01 5.535714030265808105e-01 6.074100112915039062e+01 4.566699981689453125e+01 4.634999847412109375e+01
0.000000000000000000e+00 2.544642984867095947e-01 6.334799957275390625e+01 4.565800094604492188e+01 4.920100021362304688e+01
0.000000000000000000e+00 1.071428582072257996e-01 6.506999969482421875e+01 4.277999877929687500e+01 5.104100036621093750e+01
3.000000000000000000e+00 9.821428358554840088e-02 6.245800018310546875e+01 4.275899887084960938e+01 5.387799835205078125e+01
3.000000000000000000e+00 3.258928656578063965e-01 5.980300140380859375e+01 4.267399978637695312e+01 5.118099975585937500e+01
1.800000000000000000e+01 3.883928656578063965e-01 5.859999847412109375e+01 4.641299819946289062e+01 5.128900146484375000e+01
1.900000000000000000e+01 5.937500000000000000e-01 5.799700164794921875e+01 4.853699874877929688e+01 4.818000030517578125e+01
7.000000000000000000e+00 4.151785671710968018e-01 6.059600067138671875e+01 5.141899871826171875e+01 4.791099929809570312e+01
1.600000000000000000e+01 4.330357015132904053e-01 6.095800018310546875e+01 5.410400009155273438e+01 4.515900039672851562e+01
1.500000000000000000e+01 4.241071343421936035e-01 6.306299972534179688e+01 5.344900131225585938e+01 4.200199890136718750e+01
0.000000000000000000e+00 4.732142984867095947e-01 6.210599899291992188e+01 5.539099884033203125e+01 3.895700073242187500e+01
1.700000000000000000e+01 5.223214030265808105e-01 5.929700088500976562e+01 5.763499832153320312e+01 3.773199844360351562e+01
9.000000000000000000e+00 4.642857015132904053e-01 5.859099960327148438e+01 5.948699951171875000e+01 3.447700119018554688e+01
1.300000000000000000e+01 4.598214328289031982e-01 5.630899810791015625e+01 6.052700042724609375e+01 3.161199951171875000e+01
1.800000000000000000e+01 3.750000000000000000e-01 5.615900039672851562e+01 5.966699981689453125e+01 2.786199951171875000e+01
1.700000000000000000e+01 1.428571492433547974e-01 5.801100158691406250e+01 6.179199981689453125e+01 2.517399978637695312e+01
7.000000000000000000e+00 8.035714179277420044e-02 5.640299987792968750e+01 6.227000045776367188e+01 2.169400024414062500e+01
1.700000000000000000e+01 1.250000000000000000e-01 5.700600051879882812e+01 5.871400070190429688e+01 2.045000076293945312e+01
9.000000000000000000e+00 3.437500000000000000e-01 5.500199890136718750e+01 5.714099884033203125e+01 2.328400039672851562e+01
7.000000000000000000e+00 3.839285671710968018e-01 5.816199874877929688e+01 5.582699966430664062e+01 2.498399925231933594e+01
1.200000000000000000e+01 4.062500000000000000e-01 5.999399948120117188e+01 5.653099822998046875e+01 2.824300003051757812e+01
9.000000000000000000e+00 1.339285671710968018e-01 6.587100219726562500e+01 5.708399963378906250e+01 3.097400093078613281e+01
1.200000000000000000e+01 3.214285671710968018e-01 6.428700256347656250e+01 5.487099838256835938e+01 3.364500045776367188e+01
1.800000000000000000e+01 1.562500000000000000e-01 6.781500244140625000e+01 5.386600112915039062e+01 3.475799942016601562e+01
1.800000000000000000e+01 2.678571455180644989e-02 7.139399719238281250e+01 5.328900146484375000e+01 3.354999923706054688e+01
7.000000000000000000e+00 1.785714365541934967e-02 7.257399749755859375e+01 4.963299942016601562e+01 3.307099914550781250e+01
7.000000000000000000e+00 4.464285913854837418e-03 7.469599914550781250e+01 4.924200057983398438e+01 3.617599868774414062e+01
7.000000000000000000e+00 3.571428731083869934e-02 7.202100372314453125e+01 5.073300170898437500e+01 3.846200180053710938e+01
1.500000000000000000e+01 1.473214328289031982e-01 6.963800048828125000e+01 4.797399902343750000e+01 3.731900024414062500e+01
2.200000000000000000e+01 1.383928507566452026e-01 6.974299621582031250e+01 4.474700164794921875e+01 3.931999969482421875e+01
7.000000000000000000e+00 2.142857164144515991e-01 6.785399627685546875e+01 4.157799911499023438e+01 4.048300170898437500e+01
9.000000000000000000e+00 3.928571343421936035e-01 6.463099670410156250e+01 4.161100006103515625e+01 4.273799896240234375e+01
1.100000000000000000e+01 6.651785969734191895e-01 6.089599990844726562e+01 4.221099853515625000e+01 4.234299850463867188e+01
2.000000000000000000e+01 7.544642686843872070e-01 5.983200073242187500e+01 4.547999954223632812e+01 4.064099884033203125e+01
1.300000000000000000e+01 9.017857313156127930e-01 5.650799942016601562e+01 4.706600189208984375e+01 3.982300186157226562e+01
2.200000000000000000e+01 9.241071343421936035e-01 5.521400070190429688e+01 4.964300155639648438e+01 3.733200073242187500e+01
7.000000000000000000e+00 9.330357313156127930e-01 5.221799850463867188e+01 5.200699996948242188e+01 3.809600067138671875e+01
1.100000000000000000e+01 9.107142686843872070e-01 5.095700073242187500e+01 5.392399978637695312e+01 3.510400009155273438e+01
3.000000000000000000e+00 8.214285969734191895e-01 4.855400085449218750e+01 5.698500061035156250e+01 3.574700164794921875e+01
1.800000000000000000e+01 8.482142686843872070e-01 4.574800109863281250e+01 5.604100036621093750e+01 3.340999984741210938e+01
1.300000000000000000e+01 7.633928656578063965e-01 4.343899917602539062e+01 5.767800140380859375e+01 3.584400177001953125e+01
1.700000000000000000e+01 6.205357313156127930e-01 4.504899978637695312e+01 6.109500122070312500e+01 3.527799987792968750e+01
2.000000000000000000e+01 6.250000000000000000e-01 4.535599899291992188e+01 6.037300109863281250e+01 3.150600051879882812e+01
1.900000000000000000e+01 5.848214030265808105e-01 4.173099899291992188e+01 5.983900070190429688e+01 3.089100074768066406e+01
1.300000000000000000e+01 3.794642984867095947e-01 4.047000122070312500e+01 6.260499954223632812e+01 3.323099899291992188e+01
0.000000000000000000e+00 2.410714328289031982e-01 4.276800155639648438e+01 6.528800201416015625e+01 3.202099990844726562e+01
1.200000000000000000e+01 1.875000000000000000e-01 4.128699874877929688e+01 6.489800262451171875e+01 2.860000038146972656e+01
9.000000000000000000e+00 1.205357164144515991e-01 3.774000167846679688e+01 6.515599822998046875e+01 3.011599922180175781e+01
1.100000000000000000e+01 3.080357015132904053e-01 3.729499816894531250e+01 6.137799835205078125e+01 2.992099952697753906e+01
1.700000000000000000e+01 4.464285671710968018e-01 3.580899810791015625e+01 5.939500045776367188e+01 3.291600036621093750e+01
1.600000000000000000e+01 6.964285969734191895e-01 3.838399887084960938e+01 5.682099914550781250e+01 3.425500106811523438e+01
1.500000000000000000e+01 7.812500000000000000e-01 3.735200119018554688e+01 5.338399887084960938e+01 3.541600036621093750e+01
7.000000000000000000e+00 8.883928656578063965e-01 4.254700088500976562e+01 5.376200103759765625e+01 3.946099853515625000e+01
0.000000000000000000e+00 9.776785969734191895e-01 4.753499984741210938e+01 5.029499816894531250e+01 3.509400177001953125e+01
7.000000000000000000e+00 9.955357313156127930e-01 4.972700119018554688e+01 4.803200149536132812e+01 3.728699874877929688e+01
2.200000000000000000e+01 9.732142686843872070e-01 5.260900115966796875e+01 4.561000061035156250e+01 3.614199829101562500e+01
2.200000000000000000e+01 9.553571343421936035e-01 5.454899978637695312e+01 4.353799819946289062e+01 3.869800186157226562e+01
1.500000000000000000e+01 8.571428656578063965e-01 5.759000015258789062e+01 4.145000076293945312e+01 3.781900024414062500e+01
1.800000000000000000e+01 6.875000000000000000e-01 6.070700073242187500e+01 3.956200027465820312e+01 3.894900131225585938e+01
0.000000000000000000e+00 5.446428656578063965e-01 6.392200088500976562e+01 4.130899810791015625e+01 3.740999984741210938e+01
2.000000000000000000e+00 2.857142984867095947e-01 6.659899902343750000e+01 3.904499816894531250e+01 3.595999908447265625e+01
3.000000000000000000e+00 3.169642984867095947e-01 6.482399749755859375e+01 3.580400085449218750e+01 3.705699920654296875e+01
1.700000000000000000e+01 1.160714253783226013e-01 6.685800170898437500e+01 3.315100097656250000e+01 3.514699935913085938e+01
9.000000000000000000e+00 7.142857462167739868e-02 6.972499847412109375e+01 3.534400177001953125e+01 3.434299850463867188e+01
1.600000000000000000e+01 8.482142537832260132e-02 7.047699737548828125e+01 3.893999862670898438e+01 3.319599914550781250e+01
1.000000000000000000e+00 1.741071492433547974e-01 6.808599853515625000e+01 4.048300170898437500e+01 3.053100013732910156e+01
1.000000000000000000e+00 2.589285671710968018e-01 6.660399627685546875e+01 4.368299865722656250e+01 2.922299957275390625e+01
2.000000000000000000e+01 5.267857313156127930e-01 6.293999862670898438e+01 4.461999893188476562e+01 2.893300056457519531e+01
1.800000000000000000e+01 5.758928656578063965e-01 6.070399856567382812e+01 4.633100128173828125e+01 2.642000007629394531e+01
1.100000000000000000e+01 7.678571343421936035e-01 5.720000076293945312e+01 4.669699859619140625e+01 2.782500076293945312e+01
0.000000000000000000e+00 7.767857313156127930e-01 5.426100158691406250e+01 4.757199859619140625e+01 2.564900016784667969e+01
0.000000000000000000e+00 8.705357313156127930e-01 5.077500152587890625e+01 4.871200180053710938e+01 2.684000015258789062e+01
1.200000000000000000e+01 8.258928656578063965e-01 4.733800125122070312e+01 4.943899917602539062e+01 2.534000015258789062e+01
1.200000000000000000e+01 8.437500000000000000e-01 4.514400100708007812e+01 5.192699813842773438e+01 2.722699928283691406e+01
1.700000000000000000e+01 7.723214030265808105e-01 4.132199859619140625e+01 5.204499816894531250e+01 2.700099945068359375e+01
1.600000000000000000e+01 7.455357313156127930e-01 3.881999969482421875e+01 5.341400146484375000e+01 2.971299934387207031e+01
2.000000000000000000e+01 8.169642686843872070e-01 3.731600189208984375e+01 5.002299880981445312e+01 3.065699958801269531e+01
1.700000000000000000e+01 8.928571343421936035e-01 3.990200042724609375e+01 4.763999938964843750e+01 2.941900062561035156e+01
2.000000000000000000e+01 9.464285969734191895e-01 4.367100143432617188e+01 4.760699844360351562e+01 2.904899978637695312e+01
1.700000000000000000e+01 9.375000000000000000e-01 4.627999877929687500e+01 4.520700073242187500e+01 2.764599990844726562e+01
1.800000000000000000e+01 9.508928656578063965e-01 4.994400024414062500e+01 4.478699874877929688e+01 2.854899978637695312e+01
1.800000000000000000e+01 8.660714030265808105e-01 5.272200012207031250e+01 4.267599868774414062e+01 2.697200012207031250e+01
0.000000000000000000e+00 7.857142686843872070e-01 5.645199966430664062e+01 4.249300003051757812e+01 2.762400054931640625e+01
2.200000000000000000e+01 5.669642686843872070e-01 5.952000045776367188e+01 4.129199981689453125e+01 2.555599975585937500e+01
2.200000000000000000e+01 4.687500000000000000e-01 6.248600006103515625e+01 3.980099868774414062e+01 2.743199920654296875e+01
1.800000000000000000e+01 1.919642835855484009e-01 6.564499664306640625e+01 3.993700027465820312e+01 2.539299964904785156e+01
2.000000000000000000e+00 4.464285820722579956e-02 6.896700286865234375e+01 3.781800079345703125e+01 2.594499969482421875e+01
1.600000000000000000e+01 8.928571827709674835e-03 7.237999725341796875e+01 3.960599899291992188e+01 2.608499908447265625e+01
