5.000000000000000000e+00 9.375000000000000000e-02 2.522299957275390625e+01 3.906700134277343750e+01 4.209400177001953125e+01
1.600000000000000000e+01 2.276785671710968018e-01 2.672999954223632812e+01 4.251300048828125000e+01 4.148099899291992188e+01
1.200000000000000000e+01 4.955357015132904053e-01 3.039599990844726562e+01 4.144800186157226562e+01 4.100199890136718750e+01
1.400000000000000000e+01 5.312500000000000000e-01 3.150000000000000000e+01 3.862900161743164062e+01 3.869599914550781250e+01
2.200000000000000000e+01 7.008928656578063965e-01 3.501800155639648438e+01 3.747200012207031250e+01 3.762099838256835938e+01
1.300000000000000000e+01 6.696428656578063965e-01 3.590200042724609375e+01 3.540000152587890625e+01 3.450899887084960938e+01
2.200000000000000000e+01 7.276785969734191895e-01 3.946500015258789062e+01 3.405500030517578125e+01 3.357600021362304688e+01
1.200000000000000000e+01 6.562500000000000000e-01 4.026699829101562500e+01 3.285100173950195312e+01 3.003300094604492188e+01
3.000000000000000000e+00 6.026785969734191895e-01 4.338999938964843750e+01 3.088800048828125000e+01 2.889299964904785156e+01
0.000000000000000000e+00 5.848214030265808105e-01 4.522299957275390625e+01 3.231299972534179688e+01 2.587400054931640625e+01
2.200000000000000000e+01 4.107142984867095947e-01 4.775799942016601562e+01 2.947100067138671875e+01 2.572999954223632812e+01
1.000000000000000000e+00 2.410714328289031982e-01 4.494400024414062500e+01 2.704700088500976562e+01 2.511800003051757812e+01
9.000000000000000000e+00 2.857142984867095947e-01 4.217699813842773438e+01 2.947100067138671875e+01 2.399500083923339844e+01
1.700000000000000000e+01 2.723214328289031982e-01 3.970600128173828125e+01 2.842700004577636719e+01 2.659399986267089844e+01
1.600000000000000000e+01 3.482142984867095947e-01 3.786899948120117188e+01 2.935600090026855469e+01 2.991099929809570312e+01
0.000000000000000000e+00 4.776785671710968018e-01 4.027899932861328125e+01 2.855900001525878906e+01 3.283300018310546875e+01
1.100000000000000000e+01 2.946428656578063965e-01 3.922499847412109375e+01 2.636000061035156250e+01 3.567900085449218750e+01
2.000000000000000000e+00 3.035714328289031982e-01 3.989699935913085938e+01 2.641799926757812500e+01 3.943600082397460938e+01
2.200000000000000000e+01 5.803571343421936035e-01 4.180599975585937500e+01 2.979100036621093750e+01 3.924000167846679688e+01
0.000000000000000000e+00 6.250000000000000000e-01 4.168899917602539062e+01 3.151799964904785156e+01 4.259500122070312500e+01
1.400000000000000000e+01 7.455357313156127930e-01 4.144100189208984375e+01 3.521099853515625000e+01 4.321699905395507812e+01
2.200000000000000000e+01 7.232142686843872070e-01 3.926800155639648438e+01 4.059600067138671875e+01 4.626900100708007812e+01
1.500000000000000000e+01 7.053571343421936035e-01 4.027199935913085938e+01 4.373699951171875000e+01 4.852299880981445312e+01
1.000000000000000000e+00 6.160714030265808105e-01 3.850400161743164062e+01 4.701399993896484375e+01 4.956000137329101562e+01
1.300000000000000000e+01 5.357142686843872070e-01 3.997000122070312500e+01 5.035599899291992188e+01 5.061299896240234375e+01
0.000000000000000000e+00 2.589285671710968018e-01 3.934299850463867188e+01 5.160499954223632812e+01 5.413999938964843750e+01
0.000000000000000000e+00 1.116071417927742004e-01 3.846400070190429688e+01 5.519200134277343750e+01 5.494800186157226562e+01
3.000000000000000000e+00 1.071428582072257996e-01 4.203300094604492188e+01 5.593700027465820312e+01 5.587799835205078125e+01
3.000000000000000000e+00 3.303571343421936035e-01 4.283000183105468750e+01 5.475899887084960938e+01 5.229499816894531250e+01
1.800000000000000000e+01 4.241071343421936035e-01 4.458700180053710938e+01 5.147200012207031250e+01 5.332099914550781250e+01
1.900000000000000000e+01 5.892857313156127930e-01 4.384999847412109375e+01 4.810200119018554688e+01 5.178200149536132812e+01
7.000000000000000000e+00 4.464285671710968018e-01 4.173400115966796875e+01 4.542900085449218750e+01 5.368299865722656250e+01
1.600000000000000000e+01 4.821428656578063965e-01 4.050600051879882812e+01 4.179399871826171875e+01 5.258499908447265625e+01
1.500000000000000000e+01 4.732142984867095947e-01 3.708499908447265625e+01 4.178400039672851562e+01 5.091999816894531250e+01
0.000000000000000000e+00 4.508928656578063965e-01 3.662599945068359375e+01 3.824900054931640625e+01 4.961700057983398438e+01
1.700000000000000000e+01 5.133928656578063965e-01 3.841400146484375000e+01 3.524000167846679688e+01 4.788999938964843750e+01
9.000000000000000000e+00 4.017857015132904053e-01 3.742300033569335938e+01 3.221799850463867188e+01 4.572000122070312500e+01
1.300000000000000000e+01 4.375000000000000000e-01 3.816099929809570312e+01 3.022999954223632812e+01 4.265299987792968750e+01
1.800000000000000000e+01 4.062500000000000000e-01 3.664500045776367188e+01 2.981200027465820312e+01 3.918199920654296875e+01
1.700000000000000000e+01 1.428571492433547974e-01 3.393099975585937500e+01 2.719499969482421875e+01 3.856399917602539062e+01
7.000000000000000000e+00 5.357142910361289978e-02 3.334999847412109375e+01 2.505299949645996094e+01 3.553099822998046875e+01
1.700000000000000000e+01 1.205357164144515991e-01 3.249800109863281250e+01 2.780200004577636719e+01 3.298099899291992188e+01
9.000000000000000000e+00 3.437500000000000000e-01 3.561600112915039062e+01 2.968099975585937500e+01 3.399800109863281250e+01
7.000000000000000000e+00 3.705357015132904053e-01 3.336500167846679688e+01 3.204399871826171875e+01 3.588199996948242188e+01
1.200000000000000000e+01 3.616071343421936035e-01 3.289699935913085938e+01 3.293700027465820312e+01 3.961600112915039062e+01
9.000000000000000000e+00 1.339285671710968018e-01 2.882900047302246094e+01 3.462200164794921875e+01 4.436299896240234375e+01
1.200000000000000000e+01 3.214285671710968018e-01 3.193000030517578125e+01 3.659299850463867188e+01 4.541199874877929688e+01
1.800000000000000000e+01 2.008928507566452026e-01 2.954400062561035156e+01 3.910800170898437500e+01 4.695199966430664062e+01
1.800000000000000000e+01 4.464285820722579956e-02 2.588400077819824219e+01 4.011999893188476562e+01 4.737699890136718750e+01
7.000000000000000000e+00 3.571428731083869934e-02 2.435099983215332031e+01 4.356100082397460938e+01 4.684000015258789062e+01
7.000000000000000000e+00 4.464285913854837418e-03 2.429199981689453125e+01 4.443099975585937500e+01 5.065900039672851562e+01
7.000000000000000000e+00 6.250000000000000000e-02 2.805999946594238281e+01 4.381000137329101562e+01 5.090599822998046875e+01
1.500000000000000000e+01 2.142857164144515991e-01 2.930400085449218750e+01 4.575299835205078125e+01 4.772499847412109375e+01
2.200000000000000000e+01 1.383928507566452026e-01 2.898600006103515625e+01 4.944499969482421875e+01 4.875699996948242188e+01
7.000000000000000000e+00 2.187500000000000000e-01 3.067200088500976562e+01 5.259700012207031250e+01 4.721200180053710938e+01
9.000000000000000000e+00 3.973214328289031982e-01 3.460100173950195312e+01 5.305500030517578125e+01 4.736600112915039062e+01
1.100000000000000000e+01 6.651785969734191895e-01 3.782600021362304688e+01 5.179899978637695312e+01 4.561700057983398438e+01
2.000000000000000000e+01 7.633928656578063965e-01 3.845700073242187500e+01 4.801800155639648438e+01 4.542900085449218750e+01
1.300000000000000000e+01 8.973214030265808105e-01 4.083599853515625000e+01 4.582899856567382812e+01 4.366600036621093750e+01
2.200000000000000000e+01 9.196428656578063965e-01 4.088899993896484375e+01 4.218000030517578125e+01 4.250699996948242188e+01
7.000000000000000000e+00 9.330357313156127930e-01 4.409299850463867188e+01 4.007500076293945312e+01 4.238399887084960938e+01
1.100000000000000000e+01 9.107142686843872070e-01 4.390299987792968750e+01 3.692100143432617188e+01 4.025600051879882812e+01
3.000000000000000000e+00 8.214285969734191895e-01 4.663100051879882812e+01 3.450699996948242188e+01 4.143299865722656250e+01
1.800000000000000000e+01 8.303571343421936035e-01 4.794800186157226562e+01 3.359700012207031250e+01 3.798699951171875000e+01
1.300000000000000000e+01 7.142857313156127930e-01 5.114099884033203125e+01 3.217699813842773438e+01 3.957699966430664062e+01
1.700000000000000000e+01 5.491071343421936035e-01 4.969599914550781250e+01 2.914200019836425781e+01 4.132300186157226562e+01
2.000000000000000000e+01 5.535714030265808105e-01 4.761000061035156250e+01 2.827199935913085938e+01 3.817800140380859375e+01
1.900000000000000000e+01 5.446428656578063965e-01 5.082699966430664062e+01 2.843000030517578125e+01 3.600600051879882812e+01
1.300000000000000000e+01 3.125000000000000000e-01 5.271099853515625000e+01 2.610300064086914062e+01 3.841199874877929688e+01
0.000000000000000000e+00 1.964285671710968018e-01 4.987699890136718750e+01 2.356599998474121094e+01 3.807099914550781250e+01
1.200000000000000000e+01 1.875000000000000000e-01 5.050799942016601562e+01 2.360099983215332031e+01 3.431100082397460938e+01
9.000000000000000000e+00 1.473214328289031982e-01 5.425799942016601562e+01 2.391900062561035156e+01 3.441299819946289062e+01
1.100000000000000000e+01 3.392857015132904053e-01 5.441699981689453125e+01 2.729700088500976562e+01 3.271799850463867188e+01
1.700000000000000000e+01 5.000000000000000000e-01 5.682600021362304688e+01 3.025900077819824219e+01 3.352000045776367188e+01
1.600000000000000000e+01 6.785714030265808105e-01 5.510800170898437500e+01 3.250999832153320312e+01 3.622999954223632812e+01
1.500000000000000000e+01 7.589285969734191895e-01 5.665399932861328125e+01 3.593099975585937500e+01 3.519300079345703125e+01
7.000000000000000000e+00 8.928571343421936035e-01 5.306100082397460938e+01 3.821599960327148438e+01 4.040100097656250000e+01
0.000000000000000000e+00 9.732142686843872070e-01 4.673699951171875000e+01 3.983499908447265625e+01 3.718700027465820312e+01
7.000000000000000000e+00 9.955357313156127930e-01 4.523500061035156250e+01 4.268399810791015625e+01 3.919300079345703125e+01
2.200000000000000000e+01 9.821428656578063965e-01 4.256999969482421875e+01 4.525500106811523438e+01 3.857799911499023438e+01
2.200000000000000000e+01 9.508928656578063965e-01 4.182899856567382812e+01 4.836500167846679688e+01 4.072000122070312500e+01
1.500000000000000000e+01 8.571428656578063965e-01 3.854899978637695312e+01 5.022800064086914062e+01 4.033200073242187500e+01
1.800000000000000000e+01 6.741071343421936035e-01 3.582799911499023438e+01 5.259899902343750000e+01 4.177199935913085938e+01
0.000000000000000000e+00 5.401785969734191895e-01 3.256800079345703125e+01 5.083300018310546875e+01 4.246500015258789062e+01
2.000000000000000000e+00 2.767857015132904053e-01 2.903199958801269531e+01 5.226699829101562500e+01 4.199000167846679688e+01
3.000000000000000000e+00 2.500000000000000000e-01 2.992600059509277344e+01 5.592599868774414062e+01 4.105599975585937500e+01
1.700000000000000000e+01 1.651785671710968018e-01 2.782500076293945312e+01 5.565700149536132812e+01 3.792100143432617188e+01
9.000000000000000000e+00 6.696428358554840088e-02 2.528800010681152344e+01 5.429600143432617188e+01 4.026499938964843750e+01
1.600000000000000000e+01 7.589285820722579956e-02 2.445499992370605469e+01 5.055599975585937500e+01 4.080899810791015625e+01
1.000000000000000000e+00 1.830357164144515991e-01 2.577000045776367188e+01 4.849599838256835938e+01 3.784799957275390625e+01
1.000000000000000000e+00 2.812500000000000000e-01 2.680500030517578125e+01 4.495299911499023438e+01 3.753900146484375000e+01
2.000000000000000000e+01 5.625000000000000000e-01 3.057500076293945312e+01 4.432099914550781250e+01 3.700500106811523438e+01
1.800000000000000000e+01 6.428571343421936035e-01 3.213600158691406250e+01 4.120399856567382812e+01 3.516500091552734375e+01
1.100000000000000000e+01 8.169642686843872070e-01 3.599200057983398438e+01 4.113000106811523438e+01 3.528200149536132812e+01
0.000000000000000000e+00 8.125000000000000000e-01 3.715200042724609375e+01 3.932500076293945312e+01 3.211800003051757812e+01
0.000000000000000000e+00 9.062500000000000000e-01 4.080699920654296875e+01 3.835100173950195312e+01 3.256900024414062500e+01
1.200000000000000000e+01 8.348214030265808105e-01 4.262500000000000000e+01 3.686399841308593750e+01 2.936800003051757812e+01
1.200000000000000000e+01 8.437500000000000000e-01 4.588700103759765625e+01 3.533499908447265625e+01 3.044700050354003906e+01
1.700000000000000000e+01 7.767857313156127930e-01 4.930699920654296875e+01 3.453099822998046875e+01 2.900699996948242188e+01
1.600000000000000000e+01 7.723214030265808105e-01 5.251399993896484375e+01 3.424700164794921875e+01 3.115999984741210938e+01
2.000000000000000000e+01 8.035714030265808105e-01 5.404800033569335938e+01 3.735300064086914062e+01 2.934900093078613281e+01
1.700000000000000000e+01 8.660714030265808105e-01 5.084899902343750000e+01 3.910100173950195312e+01 2.825799942016601562e+01
2.000000000000000000e+01 9.419642686843872070e-01 4.760800170898437500e+01 3.966199874877929688e+01 3.007900047302246094e+01
1.700000000000000000e+01 9.553571343421936035e-01 4.441699981689453125e+01 4.163700103759765625e+01 2.962599945068359375e+01
1.800000000000000000e+01 9.687500000000000000e-01 4.186999893188476562e+01 4.284999847412109375e+01 3.209400177001953125e+01
1.800000000000000000e+01 8.794642686843872070e-01 3.834999847412109375e+01 4.414400100708007812e+01 3.058399963378906250e+01
0.000000000000000000e+00 8.080357313156127930e-01 3.543099975585937500e+01 4.499200057983398438e+01 3.281900024414062500e+01
2.200000000000000000e+01 6.294642686843872070e-01 3.211600112915039062e+01 4.410200119018554688e+01 3.117600059509277344e+01
2.200000000000000000e+01 5.044642686843872070e-01 2.972800064086914062e+01 4.651599884033203125e+01 3.278699874877929688e+01
1.800000000000000000e+01 2.053571492433547974e-01 2.599600028991699219e+01 4.576399993896484375e+01 3.272499847412109375e+01
2.000000000000000000e+00 4.910714179277420044e-02 2.303800010681152344e+01 4.812900161743164062e+01 3.332199859619140625e+01
1.600000000000000000e+01 8.928571827709674835e-03 2.020400047302246094e+01 4.734400177001953125e+01 3.572399902343750000e+01
5.000000000000000000e+00 7.142857462167739868e-02 6.869599914550781250e+01 5.084099960327148438e+01 2.725499916076660156e+01
1.600000000000000000e+01 1.607142835855484009e-01 6.819599914550781250e+01 4.768500137329101562e+01 2.962100028991699219e+01
1.200000000000000000e+01 4.330357015132904053e-01 6.454599761962890625e+01 4.842200088500976562e+01 3.086700057983398438e+01
1.400000000000000000e+01 5.267857313156127930e-01 6.190299987792968750e+01 5.044499969482421875e+01 2.896299934387207031e+01
2.200000000000000000e+01 7.098214030265808105e-01 5.809600067138671875e+01 5.104000091552734375e+01 2.930400085449218750e+01
1.300000000000000000e+01 6.830357313156127930e-01 5.568299865722656250e+01 5.217499923706054688e+01 2.653800010681152344e+01
2.200000000000000000e+01 7.500000000000000000e-01 5.197499847412109375e+01 5.315599822998046875e+01 2.673699951171875000e+01
1.200000000000000000e+01 6.607142686843872070e-01 4.964699935913085938e+01 5.332099914550781250e+01 2.376399993896484375e+01
3.000000000000000000e+00 6.473214030265808105e-01 4.581000137329101562e+01 5.421099853515625000e+01 2.379899978637695312e+01
0.000000000000000000e+00 5.982142686843872070e-01 4.313000106811523438e+01 5.196599960327148438e+01 2.195999908447265625e+01
2.200000000000000000e+01 4.553571343421936035e-01 4.044800186157226562e+01 5.478300094604492188e+01 2.203000068664550781e+01
1.000000000000000000e+00 2.455357164144515991e-01 4.240999984741210938e+01 5.707699966430664062e+01 1.957900047302246094e+01
9.000000000000000000e+00 3.080357015132904053e-01 4.435499954223632812e+01 5.390100097656250000e+01 1.839999961853027344e+01
1.700000000000000000e+01 2.633928656578063965e-01 4.779600143432617188e+01 5.551100158691406250e+01 1.851700019836425781e+01
1.600000000000000000e+01 3.660714328289031982e-01 5.065700149536132812e+01 5.600699996948242188e+01 2.108600044250488281e+01
0.000000000000000000e+00 5.089285969734191895e-01 4.985100173950195312e+01 5.779199981689453125e+01 2.428100013732910156e+01
1.100000000000000000e+01 2.991071343421936035e-01 5.186999893188476562e+01 6.103099822998046875e+01 2.473800086975097656e+01
2.000000000000000000e+00 3.258928656578063965e-01 5.262799835205078125e+01 6.220199966430664062e+01 2.829000091552734375e+01
2.200000000000000000e+01 6.339285969734191895e-01 5.114899826049804688e+01 5.918099975585937500e+01 3.039200019836425781e+01
0.000000000000000000e+00 6.383928656578063965e-01 5.295299911499023438e+01 5.932600021362304688e+01 3.370299911499023438e+01
1.400000000000000000e+01 7.366071343421936035e-01 5.408599853515625000e+01 5.652899932861328125e+01 3.596799850463867188e+01
2.200000000000000000e+01 7.187500000000000000e-01 5.839699935913085938e+01 5.238100051879882812e+01 3.887599945068359375e+01
1.500000000000000000e+01 6.919642686843872070e-01 5.893099975585937500e+01 5.075799942016601562e+01 4.228200149536132812e+01
1.000000000000000000e+00 6.071428656578063965e-01 6.121699905395507812e+01 4.793799972534179688e+01 4.350999832153320312e+01
1.300000000000000000e+01 5.223214030265808105e-01 6.107300186157226562e+01 4.573899841308593750e+01 4.650000000000000000e+01
0.000000000000000000e+00 2.366071492433547974e-01 6.363600158691406250e+01 4.648699951171875000e+01 4.919699859619140625e+01
0.000000000000000000e+00 8.482142537832260132e-02 6.500499725341796875e+01 4.357099914550781250e+01 5.146699905395507812e+01
3.000000000000000000e+00 1.026785746216773987e-01 6.197999954223632812e+01 4.390599822998046875e+01 5.392599868774414062e+01
3.000000000000000000e+00 3.348214328289031982e-01 5.971300125122070312e+01 4.340900039672851562e+01 5.078799819946289062e+01
1.800000000000000000e+01 3.839285671710968018e-01 5.858499908447265625e+01 4.719400024414062500e+01 5.083000183105468750e+01
1.900000000000000000e+01 5.714285969734191895e-01 5.824900054931640625e+01 4.925899887084960938e+01 4.761800003051757812e+01
7.000000000000000000e+00 3.571428656578063965e-01 6.083700180053710938e+01 5.193199920654296875e+01 4.729399871826171875e+01
1.600000000000000000e+01 4.866071343421936035e-01 6.014500045776367188e+01 5.433900070190429688e+01 4.441999816894531250e+01
1.500000000000000000e+01 3.794642984867095947e-01 6.295700073242187500e+01 5.332799911499023438e+01 4.200400161743164062e+01
0.000000000000000000e+00 3.883928656578063965e-01 6.229100036621093750e+01 5.564599990844726562e+01 3.895299911499023438e+01
1.700000000000000000e+01 4.910714328289031982e-01 5.952199935913085938e+01 5.777899932861328125e+01 3.747999954223632812e+01
9.000000000000000000e+00 4.196428656578063965e-01 5.871300125122070312e+01 5.945899963378906250e+01 3.424800109863281250e+01
1.300000000000000000e+01 4.687500000000000000e-01 5.603200149536132812e+01 6.019900131225585938e+01 3.154100036621093750e+01
1.800000000000000000e+01 4.419642984867095947e-01 5.586199951171875000e+01 5.902299880981445312e+01 2.786300086975097656e+01
1.700000000000000000e+01 1.785714328289031982e-01 5.709400177001953125e+01 6.074200057983398438e+01 2.472900009155273438e+01
7.000000000000000000e+00 8.035714179277420044e-02 5.554800033569335938e+01 6.130899810791015625e+01 2.122299957275390625e+01
1.700000000000000000e+01 1.562500000000000000e-01 5.590999984741210938e+01 5.767599868774414062e+01 2.006100082397460938e+01
9.000000000000000000e+00 4.151785671710968018e-01 5.472900009155273438e+01 5.640999984741210938e+01 2.346899986267089844e+01
7.000000000000000000e+00 3.750000000000000000e-01 5.810200119018554688e+01 5.537400054931640625e+01 2.482600021362304688e+01
1.200000000000000000e+01 4.285714328289031982e-01 5.965599822998046875e+01 5.621099853515625000e+01 2.828199958801269531e+01
9.000000000000000000e+00 1.160714253783226013e-01 6.612200164794921875e+01 5.679199981689453125e+01 3.099500083923339844e+01
1.200000000000000000e+01 2.678571343421936035e-01 6.500199890136718750e+01 5.479899978637695312e+01 3.399800109863281250e+01
1.800000000000000000e+01 1.517857164144515991e-01 6.795999908447265625e+01 5.284400177001953125e+01 3.515999984741210938e+01
1.800000000000000000e+01 2.678571455180644989e-02 7.165799713134765625e+01 5.186199951171875000e+01 3.417499923706054688e+01
7.000000000000000000e+00 1.785714365541934967e-02 7.298100280761718750e+01 4.851300048828125000e+01 3.305599975585937500e+01
7.000000000000000000e+00 0.000000000000000000e+00 7.517299652099609375e+01 4.831800079345703125e+01 3.627299880981445312e+01
7.000000000000000000e+00 2.232142910361289978e-02 7.229100036621093750e+01 4.948500061035156250e+01 3.847399902343750000e+01
1.500000000000000000e+01 1.250000000000000000e-01 6.969000244140625000e+01 4.697800064086914062e+01 3.703499984741210938e+01
2.200000000000000000e+01 9.821428358554840088e-02 7.027999877929687500e+01 4.356600189208984375e+01 3.882300186157226562e+01
7.000000000000000000e+00 2.098214328289031982e-01 6.776799774169921875e+01 4.079100036621093750e+01 3.968199920654296875e+01
9.000000000000000000e+00 3.928571343421936035e-01 6.468499755859375000e+01 4.179999923706054688e+01 4.178200149536132812e+01
1.100000000000000000e+01 6.517857313156127930e-01 6.100299835205078125e+01 4.224499893188476562e+01 4.175099945068359375e+01
2.000000000000000000e+01 7.544642686843872070e-01 5.972499847412109375e+01 4.534500122070312500e+01 4.005699920654296875e+01
1.300000000000000000e+01 8.883928656578063965e-01 5.630099868774414062e+01 4.711399841308593750e+01 3.981499862670898438e+01
2.200000000000000000e+01 9.241071343421936035e-01 5.510699844360351562e+01 4.975899887084960938e+01 3.733900070190429688e+01
7.000000000000000000e+00 9.285714030265808105e-01 5.239599990844726562e+01 5.212599945068359375e+01 3.844100189208984375e+01
1.100000000000000000e+01 9.017857313156127930e-01 5.086000061035156250e+01 5.404499816894531250e+01 3.558900070190429688e+01
3.000000000000000000e+00 7.991071343421936035e-01 4.872700119018554688e+01 5.724300003051757812e+01 3.612400054931640625e+01
1.800000000000000000e+01 8.392857313156127930e-01 4.595700073242187500e+01 5.604999923706054688e+01 3.363700103759765625e+01
1.300000000000000000e+01 7.410714030265808105e-01 4.299499893188476562e+01 5.766899871826171875e+01 3.540599822998046875e+01
1.700000000000000000e+01 5.937500000000000000e-01 4.471799850463867188e+01 6.105799865722656250e+01 3.528400039672851562e+01
2.000000000000000000e+01 5.758928656578063965e-01 4.525299835205078125e+01 6.066400146484375000e+01 3.149600028991699219e+01
1.900000000000000000e+01 5.580357313156127930e-01 4.142699813842773438e+01 5.986800003051757812e+01 3.117600059509277344e+01
1.300000000000000000e+01 3.526785671710968018e-01 4.024700164794921875e+01 6.264400100708007812e+01 3.356299972534179688e+01
0.000000000000000000e+00 2.232142835855484009e-01 4.224399948120117188e+01 6.515100097656250000e+01 3.142000007629394531e+01
1.200000000000000000e+01 1.919642835855484009e-01 4.013800048828125000e+01 6.405899810791015625e+01 2.855299949645996094e+01
9.000000000000000000e+00 1.294642835855484009e-01 3.692399978637695312e+01 6.439900207519531250e+01 3.056399917602539062e+01
1.100000000000000000e+01 3.169642984867095947e-01 3.654899978637695312e+01 6.064599990844726562e+01 3.030299949645996094e+01
1.700000000000000000e+01 4.598214328289031982e-01 3.546599960327148438e+01 5.886700057983398438e+01 3.350699996948242188e+01
1.600000000000000000e+01 6.875000000000000000e-01 3.727999877929687500e+01 5.545600128173828125e+01 3.353699874877929688e+01
1.500000000000000000e+01 7.678571343421936035e-01 3.632199859619140625e+01 5.228799819946289062e+01 3.553799819946289062e+01
7.000000000000000000e+00 8.705357313156127930e-01 4.204299926757812500e+01 5.363299942016601562e+01 3.880699920654296875e+01
0.000000000000000000e+00 9.776785969734191895e-01 4.703699874877929688e+01 5.023099899291992188e+01 3.600299835205078125e+01
7.000000000000000000e+00 9.910714030265808105e-01 4.975600051879882812e+01 4.823699951171875000e+01 3.786399841308593750e+01
2.200000000000000000e+01 9.866071343421936035e-01 5.215200042724609375e+01 4.556700134277343750e+01 3.651100158691406250e+01
2.200000000000000000e+01 9.598214030265808105e-01 5.411100006103515625e+01 4.355599975585937500e+01 3.912099838256835938e+01
1.500000000000000000e+01 8.616071343421936035e-01 5.687300109863281250e+01 4.106800079345703125e+01 3.805500030517578125e+01
1.800000000000000000e+01 6.964285969734191895e-01 6.015999984741210938e+01 3.920299911499023438e+01 3.872399902343750000e+01
0.000000000000000000e+00 5.669642686843872070e-01 6.308300018310546875e+01 4.034600067138671875e+01 3.671099853515625000e+01
2.000000000000000000e+00 2.901785671710968018e-01 6.631600189208984375e+01 3.849300003051757812e+01 3.582799911499023438e+01
3.000000000000000000e+00 2.544642984867095947e-01 6.544599914550781250e+01 3.515800094604492188e+01 3.774200057983398438e+01
1.700000000000000000e+01 8.928571641445159912e-02 6.733499908447265625e+01 3.277399826049804688e+01 3.532600021362304688e+01
9.000000000000000000e+00 4.017857089638710022e-02 7.001100158691406250e+01 3.551699829101562500e+01 3.465399932861328125e+01
1.600000000000000000e+01 5.803571268916130066e-02 7.031300354003906250e+01 3.881999969482421875e+01 3.279399871826171875e+01
1.000000000000000000e+00 1.741071492433547974e-01 6.754499816894531250e+01 3.962400054931640625e+01 3.025699996948242188e+01
1.000000000000000000e+00 2.321428507566452026e-01 6.670600128173828125e+01 4.286100006103515625e+01 2.827499961853027344e+01
2.000000000000000000e+01 5.178571343421936035e-01 6.316799926757812500e+01 4.397499847412109375e+01 2.905800056457519531e+01
1.800000000000000000e+01 6.205357313156127930e-01 6.058300018310546875e+01 4.591699981689453125e+01 2.723600006103515625e+01
1.100000000000000000e+01 7.946428656578063965e-01 5.716999816894531250e+01 4.630400085449218750e+01 2.889100074768066406e+01
0.000000000000000000e+00 8.258928656578063965e-01 5.406900024414062500e+01 4.761899948120117188e+01 2.705500030517578125e+01
0.000000000000000000e+00 9.151785969734191895e-01 5.061899948120117188e+01 4.889300155639648438e+01 2.814299964904785156e+01
1.200000000000000000e+01 8.526785969734191895e-01 4.748099899291992188e+01 4.965700149536132812e+01 2.608799934387207031e+01
1.200000000000000000e+01 8.482142686843872070e-01 4.481200027465820312e+01 5.193399810791015625e+01 2.773900032043457031e+01
1.700000000000000000e+01 7.812500000000000000e-01 4.104499816894531250e+01 5.212599945068359375e+01 2.750600051879882812e+01
1.600000000000000000e+01 7.321428656578063965e-01 3.834999847412109375e+01 5.326699829101562500e+01 3.001799964904785156e+01
2.000000000000000000e+01 7.857142686843872070e-01 3.675099945068359375e+01 4.990000152587890625e+01 3.091099929809570312e+01
1.700000000000000000e+01 8.839285969734191895e-01 3.984000015258789062e+01 4.796300125122070312e+01 2.968799972534179688e+01
2.000000000000000000e+01 9.642857313156127930e-01 4.353400039672851562e+01 4.751800155639648438e+01 2.984000015258789062e+01
1.700000000000000000e+01 9.375000000000000000e-01 4.580599975585937500e+01 4.504100036621093750e+01 2.767700004577636719e+01
1.800000000000000000e+01 9.464285969734191895e-01 4.956399917602539062e+01 4.478799819946289062e+01 2.858099937438964844e+01
1.800000000000000000e+01 8.750000000000000000e-01 5.242900085449218750e+01 4.263100051879882812e+01 2.742700004577636719e+01
0.000000000000000000e+00 7.901785969734191895e-01 5.618299865722656250e+01 4.192399978637695312e+01 2.814100074768066406e+01
2.200000000000000000e+01 6.116071343421936035e-01 5.897800064086914062e+01 4.163999938964843750e+01 2.559000015258789062e+01
2.200000000000000000e+01 4.642857015132904053e-01 6.200199890136718750e+01 3.979999923706054688e+01 2.667700004577636719e+01
1.800000000000000000e+01 1.696428507566452026e-01 6.524099731445312500e+01 3.973699951171875000e+01 2.459900093078613281e+01
2.000000000000000000e+00 3.125000000000000000e-02 6.887300109863281250e+01 3.853400039672851562e+01 2.493300056457519531e+01
1.600000000000000000e+01 1.339285727590322495e-02 7.165000152587890625e+01 4.072100067138671875e+01 2.603800010681152344e+01
