5.000000000000000000e+00 9.821428358554840088e-02 2.539900016784667969e+01 3.784799957275390625e+01 4.121400070190429688e+01
1.600000000000000000e+01 1.875000000000000000e-01 2.636899948120117188e+01 4.171599960327148438e+01 4.146300125122070312e+01
1.200000000000000000e+01 4.866071343421936035e-01 3.016300010681152344e+01 4.112500000000000000e+01 4.111199951171875000e+01
1.400000000000000000e+01 5.580357313156127930e-01 3.198600006103515625e+01 3.853499984741210938e+01 3.905400085449218750e+01
2.200000000000000000e+01 7.232142686843872070e-01 3.562599945068359375e+01 3.766299819946289062e+01 3.787900161743164062e+01
1.300000000000000000e+01 6.741071343421936035e-01 3.590700149536132812e+01 3.540800094604492188e+01 3.489099884033203125e+01
2.200000000000000000e+01 7.500000000000000000e-01 3.948699951171875000e+01 3.439599990844726562e+01 3.373899841308593750e+01
1.200000000000000000e+01 6.875000000000000000e-01 4.066999816894531250e+01 3.330099868774414062e+01 3.021999931335449219e+01
3.000000000000000000e+00 6.517857313156127930e-01 4.394599914550781250e+01 3.167700004577636719e+01 2.905100059509277344e+01
0.000000000000000000e+00 6.160714030265808105e-01 4.523600006103515625e+01 3.299700164794921875e+01 2.567499923706054688e+01
2.200000000000000000e+01 4.241071343421936035e-01 4.756200027465820312e+01 3.012000083923339844e+01 2.473500061035156250e+01
1.000000000000000000e+00 2.276785671710968018e-01 4.480400085449218750e+01 2.740999984741210938e+01 2.473500061035156250e+01
9.000000000000000000e+00 3.125000000000000000e-01 4.196300125122070312e+01 2.994300079345703125e+01 2.402199935913085938e+01
1.700000000000000000e+01 2.812500000000000000e-01 3.979399871826171875e+01 2.873699951171875000e+01 2.672900009155273438e+01
1.600000000000000000e+01 4.330357015132904053e-01 3.898300170898437500e+01 2.931699943542480469e+01 3.045499992370605469e+01
0.000000000000000000e+00 5.625000000000000000e-01 4.164099884033203125e+01 2.958300018310546875e+01 3.313100051879882812e+01
1.100000000000000000e+01 3.437500000000000000e-01 4.089300155639648438e+01 2.671800041198730469e+01 3.557099914550781250e+01
2.000000000000000000e+00 3.482142984867095947e-01 4.186600112915039062e+01 2.669799995422363281e+01 3.929899978637695312e+01
2.200000000000000000e+01 6.383928656578063965e-01 4.317599868774414062e+01 3.026600074768066406e+01 3.942100143432617188e+01
0.000000000000000000e+00 6.473214030265808105e-01 4.299599838256835938e+01 3.167900085449218750e+01 4.296599960327148438e+01
1.400000000000000000e+01 7.366071343421936035e-01 4.197800064086914062e+01 3.518099975585937500e+01 4.402099990844726562e+01
2.200000000000000000e+01 7.098214030265808105e-01 3.889699935913085938e+01 4.054999923706054688e+01 4.668999862670898438e+01
1.500000000000000000e+01 6.696428656578063965e-01 3.957199859619140625e+01 4.348500061035156250e+01 4.897499847412109375e+01
1.000000000000000000e+00 5.491071343421936035e-01 3.733700180053710938e+01 4.663299942016601562e+01 4.987699890136718750e+01
1.300000000000000000e+01 5.044642686843872070e-01 3.884999847412109375e+01 4.992800140380859375e+01 5.138899993896484375e+01
0.000000000000000000e+00 1.919642835855484009e-01 3.756399917602539062e+01 5.068999862670898438e+01 5.487900161743164062e+01
0.000000000000000000e+00 5.357142910361289978e-02 3.697800064086914062e+01 5.390700149536132812e+01 5.689099884033203125e+01
3.000000000000000000e+00 7.142857462167739868e-02 4.072000122070312500e+01 5.426699829101562500e+01 5.796900177001953125e+01
3.000000000000000000e+00 2.678571343421936035e-01 4.172299957275390625e+01 5.336899948120117188e+01 5.425999832153320312e+01
1.800000000000000000e+01 2.901785671710968018e-01 4.284000015258789062e+01 4.978400039672851562e+01 5.544400024414062500e+01
1.900000000000000000e+01 5.178571343421936035e-01 4.191400146484375000e+01 4.701200103759765625e+01 5.282099914550781250e+01
7.000000000000000000e+00 3.258928656578063965e-01 3.916199874877929688e+01 4.485200119018554688e+01 5.433000183105468750e+01
1.600000000000000000e+01 3.839285671710968018e-01 3.889799880981445312e+01 4.123899841308593750e+01 5.305099868774414062e+01
1.500000000000000000e+01 3.750000000000000000e-01 3.567599868774414062e+01 4.094499969482421875e+01 5.098099899291992188e+01
0.000000000000000000e+00 4.151785671710968018e-01 3.561899948120117188e+01 3.750999832153320312e+01 4.904100036621093750e+01
1.700000000000000000e+01 4.821428656578063965e-01 3.804700088500976562e+01 3.468000030517578125e+01 4.800000000000000000e+01
9.000000000000000000e+00 3.616071343421936035e-01 3.834000015258789062e+01 3.126399993896484375e+01 4.637099838256835938e+01
1.300000000000000000e+01 4.776785671710968018e-01 3.935699844360351562e+01 3.004100036621093750e+01 4.293700027465820312e+01
1.800000000000000000e+01 5.000000000000000000e-01 3.804399871826171875e+01 2.994199943542480469e+01 3.940299987792968750e+01
1.700000000000000000e+01 2.142857164144515991e-01 3.566099929809570312e+01 2.716600036621093750e+01 3.853599929809570312e+01
7.000000000000000000e+00 1.160714253783226013e-01 3.579600143432617188e+01 2.500499916076660156e+01 3.531900024414062500e+01
1.700000000000000000e+01 1.651785671710968018e-01 3.396400070190429688e+01 2.757200050354003906e+01 3.301699829101562500e+01
9.000000000000000000e+00 4.687500000000000000e-01 3.651200103759765625e+01 3.024099922180175781e+01 3.421799850463867188e+01
7.000000000000000000e+00 4.642857015132904053e-01 3.414099884033203125e+01 3.206100082397460938e+01 3.654199981689453125e+01
1.200000000000000000e+01 4.419642984867095947e-01 3.411299896240234375e+01 3.247399902343750000e+01 4.038499832153320312e+01
9.000000000000000000e+00 1.026785746216773987e-01 2.863100051879882812e+01 3.358200073242187500e+01 4.467100143432617188e+01
1.200000000000000000e+01 2.633928656578063965e-01 3.109399986267089844e+01 3.633499908447265625e+01 4.561000061035156250e+01
1.800000000000000000e+01 1.473214328289031982e-01 2.869799995422363281e+01 3.870199966430664062e+01 4.741899871826171875e+01
1.800000000000000000e+01 2.232142910361289978e-02 2.488299942016601562e+01 3.942499923706054688e+01 4.774900054931640625e+01
7.000000000000000000e+00 1.339285727590322495e-02 2.299900054931640625e+01 4.257300186157226562e+01 4.644200134277343750e+01
7.000000000000000000e+00 0.000000000000000000e+00 2.245000076293945312e+01 4.417900085449218750e+01 4.987500000000000000e+01
7.000000000000000000e+00 1.785714365541934967e-02 2.600300025939941406e+01 4.341999816894531250e+01 5.107500076293945312e+01
1.500000000000000000e+01 1.294642835855484009e-01 2.774900054931640625e+01 4.504899978637695312e+01 4.809199905395507812e+01
2.200000000000000000e+01 1.116071417927742004e-01 2.831599998474121094e+01 4.881600189208984375e+01 4.908900070190429688e+01
7.000000000000000000e+00 1.964285671710968018e-01 2.996699905395507812e+01 5.190299987792968750e+01 4.750099945068359375e+01
9.000000000000000000e+00 3.794642984867095947e-01 3.381499862670898438e+01 5.226300048828125000e+01 4.792200088500976562e+01
1.100000000000000000e+01 6.339285969734191895e-01 3.713199996948242188e+01 5.146500015258789062e+01 4.643199920654296875e+01
2.000000000000000000e+01 7.276785969734191895e-01 3.740200042724609375e+01 4.768799972534179688e+01 4.564599990844726562e+01
1.300000000000000000e+01 8.705357313156127930e-01 4.043299865722656250e+01 4.567300033569335938e+01 4.436299896240234375e+01
2.200000000000000000e+01 9.107142686843872070e-01 4.080799865722656250e+01 4.210900115966796875e+01 4.296900177001953125e+01
7.000000000000000000e+00 9.285714030265808105e-01 4.403799819946289062e+01 4.034600067138671875e+01 4.345899963378906250e+01
1.100000000000000000e+01 9.017857313156127930e-01 4.467900085449218750e+01 3.708800125122070312e+01 4.131900024414062500e+01
3.000000000000000000e+00 8.303571343421936035e-01 4.789500045776367188e+01 3.484700012207031250e+01 4.192599868774414062e+01
1.800000000000000000e+01 8.392857313156127930e-01 4.868299865722656250e+01 3.405300140380859375e+01 3.826599884033203125e+01
1.300000000000000000e+01 7.589285969734191895e-01 5.224300003051757812e+01 3.307899856567382812e+01 3.926300048828125000e+01
1.700000000000000000e+01 5.803571343421936035e-01 5.115499877929687500e+01 2.975699996948242188e+01 4.061700057983398438e+01
2.000000000000000000e+01 5.982142686843872070e-01 4.883200073242187500e+01 2.895499992370605469e+01 3.768600082397460938e+01
1.900000000000000000e+01 5.892857313156127930e-01 5.163600158691406250e+01 2.933699989318847656e+01 3.517900085449218750e+01
1.300000000000000000e+01 4.017857015132904053e-01 5.422900009155273438e+01 2.742900085449218750e+01 3.718600082397460938e+01
0.000000000000000000e+00 2.410714328289031982e-01 5.182300186157226562e+01 2.452400016784667969e+01 3.746200180053710938e+01
1.200000000000000000e+01 2.187500000000000000e-01 5.167900085449218750e+01 2.435199928283691406e+01 3.359299850463867188e+01
9.000000000000000000e+00 1.383928507566452026e-01 5.549100112915039062e+01 2.419700050354003906e+01 3.352399826049804688e+01
1.100000000000000000e+01 3.392857015132904053e-01 5.565299987792968750e+01 2.775300025939941406e+01 3.219699859619140625e+01
1.700000000000000000e+01 4.910714328289031982e-01 5.775899887084960938e+01 3.052000045776367188e+01 3.385599899291992188e+01
1.600000000000000000e+01 7.053571343421936035e-01 5.573600006103515625e+01 3.377899932861328125e+01 3.369900131225585938e+01
1.500000000000000000e+01 7.812500000000000000e-01 5.685800170898437500e+01 3.728499984741210938e+01 3.369699859619140625e+01
7.000000000000000000e+00 8.928571343421936035e-01 5.380300140380859375e+01 3.822399902343750000e+01 3.951499938964843750e+01
0.000000000000000000e+00 9.866071343421936035e-01 4.724700164794921875e+01 4.025999832153320312e+01 3.795800018310546875e+01
7.000000000000000000e+00 9.910714030265808105e-01 4.561600112915039062e+01 4.287799835205078125e+01 4.019499969482421875e+01
2.200000000000000000e+01 9.821428656578063965e-01 4.288000106811523438e+01 4.536199951171875000e+01 3.940100097656250000e+01
2.200000000000000000e+01 9.464285969734191895e-01 4.166500091552734375e+01 4.842100143432617188e+01 4.146599960327148438e+01
1.500000000000000000e+01 8.437500000000000000e-01 3.842100143432617188e+01 5.039300155639648438e+01 4.088999938964843750e+01
1.800000000000000000e+01 6.651785969734191895e-01 3.555099868774414062e+01 5.265200042724609375e+01 4.211500167846679688e+01
0.000000000000000000e+00 5.223214030265808105e-01 3.221500015258789062e+01 5.077199935913085938e+01 4.279600143432617188e+01
2.000000000000000000e+00 2.589285671710968018e-01 2.857799911499023438e+01 5.176300048828125000e+01 4.242499923706054688e+01
3.000000000000000000e+00 2.321428507566452026e-01 2.921400070190429688e+01 5.525000000000000000e+01 4.075699996948242188e+01
1.700000000000000000e+01 5.803571268916130066e-02 2.584199905395507812e+01 5.688299942016601562e+01 3.967100143432617188e+01
9.000000000000000000e+00 2.678571455180644989e-02 2.403199958801269531e+01 5.449599838256835938e+01 4.194200134277343750e+01
1.600000000000000000e+01 6.696428358554840088e-02 2.406599998474121094e+01 5.058399963378906250e+01 4.232199859619140625e+01
1.000000000000000000e+00 1.830357164144515991e-01 2.590500068664550781e+01 4.877899932861328125e+01 3.946400070190429688e+01
1.000000000000000000e+00 2.723214328289031982e-01 2.676099967956542969e+01 4.512300109863281250e+01 3.845700073242187500e+01
2.000000000000000000e+01 5.535714030265808105e-01 3.032600021362304688e+01 4.434899902343750000e+01 3.718700027465820312e+01
1.800000000000000000e+01 6.116071343421936035e-01 3.147900009155273438e+01 4.146200180053710938e+01 3.497000122070312500e+01
1.100000000000000000e+01 8.125000000000000000e-01 3.536999893188476562e+01 4.159000015258789062e+01 3.524800109863281250e+01
0.000000000000000000e+00 8.214285969734191895e-01 3.710599899291992188e+01 3.951800155639648438e+01 3.244400024414062500e+01
0.000000000000000000e+00 9.151785969734191895e-01 4.073600006103515625e+01 3.883700180053710938e+01 3.259299850463867188e+01
1.200000000000000000e+01 8.660714030265808105e-01 4.306299972534179688e+01 3.737400054931640625e+01 2.995700073242187500e+01
1.200000000000000000e+01 8.526785969734191895e-01 4.597999954223632812e+01 3.529700088500976562e+01 3.130699920654296875e+01
1.700000000000000000e+01 7.946428656578063965e-01 4.914899826049804688e+01 3.485400009155273438e+01 2.917300033569335938e+01
1.600000000000000000e+01 7.187500000000000000e-01 5.286000061035156250e+01 3.398699951171875000e+01 2.993600082397460938e+01
2.000000000000000000e+01 8.035714030265808105e-01 5.429600143432617188e+01 3.752000045776367188e+01 2.920800018310546875e+01
1.700000000000000000e+01 9.062500000000000000e-01 5.109400177001953125e+01 3.953099822998046875e+01 2.909499931335449219e+01
2.000000000000000000e+01 9.687500000000000000e-01 4.784899902343750000e+01 4.022299957275390625e+01 3.088800048828125000e+01
1.700000000000000000e+01 9.642857313156127930e-01 4.476800155639648438e+01 4.209500122070312500e+01 2.988800048828125000e+01
1.800000000000000000e+01 9.553571343421936035e-01 4.145100021362304688e+01 4.306800079345703125e+01 3.164500045776367188e+01
1.800000000000000000e+01 8.616071343421936035e-01 3.796799850463867188e+01 4.425199890136718750e+01 3.056200027465820312e+01
0.000000000000000000e+00 7.991071343421936035e-01 3.521099853515625000e+01 4.569800186157226562e+01 3.275199890136718750e+01
2.200000000000000000e+01 6.026785969734191895e-01 3.161300086975097656e+01 4.550199890136718750e+01 3.166900062561035156e+01
2.200000000000000000e+01 4.732142984867095947e-01 2.915500068664550781e+01 4.750600051879882812e+01 3.375099945068359375e+01
1.800000000000000000e+01 1.741071492433547974e-01 2.540200042724609375e+01 4.652199935913085938e+01 3.383599853515625000e+01
2.000000000000000000e+00 4.910714179277420044e-02 2.254000091552734375e+01 4.856600189208984375e+01 3.557600021362304688e+01
1.600000000000000000e+01 8.928571827709674835e-03 1.958300018310546875e+01 4.643600082397460938e+01 3.723799896240234375e+01
5.000000000000000000e+00 1.071428582072257996e-01 6.826100158691406250e+01 5.009299850463867188e+01 2.740900039672851562e+01
1.600000000000000000e+01 2.366071492433547974e-01 6.739600372314453125e+01 4.800199890136718750e+01 3.057699966430664062e+01
1.200000000000000000e+01 5.133928656578063965e-01 6.367499923706054688e+01 4.877199935913085938e+01 3.096699905395507812e+01
1.400000000000000000e+01 5.357142686843872070e-01 6.145700073242187500e+01 5.055099868774414062e+01 2.838800048828125000e+01
2.200000000000000000e+01 7.008928656578063965e-01 5.784799957275390625e+01 5.134899902343750000e+01 2.860400009155273438e+01
1.300000000000000000e+01 6.607142686843872070e-01 5.566299819946289062e+01 5.211000061035156250e+01 2.551300048828125000e+01
2.200000000000000000e+01 7.142857313156127930e-01 5.200899887084960938e+01 5.334500122070312500e+01 2.592000007629394531e+01
1.200000000000000000e+01 6.562500000000000000e-01 4.936999893188476562e+01 5.333700180053710938e+01 2.323800086975097656e+01
3.000000000000000000e+00 6.428571343421936035e-01 4.570899963378906250e+01 5.424900054931640625e+01 2.352599906921386719e+01
0.000000000000000000e+00 5.401785969734191895e-01 4.335100173950195312e+01 5.236199951171875000e+01 2.119899940490722656e+01
2.200000000000000000e+01 3.973214328289031982e-01 4.070199966430664062e+01 5.516199874877929688e+01 2.135300064086914062e+01
1.000000000000000000e+00 2.098214328289031982e-01 4.266299819946289062e+01 5.749499893188476562e+01 1.909799957275390625e+01
9.000000000000000000e+00 2.767857015132904053e-01 4.463299942016601562e+01 5.427500152587890625e+01 1.794499969482421875e+01
1.700000000000000000e+01 2.544642984867095947e-01 4.794599914550781250e+01 5.611199951171875000e+01 1.853899955749511719e+01
1.600000000000000000e+01 3.348214328289031982e-01 5.082500076293945312e+01 5.694800186157226562e+01 2.077300071716308594e+01
0.000000000000000000e+00 5.089285969734191895e-01 5.006700134277343750e+01 5.816999816894531250e+01 2.431100082397460938e+01
1.100000000000000000e+01 3.080357015132904053e-01 5.209199905395507812e+01 6.123099899291992188e+01 2.507799911499023438e+01
2.000000000000000000e+00 3.169642984867095947e-01 5.316099929809570312e+01 6.265000152587890625e+01 2.858799934387207031e+01
2.200000000000000000e+01 6.294642686843872070e-01 5.196500015258789062e+01 5.932199859619140625e+01 3.026899909973144531e+01
0.000000000000000000e+00 6.205357313156127930e-01 5.378200149536132812e+01 5.965200042724609375e+01 3.366199874877929688e+01
1.400000000000000000e+01 7.455357313156127930e-01 5.469200134277343750e+01 5.655300140380859375e+01 3.565900039672851562e+01
2.200000000000000000e+01 7.321428656578063965e-01 5.856600189208984375e+01 5.237699890136718750e+01 3.927999877929687500e+01
1.500000000000000000e+01 6.919642686843872070e-01 5.915299987792968750e+01 5.060300064086914062e+01 4.266799926757812500e+01
1.000000000000000000e+00 5.758928656578063965e-01 6.171099853515625000e+01 4.804499816894531250e+01 4.381900024414062500e+01
1.300000000000000000e+01 5.312500000000000000e-01 6.091099929809570312e+01 4.558700180053710938e+01 4.656600189208984375e+01
0.000000000000000000e+00 2.500000000000000000e-01 6.374800109863281250e+01 4.531200027465820312e+01 4.906299972534179688e+01
0.000000000000000000e+00 8.928571641445159912e-02 6.536799621582031250e+01 4.261500167846679688e+01 5.122299957275390625e+01
3.000000000000000000e+00 8.482142537832260132e-02 6.288199996948242188e+01 4.350999832153320312e+01 5.405099868774414062e+01
3.000000000000000000e+00 2.991071343421936035e-01 5.986800003051757812e+01 4.281600189208984375e+01 5.178499984741210938e+01
1.800000000000000000e+01 3.526785671710968018e-01 5.879299926757812500e+01 4.652000045776367188e+01 5.169599914550781250e+01
1.900000000000000000e+01 5.267857313156127930e-01 5.864199829101562500e+01 4.874700164794921875e+01 4.852299880981445312e+01
7.000000000000000000e+00 3.660714328289031982e-01 6.094599914550781250e+01 5.171900177001953125e+01 4.806200027465820312e+01
1.600000000000000000e+01 4.107142984867095947e-01 6.102199935913085938e+01 5.437200164794921875e+01 4.526100158691406250e+01
1.500000000000000000e+01 4.196428656578063965e-01 6.312500000000000000e+01 5.320999908447265625e+01 4.236500167846679688e+01
0.000000000000000000e+00 4.285714328289031982e-01 6.252199935913085938e+01 5.547000122070312500e+01 3.944400024414062500e+01
1.700000000000000000e+01 4.955357015132904053e-01 6.021699905395507812e+01 5.755300140380859375e+01 3.737900161743164062e+01
9.000000000000000000e+00 3.883928656578063965e-01 5.972800064086914062e+01 5.952799987792968750e+01 3.412200164794921875e+01
1.300000000000000000e+01 4.553571343421936035e-01 5.706999969482421875e+01 6.009400177001953125e+01 3.147400093078613281e+01
1.800000000000000000e+01 4.464285671710968018e-01 5.638299942016601562e+01 5.903699874877929688e+01 2.782699966430664062e+01
1.700000000000000000e+01 1.562500000000000000e-01 5.791799926757812500e+01 6.115000152587890625e+01 2.495000076293945312e+01
7.000000000000000000e+00 8.035714179277420044e-02 5.617599868774414062e+01 6.219499969482421875e+01 2.173100090026855469e+01
1.700000000000000000e+01 1.205357164144515991e-01 5.690700149536132812e+01 5.872700119018554688e+01 2.022100067138671875e+01
9.000000000000000000e+00 3.571428656578063965e-01 5.504100036621093750e+01 5.714599990844726562e+01 2.316600036621093750e+01
7.000000000000000000e+00 3.705357015132904053e-01 5.825799942016601562e+01 5.595500183105468750e+01 2.468300056457519531e+01
1.200000000000000000e+01 4.062500000000000000e-01 6.015599822998046875e+01 5.629700088500976562e+01 2.781800079345703125e+01
9.000000000000000000e+00 1.339285671710968018e-01 6.590200042724609375e+01 5.682099914550781250e+01 3.064699935913085938e+01
1.200000000000000000e+01 3.035714328289031982e-01 6.439399719238281250e+01 5.551300048828125000e+01 3.397999954223632812e+01
1.800000000000000000e+01 1.696428507566452026e-01 6.760700225830078125e+01 5.385900115966796875e+01 3.546900177001953125e+01
1.800000000000000000e+01 3.571428731083869934e-02 7.120600128173828125e+01 5.319699859619140625e+01 3.445600128173828125e+01
7.000000000000000000e+00 3.125000000000000000e-02 7.222899627685546875e+01 4.961600112915039062e+01 3.351300048828125000e+01
7.000000000000000000e+00 4.464285913854837418e-03 7.463200378417968750e+01 4.957500076293945312e+01 3.640200042724609375e+01
7.000000000000000000e+00 4.017857089638710022e-02 7.184300231933593750e+01 5.019499969482421875e+01 3.901699829101562500e+01
1.500000000000000000e+01 1.607142835855484009e-01 6.933899688720703125e+01 4.774300003051757812e+01 3.734199905395507812e+01
2.200000000000000000e+01 1.517857164144515991e-01 6.936299896240234375e+01 4.473099899291992188e+01 3.978099822998046875e+01
7.000000000000000000e+00 2.455357164144515991e-01 6.745999908447265625e+01 4.161600112915039062e+01 4.099599838256835938e+01
9.000000000000000000e+00 4.508928656578063965e-01 6.415100097656250000e+01 4.165000152587890625e+01 4.299200057983398438e+01
1.100000000000000000e+01 6.830357313156127930e-01 6.038800048828125000e+01 4.231100082397460938e+01 4.247499847412109375e+01
2.000000000000000000e+01 7.678571343421936035e-01 5.953900146484375000e+01 4.544599914550781250e+01 4.067100143432617188e+01
1.300000000000000000e+01 8.973214030265808105e-01 5.623300170898437500e+01 4.708900070190429688e+01 3.973500061035156250e+01
2.200000000000000000e+01 9.196428656578063965e-01 5.558399963378906250e+01 4.992800140380859375e+01 3.731800079345703125e+01
7.000000000000000000e+00 9.375000000000000000e-01 5.248300170898437500e+01 5.205599975585937500e+01 3.809999847412109375e+01
1.100000000000000000e+01 9.241071343421936035e-01 5.103099822998046875e+01 5.389400100708007812e+01 3.513700103759765625e+01
3.000000000000000000e+00 8.258928656578063965e-01 4.870700073242187500e+01 5.684299850463867188e+01 3.597700119018554688e+01
1.800000000000000000e+01 8.482142686843872070e-01 4.584299850463867188e+01 5.602099990844726562e+01 3.368999862670898438e+01
1.300000000000000000e+01 7.410714030265808105e-01 4.348099899291992188e+01 5.826399993896484375e+01 3.579800033569335938e+01
1.700000000000000000e+01 5.848214030265808105e-01 4.549499893188476562e+01 6.139199829101562500e+01 3.500500106811523438e+01
2.000000000000000000e+01 6.071428656578063965e-01 4.567499923706054688e+01 6.049599838256835938e+01 3.127199935913085938e+01
1.900000000000000000e+01 5.669642686843872070e-01 4.197200012207031250e+01 6.002199935913085938e+01 3.066900062561035156e+01
1.300000000000000000e+01 3.928571343421936035e-01 4.104899978637695312e+01 6.296799850463867188e+01 3.295899963378906250e+01
0.000000000000000000e+00 2.232142835855484009e-01 4.322800064086914062e+01 6.529399871826171875e+01 3.082900047302246094e+01
1.200000000000000000e+01 2.008928507566452026e-01 4.150099945068359375e+01 6.419200134277343750e+01 2.764200019836425781e+01
9.000000000000000000e+00 1.428571492433547974e-01 3.815200042724609375e+01 6.462799835205078125e+01 2.932999992370605469e+01
1.100000000000000000e+01 3.303571343421936035e-01 3.745700073242187500e+01 6.085200119018554688e+01 2.921400070190429688e+01
1.700000000000000000e+01 4.375000000000000000e-01 3.568500137329101562e+01 5.925000000000000000e+01 3.218199920654296875e+01
1.600000000000000000e+01 6.785714030265808105e-01 3.801800155639648438e+01 5.663399887084960938e+01 3.374800109863281250e+01
1.500000000000000000e+01 7.723214030265808105e-01 3.721799850463867188e+01 5.329000091552734375e+01 3.564199829101562500e+01
7.000000000000000000e+00 8.839285969734191895e-01 4.309999847412109375e+01 5.435499954223632812e+01 3.913199996948242188e+01
0.000000000000000000e+00 9.776785969734191895e-01 4.743099975585937500e+01 5.034600067138671875e+01 3.468799972534179688e+01
7.000000000000000000e+00 9.955357313156127930e-01 5.031900024414062500e+01 4.836100006103515625e+01 3.646099853515625000e+01
2.200000000000000000e+01 9.732142686843872070e-01 5.304700088500976562e+01 4.581600189208984375e+01 3.558599853515625000e+01
2.200000000000000000e+01 9.598214030265808105e-01 5.425799942016601562e+01 4.360699844360351562e+01 3.844200134277343750e+01
1.500000000000000000e+01 8.571428656578063965e-01 5.739500045776367188e+01 4.147000122070312500e+01 3.788199996948242188e+01
1.800000000000000000e+01 6.964285969734191895e-01 6.059600067138671875e+01 3.983599853515625000e+01 3.893700027465820312e+01
0.000000000000000000e+00 5.714285969734191895e-01 6.351100158691406250e+01 4.142800140380859375e+01 3.688800048828125000e+01
2.000000000000000000e+00 2.946428656578063965e-01 6.666699981689453125e+01 3.932199859619140625e+01 3.595600128173828125e+01
3.000000000000000000e+00 3.214285671710968018e-01 6.494499969482421875e+01 3.600899887084960938e+01 3.720299911499023438e+01
1.700000000000000000e+01 1.250000000000000000e-01 6.690299987792968750e+01 3.313999938964843750e+01 3.526599884033203125e+01
9.000000000000000000e+00 7.589285820722579956e-02 6.970099639892578125e+01 3.559400177001953125e+01 3.488000106811523438e+01
1.600000000000000000e+01 9.375000000000000000e-02 6.999700164794921875e+01 3.920600128173828125e+01 3.365599822998046875e+01
1.000000000000000000e+00 2.053571492433547974e-01 6.769400024414062500e+01 4.058900070190429688e+01 3.088699913024902344e+01
1.000000000000000000e+00 2.857142984867095947e-01 6.628700256347656250e+01 4.383900070190429688e+01 2.932799911499023438e+01
2.000000000000000000e+01 5.446428656578063965e-01 6.259400177001953125e+01 4.445100021362304688e+01 2.892600059509277344e+01
1.800000000000000000e+01 6.250000000000000000e-01 6.015399932861328125e+01 4.622000122070312500e+01 2.659600067138671875e+01
1.100000000000000000e+01 7.857142686843872070e-01 5.696699905395507812e+01 4.687799835205078125e+01 2.837899971008300781e+01
0.000000000000000000e+00 7.767857313156127930e-01 5.421799850463867188e+01 4.789300155639648438e+01 2.592600059509277344e+01
0.000000000000000000e+00 8.750000000000000000e-01 5.057099914550781250e+01 4.853400039672851562e+01 2.670199966430664062e+01
1.200000000000000000e+01 8.169642686843872070e-01 4.743500137329101562e+01 4.954000091552734375e+01 2.481900024414062500e+01
1.200000000000000000e+01 8.348214030265808105e-01 4.479100036621093750e+01 5.139799880981445312e+01 2.673100090026855469e+01
1.700000000000000000e+01 7.633928656578063965e-01 4.099200057983398438e+01 5.182699966430664062e+01 2.649200057983398438e+01
1.600000000000000000e+01 7.544642686843872070e-01 3.904499816894531250e+01 5.337400054931640625e+01 2.945499992370605469e+01
2.000000000000000000e+01 8.080357313156127930e-01 3.726100158691406250e+01 5.010100173950195312e+01 3.062999916076660156e+01
1.700000000000000000e+01 8.883928656578063965e-01 4.006399917602539062e+01 4.781800079345703125e+01 2.928800010681152344e+01
2.000000000000000000e+01 9.419642686843872070e-01 4.382300186157226562e+01 4.726399993896484375e+01 2.872800064086914062e+01
1.700000000000000000e+01 9.330357313156127930e-01 4.634700012207031250e+01 4.501900100708007812e+01 2.726899909973144531e+01
1.800000000000000000e+01 9.508928656578063965e-01 4.991199874877929688e+01 4.507099914550781250e+01 2.845700073242187500e+01
1.800000000000000000e+01 8.794642686843872070e-01 5.281700134277343750e+01 4.282500076293945312e+01 2.744599914550781250e+01
0.000000000000000000e+00 7.901785969734191895e-01 5.650600051879882812e+01 4.222000122070312500e+01 2.817799949645996094e+01
2.200000000000000000e+01 5.937500000000000000e-01 5.911000061035156250e+01 4.154399871826171875e+01 2.551099967956542969e+01
2.200000000000000000e+01 4.598214328289031982e-01 6.233100128173828125e+01 3.981600189208984375e+01 2.686899948120117188e+01
1.800000000000000000e+01 1.785714328289031982e-01 6.544999694824218750e+01 4.061100006103515625e+01 2.482399940490722656e+01
2.000000000000000000e+00 6.250000000000000000e-02 6.892099761962890625e+01 3.931499862670898438e+01 2.601799964904785156e+01
1.600000000000000000e+01 4.464285820722579956e-02 7.067400360107421875e+01 4.230300140380859375e+01 2.764900016784667969e+01
