1 1 14 0 0.02395209580838331 0 0 24.809 14.324 31.621
1 2 18 0 0.09580838323353291 0 0 25.606 17.396 29.500
1 3 7 0 0.3173652694610779 0 0 29.039 18.875 30.370
1 4 20 0 0.5688622754491017 0 0 29.549 22.652 30.633
1 5 13 0 0.718562874251497 0 0 33.073 23.974 30.543
1 6 12 0 0.9041916167664671 0 0 33.129 27.239 32.479
1 7 22 0 0.9580838323353293 0 0 36.296 29.190 32.747
1 8 22 0 0.9880239520958084 0 0 37.136 31.824 35.339
1 9 22 0 0.9640718562874252 0 0 38.917 34.735 33.615
1 10 9 0 0.9281437125748503 0 0 40.197 38.057 34.844
1 11 0 0 0.7964071856287425 0 0 43.142 39.668 36.555
1 12 9 0 0.658682634730539 0 0 45.470 38.129 39.052
1 13 9 0 0.5808383233532934 0 0 44.781 38.389 42.757
1 14 22 0 0.8083832335329342 0 0 40.993 38.721 42.451
1 15 9 0 0.8203592814371258 0 0 40.025 35.539 44.212
1 16 13 0 0.9341317365269461 0 0 39.471 33.382 41.147
1 17 17 0 0.8383233532934131 0 0 40.566 30.118 42.692
1 18 0 0 0.7544910179640718 0 0 38.606 30.871 45.833
1 19 12 0 0.8922155688622755 0 0 35.276 30.826 44.126
1 20 18 0 0.8682634730538922 0 0 35.984 27.460 42.594
1 21 11 0 0.6107784431137725 0 0 36.943 25.791 45.869
1 22 6 0 0.5748502994011976 0 0 33.779 27.104 47.579
1 23 12 0 0.6467065868263473 0 0 31.636 25.469 44.958
1 24 11 0 0.49101796407185627 0 0 33.682 22.316 45.234
1 25 6 0 0.22754491017964074 0 0 34.357 21.662 48.976
1 26 2 0 0.2694610778443114 0 0 33.089 24.768 50.792
1 27 10 0 0.17964071856287422 0 0 36.511 25.397 52.134
1 28 15 0 0.16167664670658677 0 0 39.270 27.810 52.885
1 29 22 0 0.3053892215568862 0 0 41.984 28.072 50.216
1 30 3 0 0.07784431137724557 0 0 45.499 28.329 51.516
1 31 7 0 0.14371257485029942 0 0 46.669 26.984 48.222
1 32 20 0 0.18562874251497008 0 0 48.796 29.138 45.938
1 33 3 0 0.2335329341317366 0 0 49.028 26.849 42.933
1 34 16 0 0.38323353293413165 0 0 48.722 28.136 39.413
1 35 18 0 0.46706586826347307 0 0 46.179 25.446 38.627
1 36 11 0 0.3293413173652695 0 0 47.419 23.675 35.536
1 37 7 0 0.13173652694610782 0 0 47.457 20.182 36.993
1 38 3 0 0.28742514970059885 0 0 44.103 20.101 38.545
1 39 17 0 0.4011976047904191 0 0 40.545 19.569 37.438
1 40 20 0 0.5269461077844311 0 0 37.442 20.449 39.398
1 41 1 0 0.47904191616766467 0 0 33.991 19.353 38.587
1 42 13 0 0.4970059880239521 0 0 30.510 20.204 40.013
1 43 6 0 0.221556886227545 0 0 27.562 17.853 39.713
1 44 22 0 0.25149700598802394 0 0 24.387 19.964 39.936
1 45 22 0 0.10778443113772451 0 0 20.818 19.911 38.632
1 46 11 0 0.20359281437125742 0 0 19.863 23.267 37.313
1 47 3 0 0.059880239520958 0 0 16.308 23.797 36.147
1 48 9 0 0.0 0 0 15.249 20.196 35.693
1 49 7 0 0.03592814371257491 0 0 18.399 19.190 33.875
1 50 18 0 0.04790419161676651 0 0 21.471 17.348 35.018
1 51 5 0 0.2574850299401197 0 0 24.593 19.444 34.372
1 52 12 0 0.3532934131736526 0 0 28.244 18.787 35.067
1 53 12 0 0.6407185628742516 0 0 30.159 22.031 35.515
1 54 3 0 0.652694610778443 0 0 33.769 21.586 34.502
1 55 11 0 0.8562874251497006 0 0 35.574 24.582 36.091
1 56 12 0 0.8622754491017964 0 0 38.674 25.851 34.476
1 57 3 0 0.874251497005988 0 0 41.292 28.045 36.157
1 58 18 0 0.844311377245509 0 0 43.412 30.748 34.496
1 59 0 0 0.6047904191616766 0 0 47.023 31.608 35.017
1 60 9 0 0.3892215568862275 0 0 49.777 33.507 33.333
1 61 6 0 0.37125748502994016 0 0 49.597 37.167 32.251
1 62 7 0 0.13772455089820357 0 0 51.382 36.834 28.863
1 63 7 0 0.11377245508982048 0 0 50.065 37.500 25.395
1 64 20 0 0.0119760479041916 0 0 52.837 35.868 23.445
1 65 17 0 0.0059880239520957446 0 0 54.083 32.362 23.992
1 66 0 0 0.0718562874251496 0 0 51.297 31.344 26.313
1 67 14 0 0.23952095808383234 0 0 48.387 28.938 26.685
1 68 1 0 0.4850299401197605 0 0 45.623 31.385 27.106
1 69 3 0 0.4251497005988024 0 0 43.461 30.896 24.090
1 70 6 0 0.39520958083832336 0 0 43.127 27.238 24.987
1 71 20 0 0.6706586826347305 0 0 41.017 28.026 27.964
1 72 14 0 0.6826347305389222 0 0 39.067 30.260 25.728
1 73 1 0 0.44311377245508976 0 0 38.656 27.569 23.061
1 74 18 0 0.5089820359281436 0 0 37.289 24.863 25.253
1 75 9 0 0.7664670658682635 0 0 35.194 27.277 27.396
1 76 7 0 0.7065868263473054 0 0 31.472 27.376 26.926
1 77 9 0 0.8982035928143712 0 0 30.938 29.932 29.540
1 78 15 0 0.9700598802395209 0 0 32.988 32.576 31.238
1 79 12 0 0.9940119760479041 0 0 33.215 33.876 34.793
1 80 5 0 0.9820359281437125 0 0 34.759 37.259 34.385
1 81 22 0 0.9760479041916168 0 0 36.143 38.311 37.776
1 82 15 0 0.8862275449101796 0 0 37.378 41.562 39.186
1 83 0 0 0.7125748502994012 0 0 37.829 42.789 42.704
1 84 11 0 0.5209580838323353 0 0 35.881 45.848 43.909
1 85 2 0 0.281437125748503 0 0 38.853 47.478 45.558
1 86 2 0 0.34730538922155685 0 0 41.246 47.190 42.662
1 87 18 0 0.2934131736526946 0 0 40.639 49.413 39.620
1 88 13 0 0.33532934131736525 0 0 43.103 47.710 37.329
1 89 17 0 0.6287425149700598 0 0 41.195 44.480 37.717
1 90 15 0 0.592814371257485 0 0 38.136 46.481 36.544
1 91 7 0 0.437125748502994 0 0 39.965 47.795 33.430
1 92 3 0 0.5988023952095809 0 0 41.272 44.380 32.617
1 93 11 0 0.7904191616766467 0 0 37.752 43.062 31.998
1 94 10 0 0.5508982035928144 0 0 37.705 44.994 28.725
1 95 10 0 0.5329341317365269 0 0 40.800 43.155 27.581
1 96 20 0 0.7784431137724551 0 0 39.559 39.740 28.727
1 97 1 0 0.7425149700598803 0 0 36.124 40.211 27.084
1 98 7 0 0.5029940119760479 0 0 37.960 41.132 23.884
1 99 6 0 0.5449101796407185 0 0 40.108 38.065 24.297
1 100 11 0 0.6646706586826348 0 0 37.024 35.757 24.441
1 101 13 0 0.4491017964071856 0 0 35.521 37.475 21.443
1 102 1 0 0.20958083832335328 0 0 38.320 36.905 18.961
1 103 22 0 0.32335329341317365 0 0 38.285 33.218 19.838
1 104 13 0 0.31137724550898194 0 0 34.633 32.787 19.180
1 105 3 0 0.08383233532934131 0 0 34.426 35.323 16.359
1 106 17 0 0.14970059880239517 0 0 31.240 36.499 17.947
1 107 7 0 0.35928143712574856 0 0 30.611 38.610 21.008
1 108 3 0 0.3772455089820359 0 0 27.381 36.858 21.992
1 109 22 0 0.6227544910179641 0 0 29.122 34.526 24.406
1 110 16 0 0.7844311377245509 0 0 27.613 33.399 27.752
1 111 14 0 0.9221556886227544 0 0 29.420 35.112 30.566
1 112 22 0 0.9461077844311377 0 0 28.858 36.385 34.007
1 113 12 0 0.9401197604790419 0 0 30.467 39.518 35.292
1 114 22 0 0.9520958083832335 0 0 31.722 39.010 38.831
1 115 9 0 0.8502994011976048 0 0 32.428 41.679 41.444
1 116 2 0 0.8263473053892215 0 0 34.532 40.001 44.085
1 117 13 0 0.562874251497006 0 0 35.148 40.957 47.675
1 118 5 0 0.45508982035928147 0 0 31.755 42.655 48.228
1 119 3 0 0.19760479041916168 0 0 31.889 42.113 52.024
1 120 12 0 0.10179640718562877 0 0 33.997 45.242 52.254
1 121 16 0 0.017964071856287345 0 0 31.889 48.236 53.246
1 122 17 0 0.029940119760479056 0 0 33.527 50.285 50.497
1 123 1 0 0.11976047904191622 0 0 33.678 50.038 46.701
1 124 18 0 0.08982035928143717 0 0 36.743 51.406 45.048
1 125 22 0 0.26347305389221565 0 0 35.269 50.307 41.739
1 126 3 0 0.12574850299401197 0 0 32.087 52.211 41.804
1 127 18 0 0.19161676646706582 0 0 28.811 50.264 41.685
1 128 13 0 0.06586826347305386 0 0 27.469 52.697 39.067
1 129 6 0 0.15568862275449102 0 0 30.341 52.023 36.664
1 130 0 0 0.4610778443113772 0 0 30.255 48.300 37.321
1 131 6 0 0.3652694610778443 0 0 26.557 48.199 36.640
1 132 3 0 0.17365269461077848 0 0 26.767 50.431 33.587
1 133 12 0 0.4131736526946108 0 0 29.360 48.161 31.995
1 134 0 0 0.5568862275449102 0 0 27.138 45.109 32.635
1 135 1 0 0.27544910179640725 0 0 24.387 47.017 30.836
1 136 17 0 0.21556886227544902 0 0 26.782 48.035 28.134
1 137 20 0 0.43113772455089827 0 0 27.509 44.455 27.301
1 138 9 0 0.41916167664670656 0 0 24.185 43.141 28.595
1 139 11 0 0.6766467065868262 0 0 25.466 40.447 30.891
1 140 16 0 0.7245508982035929 0 0 24.504 39.700 34.374
1 141 15 0 0.8023952095808383 0 0 26.650 40.980 37.217
1 142 11 0 0.8323353293413174 0 0 26.965 39.094 40.416
1 143 7 0 0.7305389221556886 0 0 28.418 40.221 43.715
1 144 18 0 0.7485029940119761 0 0 30.327 37.739 45.826
1 145 17 0 0.6167664670658684 0 0 32.760 37.171 48.574
1 146 0 0 0.6347305389221557 0 0 33.937 33.666 48.832
1 147 13 0 0.3413173652694611 0 0 34.631 33.445 52.547
1 148 18 0 0.24550898203592808 0 0 31.271 34.712 53.578
1 149 1 0 0.40718562874251496 0 0 29.504 32.461 51.058
1 150 6 0 0.4730538922155688 0 0 27.836 35.427 49.403
1 151 9 0 0.6946107784431137 0 0 27.110 35.125 45.662
1 152 22 0 0.8143712574850299 0 0 29.189 32.001 45.014
1 153 3 0 0.688622754491018 0 0 26.259 29.739 44.084
1 154 3 0 0.7365269461077844 0 0 24.605 32.493 41.981
1 155 0 0 0.9161676646706587 0 0 27.952 33.007 40.192
1 156 15 0 0.9101796407185628 0 0 28.355 29.706 38.446
1 157 20 0 0.7604790419161677 0 0 24.675 28.803 38.167
1 158 18 0 0.7724550898203593 0 0 23.556 32.077 36.505
1 159 12 0 0.8802395209580838 0 0 25.976 31.242 33.748
1 160 22 0 0.7005988023952096 0 0 24.408 27.902 33.027
1 161 1 0 0.5149700598802396 0 0 21.073 29.442 32.450
1 162 7 0 0.5868263473053892 0 0 22.759 31.770 30.022
1 163 11 0 0.5389221556886228 0 0 24.120 28.823 27.943
1 164 1 0 0.29940119760479034 0 0 20.707 27.274 28.041
1 165 13 0 0.16766467065868274 0 0 18.836 30.355 26.861
1 166 10 0 0.041916167664670656 0 0 17.393 31.478 23.577
1 167 13 0 0.053892215568862256 0 0 19.171 34.283 21.846
