5.000000000000000000e+00 1.205357164144515991e-01 2.599200057983398438e+01 3.784700012207031250e+01 4.084899902343750000e+01
1.600000000000000000e+01 2.232142835855484009e-01 2.673200035095214844e+01 4.152799987792968750e+01 4.130500030517578125e+01
1.200000000000000000e+01 4.955357015132904053e-01 3.050099945068359375e+01 4.120000076293945312e+01 4.125899887084960938e+01
1.400000000000000000e+01 5.535714030265808105e-01 3.192700004577636719e+01 3.837799835205078125e+01 3.923199844360351562e+01
2.200000000000000000e+01 7.232142686843872070e-01 3.549100112915039062e+01 3.773699951171875000e+01 3.800400161743164062e+01
1.300000000000000000e+01 6.964285969734191895e-01 3.634199905395507812e+01 3.588499832153320312e+01 3.477799987792968750e+01
2.200000000000000000e+01 7.500000000000000000e-01 3.977899932861328125e+01 3.428799819946289062e+01 3.406299972534179688e+01
1.200000000000000000e+01 6.785714030265808105e-01 4.088100051879882812e+01 3.317599868774414062e+01 3.056100082397460938e+01
3.000000000000000000e+00 6.294642686843872070e-01 4.389400100708007812e+01 3.131800079345703125e+01 2.910899925231933594e+01
0.000000000000000000e+00 6.160714030265808105e-01 4.537500000000000000e+01 3.302399826049804688e+01 2.594499969482421875e+01
2.200000000000000000e+01 4.107142984867095947e-01 4.738100051879882812e+01 2.988100051879882812e+01 2.514100074768066406e+01
1.000000000000000000e+00 2.321428507566452026e-01 4.452899932861328125e+01 2.750799942016601562e+01 2.466699981689453125e+01
9.000000000000000000e+00 3.214285671710968018e-01 4.175899887084960938e+01 3.017600059509277344e+01 2.412899971008300781e+01
1.700000000000000000e+01 3.125000000000000000e-01 3.977600097656250000e+01 2.892300033569335938e+01 2.701899909973144531e+01
1.600000000000000000e+01 3.928571343421936035e-01 3.863800048828125000e+01 2.912599945068359375e+01 3.062700080871582031e+01
0.000000000000000000e+00 5.267857313156127930e-01 4.146900177001953125e+01 2.901399993896484375e+01 3.317800140380859375e+01
1.100000000000000000e+01 3.258928656578063965e-01 4.054899978637695312e+01 2.638500022888183594e+01 3.580500030517578125e+01
2.000000000000000000e+00 3.482142984867095947e-01 4.171300125122070312e+01 2.674799919128417969e+01 3.949399948120117188e+01
2.200000000000000000e+01 6.473214030265808105e-01 4.314799880981445312e+01 3.032999992370605469e+01 3.938399887084960938e+01
0.000000000000000000e+00 6.517857313156127930e-01 4.317699813842773438e+01 3.161800003051757812e+01 4.293700027465820312e+01
1.400000000000000000e+01 7.410714030265808105e-01 4.210300064086914062e+01 3.525500106811523438e+01 4.390200042724609375e+01
2.200000000000000000e+01 7.053571343421936035e-01 3.876300048828125000e+01 4.023600006103515625e+01 4.653799819946289062e+01
1.500000000000000000e+01 6.696428656578063965e-01 3.929899978637695312e+01 4.322200012207031250e+01 4.887799835205078125e+01
1.000000000000000000e+00 5.580357313156127930e-01 3.734500122070312500e+01 4.634199905395507812e+01 4.993099975585937500e+01
1.300000000000000000e+01 5.133928656578063965e-01 3.901399993896484375e+01 4.968299865722656250e+01 5.108399963378906250e+01
0.000000000000000000e+00 2.187500000000000000e-01 3.777700042724609375e+01 5.046699905395507812e+01 5.467599868774414062e+01
0.000000000000000000e+00 7.589285820722579956e-02 3.748799896240234375e+01 5.386800003051757812e+01 5.637200164794921875e+01
3.000000000000000000e+00 8.482142537832260132e-02 4.112099838256835938e+01 5.466799926757812500e+01 5.726200103759765625e+01
3.000000000000000000e+00 3.035714328289031982e-01 4.233700180053710938e+01 5.347000122070312500e+01 5.375500106811523438e+01
1.800000000000000000e+01 3.303571343421936035e-01 4.316199874877929688e+01 4.992699813842773438e+01 5.501499938964843750e+01
1.900000000000000000e+01 4.910714328289031982e-01 4.187200164794921875e+01 4.668600082397460938e+01 5.328499984741210938e+01
7.000000000000000000e+00 2.991071343421936035e-01 3.899399948120117188e+01 4.459000015258789062e+01 5.454399871826171875e+01
1.600000000000000000e+01 3.750000000000000000e-01 3.853499984741210938e+01 4.112799835205078125e+01 5.289300155639648438e+01
1.500000000000000000e+01 3.660714328289031982e-01 3.532500076293945312e+01 4.089599990844726562e+01 5.078300094604492188e+01
0.000000000000000000e+00 3.571428656578063965e-01 3.552700042724609375e+01 3.735400009155273438e+01 4.952099990844726562e+01
1.700000000000000000e+01 4.598214328289031982e-01 3.826200103759765625e+01 3.492200088500976562e+01 4.848199844360351562e+01
9.000000000000000000e+00 4.017857015132904053e-01 3.844900131225585938e+01 3.175200080871582031e+01 4.618199920654296875e+01
1.300000000000000000e+01 4.687500000000000000e-01 3.957500076293945312e+01 2.998500061035156250e+01 4.306900024414062500e+01
1.800000000000000000e+01 4.821428656578063965e-01 3.803499984741210938e+01 2.984199905395507812e+01 3.947200012207031250e+01
1.700000000000000000e+01 2.053571492433547974e-01 3.544599914550781250e+01 2.719199943542480469e+01 3.856000137329101562e+01
7.000000000000000000e+00 1.160714253783226013e-01 3.567499923706054688e+01 2.529100036621093750e+01 3.527899932861328125e+01
1.700000000000000000e+01 2.098214328289031982e-01 3.408599853515625000e+01 2.824699974060058594e+01 3.328900146484375000e+01
9.000000000000000000e+00 5.044642686843872070e-01 3.698099899291992188e+01 3.062100028991699219e+01 3.452500152587890625e+01
7.000000000000000000e+00 4.776785671710968018e-01 3.463100051879882812e+01 3.206999969482421875e+01 3.711700057983398438e+01
1.200000000000000000e+01 4.508928656578063965e-01 3.465800094604492188e+01 3.265100097656250000e+01 4.098300170898437500e+01
9.000000000000000000e+00 9.821428358554840088e-02 2.970299911499023438e+01 3.314400100708007812e+01 4.561800003051757812e+01
1.200000000000000000e+01 2.723214328289031982e-01 3.140600013732910156e+01 3.650500106811523438e+01 4.576800155639648438e+01
1.800000000000000000e+01 1.428571492433547974e-01 2.844300079345703125e+01 3.863800048828125000e+01 4.691099929809570312e+01
1.800000000000000000e+01 2.678571455180644989e-02 2.470400047302246094e+01 3.936500167846679688e+01 4.695899963378906250e+01
7.000000000000000000e+00 1.339285727590322495e-02 2.296500015258789062e+01 4.275400161743164062e+01 4.635300064086914062e+01
7.000000000000000000e+00 0.000000000000000000e+00 2.209199905395507812e+01 4.332300186157226562e+01 5.015599822998046875e+01
7.000000000000000000e+00 1.785714365541934967e-02 2.576099967956542969e+01 4.282500076293945312e+01 5.098699951171875000e+01
1.500000000000000000e+01 9.375000000000000000e-02 2.729899978637695312e+01 4.481299972534179688e+01 4.812699890136718750e+01
2.200000000000000000e+01 8.928571641445159912e-02 2.811100006103515625e+01 4.825500106811523438e+01 4.960200119018554688e+01
7.000000000000000000e+00 1.651785671710968018e-01 2.945700073242187500e+01 5.146900177001953125e+01 4.785599899291992188e+01
9.000000000000000000e+00 3.526785671710968018e-01 3.321200180053710938e+01 5.151200103759765625e+01 4.802500152587890625e+01
1.100000000000000000e+01 6.250000000000000000e-01 3.651800155639648438e+01 5.106200027465820312e+01 4.627799987792968750e+01
2.000000000000000000e+01 7.321428656578063965e-01 3.722000122070312500e+01 4.746699905395507812e+01 4.540499877929687500e+01
1.300000000000000000e+01 8.660714030265808105e-01 4.044499969482421875e+01 4.558700180053710938e+01 4.458399963378906250e+01
2.200000000000000000e+01 9.062500000000000000e-01 4.085599899291992188e+01 4.212699890136718750e+01 4.316099929809570312e+01
7.000000000000000000e+00 9.330357313156127930e-01 4.434700012207031250e+01 4.052099990844726562e+01 4.329800033569335938e+01
1.100000000000000000e+01 9.151785969734191895e-01 4.452299880981445312e+01 3.743399810791015625e+01 4.128099822998046875e+01
3.000000000000000000e+00 8.303571343421936035e-01 4.743600082397460938e+01 3.490499877929687500e+01 4.165499877929687500e+01
1.800000000000000000e+01 8.526785969734191895e-01 4.818099975585937500e+01 3.431499862670898438e+01 3.786199951171875000e+01
1.300000000000000000e+01 7.633928656578063965e-01 5.168399810791015625e+01 3.306800079345703125e+01 3.883000183105468750e+01
1.700000000000000000e+01 6.026785969734191895e-01 5.059500122070312500e+01 2.981699943542480469e+01 4.045999908447265625e+01
2.000000000000000000e+01 5.892857313156127930e-01 4.850400161743164062e+01 2.879800033569335938e+01 3.745199966430664062e+01
1.900000000000000000e+01 5.714285969734191895e-01 5.158700180053710938e+01 2.890200042724609375e+01 3.522999954223632812e+01
1.300000000000000000e+01 3.883928656578063965e-01 5.397999954223632812e+01 2.736599922180175781e+01 3.777899932861328125e+01
0.000000000000000000e+00 2.142857164144515991e-01 5.173500061035156250e+01 2.417200088500976562e+01 3.800799942016601562e+01
1.200000000000000000e+01 1.696428507566452026e-01 5.194900131225585938e+01 2.359700012207031250e+01 3.433000183105468750e+01
9.000000000000000000e+00 1.339285671710968018e-01 5.579999923706054688e+01 2.405900001525878906e+01 3.424599838256835938e+01
1.100000000000000000e+01 3.348214328289031982e-01 5.580699920654296875e+01 2.759499931335449219e+01 3.299800109863281250e+01
1.700000000000000000e+01 5.000000000000000000e-01 5.762699890136718750e+01 3.066399955749511719e+01 3.425999832153320312e+01
1.600000000000000000e+01 7.142857313156127930e-01 5.536999893188476562e+01 3.373500061035156250e+01 3.384600067138671875e+01
1.500000000000000000e+01 7.901785969734191895e-01 5.693399810791015625e+01 3.725400161743164062e+01 3.375000000000000000e+01
7.000000000000000000e+00 8.973214030265808105e-01 5.348099899291992188e+01 3.802799987792968750e+01 3.929399871826171875e+01
0.000000000000000000e+00 9.910714030265808105e-01 4.699900054931640625e+01 4.074700164794921875e+01 3.819699859619140625e+01
7.000000000000000000e+00 9.866071343421936035e-01 4.561000061035156250e+01 4.349800109863281250e+01 4.044200134277343750e+01
2.200000000000000000e+01 9.821428656578063965e-01 4.284899902343750000e+01 4.590800094604492188e+01 3.932600021362304688e+01
2.200000000000000000e+01 9.419642686843872070e-01 4.139300155639648438e+01 4.863999938964843750e+01 4.162500000000000000e+01
1.500000000000000000e+01 8.392857313156127930e-01 3.818799972534179688e+01 5.028900146484375000e+01 4.078599929809570312e+01
1.800000000000000000e+01 6.651785969734191895e-01 3.533499908447265625e+01 5.249800109863281250e+01 4.215599822998046875e+01
0.000000000000000000e+00 5.223214030265808105e-01 3.209000015258789062e+01 5.058399963378906250e+01 4.276399993896484375e+01
2.000000000000000000e+00 2.500000000000000000e-01 2.855800056457519531e+01 5.215100097656250000e+01 4.237599945068359375e+01
3.000000000000000000e+00 1.964285671710968018e-01 2.915299987792968750e+01 5.589500045776367188e+01 4.145899963378906250e+01
1.700000000000000000e+01 4.910714179277420044e-02 2.572900009155273438e+01 5.721400070190429688e+01 4.030500030517578125e+01
9.000000000000000000e+00 3.125000000000000000e-02 2.424699974060058594e+01 5.429999923706054688e+01 4.244200134277343750e+01
1.600000000000000000e+01 6.696428358554840088e-02 2.424799919128417969e+01 5.046400070190429688e+01 4.230599975585937500e+01
1.000000000000000000e+00 1.919642835855484009e-01 2.591799926757812500e+01 4.868000030517578125e+01 3.949800109863281250e+01
1.000000000000000000e+00 2.544642984867095947e-01 2.653000068664550781e+01 4.507500076293945312e+01 3.852099990844726562e+01
2.000000000000000000e+01 5.312500000000000000e-01 3.004400062561035156e+01 4.404800033569335938e+01 3.745299911499023438e+01
1.800000000000000000e+01 6.116071343421936035e-01 3.175799942016601562e+01 4.121900177001953125e+01 3.539300155639648438e+01
1.100000000000000000e+01 8.080357313156127930e-01 3.557600021362304688e+01 4.170899963378906250e+01 3.555099868774414062e+01
0.000000000000000000e+00 8.348214030265808105e-01 3.761800003051757812e+01 3.978099822998046875e+01 3.292200088500976562e+01
0.000000000000000000e+00 9.241071343421936035e-01 4.135900115966796875e+01 3.894699859619140625e+01 3.282699966430664062e+01
1.200000000000000000e+01 8.571428656578063965e-01 4.309400177001953125e+01 3.717699813842773438e+01 2.988800048828125000e+01
1.200000000000000000e+01 8.437500000000000000e-01 4.638700103759765625e+01 3.552299880981445312e+01 3.075699996948242188e+01
1.700000000000000000e+01 7.678571343421936035e-01 4.962900161743164062e+01 3.439799880981445312e+01 2.902899932861328125e+01
1.600000000000000000e+01 7.276785969734191895e-01 5.341999816894531250e+01 3.413000106811523438e+01 3.017499923706054688e+01
2.000000000000000000e+01 7.857142686843872070e-01 5.451900100708007812e+01 3.747700119018554688e+01 2.875200080871582031e+01
1.700000000000000000e+01 8.928571343421936035e-01 5.121400070190429688e+01 3.936500167846679688e+01 2.877400016784667969e+01
2.000000000000000000e+01 9.598214030265808105e-01 4.792200088500976562e+01 4.004399871826171875e+01 3.054199981689453125e+01
1.700000000000000000e+01 9.553571343421936035e-01 4.498099899291992188e+01 4.199200057983398438e+01 2.926600074768066406e+01
1.800000000000000000e+01 9.687500000000000000e-01 4.207300186157226562e+01 4.288800048828125000e+01 3.152099990844726562e+01
1.800000000000000000e+01 8.883928656578063965e-01 3.857199859619140625e+01 4.417699813842773438e+01 3.057200050354003906e+01
0.000000000000000000e+00 8.125000000000000000e-01 3.559500122070312500e+01 4.508499908447265625e+01 3.274300003051757812e+01
2.200000000000000000e+01 6.205357313156127930e-01 3.196899986267089844e+01 4.500299835205078125e+01 3.165500068664550781e+01
2.200000000000000000e+01 5.089285969734191895e-01 2.986000061035156250e+01 4.737200164794921875e+01 3.376399993896484375e+01
1.800000000000000000e+01 2.276785671710968018e-01 2.617900085449218750e+01 4.727000045776367188e+01 3.380199813842773438e+01
2.000000000000000000e+00 7.142857462167739868e-02 2.338299942016601562e+01 4.976499938964843750e+01 3.508499908447265625e+01
1.600000000000000000e+01 8.928571827709674835e-03 2.049699974060058594e+01 4.755199813842773438e+01 3.640000152587890625e+01
5.000000000000000000e+00 1.294642835855484009e-01 6.787899780273437500e+01 5.048199844360351562e+01 2.793499946594238281e+01
1.600000000000000000e+01 2.455357164144515991e-01 6.723999786376953125e+01 4.769300079345703125e+01 3.049600028991699219e+01
1.200000000000000000e+01 5.178571343421936035e-01 6.361000061035156250e+01 4.890299987792968750e+01 3.111100006103515625e+01
1.400000000000000000e+01 5.357142686843872070e-01 6.154100036621093750e+01 5.063899993896484375e+01 2.834600067138671875e+01
2.200000000000000000e+01 6.919642686843872070e-01 5.781600189208984375e+01 5.116099929809570312e+01 2.835700035095214844e+01
1.300000000000000000e+01 6.562500000000000000e-01 5.584199905395507812e+01 5.172900009155273438e+01 2.504599952697753906e+01
2.200000000000000000e+01 7.098214030265808105e-01 5.236800003051757812e+01 5.325000000000000000e+01 2.573999977111816406e+01
1.200000000000000000e+01 6.607142686843872070e-01 4.944400024414062500e+01 5.312099838256835938e+01 2.319400024414062500e+01
3.000000000000000000e+00 6.428571343421936035e-01 4.599700164794921875e+01 5.456700134277343750e+01 2.361100006103515625e+01
0.000000000000000000e+00 5.848214030265808105e-01 4.296400070190429688e+01 5.268500137329101562e+01 2.203100013732910156e+01
2.200000000000000000e+01 4.642857015132904053e-01 4.071500015258789062e+01 5.571900177001953125e+01 2.278100013732910156e+01
1.000000000000000000e+00 2.366071492433547974e-01 4.206299972534179688e+01 5.771599960327148438e+01 2.005500030517578125e+01
9.000000000000000000e+00 2.901785671710968018e-01 4.410200119018554688e+01 5.464599990844726562e+01 1.864800071716308594e+01
1.700000000000000000e+01 2.589285671710968018e-01 4.746900177001953125e+01 5.607500076293945312e+01 1.867000007629394531e+01
1.600000000000000000e+01 3.616071343421936035e-01 5.080899810791015625e+01 5.612799835205078125e+01 2.075499916076660156e+01
0.000000000000000000e+00 4.553571343421936035e-01 5.044300079345703125e+01 5.841699981689453125e+01 2.401700019836425781e+01
1.100000000000000000e+01 2.678571343421936035e-01 5.244300079345703125e+01 6.152099990844726562e+01 2.498699951171875000e+01
2.000000000000000000e+00 2.946428656578063965e-01 5.296699905395507812e+01 6.285200119018554688e+01 2.853899955749511719e+01
2.200000000000000000e+01 5.937500000000000000e-01 5.145299911499023438e+01 5.971400070190429688e+01 3.028199958801269531e+01
0.000000000000000000e+00 6.383928656578063965e-01 5.307699966430664062e+01 5.959000015258789062e+01 3.374800109863281250e+01
1.400000000000000000e+01 7.455357313156127930e-01 5.429199981689453125e+01 5.643099975585937500e+01 3.546900177001953125e+01
2.200000000000000000e+01 7.366071343421936035e-01 5.843199920654296875e+01 5.241799926757812500e+01 3.866799926757812500e+01
1.500000000000000000e+01 6.875000000000000000e-01 5.908399963378906250e+01 5.096599960327148438e+01 4.213499832153320312e+01
1.000000000000000000e+00 6.071428656578063965e-01 6.146799850463867188e+01 4.824499893188476562e+01 4.322200012207031250e+01
1.300000000000000000e+01 5.982142686843872070e-01 6.044699859619140625e+01 4.556700134277343750e+01 4.570299911499023438e+01
0.000000000000000000e+00 3.080357015132904053e-01 6.313600158691406250e+01 4.551699829101562500e+01 4.839199829101562500e+01
0.000000000000000000e+00 1.517857164144515991e-01 6.427400207519531250e+01 4.266199874877929688e+01 5.065999984741210938e+01
3.000000000000000000e+00 1.383928507566452026e-01 6.174800109863281250e+01 4.320999908447265625e+01 5.343899917602539062e+01
3.000000000000000000e+00 4.062500000000000000e-01 5.895600128173828125e+01 4.297299957275390625e+01 5.077999877929687500e+01
1.800000000000000000e+01 4.464285671710968018e-01 5.843399810791015625e+01 4.677999877929687500e+01 5.060400009155273438e+01
1.900000000000000000e+01 6.339285969734191895e-01 5.791799926757812500e+01 4.867900085449218750e+01 4.728599929809570312e+01
7.000000000000000000e+00 3.973214328289031982e-01 6.104600143432617188e+01 5.116099929809570312e+01 4.766099929809570312e+01
1.600000000000000000e+01 3.705357015132904053e-01 6.146400070190429688e+01 5.430699920654296875e+01 4.538700103759765625e+01
1.500000000000000000e+01 3.794642984867095947e-01 6.326599884033203125e+01 5.364500045776367188e+01 4.209400177001953125e+01
0.000000000000000000e+00 4.285714328289031982e-01 6.228099822998046875e+01 5.573500061035156250e+01 3.896200180053710938e+01
1.700000000000000000e+01 4.866071343421936035e-01 5.963100051879882812e+01 5.807899856567382812e+01 3.756600189208984375e+01
9.000000000000000000e+00 4.241071343421936035e-01 5.894200134277343750e+01 5.947200012207031250e+01 3.405300140380859375e+01
1.300000000000000000e+01 4.419642984867095947e-01 5.629399871826171875e+01 6.034999847412109375e+01 3.150200080871582031e+01
1.800000000000000000e+01 4.196428656578063965e-01 5.604100036621093750e+01 5.936199951171875000e+01 2.784099960327148438e+01
1.700000000000000000e+01 1.562500000000000000e-01 5.786600112915039062e+01 6.125299835205078125e+01 2.502799987792968750e+01
7.000000000000000000e+00 6.250000000000000000e-02 5.669599914550781250e+01 6.212500000000000000e+01 2.148900032043457031e+01
1.700000000000000000e+01 1.026785746216773987e-01 5.740999984741210938e+01 5.849900054931640625e+01 2.022699928283691406e+01
9.000000000000000000e+00 3.437500000000000000e-01 5.499900054931640625e+01 5.710400009155273438e+01 2.293199920654296875e+01
7.000000000000000000e+00 3.839285671710968018e-01 5.813199996948242188e+01 5.553099822998046875e+01 2.452899932861328125e+01
1.200000000000000000e+01 4.151785671710968018e-01 5.995800018310546875e+01 5.612400054931640625e+01 2.789800071716308594e+01
9.000000000000000000e+00 1.071428582072257996e-01 6.634500122070312500e+01 5.689500045776367188e+01 3.088800048828125000e+01
1.200000000000000000e+01 2.857142984867095947e-01 6.459799957275390625e+01 5.522000122070312500e+01 3.384099960327148438e+01
1.800000000000000000e+01 1.741071492433547974e-01 6.767400360107421875e+01 5.324900054931640625e+01 3.527799987792968750e+01
1.800000000000000000e+01 4.017857089638710022e-02 7.136100006103515625e+01 5.246599960327148438e+01 3.501900100708007812e+01
7.000000000000000000e+00 3.571428731083869934e-02 7.243699645996093750e+01 4.871300125122070312e+01 3.464400100708007812e+01
7.000000000000000000e+00 4.464285913854837418e-03 7.445200347900390625e+01 4.903499984741210938e+01 3.776399993896484375e+01
7.000000000000000000e+00 5.357142910361289978e-02 7.131900024414062500e+01 4.989199829101562500e+01 3.987200164794921875e+01
1.500000000000000000e+01 1.875000000000000000e-01 6.894200134277343750e+01 4.731999969482421875e+01 3.829399871826171875e+01
2.200000000000000000e+01 1.473214328289031982e-01 6.931199645996093750e+01 4.446500015258789062e+01 4.074599838256835938e+01
7.000000000000000000e+00 2.410714328289031982e-01 6.737500000000000000e+01 4.115100097656250000e+01 4.074700164794921875e+01
9.000000000000000000e+00 4.732142984867095947e-01 6.382400131225585938e+01 4.086199951171875000e+01 4.222000122070312500e+01
1.100000000000000000e+01 6.830357313156127930e-01 6.040399932861328125e+01 4.222700119018554688e+01 4.177700042724609375e+01
2.000000000000000000e+01 7.812500000000000000e-01 5.960100173950195312e+01 4.545100021362304688e+01 3.998899841308593750e+01
1.300000000000000000e+01 9.017857313156127930e-01 5.642200088500976562e+01 4.733300018310546875e+01 3.912799835205078125e+01
2.200000000000000000e+01 9.196428656578063965e-01 5.508399963378906250e+01 5.015299987792968750e+01 3.690599822998046875e+01
7.000000000000000000e+00 9.375000000000000000e-01 5.213100051879882812e+01 5.228300094604492188e+01 3.804800033569335938e+01
1.100000000000000000e+01 9.107142686843872070e-01 5.061700057983398438e+01 5.419200134277343750e+01 3.506700134277343750e+01
3.000000000000000000e+00 8.035714030265808105e-01 4.874300003051757812e+01 5.748699951171875000e+01 3.563499832153320312e+01
1.800000000000000000e+01 8.169642686843872070e-01 4.573899841308593750e+01 5.653400039672851562e+01 3.349000167846679688e+01
1.300000000000000000e+01 7.187500000000000000e-01 4.338000106811523438e+01 5.867300033569335938e+01 3.551100158691406250e+01
1.700000000000000000e+01 5.625000000000000000e-01 4.530699920654296875e+01 6.188999938964843750e+01 3.502799987792968750e+01
2.000000000000000000e+01 5.669642686843872070e-01 4.566400146484375000e+01 6.119400024414062500e+01 3.128000068664550781e+01
1.900000000000000000e+01 5.401785969734191895e-01 4.205300140380859375e+01 6.055400085449218750e+01 3.079299926757812500e+01
1.300000000000000000e+01 3.392857015132904053e-01 4.109500122070312500e+01 6.360599899291992188e+01 3.309500122070312500e+01
0.000000000000000000e+00 2.008928507566452026e-01 4.322800064086914062e+01 6.567500305175781250e+01 3.089500045776367188e+01
1.200000000000000000e+01 1.607142835855484009e-01 4.153200149536132812e+01 6.481099700927734375e+01 2.753400039672851562e+01
9.000000000000000000e+00 1.116071417927742004e-01 3.794599914550781250e+01 6.486000061035156250e+01 2.902799987792968750e+01
1.100000000000000000e+01 3.169642984867095947e-01 3.751800155639648438e+01 6.113100051879882812e+01 2.912899971008300781e+01
1.700000000000000000e+01 4.330357015132904053e-01 3.605699920654296875e+01 5.949499893188476562e+01 3.228699874877929688e+01
1.600000000000000000e+01 6.741071343421936035e-01 3.840200042724609375e+01 5.682899856567382812e+01 3.368799972534179688e+01
1.500000000000000000e+01 7.723214030265808105e-01 3.729000091552734375e+01 5.357799911499023438e+01 3.553699874877929688e+01
7.000000000000000000e+00 8.839285969734191895e-01 4.295700073242187500e+01 5.407500076293945312e+01 3.931999969482421875e+01
0.000000000000000000e+00 9.776785969734191895e-01 4.728200149536132812e+01 5.033200073242187500e+01 3.458000183105468750e+01
7.000000000000000000e+00 9.955357313156127930e-01 4.983900070190429688e+01 4.839500045776367188e+01 3.656999969482421875e+01
2.200000000000000000e+01 9.732142686843872070e-01 5.271400070190429688e+01 4.583800125122070312e+01 3.561899948120117188e+01
2.200000000000000000e+01 9.642857313156127930e-01 5.421300125122070312e+01 4.367300033569335938e+01 3.841899871826171875e+01
1.500000000000000000e+01 8.705357313156127930e-01 5.711100006103515625e+01 4.153799819946289062e+01 3.722600173950195312e+01
1.800000000000000000e+01 7.008928656578063965e-01 6.024499893188476562e+01 3.979100036621093750e+01 3.848099899291992188e+01
0.000000000000000000e+00 5.758928656578063965e-01 6.342599868774414062e+01 4.096400070190429688e+01 3.688199996948242188e+01
2.000000000000000000e+00 2.767857015132904053e-01 6.671800231933593750e+01 3.914899826049804688e+01 3.620800018310546875e+01
3.000000000000000000e+00 2.812500000000000000e-01 6.521299743652343750e+01 3.575099945068359375e+01 3.718199920654296875e+01
1.700000000000000000e+01 1.250000000000000000e-01 6.710800170898437500e+01 3.389300155639648438e+01 3.446300125122070312e+01
9.000000000000000000e+00 5.803571268916130066e-02 7.012200164794921875e+01 3.620199966430664062e+01 3.477700042724609375e+01
1.600000000000000000e+01 8.035714179277420044e-02 7.045300292968750000e+01 3.977700042724609375e+01 3.342399978637695312e+01
1.000000000000000000e+00 1.830357164144515991e-01 6.798200225830078125e+01 4.072999954223632812e+01 3.059700012207031250e+01
1.000000000000000000e+00 2.633928656578063965e-01 6.644400024414062500e+01 4.375999832153320312e+01 2.882500076293945312e+01
2.000000000000000000e+01 5.491071343421936035e-01 6.266199874877929688e+01 4.432899856567382812e+01 2.907200050354003906e+01
1.800000000000000000e+01 5.803571343421936035e-01 6.061899948120117188e+01 4.633000183105468750e+01 2.634399986267089844e+01
1.100000000000000000e+01 7.589285969734191895e-01 5.709600067138671875e+01 4.657799911499023438e+01 2.756500053405761719e+01
0.000000000000000000e+00 7.767857313156127930e-01 5.411199951171875000e+01 4.754600143432617188e+01 2.545999908447265625e+01
0.000000000000000000e+00 8.750000000000000000e-01 5.075899887084960938e+01 4.877899932861328125e+01 2.702599906921386719e+01
1.200000000000000000e+01 8.214285969734191895e-01 4.758399963378906250e+01 4.937699890136718750e+01 2.516099929809570312e+01
1.200000000000000000e+01 8.616071343421936035e-01 4.523500061035156250e+01 5.138399887084960938e+01 2.747400093078613281e+01
1.700000000000000000e+01 7.946428656578063965e-01 4.152199935913085938e+01 5.222399902343750000e+01 2.738800048828125000e+01
1.600000000000000000e+01 7.991071343421936035e-01 3.913800048828125000e+01 5.281100082397460938e+01 3.037000083923339844e+01
2.000000000000000000e+01 8.258928656578063965e-01 3.750400161743164062e+01 4.947600173950195312e+01 3.109900093078613281e+01
1.700000000000000000e+01 8.794642686843872070e-01 4.010699844360351562e+01 4.760100173950195312e+01 2.894700050354003906e+01
2.000000000000000000e+01 9.508928656578063965e-01 4.392399978637695312e+01 4.729399871826171875e+01 2.888699913024902344e+01
1.700000000000000000e+01 9.285714030265808105e-01 4.635400009155273438e+01 4.487599945068359375e+01 2.718700027465820312e+01
1.800000000000000000e+01 9.464285969734191895e-01 5.006200027465820312e+01 4.480500030517578125e+01 2.822200012207031250e+01
1.800000000000000000e+01 8.482142686843872070e-01 5.294400024414062500e+01 4.254399871826171875e+01 2.715699958801269531e+01
0.000000000000000000e+00 7.544642686843872070e-01 5.680400085449218750e+01 4.219499969482421875e+01 2.748699951171875000e+01
2.200000000000000000e+01 5.446428656578063965e-01 5.966999816894531250e+01 4.143000030517578125e+01 2.516600036621093750e+01
2.200000000000000000e+01 4.375000000000000000e-01 6.233900070190429688e+01 3.968700027465820312e+01 2.727099990844726562e+01
1.800000000000000000e+01 1.785714328289031982e-01 6.572200012207031250e+01 4.009000015258789062e+01 2.544599914550781250e+01
2.000000000000000000e+00 4.464285820722579956e-02 6.944899749755859375e+01 3.959600067138671875e+01 2.585700035095214844e+01
1.600000000000000000e+01 2.232142910361289978e-02 7.124800109863281250e+01 4.268999862670898438e+01 2.730999946594238281e+01
