5.000000000000000000e+00 1.071428582072257996e-01 2.572800064086914062e+01 3.968199920654296875e+01 4.299100112915039062e+01
1.600000000000000000e+01 2.723214328289031982e-01 2.746800041198730469e+01 4.285100173950195312e+01 4.194900131225585938e+01
1.200000000000000000e+01 5.089285969734191895e-01 3.084900093078613281e+01 4.138499832153320312e+01 4.111899948120117188e+01
1.400000000000000000e+01 5.357142686843872070e-01 3.141500091552734375e+01 3.857699966430664062e+01 3.860900115966796875e+01
2.200000000000000000e+01 6.875000000000000000e-01 3.474300003051757812e+01 3.710900115966796875e+01 3.718000030517578125e+01
1.300000000000000000e+01 6.607142686843872070e-01 3.571599960327148438e+01 3.496699905395507812e+01 3.414199829101562500e+01
2.200000000000000000e+01 7.232142686843872070e-01 3.934199905395507812e+01 3.386399841308593750e+01 3.337799835205078125e+01
1.200000000000000000e+01 6.562500000000000000e-01 4.044400024414062500e+01 3.254299926757812500e+01 2.988999938964843750e+01
3.000000000000000000e+00 5.848214030265808105e-01 4.366899871826171875e+01 3.089999961853027344e+01 2.851000022888183594e+01
0.000000000000000000e+00 5.446428656578063965e-01 4.538600158691406250e+01 3.206800079345703125e+01 2.534199905395507812e+01
2.200000000000000000e+01 3.437500000000000000e-01 4.772000122070312500e+01 2.909399986267089844e+01 2.514699935913085938e+01
1.000000000000000000e+00 2.098214328289031982e-01 4.501300048828125000e+01 2.643400001525878906e+01 2.562500000000000000e+01
9.000000000000000000e+00 2.321428507566452026e-01 4.233800125122070312e+01 2.830599975585937500e+01 2.378100013732910156e+01
1.700000000000000000e+01 2.455357164144515991e-01 3.984000015258789062e+01 2.755800056457519531e+01 2.659300041198730469e+01
1.600000000000000000e+01 3.303571343421936035e-01 3.846799850463867188e+01 2.856900024414062500e+01 2.990900039672851562e+01
0.000000000000000000e+00 4.821428656578063965e-01 4.073300170898437500e+01 2.846100044250488281e+01 3.303599929809570312e+01
1.100000000000000000e+01 3.125000000000000000e-01 3.957899856567382812e+01 2.665200042724609375e+01 3.612300109863281250e+01
2.000000000000000000e+00 3.169642984867095947e-01 4.008200073242187500e+01 2.688100051879882812e+01 3.987500000000000000e+01
2.200000000000000000e+01 6.026785969734191895e-01 4.185400009155273438e+01 3.012400054931640625e+01 3.935499954223632812e+01
0.000000000000000000e+00 6.473214030265808105e-01 4.202600097656250000e+01 3.189200019836425781e+01 4.277299880981445312e+01
1.400000000000000000e+01 7.723214030265808105e-01 4.147100067138671875e+01 3.568199920654296875e+01 4.323099899291992188e+01
2.200000000000000000e+01 7.276785969734191895e-01 3.876800155639648438e+01 4.121300125122070312e+01 4.635100173950195312e+01
1.500000000000000000e+01 7.142857313156127930e-01 4.034700012207031250e+01 4.415800094604492188e+01 4.828499984741210938e+01
1.000000000000000000e+00 6.205357313156127930e-01 3.890999984741210938e+01 4.740499877929687500e+01 4.963399887084960938e+01
1.300000000000000000e+01 5.267857313156127930e-01 4.030799865722656250e+01 5.090100097656250000e+01 5.070899963378906250e+01
0.000000000000000000e+00 2.767857015132904053e-01 4.072100067138671875e+01 5.187799835205078125e+01 5.429800033569335938e+01
0.000000000000000000e+00 8.928571641445159912e-02 4.052199935913085938e+01 5.520199966430664062e+01 5.589500045776367188e+01
3.000000000000000000e+00 1.383928507566452026e-01 4.437400054931640625e+01 5.542399978637695312e+01 5.586600112915039062e+01
3.000000000000000000e+00 3.794642984867095947e-01 4.421799850463867188e+01 5.458900070190429688e+01 5.211899948120117188e+01
1.800000000000000000e+01 5.000000000000000000e-01 4.547200012207031250e+01 5.095999908447265625e+01 5.262799835205078125e+01
1.900000000000000000e+01 6.428571343421936035e-01 4.418299865722656250e+01 4.767100143432617188e+01 5.120100021362304688e+01
7.000000000000000000e+00 4.642857015132904053e-01 4.208599853515625000e+01 4.547999954223632812e+01 5.353499984741210938e+01
1.600000000000000000e+01 4.598214328289031982e-01 4.057799911499023438e+01 4.193199920654296875e+01 5.283000183105468750e+01
1.500000000000000000e+01 4.107142984867095947e-01 3.697000122070312500e+01 4.180099868774414062e+01 5.146099853515625000e+01
0.000000000000000000e+00 4.285714328289031982e-01 3.623799896240234375e+01 3.852999877929687500e+01 4.968600082397460938e+01
1.700000000000000000e+01 4.955357015132904053e-01 3.774900054931640625e+01 3.545299911499023438e+01 4.770399856567382812e+01
9.000000000000000000e+00 3.883928656578063965e-01 3.689300155639648438e+01 3.238299942016601562e+01 4.556299972534179688e+01
1.300000000000000000e+01 4.553571343421936035e-01 3.805899810791015625e+01 3.033900070190429688e+01 4.255099868774414062e+01
1.800000000000000000e+01 4.062500000000000000e-01 3.671699905395507812e+01 2.966200065612792969e+01 3.915599822998046875e+01
1.700000000000000000e+01 1.517857164144515991e-01 3.436500167846679688e+01 2.685300064086914062e+01 3.834299850463867188e+01
7.000000000000000000e+00 6.696428358554840088e-02 3.399800109863281250e+01 2.455999946594238281e+01 3.513199996948242188e+01
1.700000000000000000e+01 1.160714253783226013e-01 3.327500152587890625e+01 2.733699989318847656e+01 3.242900085449218750e+01
9.000000000000000000e+00 3.571428656578063965e-01 3.618600082397460938e+01 2.949699974060058594e+01 3.386000061035156250e+01
7.000000000000000000e+00 3.616071343421936035e-01 3.355400085449218750e+01 3.174300003051757812e+01 3.572299957275390625e+01
1.200000000000000000e+01 3.660714328289031982e-01 3.303900146484375000e+01 3.275999832153320312e+01 3.943000030517578125e+01
9.000000000000000000e+00 1.205357164144515991e-01 2.847699928283691406e+01 3.503699874877929688e+01 4.432400131225585938e+01
1.200000000000000000e+01 2.991071343421936035e-01 3.135000038146972656e+01 3.693500137329101562e+01 4.570399856567382812e+01
1.800000000000000000e+01 1.919642835855484009e-01 2.956100082397460938e+01 3.952899932861328125e+01 4.783399963378906250e+01
1.800000000000000000e+01 5.357142910361289978e-02 2.613500022888183594e+01 4.102600097656250000e+01 4.848400115966796875e+01
7.000000000000000000e+00 3.125000000000000000e-02 2.491200065612792969e+01 4.452899932861328125e+01 4.739099884033203125e+01
7.000000000000000000e+00 8.928571827709674835e-03 2.443300056457519531e+01 4.535200119018554688e+01 5.113100051879882812e+01
7.000000000000000000e+00 4.464285820722579956e-02 2.801499938964843750e+01 4.432400131225585938e+01 5.174499893188476562e+01
1.500000000000000000e+01 1.875000000000000000e-01 2.933399963378906250e+01 4.620199966430664062e+01 4.872299957275390625e+01
2.200000000000000000e+01 9.821428358554840088e-02 2.920299911499023438e+01 4.981100082397460938e+01 4.994200134277343750e+01
7.000000000000000000e+00 1.696428507566452026e-01 3.061499977111816406e+01 5.292200088500976562e+01 4.822299957275390625e+01
9.000000000000000000e+00 3.526785671710968018e-01 3.444900131225585938e+01 5.341600036621093750e+01 4.771599960327148438e+01
1.100000000000000000e+01 6.517857313156127930e-01 3.740700149536132812e+01 5.190000152587890625e+01 4.594699859619140625e+01
2.000000000000000000e+01 7.544642686843872070e-01 3.810300064086914062e+01 4.814599990844726562e+01 4.521599960327148438e+01
1.300000000000000000e+01 8.973214030265808105e-01 4.045600128173828125e+01 4.583499908447265625e+01 4.346900177001953125e+01
2.200000000000000000e+01 9.285714030265808105e-01 4.089400100708007812e+01 4.228200149536132812e+01 4.235900115966796875e+01
7.000000000000000000e+00 9.375000000000000000e-01 4.413299942016601562e+01 4.028499984741210938e+01 4.223099899291992188e+01
1.100000000000000000e+01 9.062500000000000000e-01 4.386500167846679688e+01 3.701100158691406250e+01 4.041099929809570312e+01
3.000000000000000000e+00 8.303571343421936035e-01 4.656800079345703125e+01 3.441799926757812500e+01 4.115900039672851562e+01
1.800000000000000000e+01 8.571428656578063965e-01 4.791899871826171875e+01 3.404199981689453125e+01 3.766699981689453125e+01
1.300000000000000000e+01 7.633928656578063965e-01 5.130300140380859375e+01 3.280799865722656250e+01 3.898500061035156250e+01
1.700000000000000000e+01 5.982142686843872070e-01 4.978099822998046875e+01 2.959499931335449219e+01 4.037400054931640625e+01
2.000000000000000000e+01 6.116071343421936035e-01 4.791799926757812500e+01 2.895299911499023438e+01 3.716899871826171875e+01
1.900000000000000000e+01 5.937500000000000000e-01 5.135599899291992188e+01 2.934399986267089844e+01 3.531900024414062500e+01
1.300000000000000000e+01 4.196428656578063965e-01 5.354199981689453125e+01 2.754000091552734375e+01 3.793799972534179688e+01
0.000000000000000000e+00 2.500000000000000000e-01 5.145199966430664062e+01 2.438899993896484375e+01 3.794599914550781250e+01
1.200000000000000000e+01 2.053571492433547974e-01 5.181800079345703125e+01 2.403700065612792969e+01 3.418700027465820312e+01
9.000000000000000000e+00 1.473214328289031982e-01 5.562500000000000000e+01 2.439399909973144531e+01 3.423500061035156250e+01
1.100000000000000000e+01 3.392857015132904053e-01 5.546699905395507812e+01 2.778100013732910156e+01 3.241699981689453125e+01
1.700000000000000000e+01 5.044642686843872070e-01 5.743799972534179688e+01 3.101199913024902344e+01 3.329700088500976562e+01
1.600000000000000000e+01 7.053571343421936035e-01 5.517800140380859375e+01 3.323300170898437500e+01 3.558700180053710938e+01
1.500000000000000000e+01 8.080357313156127930e-01 5.610499954223632812e+01 3.681100082397460938e+01 3.438800048828125000e+01
7.000000000000000000e+00 9.241071343421936035e-01 5.243099975585937500e+01 3.841500091552734375e+01 4.003300094604492188e+01
0.000000000000000000e+00 9.866071343421936035e-01 4.598799896240234375e+01 4.008499908447265625e+01 3.684600067138671875e+01
7.000000000000000000e+00 9.955357313156127930e-01 4.464300155639648438e+01 4.324700164794921875e+01 3.845600128173828125e+01
2.200000000000000000e+01 9.732142686843872070e-01 4.177199935913085938e+01 4.567499923706054688e+01 3.809500122070312500e+01
2.200000000000000000e+01 9.419642686843872070e-01 4.137099838256835938e+01 4.876100158691406250e+01 4.041099929809570312e+01
1.500000000000000000e+01 8.437500000000000000e-01 3.798899841308593750e+01 5.055500030517578125e+01 4.021699905395507812e+01
1.800000000000000000e+01 6.651785969734191895e-01 3.537900161743164062e+01 5.294300079345703125e+01 4.174800109863281250e+01
0.000000000000000000e+00 5.178571343421936035e-01 3.240800094604492188e+01 5.090700149536132812e+01 4.310800170898437500e+01
2.000000000000000000e+00 2.544642984867095947e-01 2.873999977111816406e+01 5.228699874877929688e+01 4.271500015258789062e+01
3.000000000000000000e+00 2.187500000000000000e-01 2.942399978637695312e+01 5.575500106811523438e+01 4.115999984741210938e+01
1.700000000000000000e+01 9.375000000000000000e-02 2.657600021362304688e+01 5.544200134277343750e+01 3.860900115966796875e+01
9.000000000000000000e+00 4.017857089638710022e-02 2.447400093078613281e+01 5.374499893188476562e+01 4.127000045776367188e+01
1.600000000000000000e+01 6.250000000000000000e-02 2.376700019836425781e+01 4.998300170898437500e+01 4.130899810791015625e+01
1.000000000000000000e+00 1.651785671710968018e-01 2.547100067138671875e+01 4.768799972534179688e+01 3.877600097656250000e+01
1.000000000000000000e+00 2.812500000000000000e-01 2.675799942016601562e+01 4.415800094604492188e+01 3.812799835205078125e+01
2.000000000000000000e+01 5.625000000000000000e-01 3.040500068664550781e+01 4.432799911499023438e+01 3.710900115966796875e+01
1.800000000000000000e+01 6.383928656578063965e-01 3.186100006103515625e+01 4.137099838256835938e+01 3.497999954223632812e+01
1.100000000000000000e+01 8.125000000000000000e-01 3.565499877929687500e+01 4.105699920654296875e+01 3.501300048828125000e+01
0.000000000000000000e+00 7.901785969734191895e-01 3.689300155639648438e+01 3.900099945068359375e+01 3.199300003051757812e+01
0.000000000000000000e+00 8.839285969734191895e-01 4.057099914550781250e+01 3.816799926757812500e+01 3.200799942016601562e+01
1.200000000000000000e+01 8.214285969734191895e-01 4.236700057983398438e+01 3.659899902343750000e+01 2.900699996948242188e+01
1.200000000000000000e+01 8.348214030265808105e-01 4.578499984741210938e+01 3.519200134277343750e+01 3.000200080871582031e+01
1.700000000000000000e+01 7.589285969734191895e-01 4.915200042724609375e+01 3.452799987792968750e+01 2.827899932861328125e+01
1.600000000000000000e+01 7.410714030265808105e-01 5.242399978637695312e+01 3.389799880981445312e+01 3.024600028991699219e+01
2.000000000000000000e+01 8.169642686843872070e-01 5.390499877929687500e+01 3.739400100708007812e+01 2.937000083923339844e+01
1.700000000000000000e+01 9.107142686843872070e-01 5.059600067138671875e+01 3.922700119018554688e+01 2.917000007629394531e+01
2.000000000000000000e+01 9.687500000000000000e-01 4.724399948120117188e+01 4.003099822998046875e+01 3.073900032043457031e+01
1.700000000000000000e+01 9.330357313156127930e-01 4.426699829101562500e+01 4.156000137329101562e+01 2.885899925231933594e+01
1.800000000000000000e+01 9.508928656578063965e-01 4.149800109863281250e+01 4.245000076293945312e+01 3.131599998474121094e+01
1.800000000000000000e+01 8.660714030265808105e-01 3.801900100708007812e+01 4.365399932861328125e+01 3.015200042724609375e+01
0.000000000000000000e+00 7.857142686843872070e-01 3.502600097656250000e+01 4.477399826049804688e+01 3.222900009155273438e+01
2.200000000000000000e+01 5.714285969734191895e-01 3.137299919128417969e+01 4.482300186157226562e+01 3.142200088500976562e+01
2.200000000000000000e+01 4.375000000000000000e-01 2.895999908447265625e+01 4.714199829101562500e+01 3.332699966430664062e+01
1.800000000000000000e+01 1.785714328289031982e-01 2.538299942016601562e+01 4.577600097656250000e+01 3.362599945068359375e+01
2.000000000000000000e+00 2.232142910361289978e-02 2.199399948120117188e+01 4.740200042724609375e+01 3.473300170898437500e+01
1.600000000000000000e+01 4.464285913854837418e-03 1.967799949645996094e+01 4.564799880981445312e+01 3.736999893188476562e+01
5.000000000000000000e+00 1.428571492433547974e-01 6.744400024414062500e+01 4.893500137329101562e+01 2.725900077819824219e+01
1.600000000000000000e+01 2.366071492433547974e-01 6.751899719238281250e+01 4.674599838256835938e+01 3.052899932861328125e+01
1.200000000000000000e+01 4.910714328289031982e-01 6.394200134277343750e+01 4.811899948120117188e+01 3.120400047302246094e+01
1.400000000000000000e+01 5.312500000000000000e-01 6.183499908447265625e+01 5.038000106811523438e+01 2.898900032043457031e+01
2.200000000000000000e+01 7.008928656578063965e-01 5.818500137329101562e+01 5.107300186157226562e+01 2.940500068664550781e+01
1.300000000000000000e+01 6.696428656578063965e-01 5.600299835205078125e+01 5.237200164794921875e+01 2.652799987792968750e+01
2.200000000000000000e+01 7.366071343421936035e-01 5.231800079345703125e+01 5.319599914550781250e+01 2.658699989318847656e+01
1.200000000000000000e+01 6.785714030265808105e-01 4.992599868774414062e+01 5.291999816894531250e+01 2.378499984741210938e+01
3.000000000000000000e+00 6.071428656578063965e-01 4.640299987792968750e+01 5.431200027465820312e+01 2.302300071716308594e+01
0.000000000000000000e+00 5.758928656578063965e-01 4.361100006103515625e+01 5.195399856567382812e+01 2.168400001525878906e+01
2.200000000000000000e+01 3.839285671710968018e-01 4.096400070190429688e+01 5.460300064086914062e+01 2.106399917602539062e+01
1.000000000000000000e+00 2.232142835855484009e-01 4.300699996948242188e+01 5.665800094604492188e+01 1.869599914550781250e+01
9.000000000000000000e+00 2.901785671710968018e-01 4.524100112915039062e+01 5.365100097656250000e+01 1.779800033569335938e+01
1.700000000000000000e+01 2.589285671710968018e-01 4.853699874877929688e+01 5.566400146484375000e+01 1.834700012207031250e+01
1.600000000000000000e+01 3.750000000000000000e-01 5.126800155639648438e+01 5.578499984741210938e+01 2.110099983215332031e+01
0.000000000000000000e+00 5.133928656578063965e-01 5.017100143432617188e+01 5.754999923706054688e+01 2.442000007629394531e+01
1.100000000000000000e+01 3.080357015132904053e-01 5.193600082397460938e+01 6.085300064086914062e+01 2.496299934387207031e+01
2.000000000000000000e+00 3.258928656578063965e-01 5.231499862670898438e+01 6.232699966430664062e+01 2.851399993896484375e+01
2.200000000000000000e+01 6.294642686843872070e-01 5.139799880981445312e+01 5.931600189208984375e+01 3.060600090026855469e+01
0.000000000000000000e+00 6.339285969734191895e-01 5.277500152587890625e+01 5.964899826049804688e+01 3.405599975585937500e+01
1.400000000000000000e+01 7.321428656578063965e-01 5.438199996948242188e+01 5.659500122070312500e+01 3.580400085449218750e+01
2.200000000000000000e+01 7.098214030265808105e-01 5.861899948120117188e+01 5.258200073242187500e+01 3.924300003051757812e+01
1.500000000000000000e+01 6.830357313156127930e-01 5.900199890136718750e+01 5.089099884033203125e+01 4.264099884033203125e+01
1.000000000000000000e+00 5.803571343421936035e-01 6.129100036621093750e+01 4.818299865722656250e+01 4.364099884033203125e+01
1.300000000000000000e+01 5.223214030265808105e-01 6.099700164794921875e+01 4.574700164794921875e+01 4.652700042724609375e+01
0.000000000000000000e+00 2.410714328289031982e-01 6.354600143432617188e+01 4.626900100708007812e+01 4.937200164794921875e+01
0.000000000000000000e+00 8.035714179277420044e-02 6.575599670410156250e+01 4.336100006103515625e+01 5.070700073242187500e+01
3.000000000000000000e+00 8.482142537832260132e-02 6.313999938964843750e+01 4.271200180053710938e+01 5.326699829101562500e+01
3.000000000000000000e+00 3.214285671710968018e-01 6.008800125122070312e+01 4.268600082397460938e+01 5.079199981689453125e+01
1.800000000000000000e+01 3.348214328289031982e-01 5.872800064086914062e+01 4.608800125122070312e+01 5.179700088500976562e+01
1.900000000000000000e+01 5.535714030265808105e-01 5.790299987792968750e+01 4.820600128173828125e+01 4.863600158691406250e+01
7.000000000000000000e+00 4.241071343421936035e-01 6.006600189208984375e+01 5.132500076293945312e+01 4.792599868774414062e+01
1.600000000000000000e+01 4.687500000000000000e-01 5.990000152587890625e+01 5.402199935913085938e+01 4.525799942016601562e+01
1.500000000000000000e+01 4.151785671710968018e-01 6.250199890136718750e+01 5.344400024414062500e+01 4.254100036621093750e+01
0.000000000000000000e+00 4.017857015132904053e-01 6.207600021362304688e+01 5.580899810791015625e+01 3.956299972534179688e+01
1.700000000000000000e+01 4.776785671710968018e-01 5.942100143432617188e+01 5.807500076293945312e+01 3.786299896240234375e+01
9.000000000000000000e+00 3.973214328289031982e-01 5.852099990844726562e+01 5.983300018310546875e+01 3.461899948120117188e+01
1.300000000000000000e+01 4.464285671710968018e-01 5.610499954223632812e+01 6.052299880981445312e+01 3.168000030517578125e+01
1.800000000000000000e+01 4.508928656578063965e-01 5.570999908447265625e+01 5.915399932861328125e+01 2.806599998474121094e+01
1.700000000000000000e+01 1.741071492433547974e-01 5.781700134277343750e+01 6.070299911499023438e+01 2.511800003051757812e+01
7.000000000000000000e+00 7.589285820722579956e-02 5.616500091552734375e+01 6.174200057983398438e+01 2.183699989318847656e+01
1.700000000000000000e+01 1.294642835855484009e-01 5.645999908447265625e+01 5.822700119018554688e+01 2.038800048828125000e+01
9.000000000000000000e+00 3.705357015132904053e-01 5.512900161743164062e+01 5.691500091552734375e+01 2.375099945068359375e+01
7.000000000000000000e+00 3.928571343421936035e-01 5.829100036621093750e+01 5.548899841308593750e+01 2.521599960327148438e+01
1.200000000000000000e+01 4.330357015132904053e-01 6.003900146484375000e+01 5.598400115966796875e+01 2.858600044250488281e+01
9.000000000000000000e+00 1.250000000000000000e-01 6.651200103759765625e+01 5.585499954223632812e+01 3.150099945068359375e+01
1.200000000000000000e+01 2.946428656578063965e-01 6.484500122070312500e+01 5.474000167846679688e+01 3.473400115966796875e+01
1.800000000000000000e+01 1.830357164144515991e-01 6.773500061035156250e+01 5.241500091552734375e+01 3.563000106811523438e+01
1.800000000000000000e+01 3.571428731083869934e-02 7.120999908447265625e+01 5.125799942016601562e+01 3.451499938964843750e+01
7.000000000000000000e+00 1.785714365541934967e-02 7.237300109863281250e+01 4.769699859619140625e+01 3.387799835205078125e+01
7.000000000000000000e+00 0.000000000000000000e+00 7.462100219726562500e+01 4.765000152587890625e+01 3.688999938964843750e+01
7.000000000000000000e+00 2.678571455180644989e-02 7.178600311279296875e+01 4.887200164794921875e+01 3.913100051879882812e+01
1.500000000000000000e+01 1.607142835855484009e-01 6.905400085449218750e+01 4.647900009155273438e+01 3.779999923706054688e+01
2.200000000000000000e+01 1.026785746216773987e-01 6.994000244140625000e+01 4.324900054931640625e+01 3.977199935913085938e+01
7.000000000000000000e+00 2.276785671710968018e-01 6.757900238037109375e+01 4.036100006103515625e+01 4.031299972534179688e+01
9.000000000000000000e+00 4.419642984867095947e-01 6.429499816894531250e+01 4.126399993896484375e+01 4.206499862670898438e+01
1.100000000000000000e+01 6.741071343421936035e-01 6.055899810791015625e+01 4.231600189208984375e+01 4.217100143432617188e+01
2.000000000000000000e+01 7.500000000000000000e-01 5.978799819946289062e+01 4.547299957275390625e+01 4.032199859619140625e+01
1.300000000000000000e+01 8.794642686843872070e-01 5.643799972534179688e+01 4.729899978637695312e+01 4.002299880981445312e+01
2.200000000000000000e+01 9.017857313156127930e-01 5.540000152587890625e+01 5.005099868774414062e+01 3.757199859619140625e+01
7.000000000000000000e+00 9.196428656578063965e-01 5.237900161743164062e+01 5.230899810791015625e+01 3.866299819946289062e+01
1.100000000000000000e+01 8.928571343421936035e-01 5.072499847412109375e+01 5.435200119018554688e+01 3.586899948120117188e+01
3.000000000000000000e+00 7.946428656578063965e-01 4.834899902343750000e+01 5.743799972534179688e+01 3.602600097656250000e+01
1.800000000000000000e+01 8.392857313156127930e-01 4.583000183105468750e+01 5.613700103759765625e+01 3.334099960327148438e+01
1.300000000000000000e+01 7.455357313156127930e-01 4.257899856567382812e+01 5.746500015258789062e+01 3.488199996948242188e+01
1.700000000000000000e+01 5.892857313156127930e-01 4.407500076293945312e+01 6.097700119018554688e+01 3.503499984741210938e+01
2.000000000000000000e+01 5.669642686843872070e-01 4.500999832153320312e+01 6.064400100708007812e+01 3.135400009155273438e+01
1.900000000000000000e+01 5.491071343421936035e-01 4.135100173950195312e+01 5.972100067138671875e+01 3.038100051879882812e+01
1.300000000000000000e+01 3.482142984867095947e-01 4.003300094604492188e+01 6.248400115966796875e+01 3.260300064086914062e+01
0.000000000000000000e+00 2.142857164144515991e-01 4.232899856567382812e+01 6.507900238037109375e+01 3.071199989318847656e+01
1.200000000000000000e+01 1.562500000000000000e-01 4.063999938964843750e+01 6.419100189208984375e+01 2.747100067138671875e+01
9.000000000000000000e+00 1.339285671710968018e-01 3.723300170898437500e+01 6.411199951171875000e+01 2.945999908447265625e+01
1.100000000000000000e+01 3.035714328289031982e-01 3.665299987792968750e+01 6.040200042724609375e+01 2.886400032043457031e+01
1.700000000000000000e+01 4.732142984867095947e-01 3.543399810791015625e+01 5.800999832153320312e+01 3.162199974060058594e+01
1.600000000000000000e+01 6.919642686843872070e-01 3.739099884033203125e+01 5.485900115966796875e+01 3.236500167846679688e+01
1.500000000000000000e+01 7.678571343421936035e-01 3.628499984741210938e+01 5.207099914550781250e+01 3.459000015258789062e+01
7.000000000000000000e+00 8.526785969734191895e-01 4.145800018310546875e+01 5.421699905395507812e+01 3.847399902343750000e+01
0.000000000000000000e+00 9.776785969734191895e-01 4.716799926757812500e+01 5.052700042724609375e+01 3.571500015258789062e+01
7.000000000000000000e+00 9.910714030265808105e-01 5.000099945068359375e+01 4.880300140380859375e+01 3.760800170898437500e+01
2.200000000000000000e+01 9.821428656578063965e-01 5.242200088500976562e+01 4.619100189208984375e+01 3.610599899291992188e+01
2.200000000000000000e+01 9.553571343421936035e-01 5.424900054931640625e+01 4.402999877929687500e+01 3.872000122070312500e+01
1.500000000000000000e+01 8.705357313156127930e-01 5.703699874877929688e+01 4.140499877929687500e+01 3.786600112915039062e+01
1.800000000000000000e+01 6.964285969734191895e-01 6.006100082397460938e+01 3.945399856567382812e+01 3.873600006103515625e+01
0.000000000000000000e+00 5.580357313156127930e-01 6.326300048828125000e+01 4.021599960327148438e+01 3.665100097656250000e+01
2.000000000000000000e+00 2.857142984867095947e-01 6.646499633789062500e+01 3.840000152587890625e+01 3.583700180053710938e+01
3.000000000000000000e+00 2.678571343421936035e-01 6.534899902343750000e+01 3.509000015258789062e+01 3.734700012207031250e+01
1.700000000000000000e+01 1.116071417927742004e-01 6.676999664306640625e+01 3.310400009155273438e+01 3.430899810791015625e+01
9.000000000000000000e+00 5.803571268916130066e-02 6.977200317382812500e+01 3.559099960327148438e+01 3.453400039672851562e+01
1.600000000000000000e+01 7.142857462167739868e-02 6.998300170898437500e+01 3.901499938964843750e+01 3.284400177001953125e+01
1.000000000000000000e+00 2.008928507566452026e-01 6.737599945068359375e+01 3.993000030517578125e+01 3.025900077819824219e+01
1.000000000000000000e+00 2.633928656578063965e-01 6.633799743652343750e+01 4.310400009155273438e+01 2.838800048828125000e+01
2.000000000000000000e+01 5.401785969734191895e-01 6.270500183105468750e+01 4.418600082397460938e+01 2.911599922180175781e+01
1.800000000000000000e+01 6.250000000000000000e-01 6.016400146484375000e+01 4.604999923706054688e+01 2.685199928283691406e+01
1.100000000000000000e+01 7.991071343421936035e-01 5.692200088500976562e+01 4.666699981689453125e+01 2.864399909973144531e+01
0.000000000000000000e+00 8.258928656578063965e-01 5.386600112915039062e+01 4.770100021362304688e+01 2.662000083923339844e+01
0.000000000000000000e+00 9.151785969734191895e-01 5.066799926757812500e+01 4.913199996948242188e+01 2.833399963378906250e+01
1.200000000000000000e+01 8.616071343421936035e-01 4.759500122070312500e+01 4.950699996948242188e+01 2.610700035095214844e+01
1.200000000000000000e+01 8.482142686843872070e-01 4.503400039672851562e+01 5.196900177001953125e+01 2.728100013732910156e+01
1.700000000000000000e+01 7.812500000000000000e-01 4.123899841308593750e+01 5.174499893188476562e+01 2.682999992370605469e+01
1.600000000000000000e+01 7.187500000000000000e-01 3.828300094604492188e+01 5.296900177001953125e+01 2.902899932861328125e+01
2.000000000000000000e+01 7.767857313156127930e-01 3.656600189208984375e+01 4.968799972534179688e+01 3.023800086975097656e+01
1.700000000000000000e+01 8.750000000000000000e-01 3.948099899291992188e+01 4.736500167846679688e+01 2.937500000000000000e+01
2.000000000000000000e+01 9.642857313156127930e-01 4.324000167846679688e+01 4.729399871826171875e+01 3.012800025939941406e+01
1.700000000000000000e+01 9.464285969734191895e-01 4.581100082397460938e+01 4.526300048828125000e+01 2.816600036621093750e+01
1.800000000000000000e+01 9.598214030265808105e-01 4.950099945068359375e+01 4.459500122070312500e+01 2.896899986267089844e+01
1.800000000000000000e+01 8.883928656578063965e-01 5.228799819946289062e+01 4.250999832153320312e+01 2.751600074768066406e+01
0.000000000000000000e+00 8.035714030265808105e-01 5.603900146484375000e+01 4.217900085449218750e+01 2.807500076293945312e+01
2.200000000000000000e+01 6.160714030265808105e-01 5.875000000000000000e+01 4.138399887084960938e+01 2.556500053405761719e+01
2.200000000000000000e+01 4.866071343421936035e-01 6.165999984741210938e+01 3.955300140380859375e+01 2.717200088500976562e+01
1.800000000000000000e+01 1.964285671710968018e-01 6.504499816894531250e+01 3.940100097656250000e+01 2.521899986267089844e+01
2.000000000000000000e+00 4.910714179277420044e-02 6.869400024414062500e+01 3.847800064086914062e+01 2.580800056457519531e+01
1.600000000000000000e+01 1.339285727590322495e-02 7.152999877929687500e+01 4.108000183105468750e+01 2.577099990844726562e+01
