1 1 14 0 0.0059880239520957446 0 0 14.852 43.000 37.792
1 2 18 0 0.11976047904191622 0 0 18.323 43.532 36.373
1 3 7 0 0.3173652694610779 0 0 19.572 40.117 35.159
1 4 20 0 0.5868263473053892 0 0 23.222 39.484 34.427
1 5 13 0 0.7005988023952096 0 0 24.074 36.395 32.552
1 6 12 0 0.9161676646706587 0 0 27.759 35.739 33.230
1 7 22 0 0.9580838323353293 0 0 30.123 33.207 31.613
1 8 22 0 0.9880239520958084 0 0 33.181 32.081 33.519
1 9 22 0 0.9700598802395209 0 0 35.779 31.284 30.952
1 10 9 0 0.9341317365269461 0 0 39.285 29.882 30.790
1 11 0 0 0.7844311377245509 0 0 41.578 26.908 30.718
1 12 9 0 0.652694610778443 0 0 40.937 23.789 32.736
1 13 9 0 0.5808383233532934 0 0 42.476 23.769 36.186
1 14 22 0 0.8263473053892215 0 0 41.975 27.436 37.021
1 15 9 0 0.8203592814371258 0 0 39.267 26.762 39.575
1 16 13 0 0.9281437125748503 0 0 36.258 27.867 37.513
1 17 17 0 0.8323353293413174 0 0 33.476 25.911 39.221
1 18 0 0 0.7485029940119761 0 0 35.121 26.591 42.536
1 19 12 0 0.8982035928143712 0 0 35.155 30.355 41.918
1 20 18 0 0.874251497005988 0 0 31.391 30.347 41.247
1 21 11 0 0.6407185628742516 0 0 30.295 27.790 43.922
1 22 6 0 0.592814371257485 0 0 32.402 29.812 46.429
1 23 12 0 0.6646706586826348 0 0 30.443 32.993 45.745
1 24 11 0 0.5269461077844311 0 0 27.002 31.437 45.624
1 25 6 0 0.3053892215568862 0 0 27.233 28.653 48.201
1 26 2 0 0.2694610778443114 0 0 30.242 29.649 50.344
1 27 10 0 0.23952095808383234 0 0 31.912 26.400 49.704
1 28 15 0 0.3772455089820359 0 0 34.920 25.167 47.784
1 29 22 0 0.31137724550898194 0 0 34.164 22.032 45.714
1 30 3 0 0.11377245508982048 0 0 36.086 18.810 45.786
1 31 7 0 0.09580838323353291 0 0 34.919 16.900 42.739
1 32 20 0 0.21556886227544902 0 0 34.130 17.689 39.150
1 33 3 0 0.17365269461077848 0 0 30.704 17.528 37.572
1 34 16 0 0.281437125748503 0 0 30.011 18.633 34.047
1 35 18 0 0.43113772455089827 0 0 27.534 21.409 34.910
1 36 11 0 0.2934131736526946 0 0 25.843 21.146 31.598
1 37 7 0 0.13173652694610782 0 0 22.227 20.890 32.731
1 38 3 0 0.22754491017964074 0 0 22.724 22.536 36.120
1 39 17 0 0.39520958083832336 0 0 22.108 26.232 36.656
1 40 20 0 0.5149700598802396 0 0 23.361 28.468 39.391
1 41 1 0 0.47904191616766467 0 0 22.201 31.877 40.510
1 42 13 0 0.45508982035928147 0 0 22.643 34.584 43.133
1 43 6 0 0.20359281437125742 0 0 20.503 37.690 43.771
1 44 22 0 0.2335329341317366 0 0 22.578 40.265 45.409
1 45 22 0 0.08982035928143717 0 0 22.641 43.842 46.575
1 46 11 0 0.20958083832335328 0 0 25.672 45.388 44.877
1 47 3 0 0.0718562874251496 0 0 26.234 49.100 45.378
1 48 9 0 0.0 0 0 22.907 49.515 47.034
1 49 7 0 0.02395209580838331 0 0 21.172 48.044 43.943
1 50 18 0 0.053892215568862256 0 0 19.698 44.565 43.650
1 51 5 0 0.19760479041916168 0 0 20.647 42.404 40.718
1 52 12 0 0.35928143712574856 0 0 20.430 38.795 39.694
1 53 12 0 0.6347305389221557 0 0 23.659 37.039 38.713
1 54 3 0 0.6467065868263473 0 0 23.069 33.886 36.760
1 55 11 0 0.8502994011976048 0 0 26.178 32.057 35.964
1 56 12 0 0.8562874251497006 0 0 27.460 29.927 33.141
1 57 3 0 0.8682634730538922 0 0 30.099 27.248 33.571
1 58 18 0 0.844311377245509 0 0 32.501 26.233 30.828
1 59 0 0 0.6227544910179641 0 0 34.267 23.030 29.754
1 60 9 0 0.4491017964071856 0 0 36.275 21.622 26.855
1 61 6 0 0.38323353293413165 0 0 38.745 22.901 24.208
1 62 7 0 0.28742514970059885 0 0 37.184 24.629 21.245
1 63 7 0 0.059880239520958 0 0 36.429 22.964 18.021
1 64 20 0 0.04790419161676651 0 0 34.161 25.412 16.343
1 65 17 0 0.041916167664670656 0 0 30.719 24.290 17.377
1 66 0 0 0.029940119760479056 0 0 27.550 26.338 16.529
1 67 14 0 0.10179640718562877 0 0 26.317 25.675 20.058
1 68 1 0 0.37125748502994016 0 0 29.426 27.016 21.770
1 69 3 0 0.33532934131736525 0 0 29.076 30.396 20.141
1 70 6 0 0.24550898203592808 0 0 25.422 30.418 21.115
1 71 20 0 0.4970059880239521 0 0 26.409 29.448 24.675
1 72 14 0 0.6706586826347305 0 0 28.897 32.319 24.742
1 73 1 0 0.49101796407185627 0 0 26.380 34.842 23.328
1 74 18 0 0.5329341317365269 0 0 24.236 33.906 26.368
1 75 9 0 0.7784431137724551 0 0 26.839 35.767 28.239
1 76 7 0 0.688622754491018 0 0 26.623 39.482 28.614
1 77 9 0 0.8922155688622755 0 0 29.469 39.534 31.024
1 78 15 0 0.9640718562874252 0 0 32.563 37.371 30.952
1 79 12 0 0.9940119760479041 0 0 34.964 36.587 33.682
1 80 5 0 0.9820359281437125 0 0 38.230 35.196 32.241
1 81 22 0 0.9760479041916168 0 0 40.126 33.003 34.644
1 82 15 0 0.8802395209580838 0 0 43.677 31.896 34.746
1 83 0 0 0.6946107784431137 0 0 45.885 30.283 37.365
1 84 11 0 0.5029940119760479 0 0 49.116 32.005 38.406
1 85 2 0 0.2574850299401197 0 0 51.153 28.788 38.515
1 86 2 0 0.34730538922155685 0 0 50.225 27.809 34.971
1 87 18 0 0.25149700598802394 0 0 51.757 29.793 32.121
1 88 13 0 0.3293413173652695 0 0 49.625 27.943 29.733
1 89 17 0 0.6167664670658684 0 0 46.371 29.241 31.129
1 90 15 0 0.5988023952095809 0 0 47.554 32.796 30.790
1 91 7 0 0.4251497005988024 0 0 48.697 32.186 27.222
1 92 3 0 0.5748502994011976 0 0 45.198 30.883 26.448
1 93 11 0 0.7604790419161677 0 0 43.615 34.202 27.495
1 94 10 0 0.5449101796407185 0 0 43.950 35.798 24.052
1 95 10 0 0.5209580838323353 0 0 42.081 32.983 22.291
1 96 20 0 0.7964071856287425 0 0 39.329 33.237 24.893
1 97 1 0 0.7544910179640718 0 0 39.131 37.011 24.659
1 98 7 0 0.5089820359281436 0 0 38.890 36.651 20.907
1 99 6 0 0.5568862275449102 0 0 36.078 34.086 21.162
1 100 11 0 0.7245508982035929 0 0 34.177 36.514 23.410
1 101 13 0 0.4850299401197605 0 0 34.736 39.295 20.887
1 102 1 0 0.27544910179640725 0 0 33.978 37.175 17.864
1 103 22 0 0.3532934131736526 0 0 30.633 36.004 19.172
1 104 13 0 0.3892215568862275 0 0 29.347 39.290 20.471
1 105 3 0 0.13772455089820357 0 0 30.505 41.380 17.520
1 106 17 0 0.19161676646706582 0 0 32.215 43.771 19.819
1 107 7 0 0.3413173652694611 0 0 35.548 44.417 21.472
1 108 3 0 0.4011976047904191 0 0 33.983 46.505 24.185
1 109 22 0 0.6047904191616766 0 0 32.283 43.602 25.911
1 110 16 0 0.8023952095808383 0 0 32.352 43.542 29.654
1 111 14 0 0.9101796407185628 0 0 35.323 41.282 30.277
1 112 22 0 0.9461077844311377 0 0 37.322 41.062 33.427
1 113 12 0 0.9401197604790419 0 0 40.527 39.127 33.888
1 114 22 0 0.9520958083832335 0 0 41.153 37.264 37.110
1 115 9 0 0.8622754491017964 0 0 44.052 35.192 38.282
1 116 2 0 0.8383233532934131 0 0 42.985 32.390 40.602
1 117 13 0 0.562874251497006 0 0 45.104 30.230 43.018
1 118 5 0 0.46706586826347307 0 0 46.693 33.326 44.453
1 119 3 0 0.221556886227545 0 0 46.751 31.903 47.935
1 120 12 0 0.08383233532934131 0 0 50.198 30.537 47.026
1 121 16 0 0.017964071856287345 0 0 53.079 32.980 47.065
1 122 17 0 0.0119760479041916 0 0 54.849 31.437 44.054
1 123 1 0 0.12574850299401197 0 0 53.556 32.368 40.637
1 124 18 0 0.07784431137724557 0 0 54.855 31.135 37.313
1 125 22 0 0.18562874251497008 0 0 53.136 33.829 35.381
1 126 3 0 0.10778443113772451 0 0 54.634 37.206 36.042
1 127 18 0 0.16766467065868274 0 0 52.562 40.133 37.323
1 128 13 0 0.06586826347305386 0 0 54.103 42.876 35.175
1 129 6 0 0.14371257485029942 0 0 53.310 40.720 32.166
1 130 0 0 0.437125748502994 0 0 49.787 39.953 33.383
1 131 6 0 0.3652694610778443 0 0 49.005 43.579 34.184
1 132 3 0 0.15568862275449102 0 0 50.395 44.771 30.861
1 133 12 0 0.40718562874251496 0 0 48.113 42.330 29.117
1 134 0 0 0.5688622754491017 0 0 44.889 43.473 30.890
1 135 1 0 0.32335329341317365 0 0 45.838 47.087 30.631
1 136 17 0 0.17964071856287422 0 0 46.382 46.425 26.845
1 137 20 0 0.4610778443113772 0 0 42.849 45.083 26.601
1 138 9 0 0.4131736526946108 0 0 41.474 47.813 28.803
1 139 11 0 0.6766467065868262 0 0 39.959 45.381 31.335
1 140 16 0 0.7365269461077844 0 0 40.517 44.897 35.045
1 141 15 0 0.7724550898203593 0 0 42.878 42.381 36.545
1 142 11 0 0.8083832335329342 0 0 42.011 40.862 39.846
1 143 7 0 0.7125748502994012 0 0 43.811 38.279 41.869
1 144 18 0 0.7664670658682635 0 0 41.530 35.853 43.745
1 145 17 0 0.6287425149700598 0 0 41.512 32.686 45.703
1 146 0 0 0.6826347305389222 0 0 38.435 30.563 45.445
1 147 13 0 0.41916167664670656 0 0 39.966 28.362 48.197
1 148 18 0 0.26347305389221565 0 0 40.589 31.059 50.754
1 149 1 0 0.44311377245508976 0 0 37.617 33.306 49.861
1 150 6 0 0.4730538922155688 0 0 39.763 36.226 48.762
1 151 9 0 0.658682634730539 0 0 38.576 38.481 45.963
1 152 22 0 0.8143712574850299 0 0 35.835 36.116 44.891
1 153 3 0 0.7065868263473054 0 0 33.203 38.684 45.421
1 154 3 0 0.718562874251497 0 0 35.461 41.447 44.109
1 155 0 0 0.9221556886227544 0 0 35.916 39.502 40.841
1 156 15 0 0.9041916167664671 0 0 32.170 39.303 40.436
1 157 20 0 0.7305389221556886 0 0 31.506 42.807 41.764
1 158 18 0 0.7904191616766467 0 0 34.159 44.241 39.455
1 159 12 0 0.8862275449101796 0 0 32.657 42.604 36.334
1 160 22 0 0.7425149700598803 0 0 29.141 43.782 37.444
1 161 1 0 0.5389221556886228 0 0 30.399 47.368 37.652
1 162 7 0 0.6107784431137725 0 0 31.588 47.023 34.120
1 163 11 0 0.5508982035928144 0 0 28.107 46.116 32.918
1 164 1 0 0.29940119760479034 0 0 26.492 49.059 34.637
1 165 13 0 0.16167664670658677 0 0 28.803 51.584 32.975
1 166 10 0 0.14970059880239517 0 0 27.346 50.674 29.648
1 167 13 0 0.03592814371257491 0 0 23.759 51.739 30.089
