5.000000000000000000e+00 9.375000000000000000e-02 2.556299972534179688e+01 3.953400039672851562e+01 4.266799926757812500e+01
1.600000000000000000e+01 2.544642984867095947e-01 2.731900024414062500e+01 4.290999984741210938e+01 4.199000167846679688e+01
1.200000000000000000e+01 5.133928656578063965e-01 3.077700042724609375e+01 4.122800064086914062e+01 4.113499832153320312e+01
1.400000000000000000e+01 5.223214030265808105e-01 3.110400009155273438e+01 3.859899902343750000e+01 3.848099899291992188e+01
2.200000000000000000e+01 6.830357313156127930e-01 3.464799880981445312e+01 3.746300125122070312e+01 3.760900115966796875e+01
1.300000000000000000e+01 6.517857313156127930e-01 3.552999877929687500e+01 3.526699829101562500e+01 3.463899993896484375e+01
2.200000000000000000e+01 7.187500000000000000e-01 3.911899948120117188e+01 3.398799896240234375e+01 3.359899902343750000e+01
1.200000000000000000e+01 6.562500000000000000e-01 4.042499923706054688e+01 3.277600097656250000e+01 3.020100021362304688e+01
3.000000000000000000e+00 6.116071343421936035e-01 4.345199966430664062e+01 3.072999954223632812e+01 2.901899909973144531e+01
0.000000000000000000e+00 5.758928656578063965e-01 4.511299896240234375e+01 3.215200042724609375e+01 2.583499908447265625e+01
2.200000000000000000e+01 4.241071343421936035e-01 4.786100006103515625e+01 2.940800094604492188e+01 2.595999908447265625e+01
1.000000000000000000e+00 2.008928507566452026e-01 4.555599975585937500e+01 2.633200073242187500e+01 2.533799934387207031e+01
9.000000000000000000e+00 2.410714328289031982e-01 4.259500122070312500e+01 2.828100013732910156e+01 2.422999954223632812e+01
1.700000000000000000e+01 2.455357164144515991e-01 3.981100082397460938e+01 2.781500053405761719e+01 2.664900016784667969e+01
1.600000000000000000e+01 3.437500000000000000e-01 3.813899993896484375e+01 2.904400062561035156e+01 2.986599922180175781e+01
0.000000000000000000e+00 5.044642686843872070e-01 4.068700027465820312e+01 2.887299919128417969e+01 3.273600006103515625e+01
1.100000000000000000e+01 3.125000000000000000e-01 3.962699890136718750e+01 2.659099960327148438e+01 3.562200164794921875e+01
2.000000000000000000e+00 3.303571343421936035e-01 4.107500076293945312e+01 2.661400032043457031e+01 3.923899841308593750e+01
2.200000000000000000e+01 6.339285969734191895e-01 4.217699813842773438e+01 3.026000022888183594e+01 3.933900070190429688e+01
0.000000000000000000e+00 6.383928656578063965e-01 4.186999893188476562e+01 3.189800071716308594e+01 4.283399963378906250e+01
1.400000000000000000e+01 7.500000000000000000e-01 4.161700057983398438e+01 3.557600021362304688e+01 4.361100006103515625e+01
2.200000000000000000e+01 7.321428656578063965e-01 3.915700149536132812e+01 4.121599960327148438e+01 4.640900039672851562e+01
1.500000000000000000e+01 7.008928656578063965e-01 4.036999893188476562e+01 4.413100051879882812e+01 4.853400039672851562e+01
1.000000000000000000e+00 6.160714030265808105e-01 3.845299911499023438e+01 4.738700103759765625e+01 4.966299819946289062e+01
1.300000000000000000e+01 5.535714030265808105e-01 4.036399841308593750e+01 5.062799835205078125e+01 5.040100097656250000e+01
0.000000000000000000e+00 2.767857015132904053e-01 4.050600051879882812e+01 5.138000106811523438e+01 5.411999893188476562e+01
0.000000000000000000e+00 9.821428358554840088e-02 4.043899917602539062e+01 5.469300079345703125e+01 5.599499893188476562e+01
3.000000000000000000e+00 1.473214328289031982e-01 4.437099838256835938e+01 5.531000137329101562e+01 5.569599914550781250e+01
3.000000000000000000e+00 4.107142984867095947e-01 4.435800170898437500e+01 5.427199935913085938e+01 5.198099899291992188e+01
1.800000000000000000e+01 5.089285969734191895e-01 4.550799942016601562e+01 5.067399978637695312e+01 5.270700073242187500e+01
1.900000000000000000e+01 6.473214030265808105e-01 4.408200073242187500e+01 4.741999816894531250e+01 5.112699890136718750e+01
7.000000000000000000e+00 4.732142984867095947e-01 4.197000122070312500e+01 4.523799896240234375e+01 5.348899841308593750e+01
1.600000000000000000e+01 4.687500000000000000e-01 4.037599945068359375e+01 4.181100082397460938e+01 5.264199829101562500e+01
1.500000000000000000e+01 4.464285671710968018e-01 3.686299896240234375e+01 4.202899932861328125e+01 5.109899902343750000e+01
0.000000000000000000e+00 4.642857015132904053e-01 3.634600067138671875e+01 3.863100051879882812e+01 4.935599899291992188e+01
1.700000000000000000e+01 4.866071343421936035e-01 3.792900085449218750e+01 3.546900177001953125e+01 4.811800003051757812e+01
9.000000000000000000e+00 4.375000000000000000e-01 3.729999923706054688e+01 3.257400131225585938e+01 4.575500106811523438e+01
1.300000000000000000e+01 4.776785671710968018e-01 3.844699859619140625e+01 3.062000083923339844e+01 4.265399932861328125e+01
1.800000000000000000e+01 4.419642984867095947e-01 3.712900161743164062e+01 2.974799919128417969e+01 3.914699935913085938e+01
1.700000000000000000e+01 1.562500000000000000e-01 3.458399963378906250e+01 2.692000007629394531e+01 3.869800186157226562e+01
7.000000000000000000e+00 6.696428358554840088e-02 3.439400100708007812e+01 2.454100036621093750e+01 3.563899993896484375e+01
1.700000000000000000e+01 1.250000000000000000e-01 3.302700042724609375e+01 2.728700065612792969e+01 3.333900070190429688e+01
9.000000000000000000e+00 3.660714328289031982e-01 3.595899963378906250e+01 2.971599960327148438e+01 3.398500061035156250e+01
7.000000000000000000e+00 3.928571343421936035e-01 3.366899871826171875e+01 3.195599937438964844e+01 3.606399917602539062e+01
1.200000000000000000e+01 3.258928656578063965e-01 3.254100036621093750e+01 3.233000183105468750e+01 3.962200164794921875e+01
9.000000000000000000e+00 1.116071417927742004e-01 2.865900039672851562e+01 3.457400131225585938e+01 4.451900100708007812e+01
1.200000000000000000e+01 3.035714328289031982e-01 3.170499992370605469e+01 3.667699813842773438e+01 4.545999908447265625e+01
1.800000000000000000e+01 2.187500000000000000e-01 2.989500045776367188e+01 3.945800018310546875e+01 4.733200073242187500e+01
1.800000000000000000e+01 4.910714179277420044e-02 2.640500068664550781e+01 4.094499969482421875e+01 4.822299957275390625e+01
7.000000000000000000e+00 2.232142910361289978e-02 2.457299995422363281e+01 4.424599838256835938e+01 4.761100006103515625e+01
7.000000000000000000e+00 8.928571827709674835e-03 2.471400070190429688e+01 4.484299850463867188e+01 5.148400115966796875e+01
7.000000000000000000e+00 5.357142910361289978e-02 2.860400009155273438e+01 4.467699813842773438e+01 5.164400100708007812e+01
1.500000000000000000e+01 1.964285671710968018e-01 2.922200012207031250e+01 4.616500091552734375e+01 4.818000030517578125e+01
2.200000000000000000e+01 1.339285671710968018e-01 2.908699989318847656e+01 4.993199920654296875e+01 4.888800048828125000e+01
7.000000000000000000e+00 2.366071492433547974e-01 3.093099975585937500e+01 5.274499893188476562e+01 4.697200012207031250e+01
9.000000000000000000e+00 4.062500000000000000e-01 3.472299957275390625e+01 5.324399948120117188e+01 4.722299957275390625e+01
1.100000000000000000e+01 6.741071343421936035e-01 3.778099822998046875e+01 5.190900039672851562e+01 4.529999923706054688e+01
2.000000000000000000e+01 7.678571343421936035e-01 3.822600173950195312e+01 4.822200012207031250e+01 4.494400024414062500e+01
1.300000000000000000e+01 9.017857313156127930e-01 4.094400024414062500e+01 4.594300079345703125e+01 4.333499908447265625e+01
2.200000000000000000e+01 9.196428656578063965e-01 4.078200149536132812e+01 4.231200027465820312e+01 4.245700073242187500e+01
7.000000000000000000e+00 9.330357313156127930e-01 4.406100082397460938e+01 4.039400100708007812e+01 4.237099838256835938e+01
1.100000000000000000e+01 9.151785969734191895e-01 4.379499816894531250e+01 3.717800140380859375e+01 4.021200180053710938e+01
3.000000000000000000e+00 8.258928656578063965e-01 4.641500091552734375e+01 3.441500091552734375e+01 4.100799942016601562e+01
1.800000000000000000e+01 8.392857313156127930e-01 4.793799972534179688e+01 3.374300003051757812e+01 3.766899871826171875e+01
1.300000000000000000e+01 7.455357313156127930e-01 5.120399856567382812e+01 3.274100112915039062e+01 3.955500030517578125e+01
1.700000000000000000e+01 6.026785969734191895e-01 4.971300125122070312e+01 2.960600090026855469e+01 4.110599899291992188e+01
2.000000000000000000e+01 6.071428656578063965e-01 4.832199859619140625e+01 2.874200057983398438e+01 3.766600036621093750e+01
1.900000000000000000e+01 5.491071343421936035e-01 5.164300155639648438e+01 2.874300003051757812e+01 3.585699844360351562e+01
1.300000000000000000e+01 3.526785671710968018e-01 5.339300155639648438e+01 2.698200035095214844e+01 3.884199905395507812e+01
0.000000000000000000e+00 1.919642835855484009e-01 5.129399871826171875e+01 2.382500076293945312e+01 3.846799850463867188e+01
1.200000000000000000e+01 2.098214328289031982e-01 5.148099899291992188e+01 2.403100013732910156e+01 3.468899917602539062e+01
9.000000000000000000e+00 1.428571492433547974e-01 5.528200149536132812e+01 2.414200019836425781e+01 3.441400146484375000e+01
1.100000000000000000e+01 3.348214328289031982e-01 5.562799835205078125e+01 2.771599960327148438e+01 3.332300186157226562e+01
1.700000000000000000e+01 5.000000000000000000e-01 5.760100173950195312e+01 3.074799919128417969e+01 3.459299850463867188e+01
1.600000000000000000e+01 7.053571343421936035e-01 5.512500000000000000e+01 3.322299957275390625e+01 3.632899856567382812e+01
1.500000000000000000e+01 7.901785969734191895e-01 5.640499877929687500e+01 3.649800109863281250e+01 3.493899917602539062e+01
7.000000000000000000e+00 9.241071343421936035e-01 5.269499969482421875e+01 3.865800094604492188e+01 4.016099929809570312e+01
0.000000000000000000e+00 9.866071343421936035e-01 4.645700073242187500e+01 3.970800018310546875e+01 3.662099838256835938e+01
7.000000000000000000e+00 9.955357313156127930e-01 4.466600036621093750e+01 4.266099929809570312e+01 3.824100112915039062e+01
2.200000000000000000e+01 9.776785969734191895e-01 4.204399871826171875e+01 4.540900039672851562e+01 3.784099960327148438e+01
2.200000000000000000e+01 9.419642686843872070e-01 4.142699813842773438e+01 4.845000076293945312e+01 4.015299987792968750e+01
1.500000000000000000e+01 8.437500000000000000e-01 3.811100006103515625e+01 5.034099960327148438e+01 4.014099884033203125e+01
1.800000000000000000e+01 6.607142686843872070e-01 3.566500091552734375e+01 5.265000152587890625e+01 4.193399810791015625e+01
0.000000000000000000e+00 5.312500000000000000e-01 3.234000015258789062e+01 5.103599929809570312e+01 4.256299972534179688e+01
2.000000000000000000e+00 2.678571343421936035e-01 2.886300086975097656e+01 5.227700042724609375e+01 4.159999847412109375e+01
3.000000000000000000e+00 2.589285671710968018e-01 2.993199920654296875e+01 5.572700119018554688e+01 4.012900161743164062e+01
1.700000000000000000e+01 8.928571641445159912e-02 2.668000030517578125e+01 5.620800018310546875e+01 3.814199829101562500e+01
9.000000000000000000e+00 4.464285820722579956e-02 2.484499931335449219e+01 5.415299987792968750e+01 4.070000076293945312e+01
1.600000000000000000e+01 7.589285820722579956e-02 2.441900062561035156e+01 5.029700088500976562e+01 4.151699829101562500e+01
1.000000000000000000e+00 1.651785671710968018e-01 2.548299980163574219e+01 4.815599822998046875e+01 3.853499984741210938e+01
1.000000000000000000e+00 2.633928656578063965e-01 2.668300056457519531e+01 4.453900146484375000e+01 3.778900146484375000e+01
2.000000000000000000e+01 5.446428656578063965e-01 3.030299949645996094e+01 4.438299942016601562e+01 3.675400161743164062e+01
1.800000000000000000e+01 6.250000000000000000e-01 3.159099960327148438e+01 4.131299972534179688e+01 3.492300033569335938e+01
1.100000000000000000e+01 8.080357313156127930e-01 3.540700149536132812e+01 4.118399810791015625e+01 3.497000122070312500e+01
0.000000000000000000e+00 7.991071343421936035e-01 3.686700057983398438e+01 3.907400131225585938e+01 3.215999984741210938e+01
0.000000000000000000e+00 8.928571343421936035e-01 4.067200088500976562e+01 3.847800064086914062e+01 3.219699859619140625e+01
1.200000000000000000e+01 8.348214030265808105e-01 4.270500183105468750e+01 3.706700134277343750e+01 2.917099952697753906e+01
1.200000000000000000e+01 8.482142686843872070e-01 4.590800094604492188e+01 3.526300048828125000e+01 3.056500053405761719e+01
1.700000000000000000e+01 7.767857313156127930e-01 4.922700119018554688e+01 3.450000000000000000e+01 2.891900062561035156e+01
1.600000000000000000e+01 7.589285969734191895e-01 5.255799865722656250e+01 3.415700149536132812e+01 3.086100006103515625e+01
2.000000000000000000e+01 8.125000000000000000e-01 5.422100067138671875e+01 3.725999832153320312e+01 2.953499984741210938e+01
1.700000000000000000e+01 8.839285969734191895e-01 5.090299987792968750e+01 3.904999923706054688e+01 2.861499977111816406e+01
2.000000000000000000e+01 9.553571343421936035e-01 4.760599899291992188e+01 3.985300064086914062e+01 3.035300064086914062e+01
1.700000000000000000e+01 9.375000000000000000e-01 4.447200012207031250e+01 4.167200088500976562e+01 2.943099975585937500e+01
1.800000000000000000e+01 9.508928656578063965e-01 4.138299942016601562e+01 4.262500000000000000e+01 3.156200027465820312e+01
1.800000000000000000e+01 8.526785969734191895e-01 3.813100051879882812e+01 4.385800170898437500e+01 2.985799980163574219e+01
0.000000000000000000e+00 7.723214030265808105e-01 3.493199920654296875e+01 4.464799880981445312e+01 3.171400070190429688e+01
2.200000000000000000e+01 5.625000000000000000e-01 3.121400070190429688e+01 4.479000091552734375e+01 3.103400039672851562e+01
2.200000000000000000e+01 3.973214328289031982e-01 2.893400001525878906e+01 4.740599822998046875e+01 3.286100006103515625e+01
1.800000000000000000e+01 1.785714328289031982e-01 2.548100090026855469e+01 4.572800064086914062e+01 3.315200042724609375e+01
2.000000000000000000e+00 3.571428731083869934e-02 2.236700057983398438e+01 4.749800109863281250e+01 3.457500076293945312e+01
1.600000000000000000e+01 4.464285913854837418e-03 1.994899940490722656e+01 4.584199905395507812e+01 3.708100128173828125e+01
5.000000000000000000e+00 1.294642835855484009e-01 6.751000213623046875e+01 4.910400009155273438e+01 2.691200065612792969e+01
1.600000000000000000e+01 2.232142835855484009e-01 6.748200225830078125e+01 4.697700119018554688e+01 3.021100044250488281e+01
1.200000000000000000e+01 4.821428656578063965e-01 6.399800109863281250e+01 4.822600173950195312e+01 3.079199981689453125e+01
1.400000000000000000e+01 5.357142686843872070e-01 6.169300079345703125e+01 5.043500137329101562e+01 2.862000083923339844e+01
2.200000000000000000e+01 7.098214030265808105e-01 5.804700088500976562e+01 5.111500167846679688e+01 2.945000076293945312e+01
1.300000000000000000e+01 6.875000000000000000e-01 5.564699935913085938e+01 5.239099884033203125e+01 2.676399993896484375e+01
2.200000000000000000e+01 7.410714030265808105e-01 5.199800109863281250e+01 5.361000061035156250e+01 2.712899971008300781e+01
1.200000000000000000e+01 6.785714030265808105e-01 4.953400039672851562e+01 5.331499862670898438e+01 2.413999938964843750e+01
3.000000000000000000e+00 6.428571343421936035e-01 4.596200180053710938e+01 5.435100173950195312e+01 2.367799949645996094e+01
0.000000000000000000e+00 5.892857313156127930e-01 4.322900009155273438e+01 5.251599884033203125e+01 2.202300071716308594e+01
2.200000000000000000e+01 3.482142984867095947e-01 4.075600051879882812e+01 5.530699920654296875e+01 2.110199928283691406e+01
1.000000000000000000e+00 2.053571492433547974e-01 4.320600128173828125e+01 5.706299972534179688e+01 1.876399993896484375e+01
9.000000000000000000e+00 3.214285671710968018e-01 4.528200149536132812e+01 5.374499893188476562e+01 1.853599929809570312e+01
1.700000000000000000e+01 2.901785671710968018e-01 4.861999893188476562e+01 5.532899856567382812e+01 1.907200050354003906e+01
1.600000000000000000e+01 4.017857015132904053e-01 5.121300125122070312e+01 5.620700073242187500e+01 2.175699996948242188e+01
0.000000000000000000e+00 4.955357015132904053e-01 5.013899993896484375e+01 5.835300064086914062e+01 2.483200073242187500e+01
1.100000000000000000e+01 2.812500000000000000e-01 5.204299926757812500e+01 6.162699890136718750e+01 2.566099929809570312e+01
2.000000000000000000e+00 2.723214328289031982e-01 5.270299911499023438e+01 6.322100067138671875e+01 2.912999916076660156e+01
2.200000000000000000e+01 5.714285969734191895e-01 5.118899917602539062e+01 6.019400024414062500e+01 3.090699958801269531e+01
0.000000000000000000e+00 6.294642686843872070e-01 5.263399887084960938e+01 5.975099945068359375e+01 3.435100173950195312e+01
1.400000000000000000e+01 7.276785969734191895e-01 5.411700057983398438e+01 5.669100189208984375e+01 3.609299850463867188e+01
2.200000000000000000e+01 7.142857313156127930e-01 5.833499908447265625e+01 5.260699844360351562e+01 3.936500167846679688e+01
1.500000000000000000e+01 6.919642686843872070e-01 5.865800094604492188e+01 5.074599838256835938e+01 4.277399826049804688e+01
1.000000000000000000e+00 5.937500000000000000e-01 6.139300155639648438e+01 4.802700042724609375e+01 4.367100143432617188e+01
1.300000000000000000e+01 5.178571343421936035e-01 6.115299987792968750e+01 4.559400177001953125e+01 4.655899810791015625e+01
0.000000000000000000e+00 2.276785671710968018e-01 6.355400085449218750e+01 4.588299942016601562e+01 4.949599838256835938e+01
0.000000000000000000e+00 5.803571268916130066e-02 6.545099639892578125e+01 4.345700073242187500e+01 5.183000183105468750e+01
3.000000000000000000e+00 8.482142537832260132e-02 6.235499954223632812e+01 4.304299926757812500e+01 5.396900177001953125e+01
3.000000000000000000e+00 3.169642984867095947e-01 6.020700073242187500e+01 4.303400039672851562e+01 5.075699996948242188e+01
1.800000000000000000e+01 3.392857015132904053e-01 5.893500137329101562e+01 4.665299987792968750e+01 5.136299896240234375e+01
1.900000000000000000e+01 5.669642686843872070e-01 5.806100082397460938e+01 4.855199813842773438e+01 4.817300033569335938e+01
7.000000000000000000e+00 3.705357015132904053e-01 6.058300018310546875e+01 5.144400024414062500e+01 4.784199905395507812e+01
1.600000000000000000e+01 4.508928656578063965e-01 6.046400070190429688e+01 5.390399932861328125e+01 4.518500137329101562e+01
1.500000000000000000e+01 3.883928656578063965e-01 6.281600189208984375e+01 5.316099929809570312e+01 4.237900161743164062e+01
0.000000000000000000e+00 3.750000000000000000e-01 6.246799850463867188e+01 5.559899902343750000e+01 3.947100067138671875e+01
1.700000000000000000e+01 4.910714328289031982e-01 5.966899871826171875e+01 5.757600021362304688e+01 3.791799926757812500e+01
9.000000000000000000e+00 3.839285671710968018e-01 5.870199966430664062e+01 5.972499847412109375e+01 3.490900039672851562e+01
1.300000000000000000e+01 4.196428656578063965e-01 5.636600112915039062e+01 6.059400177001953125e+01 3.204800033569335938e+01
1.800000000000000000e+01 4.151785671710968018e-01 5.593999862670898438e+01 5.948699951171875000e+01 2.847999954223632812e+01
1.700000000000000000e+01 1.696428507566452026e-01 5.793099975585937500e+01 6.112699890136718750e+01 2.572999954223632812e+01
7.000000000000000000e+00 7.142857462167739868e-02 5.659299850463867188e+01 6.248199844360351562e+01 2.255699920654296875e+01
1.700000000000000000e+01 1.071428582072257996e-01 5.699700164794921875e+01 5.902500152587890625e+01 2.097999954223632812e+01
9.000000000000000000e+00 3.571428656578063965e-01 5.505400085449218750e+01 5.775600051879882812e+01 2.412299919128417969e+01
7.000000000000000000e+00 4.330357015132904053e-01 5.797600173950195312e+01 5.595899963378906250e+01 2.577300071716308594e+01
1.200000000000000000e+01 4.598214328289031982e-01 5.998500061035156250e+01 5.597200012207031250e+01 2.906299972534179688e+01
9.000000000000000000e+00 1.383928507566452026e-01 6.633499908447265625e+01 5.597900009155273438e+01 3.157600021362304688e+01
1.200000000000000000e+01 3.080357015132904053e-01 6.470200347900390625e+01 5.416600036621093750e+01 3.456700134277343750e+01
1.800000000000000000e+01 1.875000000000000000e-01 6.769999694824218750e+01 5.190399932861328125e+01 3.525600051879882812e+01
1.800000000000000000e+01 4.017857089638710022e-02 7.099900054931640625e+01 5.065599822998046875e+01 3.384000015258789062e+01
7.000000000000000000e+00 1.785714365541934967e-02 7.233599853515625000e+01 4.709199905395507812e+01 3.318000030517578125e+01
7.000000000000000000e+00 0.000000000000000000e+00 7.457599639892578125e+01 4.723899841308593750e+01 3.634600067138671875e+01
7.000000000000000000e+00 3.125000000000000000e-02 7.178600311279296875e+01 4.831000137329101562e+01 3.860800170898437500e+01
1.500000000000000000e+01 1.607142835855484009e-01 6.916600036621093750e+01 4.593600082397460938e+01 3.710400009155273438e+01
2.200000000000000000e+01 1.026785746216773987e-01 6.972899627685546875e+01 4.278099822998046875e+01 3.928699874877929688e+01
7.000000000000000000e+00 2.321428507566452026e-01 6.730100250244140625e+01 3.998500061035156250e+01 4.029100036621093750e+01
9.000000000000000000e+00 4.553571343421936035e-01 6.410600280761718750e+01 4.120700073242187500e+01 4.198400115966796875e+01
1.100000000000000000e+01 6.696428656578063965e-01 6.047999954223632812e+01 4.224200057983398438e+01 4.212400054931640625e+01
2.000000000000000000e+01 7.633928656578063965e-01 5.937300109863281250e+01 4.543299865722656250e+01 4.054199981689453125e+01
1.300000000000000000e+01 8.883928656578063965e-01 5.619699859619140625e+01 4.739599990844726562e+01 3.997900009155273438e+01
2.200000000000000000e+01 9.062500000000000000e-01 5.522700119018554688e+01 4.993099975585937500e+01 3.735400009155273438e+01
7.000000000000000000e+00 9.285714030265808105e-01 5.232699966430664062e+01 5.215100097656250000e+01 3.853900146484375000e+01
1.100000000000000000e+01 8.973214030265808105e-01 5.054000091552734375e+01 5.421200180053710938e+01 3.593700027465820312e+01
3.000000000000000000e+00 8.169642686843872070e-01 4.816899871826171875e+01 5.725899887084960938e+01 3.615499877929687500e+01
1.800000000000000000e+01 8.303571343421936035e-01 4.562300109863281250e+01 5.602999877929687500e+01 3.355899810791015625e+01
1.300000000000000000e+01 7.366071343421936035e-01 4.231600189208984375e+01 5.750899887084960938e+01 3.463000106811523438e+01
1.700000000000000000e+01 5.803571343421936035e-01 4.349200057983398438e+01 6.101200103759765625e+01 3.470399856567382812e+01
2.000000000000000000e+01 5.580357313156127930e-01 4.451599884033203125e+01 6.071599960327148438e+01 3.098500061035156250e+01
1.900000000000000000e+01 5.401785969734191895e-01 4.096099853515625000e+01 5.943600082397460938e+01 2.994899940490722656e+01
1.300000000000000000e+01 3.616071343421936035e-01 3.948899841308593750e+01 6.213299942016601562e+01 3.222900009155273438e+01
0.000000000000000000e+00 2.142857164144515991e-01 4.156100082397460938e+01 6.479499816894531250e+01 3.041200065612792969e+01
1.200000000000000000e+01 1.741071492433547974e-01 4.001800155639648438e+01 6.359799957275390625e+01 2.701700019836425781e+01
9.000000000000000000e+00 1.160714253783226013e-01 3.654399871826171875e+01 6.379000091552734375e+01 2.873800086975097656e+01
1.100000000000000000e+01 2.946428656578063965e-01 3.618000030517578125e+01 5.990100097656250000e+01 2.885099983215332031e+01
1.700000000000000000e+01 4.285714328289031982e-01 3.517699813842773438e+01 5.866999816894531250e+01 3.238700103759765625e+01
1.600000000000000000e+01 6.651785969734191895e-01 3.677099990844726562e+01 5.517499923706054688e+01 3.251699829101562500e+01
1.500000000000000000e+01 7.544642686843872070e-01 3.609000015258789062e+01 5.210300064086914062e+01 3.474599838256835938e+01
7.000000000000000000e+00 8.660714030265808105e-01 4.155199813842773438e+01 5.397800064086914062e+01 3.840599822998046875e+01
0.000000000000000000e+00 9.821428656578063965e-01 4.726699829101562500e+01 5.031700134277343750e+01 3.544599914550781250e+01
7.000000000000000000e+00 9.910714030265808105e-01 4.978499984741210938e+01 4.834899902343750000e+01 3.744499969482421875e+01
2.200000000000000000e+01 9.732142686843872070e-01 5.252600097656250000e+01 4.593700027465820312e+01 3.599700164794921875e+01
2.200000000000000000e+01 9.687500000000000000e-01 5.414300155639648438e+01 4.380300140380859375e+01 3.873099899291992188e+01
1.500000000000000000e+01 8.750000000000000000e-01 5.682600021362304688e+01 4.133000183105468750e+01 3.769100189208984375e+01
1.800000000000000000e+01 6.964285969734191895e-01 6.000099945068359375e+01 3.940299987792968750e+01 3.882500076293945312e+01
0.000000000000000000e+00 5.982142686843872070e-01 6.293099975585937500e+01 4.066999816894531250e+01 3.674499893188476562e+01
2.000000000000000000e+00 2.991071343421936035e-01 6.597299957275390625e+01 3.851900100708007812e+01 3.601399993896484375e+01
3.000000000000000000e+00 2.857142984867095947e-01 6.481199645996093750e+01 3.525999832153320312e+01 3.761399841308593750e+01
1.700000000000000000e+01 1.205357164144515991e-01 6.651599884033203125e+01 3.296500015258789062e+01 3.506100082397460938e+01
9.000000000000000000e+00 6.250000000000000000e-02 6.934500122070312500e+01 3.551599884033203125e+01 3.458700180053710938e+01
1.600000000000000000e+01 8.035714179277420044e-02 6.967500305175781250e+01 3.873600006103515625e+01 3.253200149536132812e+01
1.000000000000000000e+00 1.830357164144515991e-01 6.742299652099609375e+01 3.978400039672851562e+01 2.966699981689453125e+01
1.000000000000000000e+00 2.500000000000000000e-01 6.630699920654296875e+01 4.303099822998046875e+01 2.801899909973144531e+01
2.000000000000000000e+01 5.267857313156127930e-01 6.280799865722656250e+01 4.424300003051757812e+01 2.857699966430664062e+01
1.800000000000000000e+01 6.205357313156127930e-01 6.020399856567382812e+01 4.624499893188476562e+01 2.670599937438964844e+01
1.100000000000000000e+01 8.035714030265808105e-01 5.697999954223632812e+01 4.650999832153320312e+01 2.864599990844726562e+01
0.000000000000000000e+00 8.214285969734191895e-01 5.393899917602539062e+01 4.783800125122070312e+01 2.679199981689453125e+01
0.000000000000000000e+00 9.107142686843872070e-01 5.085100173950195312e+01 4.929199981689453125e+01 2.848800086975097656e+01
1.200000000000000000e+01 8.571428656578063965e-01 4.784899902343750000e+01 4.965999984741210938e+01 2.615099906921386719e+01
1.200000000000000000e+01 8.616071343421936035e-01 4.508000183105468750e+01 5.162099838256835938e+01 2.769099998474121094e+01
1.700000000000000000e+01 7.946428656578063965e-01 4.126200103759765625e+01 5.146300125122070312e+01 2.705500030517578125e+01
1.600000000000000000e+01 7.232142686843872070e-01 3.823099899291992188e+01 5.286100006103515625e+01 2.911199951171875000e+01
2.000000000000000000e+01 7.857142686843872070e-01 3.679700088500976562e+01 4.950000000000000000e+01 3.031500053405761719e+01
1.700000000000000000e+01 8.794642686843872070e-01 3.978099822998046875e+01 4.736700057983398438e+01 2.931800079345703125e+01
2.000000000000000000e+01 9.598214030265808105e-01 4.357500076293945312e+01 4.749399948120117188e+01 2.987599945068359375e+01
1.700000000000000000e+01 9.464285969734191895e-01 4.636500167846679688e+01 4.519699859619140625e+01 2.831800079345703125e+01
1.800000000000000000e+01 9.642857313156127930e-01 5.003900146484375000e+01 4.458399963378906250e+01 2.907900047302246094e+01
1.800000000000000000e+01 8.705357313156127930e-01 5.246400070190429688e+01 4.263600158691406250e+01 2.701300048828125000e+01
0.000000000000000000e+00 7.812500000000000000e-01 5.616299819946289062e+01 4.203099822998046875e+01 2.758399963378906250e+01
2.200000000000000000e+01 5.848214030265808105e-01 5.876300048828125000e+01 4.182600021362304688e+01 2.486000061035156250e+01
2.200000000000000000e+01 3.794642984867095947e-01 6.191799926757812500e+01 3.961000061035156250e+01 2.575300025939941406e+01
1.800000000000000000e+01 1.517857164144515991e-01 6.511100006103515625e+01 4.036500167846679688e+01 2.371699905395507812e+01
2.000000000000000000e+00 2.678571455180644989e-02 6.845200347900390625e+01 3.856200027465820312e+01 2.410499954223632812e+01
1.600000000000000000e+01 1.339285727590322495e-02 7.147299957275390625e+01 4.035100173950195312e+01 2.554899978637695312e+01
