1 1 14 0 0.0119760479041916 0 0 28.802 49.746 50.720
1 2 18 0 0.08383233532934131 0 0 29.471 46.009 50.451
1 3 7 0 0.23952095808383234 0 0 32.057 45.281 47.787
1 4 20 0 0.5508982035928144 0 0 32.050 42.108 45.717
1 5 13 0 0.7065868263473054 0 0 34.854 40.845 43.498
1 6 12 0 0.9041916167664671 0 0 33.494 38.809 40.664
1 7 22 0 0.9461077844311377 0 0 35.774 36.724 38.432
1 8 22 0 0.9820359281437125 0 0 34.688 35.875 34.949
1 9 22 0 0.9700598802395209 0 0 35.952 32.474 33.904
1 10 9 0 0.9341317365269461 0 0 35.991 30.492 30.653
1 11 0 0 0.8023952095808383 0 0 37.610 30.234 27.297
1 12 9 0 0.6706586826347305 0 0 38.676 32.992 24.846
1 13 9 0 0.6167664670658684 0 0 35.662 33.156 22.518
1 14 22 0 0.8263473053892215 0 0 32.611 32.923 24.669
1 15 9 0 0.844311377245509 0 0 32.080 36.635 25.169
1 16 13 0 0.9281437125748503 0 0 33.854 37.149 28.439
1 17 17 0 0.8323353293413174 0 0 34.802 40.749 28.039
1 18 0 0 0.7485029940119761 0 0 31.600 41.367 26.047
1 19 12 0 0.8922155688622755 0 0 29.231 40.061 28.758
1 20 18 0 0.874251497005988 0 0 30.730 42.375 31.312
1 21 11 0 0.6407185628742516 0 0 31.095 45.350 28.962
1 22 6 0 0.5688622754491017 0 0 27.518 45.033 27.770
1 23 12 0 0.6287425149700598 0 0 26.452 45.448 31.357
1 24 11 0 0.5089820359281436 0 0 28.693 48.337 32.119
1 25 6 0 0.2574850299401197 0 0 29.323 50.419 29.015
1 26 2 0 0.19760479041916168 0 0 26.367 49.449 26.877
1 27 10 0 0.22754491017964074 0 0 28.271 47.962 24.049
1 28 15 0 0.35928143712574856 0 0 29.582 44.721 22.546
1 29 22 0 0.4251497005988024 0 0 33.201 43.626 22.495
1 30 3 0 0.281437125748503 0 0 34.656 41.646 19.637
1 31 7 0 0.15568862275449102 0 0 38.312 42.652 19.822
1 32 20 0 0.29940119760479034 0 0 40.579 40.829 22.236
1 33 3 0 0.221556886227545 0 0 42.954 42.643 24.415
1 34 16 0 0.38323353293413165 0 0 43.915 41.067 27.602
1 35 18 0 0.5029940119760479 0 0 42.230 42.991 30.347
1 36 11 0 0.3293413173652695 0 0 44.381 44.039 33.354
1 37 7 0 0.08982035928143717 0 0 45.496 47.663 32.938
1 38 3 0 0.16766467065868274 0 0 41.843 48.711 32.946
1 39 17 0 0.26347305389221565 0 0 39.731 48.936 36.096
1 40 20 0 0.47904191616766467 0 0 35.950 48.188 35.958
1 41 1 0 0.437125748502994 0 0 33.628 48.651 38.949
1 42 13 0 0.45508982035928147 0 0 29.800 48.565 38.640
1 43 6 0 0.19161676646706582 0 0 27.459 50.378 40.983
1 44 22 0 0.2335329341317366 0 0 24.110 48.677 41.084
1 45 22 0 0.09580838323353291 0 0 21.055 48.459 43.319
1 46 11 0 0.17365269461077848 0 0 20.191 44.840 43.996
1 47 3 0 0.04790419161676651 0 0 17.232 43.887 46.137
1 48 9 0 0.0 0 0 16.989 47.453 47.313
1 49 7 0 0.02395209580838331 0 0 20.492 47.970 48.469
1 50 18 0 0.041916167664670656 0 0 23.477 49.388 46.586
1 51 5 0 0.17964071856287422 0 0 26.347 47.105 45.973
1 52 12 0 0.27544910179640725 0 0 29.724 47.895 44.432
1 53 12 0 0.5748502994011976 0 0 30.780 45.123 42.056
1 54 3 0 0.652694610778443 0 0 34.279 44.548 40.712
1 55 11 0 0.8562874251497006 0 0 34.042 42.520 37.541
1 56 12 0 0.8502994011976048 0 0 37.337 41.015 36.676
1 57 3 0 0.8682634730538922 0 0 38.514 39.540 33.419
1 58 18 0 0.8383233532934131 0 0 40.514 36.498 32.569
1 59 0 0 0.5868263473053892 0 0 43.365 36.256 30.098
1 60 9 0 0.41916167664670656 0 0 45.719 33.487 29.003
1 61 6 0 0.37125748502994016 0 0 45.399 29.876 28.235
1 62 7 0 0.11377245508982048 0 0 48.709 28.366 29.156
1 63 7 0 0.053892215568862256 0 0 49.148 24.821 30.426
1 64 20 0 0.029940119760479056 0 0 51.255 26.110 33.238
1 65 17 0 0.0718562874251496 0 0 50.894 29.731 34.394
1 66 0 0 0.059880239520958 0 0 50.878 30.992 37.976
1 67 14 0 0.18562874251497008 0 0 49.006 34.061 36.898
1 68 1 0 0.4491017964071856 0 0 46.112 31.762 35.930
1 69 3 0 0.40718562874251496 0 0 45.649 30.615 39.455
1 70 6 0 0.3652694610778443 0 0 45.884 34.052 41.132
1 71 20 0 0.658682634730539 0 0 42.575 34.991 39.479
1 72 14 0 0.6826347305389222 0 0 40.908 32.387 41.481
1 73 1 0 0.46706586826347307 0 0 42.359 33.707 44.646
1 74 18 0 0.562874251497006 0 0 40.952 37.063 43.722
1 75 9 0 0.7784431137724551 0 0 37.443 35.845 43.112
1 76 7 0 0.7005988023952096 0 0 34.732 35.856 45.686
1 77 9 0 0.8802395209580838 0 0 32.452 34.315 43.211
1 78 15 0 0.9640718562874252 0 0 32.767 33.015 39.691
1 79 12 0 0.9940119760479041 0 0 30.882 33.549 36.515
1 80 5 0 0.9880239520958084 0 0 31.449 30.659 34.266
1 81 22 0 0.9760479041916168 0 0 31.051 31.119 30.573
1 82 15 0 0.8862275449101796 0 0 30.634 28.677 27.710
1 83 0 0 0.7125748502994012 0 0 29.040 29.002 24.241
1 84 11 0 0.5209580838323353 0 0 26.272 26.763 23.230
1 85 2 0 0.2694610778443114 0 0 27.727 26.120 19.781
1 86 2 0 0.3532934131736526 0 0 31.227 25.379 20.924
1 87 18 0 0.28742514970059885 0 0 31.979 22.089 22.501
1 88 13 0 0.3413173652694611 0 0 35.553 22.924 23.550
1 89 17 0 0.6467065868263473 0 0 34.323 25.883 25.591
1 90 15 0 0.6347305389221557 0 0 32.256 23.515 27.666
1 91 7 0 0.4610778443113772 0 0 35.223 21.101 28.055
1 92 3 0 0.6047904191616766 0 0 37.331 23.987 29.358
1 93 11 0 0.8203592814371258 0 0 34.575 24.944 31.823
1 94 10 0 0.592814371257485 0 0 35.050 21.675 33.620
1 95 10 0 0.5329341317365269 0 0 38.796 22.381 34.043
1 96 20 0 0.7724550898203593 0 0 37.957 25.748 35.520
1 97 1 0 0.7245508982035929 0 0 35.784 24.064 38.077
1 98 7 0 0.4730538922155688 0 0 38.698 21.826 38.895
1 99 6 0 0.5149700598802396 0 0 41.130 24.713 39.075
1 100 11 0 0.6646706586826348 0 0 38.671 26.785 41.216
1 101 13 0 0.44311377245508976 0 0 38.146 23.677 43.373
1 102 1 0 0.20359281437125742 0 0 41.820 23.403 44.033
1 103 22 0 0.3173652694610779 0 0 42.564 27.017 44.579
1 104 13 0 0.32335329341317365 0 0 39.826 27.526 47.208
1 105 3 0 0.11976047904191622 0 0 39.365 23.988 48.394
1 106 17 0 0.21556886227544902 0 0 35.589 23.852 48.244
1 107 7 0 0.34730538922155685 0 0 32.568 22.867 46.101
1 108 3 0 0.3772455089820359 0 0 30.662 25.468 48.004
1 109 22 0 0.5808383233532934 0 0 32.200 28.488 46.352
1 110 16 0 0.7844311377245509 0 0 29.729 30.792 44.595
1 111 14 0 0.9221556886227544 0 0 29.545 29.862 40.927
1 112 22 0 0.9520958083832335 0 0 27.128 30.641 38.107
1 113 12 0 0.9401197604790419 0 0 27.110 28.624 34.831
1 114 22 0 0.9580838323353293 0 0 26.507 30.832 31.872
1 115 9 0 0.8622754491017964 0 0 25.741 29.938 28.369
1 116 2 0 0.7964071856287425 0 0 26.095 32.357 25.555
1 117 13 0 0.5269461077844311 0 0 24.350 32.616 22.158
1 118 5 0 0.43113772455089827 0 0 21.207 30.874 23.249
1 119 3 0 0.14371257485029942 0 0 18.746 32.325 20.853
1 120 12 0 0.06586826347305386 0 0 20.462 30.764 17.842
1 121 16 0 0.0059880239520957446 0 0 18.344 28.001 16.543
1 122 17 0 0.017964071856287345 0 0 20.932 25.140 16.746
1 123 1 0 0.10179640718562877 0 0 23.217 24.406 19.706
1 124 18 0 0.07784431137724557 0 0 25.968 21.827 19.649
1 125 22 0 0.24550898203592808 0 0 26.417 21.724 23.410
1 126 3 0 0.12574850299401197 0 0 23.669 19.652 24.986
1 127 18 0 0.3053892215568862 0 0 22.165 21.787 27.673
1 128 13 0 0.10778443113772451 0 0 20.363 18.953 29.354
1 129 6 0 0.16167664670658677 0 0 23.818 17.792 30.436
1 130 0 0 0.49101796407185627 0 0 24.460 21.280 31.600
1 131 6 0 0.4011976047904191 0 0 21.324 21.760 33.704
1 132 3 0 0.14970059880239517 0 0 21.655 18.340 35.205
1 133 12 0 0.33532934131736525 0 0 25.397 18.926 35.857
1 134 0 0 0.5568862275449102 0 0 24.637 22.370 37.278
1 135 1 0 0.2934131736526946 0 0 21.916 20.908 39.400
1 136 17 0 0.13772455089820357 0 0 23.962 18.125 40.915
1 137 20 0 0.39520958083832336 0 0 26.632 20.682 41.719
1 138 9 0 0.4131736526946108 0 0 24.284 23.299 43.267
1 139 11 0 0.688622754491018 0 0 25.190 25.838 40.627
1 140 16 0 0.7544910179640718 0 0 22.812 28.177 38.747
1 141 15 0 0.7664670658682635 0 0 22.637 27.443 34.985
1 142 11 0 0.8143712574850299 0 0 21.783 30.654 33.189
1 143 7 0 0.7365269461077844 0 0 21.397 31.202 29.527
1 144 18 0 0.7604790419161677 0 0 22.417 34.539 28.105
1 145 17 0 0.6107784431137725 0 0 23.107 36.226 24.805
1 146 0 0 0.6766467065868262 0 0 25.795 38.850 24.679
1 147 13 0 0.3892215568862275 0 0 24.851 40.811 21.561
1 148 18 0 0.25149700598802394 0 0 21.230 41.484 22.467
1 149 1 0 0.4970059880239521 0 0 21.563 41.607 26.243
1 150 6 0 0.4850299401197605 0 0 19.425 38.604 26.753
1 151 9 0 0.6227544910179641 0 0 19.724 37.818 30.434
1 152 22 0 0.8083832335329342 0 0 23.067 39.430 30.998
1 153 3 0 0.6946107784431137 0 0 21.724 41.278 33.952
1 154 3 0 0.718562874251497 0 0 20.397 38.079 35.602
1 155 0 0 0.9101796407185628 0 0 23.633 36.146 35.376
1 156 15 0 0.9161676646706587 0 0 25.556 38.873 37.202
1 157 20 0 0.7425149700598803 0 0 22.745 39.464 39.708
1 158 18 0 0.7904191616766467 0 0 22.499 35.717 40.388
1 159 12 0 0.8982035928143712 0 0 26.217 35.883 40.976
1 160 22 0 0.7305389221556886 0 0 25.890 38.604 43.644
1 161 1 0 0.5449101796407185 0 0 23.051 36.829 45.287
1 162 7 0 0.5988023952095809 0 0 24.769 33.588 45.669
1 163 11 0 0.5389221556886228 0 0 27.398 35.393 47.732
1 164 1 0 0.31137724550898194 0 0 24.891 37.328 49.670
1 165 13 0 0.13173652694610782 0 0 23.425 34.403 51.558
1 166 10 0 0.20958083832335328 0 0 26.731 32.455 51.550
1 167 13 0 0.03592814371257491 0 0 27.066 30.881 54.945
