1 1 14 0 0.029940119760479056 0 0 17.721 23.843 30.929
1 2 18 0 0.0718562874251496 0 0 19.846 26.226 28.748
1 3 7 0 0.28742514970059885 0 0 23.510 25.604 29.491
1 4 20 0 0.5449101796407185 0 0 26.028 28.407 29.874
1 5 13 0 0.7005988023952096 0 0 29.816 27.990 29.754
1 6 12 0 0.9041916167664671 0 0 31.639 30.061 32.331
1 7 22 0 0.9461077844311377 0 0 35.323 30.628 32.125
1 8 22 0 0.9880239520958084 0 0 37.659 31.824 34.907
1 9 22 0 0.9640718562874252 0 0 40.676 33.575 33.652
1 10 9 0 0.9101796407185628 0 0 43.712 35.457 34.829
1 11 0 0 0.7664670658682635 0 0 47.061 35.096 36.525
1 12 9 0 0.652694610778443 0 0 48.086 32.459 38.999
1 13 9 0 0.5748502994011976 0 0 47.695 32.611 42.784
1 14 22 0 0.7724550898203593 0 0 44.948 35.113 42.808
1 15 9 0 0.8562874251497006 0 0 41.830 33.132 43.641
1 16 13 0 0.9341317365269461 0 0 40.669 31.329 40.490
1 17 17 0 0.8323353293413174 0 0 39.951 27.993 42.012
1 18 0 0 0.7844311377245509 0 0 38.722 29.535 45.290
1 19 12 0 0.8922155688622755 0 0 35.732 31.276 43.879
1 20 18 0 0.8622754491017964 0 0 34.211 28.123 42.368
1 21 11 0 0.6167664670658684 0 0 34.943 25.907 45.388
1 22 6 0 0.5688622754491017 0 0 33.733 28.468 47.865
1 23 12 0 0.6347305389221557 0 0 30.525 29.160 46.063
1 24 11 0 0.4970059880239521 0 0 29.653 25.568 45.425
1 25 6 0 0.26347305389221565 0 0 30.940 23.180 48.038
1 26 2 0 0.24550898203592808 0 0 31.293 25.855 50.722
1 27 10 0 0.13173652694610782 0 0 34.425 24.475 52.269
1 28 15 0 0.14970059880239517 0 0 38.111 25.364 52.457
1 29 22 0 0.16766467065868274 0 0 40.815 23.853 50.325
1 30 3 0 0.06586826347305386 0 0 44.536 23.779 50.785
1 31 7 0 0.04790419161676651 0 0 45.890 21.356 48.256
1 32 20 0 0.19161676646706582 0 0 46.029 22.241 44.564
1 33 3 0 0.22754491017964074 0 0 44.537 20.241 41.716
1 34 16 0 0.3772455089820359 0 0 44.581 21.567 38.155
1 35 18 0 0.44311377245508976 0 0 40.887 20.637 37.858
1 36 11 0 0.2574850299401197 0 0 41.073 18.425 34.815
1 37 7 0 0.13772455089820357 0 0 37.963 16.186 34.826
1 38 3 0 0.20958083832335328 0 0 35.766 17.108 37.827
1 39 17 0 0.3532934131736526 0 0 32.735 19.026 36.706
1 40 20 0 0.5149700598802396 0 0 31.222 21.956 38.616
1 41 1 0 0.4850299401197605 0 0 27.705 23.037 37.839
1 42 13 0 0.43113772455089827 0 0 24.673 25.062 39.045
1 43 6 0 0.21556886227544902 0 0 21.107 25.301 37.868
1 44 22 0 0.19760479041916168 0 0 19.455 28.488 39.066
1 45 22 0 0.08383233532934131 0 0 16.716 31.070 38.573
1 46 11 0 0.17964071856287422 0 0 17.896 34.466 37.545
1 47 3 0 0.041916167664670656 0 0 15.274 37.131 37.354
1 48 9 0 0.0 0 0 12.656 34.607 36.381
1 49 7 0 0.03592814371257491 0 0 14.839 32.715 33.916
1 50 18 0 0.053892215568862256 0 0 16.539 29.324 34.348
1 51 5 0 0.2934131736526946 0 0 20.238 29.105 33.501
1 52 12 0 0.3413173652694611 0 0 22.519 26.084 33.848
1 53 12 0 0.6107784431137725 0 0 26.054 27.153 34.738
1 54 3 0 0.6287425149700598 0 0 28.941 24.964 33.767
1 55 11 0 0.8502994011976048 0 0 32.121 26.418 35.238
1 56 12 0 0.844311377245509 0 0 35.650 25.832 33.786
1 57 3 0 0.874251497005988 0 0 38.858 26.326 35.730
1 58 18 0 0.8203592814371258 0 0 42.221 27.411 34.479
1 59 0 0 0.5988023952095809 0 0 45.509 26.087 35.808
1 60 9 0 0.4251497005988024 0 0 49.114 26.768 34.871
1 61 6 0 0.41916167664670656 0 0 50.495 29.863 33.289
1 62 7 0 0.14371257485029942 0 0 52.849 28.268 30.735
1 63 7 0 0.10778443113772451 0 0 52.502 29.504 27.218
1 64 20 0 0.017964071856287345 0 0 53.895 26.433 25.751
1 65 17 0 0.0059880239520957446 0 0 52.232 23.107 25.263
1 66 0 0 0.11377245508982048 0 0 48.994 24.520 26.403
1 67 14 0 0.29940119760479034 0 0 45.258 24.677 26.156
1 68 1 0 0.5029940119760479 0 0 44.466 28.408 26.562
1 69 3 0 0.3892215568862275 0 0 42.615 28.849 23.345
1 70 6 0 0.38323353293413165 0 0 40.242 25.923 24.029
1 71 20 0 0.6766467065868262 0 0 38.957 27.698 27.097
1 72 14 0 0.6706586826347305 0 0 38.466 30.893 25.130
1 73 1 0 0.45508982035928147 0 0 36.385 29.076 22.576
1 74 18 0 0.5329341317365269 0 0 34.277 27.245 25.092
1 75 9 0 0.7904191616766467 0 0 33.419 30.444 27.035
1 76 7 0 0.6946107784431137 0 0 30.171 32.093 26.538
1 77 9 0 0.8862275449101796 0 0 31.183 34.306 29.437
1 78 15 0 0.9700598802395209 0 0 34.194 35.318 31.394
1 79 12 0 0.9940119760479041 0 0 35.306 35.878 34.954
1 80 5 0 0.9820359281437125 0 0 38.532 37.888 34.807
1 81 22 0 0.9760479041916168 0 0 40.420 37.413 38.019
1 82 15 0 0.8802395209580838 0 0 43.099 39.510 39.756
1 83 0 0 0.7245508982035929 0 0 43.835 40.016 43.429
1 84 11 0 0.5269461077844311 0 0 44.130 43.629 44.525
1 85 2 0 0.32335329341317365 0 0 47.371 43.127 46.470
1 86 2 0 0.3652694610778443 0 0 49.112 41.939 43.259
1 87 18 0 0.281437125748503 0 0 49.953 44.633 40.803
1 88 13 0 0.33532934131736525 0 0 51.118 42.296 38.027
1 89 17 0 0.6227544910179641 0 0 47.874 40.296 37.849
1 90 15 0 0.6047904191616766 0 0 46.039 43.573 37.194
1 91 7 0 0.437125748502994 0 0 48.400 44.190 34.287
1 92 3 0 0.5808383233532934 0 0 47.757 40.706 32.773
1 93 11 0 0.7784431137724551 0 0 44.069 41.358 32.337
1 94 10 0 0.5508982035928144 0 0 44.591 43.120 29.083
1 95 10 0 0.5089820359281436 0 0 46.243 40.133 27.464
1 96 20 0 0.7485029940119761 0 0 43.413 37.837 28.428
1 97 1 0 0.718562874251497 0 0 40.797 40.250 27.184
1 98 7 0 0.4610778443113772 0 0 42.662 40.303 23.897
1 99 6 0 0.5209580838323353 0 0 42.609 36.534 23.773
1 100 11 0 0.6407185628742516 0 0 38.836 36.602 24.081
1 101 13 0 0.40718562874251496 0 0 38.590 39.300 21.446
1 102 1 0 0.20359281437125742 0 0 40.671 37.347 18.938
1 103 22 0 0.2694610778443114 0 0 38.706 34.078 19.279
1 104 13 0 0.3053892215568862 0 0 35.271 35.587 19.310
1 105 3 0 0.10179640718562877 0 0 35.691 38.674 17.067
1 106 17 0 0.16167664670658677 0 0 33.327 40.866 18.905
1 107 7 0 0.3293413173652695 0 0 33.595 43.279 21.875
1 108 3 0 0.35928143712574856 0 0 30.133 42.904 23.285
1 109 22 0 0.5868263473053892 0 0 31.203 39.612 24.900
1 110 16 0 0.8023952095808383 0 0 30.250 38.671 28.435
1 111 14 0 0.9221556886227544 0 0 32.872 39.520 30.959
1 112 22 0 0.9520958083832335 0 0 33.042 40.193 34.725
1 113 12 0 0.9401197604790419 0 0 36.025 41.878 36.170
1 114 22 0 0.9580838323353293 0 0 36.912 40.318 39.491
1 115 9 0 0.8682634730538922 0 0 39.247 42.041 41.977
1 116 2 0 0.8143712574850299 0 0 39.852 39.490 44.813
1 117 13 0 0.5389221556886228 0 0 41.026 40.436 48.264
1 118 5 0 0.4491017964071856 0 0 38.723 43.387 48.767
1 119 3 0 0.2335329341317366 0 0 38.709 42.545 52.467
1 120 12 0 0.09580838323353291 0 0 41.952 44.530 52.710
1 121 16 0 0.02395209580838331 0 0 41.424 48.118 53.825
1 122 17 0 0.0119760479041916 0 0 44.101 49.620 51.608
1 123 1 0 0.08982035928143717 0 0 44.394 48.859 47.911
1 124 18 0 0.07784431137724557 0 0 47.718 48.250 46.153
1 125 22 0 0.25149700598802394 0 0 45.863 48.313 42.954
1 126 3 0 0.15568862275449102 0 0 43.515 51.206 43.034
1 127 18 0 0.3173652694610779 0 0 39.789 50.503 42.919
1 128 13 0 0.12574850299401197 0 0 39.287 53.723 41.017
1 129 6 0 0.17365269461077848 0 0 41.659 52.654 38.247
1 130 0 0 0.49101796407185627 0 0 40.029 49.296 38.018
1 131 6 0 0.37125748502994016 0 0 36.803 51.172 37.621
1 132 3 0 0.18562874251497008 0 0 38.329 53.234 34.883
1 133 12 0 0.4131736526946108 0 0 39.565 50.077 33.293
1 134 0 0 0.5568862275449102 0 0 36.140 48.504 33.594
1 135 1 0 0.31137724550898194 0 0 34.694 51.677 32.230
1 136 17 0 0.221556886227545 0 0 36.972 51.580 29.264
1 137 20 0 0.4730538922155688 0 0 36.181 47.956 28.686
1 138 9 0 0.4011976047904191 0 0 32.454 48.642 29.156
1 139 11 0 0.6646706586826348 0 0 31.932 45.821 31.628
1 140 16 0 0.7365269461077844 0 0 31.127 45.256 35.271
1 141 15 0 0.7964071856287425 0 0 33.640 45.364 38.097
1 142 11 0 0.8383233532934131 0 0 32.967 43.107 41.039
1 143 7 0 0.7065868263473054 0 0 34.848 43.431 44.294
1 144 18 0 0.7544910179640718 0 0 34.974 40.159 46.187
1 145 17 0 0.6467065868263473 0 0 36.968 38.256 48.624
1 146 0 0 0.688622754491018 0 0 36.796 34.453 48.453
1 147 13 0 0.39520958083832336 0 0 37.277 33.154 51.981
1 148 18 0 0.27544910179640725 0 0 34.816 35.489 53.662
1 149 1 0 0.46706586826347307 0 0 32.408 34.710 50.890
1 150 6 0 0.47904191616766467 0 0 31.534 38.304 50.207
1 151 9 0 0.6826347305389222 0 0 30.681 38.979 46.599
1 152 22 0 0.8263473053892215 0 0 31.547 35.546 45.189
1 153 3 0 0.7305389221556886 0 0 27.936 35.067 44.361
1 154 3 0 0.7125748502994012 0 0 27.495 38.587 43.179
1 155 0 0 0.9161676646706587 0 0 30.550 37.930 40.913
1 156 15 0 0.9281437125748503 0 0 29.104 34.860 39.309
1 157 20 0 0.7604790419161677 0 0 25.479 36.036 39.189
1 158 18 0 0.8083832335329342 0 0 26.621 39.178 37.497
1 159 12 0 0.8982035928143712 0 0 28.109 37.113 34.731
1 160 22 0 0.7425149700598803 0 0 25.022 35.052 34.281
1 161 1 0 0.562874251497006 0 0 23.120 38.302 34.223
1 162 7 0 0.658682634730539 0 0 25.484 39.481 31.575
1 163 11 0 0.592814371257485 0 0 24.925 36.367 29.504
1 164 1 0 0.34730538922155685 0 0 21.184 37.006 29.683
1 165 13 0 0.23952095808383234 0 0 21.080 40.677 28.763
1 166 10 0 0.059880239520958 0 0 20.748 41.811 25.153
1 167 13 0 0.11976047904191622 0 0 23.916 42.232 23.064
