1 1 14 0 0.017964071856287345 0 0 14.613 32.535 38.032
1 2 18 0 0.08982035928143717 0 0 16.978 34.271 35.677
1 3 7 0 0.29940119760479034 0 0 20.408 33.154 34.546
1 4 20 0 0.5568862275449102 0 0 23.337 35.467 34.847
1 5 13 0 0.7065868263473054 0 0 26.376 34.806 32.662
1 6 12 0 0.9041916167664671 0 0 29.308 35.056 35.015
1 7 22 0 0.9580838323353293 0 0 32.794 34.654 33.539
1 8 22 0 0.9880239520958084 0 0 36.130 34.089 35.246
1 9 22 0 0.9640718562874252 0 0 38.814 35.988 33.332
1 10 9 0 0.9341317365269461 0 0 42.459 36.319 33.890
1 11 0 0 0.7724550898203593 0 0 45.930 35.167 32.772
1 12 9 0 0.5868263473053892 0 0 47.682 31.764 32.844
1 13 9 0 0.5688622754491017 0 0 48.120 30.031 36.201
1 14 22 0 0.7844311377245509 0 0 46.553 32.757 38.266
1 15 9 0 0.8143712574850299 0 0 44.041 30.309 39.766
1 16 13 0 0.9281437125748503 0 0 40.888 30.680 37.823
1 17 17 0 0.8383233532934131 0 0 39.343 27.281 38.072
1 18 0 0 0.7604790419161677 0 0 39.919 26.909 41.765
1 19 12 0 0.8922155688622755 0 0 37.600 29.762 42.652
1 20 18 0 0.874251497005988 0 0 34.710 28.323 40.744
1 21 11 0 0.652694610778443 0 0 35.416 24.824 41.970
1 22 6 0 0.5808383233532934 0 0 35.619 25.787 45.602
1 23 12 0 0.6646706586826348 0 0 32.315 27.430 45.133
1 24 11 0 0.5089820359281436 0 0 30.487 24.669 43.318
1 25 6 0 0.2694610778443114 0 0 32.110 21.372 44.155
1 26 2 0 0.221556886227545 0 0 33.475 22.197 47.597
1 27 10 0 0.11377245508982048 0 0 36.452 19.895 47.575
1 28 15 0 0.13173652694610782 0 0 39.787 19.789 45.819
1 29 22 0 0.11976047904191622 0 0 39.899 18.205 42.407
1 30 3 0 0.053892215568862256 0 0 43.120 16.776 40.974
1 31 7 0 0.07784431137724557 0 0 42.406 17.475 37.291
1 32 20 0 0.19161676646706582 0 0 43.769 20.358 35.277
1 33 3 0 0.20359281437125742 0 0 40.832 19.963 32.990
1 34 16 0 0.3173652694610779 0 0 40.824 22.488 30.159
1 35 18 0 0.4610778443113772 0 0 37.222 23.502 30.721
1 36 11 0 0.33532934131736525 0 0 36.874 24.161 26.969
1 37 7 0 0.16167664670658677 0 0 33.789 22.037 26.723
1 38 3 0 0.24550898203592808 0 0 32.775 21.279 30.283
1 39 17 0 0.40718562874251496 0 0 30.274 23.618 32.007
1 40 20 0 0.49101796407185627 0 0 28.937 24.371 35.467
1 41 1 0 0.4730538922155688 0 0 25.976 26.059 37.070
1 42 13 0 0.41916167664670656 0 0 24.923 26.950 40.575
1 43 6 0 0.281437125748503 0 0 22.146 28.857 42.291
1 44 22 0 0.32335329341317365 0 0 22.398 31.358 45.096
1 45 22 0 0.14371257485029942 0 0 20.239 33.881 46.889
1 46 11 0 0.22754491017964074 0 0 21.291 37.542 46.908
1 47 3 0 0.059880239520958 0 0 19.074 40.162 48.500
1 48 9 0 0.0 0 0 15.927 38.010 48.422
1 49 7 0 0.04790419161676651 0 0 16.421 36.857 44.915
1 50 18 0 0.0718562874251496 0 0 17.184 33.376 43.698
1 51 5 0 0.27544910179640725 0 0 19.973 33.774 41.108
1 52 12 0 0.34730538922155685 0 0 20.998 31.154 38.625
1 53 12 0 0.6227544910179641 0 0 24.750 31.565 38.158
1 54 3 0 0.6347305389221557 0 0 26.089 30.235 34.898
1 55 11 0 0.8502994011976048 0 0 29.788 30.367 35.444
1 56 12 0 0.8562874251497006 0 0 32.118 30.220 32.486
1 57 3 0 0.8682634730538922 0 0 35.602 29.027 32.917
1 58 18 0 0.844311377245509 0 0 37.958 30.653 30.434
1 59 0 0 0.592814371257485 0 0 40.176 28.411 28.486
1 60 9 0 0.437125748502994 0 0 43.210 29.358 26.454
1 61 6 0 0.4850299401197605 0 0 45.320 32.506 26.650
1 62 7 0 0.2335329341317366 0 0 45.507 33.591 23.055
1 63 7 0 0.20958083832335328 0 0 43.286 36.113 21.280
1 64 20 0 0.041916167664670656 0 0 43.252 35.299 17.568
1 65 17 0 0.0119760479041916 0 0 41.970 31.942 16.635
1 66 0 0 0.13772455089820357 0 0 40.708 31.673 20.163
1 67 14 0 0.3532934131736526 0 0 37.531 31.938 22.205
1 68 1 0 0.5029940119760479 0 0 38.108 35.427 23.420
1 69 3 0 0.37125748502994016 0 0 35.295 37.197 21.661
1 70 6 0 0.3892215568862275 0 0 32.762 34.575 22.658
1 71 20 0 0.6766467065868262 0 0 33.628 34.873 26.318
1 72 14 0 0.6706586826347305 0 0 33.342 38.633 26.332
1 73 1 0 0.44311377245508976 0 0 30.140 38.557 24.295
1 74 18 0 0.5449101796407185 0 0 28.677 35.858 26.574
1 75 9 0 0.8083832335329342 0 0 29.604 37.463 29.861
1 76 7 0 0.7125748502994012 0 0 27.038 39.438 31.866
1 77 9 0 0.8982035928143712 0 0 29.515 40.143 34.674
1 78 15 0 0.9700598802395209 0 0 33.158 39.417 35.104
1 79 12 0 0.9940119760479041 0 0 35.501 38.163 37.745
1 80 5 0 0.9820359281437125 0 0 38.863 39.669 37.076
1 81 22 0 0.9760479041916168 0 0 41.478 37.341 38.609
1 82 15 0 0.8862275449101796 0 0 44.979 38.544 39.348
1 83 0 0 0.7305389221556886 0 0 47.212 36.653 41.685
1 84 11 0 0.5209580838323353 0 0 49.101 38.730 44.275
1 85 2 0 0.28742514970059885 0 0 52.447 37.170 43.656
1 86 2 0 0.3772455089820359 0 0 52.424 37.841 39.920
1 87 18 0 0.26347305389221565 0 0 52.999 41.366 38.669
1 88 13 0 0.3652694610778443 0 0 52.121 40.574 35.085
1 89 17 0 0.6287425149700598 0 0 48.739 39.165 35.857
1 90 15 0 0.658682634730539 0 0 47.771 42.362 37.593
1 91 7 0 0.47904191616766467 0 0 48.946 44.421 34.556
1 92 3 0 0.6107784431137725 0 0 46.884 42.063 32.381
1 93 11 0 0.7964071856287425 0 0 43.884 43.480 34.169
1 94 10 0 0.5508982035928144 0 0 44.065 46.636 32.091
1 95 10 0 0.5329341317365269 0 0 43.803 44.710 28.811
1 96 20 0 0.7664670658682635 0 0 40.879 42.675 29.963
1 97 1 0 0.7005988023952096 0 0 38.989 45.776 31.056
1 98 7 0 0.46706586826347307 0 0 39.551 47.297 27.648
1 99 6 0 0.5269461077844311 0 0 38.410 44.174 25.961
1 100 11 0 0.6407185628742516 0 0 35.165 44.295 27.905
1 101 13 0 0.39520958083832336 0 0 34.797 47.960 26.893
1 102 1 0 0.19760479041916168 0 0 35.279 47.197 23.281
1 103 22 0 0.2934131736526946 0 0 32.518 44.558 23.431
1 104 13 0 0.31137724550898194 0 0 29.951 46.183 25.684
1 105 3 0 0.09580838323353291 0 0 30.563 49.657 24.289
1 106 17 0 0.17365269461077848 0 0 30.756 51.015 27.765
1 107 7 0 0.3293413173652695 0 0 32.963 51.444 30.841
1 108 3 0 0.38323353293413165 0 0 30.206 50.650 33.271
1 109 22 0 0.5988023952095809 0 0 30.193 46.915 32.774
1 110 16 0 0.7904191616766467 0 0 29.713 44.773 35.838
1 111 14 0 0.9161676646706587 0 0 32.988 43.609 37.210
1 112 22 0 0.9461077844311377 0 0 34.698 42.542 40.380
1 113 12 0 0.9401197604790419 0 0 38.526 42.683 40.775
1 114 22 0 0.9520958083832335 0 0 39.710 39.473 42.354
1 115 9 0 0.8622754491017964 0 0 43.026 39.277 44.238
1 116 2 0 0.8323353293413174 0 0 44.022 35.731 44.290
1 117 13 0 0.5748502994011976 0 0 46.487 33.777 46.451
1 118 5 0 0.45508982035928147 0 0 46.091 35.905 49.576
1 119 3 0 0.21556886227544902 0 0 46.706 33.418 52.313
1 120 12 0 0.10179640718562877 0 0 50.389 33.963 51.523
1 121 16 0 0.02395209580838331 0 0 51.940 36.462 53.919
1 122 17 0 0.029940119760479056 0 0 53.610 38.522 51.180
1 123 1 0 0.10778443113772451 0 0 52.511 40.869 48.354
1 124 18 0 0.08383233532934131 0 0 54.524 40.970 45.235
1 125 22 0 0.25149700598802394 0 0 51.845 43.169 43.690
1 126 3 0 0.12574850299401197 0 0 51.352 46.599 45.319
1 127 18 0 0.17964071856287422 0 0 48.269 46.921 47.476
1 128 13 0 0.06586826347305386 0 0 48.430 50.712 47.045
1 129 6 0 0.14970059880239517 0 0 48.304 50.250 43.283
1 130 0 0 0.43113772455089827 0 0 45.541 47.624 43.564
1 131 6 0 0.3413173652694611 0 0 43.203 50.062 45.224
1 132 3 0 0.16766467065868274 0 0 44.076 52.901 42.983
1 133 12 0 0.4011976047904191 0 0 43.543 50.705 39.945
1 134 0 0 0.5389221556886228 0 0 40.220 49.625 41.272
1 135 1 0 0.2574850299401197 0 0 39.135 53.197 42.061
1 136 17 0 0.18562874251497008 0 0 40.320 54.442 38.699
1 137 20 0 0.4251497005988024 0 0 38.116 51.985 36.968
1 138 9 0 0.4131736526946108 0 0 35.351 52.102 39.577
1 139 11 0 0.6826347305389222 0 0 35.376 48.470 40.540
1 140 16 0 0.7485029940119761 0 0 34.882 46.200 43.553
1 141 15 0 0.8023952095808383 0 0 38.061 44.621 44.886
1 142 11 0 0.8263473053892215 0 0 37.970 41.220 46.691
1 143 7 0 0.718562874251497 0 0 40.842 39.282 48.272
1 144 18 0 0.7544910179640718 0 0 40.783 35.562 48.098
1 145 17 0 0.6167664670658684 0 0 42.579 32.341 48.384
1 146 0 0 0.6467065868263473 0 0 40.891 29.199 47.054
1 147 13 0 0.35928143712574856 0 0 42.545 26.867 49.472
1 148 18 0 0.23952095808383234 0 0 41.679 28.630 52.703
1 149 1 0 0.4491017964071856 0 0 38.330 29.459 51.066
1 150 6 0 0.4970059880239521 0 0 38.690 33.117 51.948
1 151 9 0 0.688622754491018 0 0 36.627 35.488 49.799
1 152 22 0 0.8203592814371258 0 0 35.730 32.945 47.167
1 153 3 0 0.7245508982035929 0 0 32.021 33.309 47.898
1 154 3 0 0.7425149700598803 0 0 32.343 37.024 48.358
1 155 0 0 0.9221556886227544 0 0 33.783 37.600 44.907
1 156 15 0 0.9101796407185628 0 0 30.859 35.897 43.274
1 157 20 0 0.7365269461077844 0 0 28.315 37.518 45.580
1 158 18 0 0.7784431137724551 0 0 29.792 40.969 45.284
1 159 12 0 0.8802395209580838 0 0 29.394 40.584 41.513
1 160 22 0 0.6946107784431137 0 0 25.648 39.870 41.567
1 161 1 0 0.5149700598802396 0 0 24.944 43.137 43.340
1 162 7 0 0.6047904191616766 0 0 26.742 44.930 40.583
1 163 11 0 0.562874251497006 0 0 24.639 43.268 37.880
1 164 1 0 0.3053892215568862 0 0 21.337 43.750 39.582
1 165 13 0 0.15568862275449102 0 0 21.292 47.262 40.789
1 166 10 0 0.03592814371257491 0 0 18.964 49.237 38.616
1 167 13 0 0.0059880239520957446 0 0 20.010 52.302 36.529
