1 1 14 0 0.0059880239520957446 0 0 16.431 46.888 25.595
1 2 18 0 0.11377245508982048 0 0 19.546 44.648 25.407
1 3 7 0 0.34730538922155685 0 0 20.270 41.397 27.222
1 4 20 0 0.6107784431137725 0 0 23.915 40.610 28.049
1 5 13 0 0.7485029940119761 0 0 24.557 37.051 29.268
1 6 12 0 0.9281437125748503 0 0 27.673 37.379 31.422
1 7 22 0 0.9580838323353293 0 0 29.230 34.297 32.895
1 8 22 0 0.9880239520958084 0 0 31.332 34.682 35.965
1 9 22 0 0.9760479041916168 0 0 33.917 32.009 35.415
1 10 9 0 0.9401197604790419 0 0 36.981 30.721 37.205
1 11 0 0 0.7964071856287425 0 0 38.622 28.569 39.827
1 12 9 0 0.6706586826347305 0 0 36.577 28.037 42.971
1 13 9 0 0.5688622754491017 0 0 37.547 30.011 46.050
1 14 22 0 0.8083832335329342 0 0 37.948 33.254 44.074
1 15 9 0 0.8203592814371258 0 0 34.596 34.701 45.168
1 16 13 0 0.9221556886227544 0 0 32.592 34.352 42.018
1 17 17 0 0.8323353293413174 0 0 29.226 34.365 43.761
1 18 0 0 0.718562874251497 0 0 30.280 37.184 46.054
1 19 12 0 0.8922155688622755 0 0 31.190 39.454 43.159
1 20 18 0 0.8802395209580838 0 0 27.851 38.855 41.506
1 21 11 0 0.6287425149700598 0 0 25.647 39.229 44.577
1 22 6 0 0.5868263473053892 0 0 27.743 42.250 45.545
1 23 12 0 0.6646706586826348 0 0 26.718 43.754 42.201
1 24 11 0 0.5209580838323353 0 0 23.149 42.649 42.471
1 25 6 0 0.281437125748503 0 0 22.363 43.309 46.037
1 26 2 0 0.26347305389221565 0 0 25.313 45.123 47.672
1 27 10 0 0.19760479041916168 0 0 25.524 42.038 49.861
1 28 15 0 0.31137724550898194 0 0 28.174 39.435 50.676
1 29 22 0 0.32335329341317365 0 0 27.363 35.748 50.468
1 30 3 0 0.16167664670658677 0 0 29.800 33.673 52.549
1 31 7 0 0.10179640718562877 0 0 27.491 30.701 52.139
1 32 20 0 0.2335329341317366 0 0 27.775 28.424 49.135
1 33 3 0 0.19161676646706582 0 0 24.865 27.392 47.007
1 34 16 0 0.33532934131736525 0 0 24.970 25.864 43.547
1 35 18 0 0.45508982035928147 0 0 23.181 28.697 41.834
1 36 11 0 0.38323353293413165 0 0 22.108 26.485 38.980
1 37 7 0 0.13173652694610782 0 0 18.365 27.141 38.579
1 38 3 0 0.22754491017964074 0 0 18.542 30.455 40.415
1 39 17 0 0.44311377245508976 0 0 19.227 33.536 38.340
1 40 20 0 0.5568862275449102 0 0 20.865 36.860 39.024
1 41 1 0 0.5029940119760479 0 0 20.124 39.898 36.912
1 42 13 0 0.4491017964071856 0 0 20.462 43.696 36.786
1 43 6 0 0.17365269461077848 0 0 18.690 46.361 34.739
1 44 22 0 0.18562874251497008 0 0 21.116 49.212 34.098
1 45 22 0 0.08383233532934131 0 0 21.499 51.870 31.446
1 46 11 0 0.17964071856287422 0 0 24.772 51.257 29.718
1 47 3 0 0.059880239520958 0 0 25.938 53.671 27.109
1 48 9 0 0.0 0 0 22.753 54.609 25.313
1 49 7 0 0.0119760479041916 0 0 20.458 51.685 26.103
1 50 18 0 0.041916167664670656 0 0 18.934 50.007 29.152
1 51 5 0 0.24550898203592808 0 0 20.932 46.805 29.224
1 52 12 0 0.39520958083832336 0 0 19.926 43.724 31.168
1 53 12 0 0.658682634730539 0 0 23.057 42.228 32.706
1 54 3 0 0.6826347305389222 0 0 22.328 38.584 33.428
1 55 11 0 0.8622754491017964 0 0 24.767 36.897 35.678
1 56 12 0 0.8502994011976048 0 0 25.432 33.175 35.359
1 57 3 0 0.8682634730538922 0 0 27.263 31.406 38.127
1 58 18 0 0.8383233532934131 0 0 29.923 28.684 37.567
1 59 0 0 0.6227544910179641 0 0 29.780 25.867 40.072
1 60 9 0 0.40718562874251496 0 0 30.998 22.302 40.555
1 61 6 0 0.29940119760479034 0 0 33.921 20.517 38.832
1 62 7 0 0.28742514970059885 0 0 33.815 19.888 35.045
1 63 7 0 0.06586826347305386 0 0 31.618 17.070 33.940
1 64 20 0 0.03592814371257491 0 0 32.692 16.771 30.318
1 65 17 0 0.02395209580838331 0 0 29.051 17.270 29.534
1 66 0 0 0.029940119760479056 0 0 26.919 18.895 26.985
1 67 14 0 0.12574850299401197 0 0 25.362 21.178 29.548
1 68 1 0 0.4251497005988024 0 0 28.465 23.075 30.541
1 69 3 0 0.3532934131736526 0 0 29.569 23.487 26.905
1 70 6 0 0.3053892215568862 0 0 26.188 25.011 26.257
1 71 20 0 0.5449101796407185 0 0 26.431 27.055 29.388
1 72 14 0 0.688622754491018 0 0 29.361 28.839 27.884
1 73 1 0 0.49101796407185627 0 0 27.400 29.289 24.690
1 74 18 0 0.5389221556886228 0 0 24.840 31.180 26.692
1 75 9 0 0.8143712574850299 0 0 27.574 33.446 27.880
1 76 7 0 0.7425149700598803 0 0 28.354 36.393 25.619
1 77 9 0 0.8982035928143712 0 0 31.173 37.639 27.669
1 78 15 0 0.9700598802395209 0 0 33.470 36.109 30.183
1 79 12 0 0.9940119760479041 0 0 34.640 37.390 33.582
1 80 5 0 0.9820359281437125 0 0 37.695 35.177 34.174
1 81 22 0 0.9640718562874252 0 0 38.029 35.247 37.923
1 82 15 0 0.8862275449101796 0 0 41.229 34.518 39.809
1 83 0 0 0.7005988023952096 0 0 42.116 35.428 43.391
1 84 11 0 0.5269461077844311 0 0 45.188 37.519 43.794
1 85 2 0 0.2934131736526946 0 0 46.238 35.466 46.799
1 86 2 0 0.3772455089820359 0 0 45.974 32.120 45.056
1 87 18 0 0.25149700598802394 0 0 48.629 31.310 42.397
1 88 13 0 0.3293413173652695 0 0 46.870 28.334 40.860
1 89 17 0 0.6167664670658684 0 0 43.708 30.264 40.148
1 90 15 0 0.6047904191616766 0 0 45.702 32.421 37.757
1 91 7 0 0.437125748502994 0 0 47.368 29.323 36.294
1 92 3 0 0.562874251497006 0 0 43.939 27.910 35.509
1 93 11 0 0.7724550898203593 0 0 43.023 31.072 33.581
1 94 10 0 0.5508982035928144 0 0 44.525 29.784 30.390
1 95 10 0 0.4970059880239521 0 0 42.507 26.534 30.487
1 96 20 0 0.7784431137724551 0 0 39.276 28.424 31.017
1 97 1 0 0.7305389221556886 0 0 40.131 30.636 28.027
1 98 7 0 0.46706586826347307 0 0 40.757 27.633 25.895
1 99 6 0 0.5089820359281436 0 0 37.396 26.037 26.749
1 100 11 0 0.6766467065868262 0 0 35.864 29.391 26.142
1 101 13 0 0.4610778443113772 0 0 37.521 29.541 22.772
1 102 1 0 0.23952095808383234 0 0 36.523 25.987 21.941
1 103 22 0 0.3173652694610779 0 0 32.779 26.408 22.313
1 104 13 0 0.35928143712574856 0 0 32.928 29.730 20.509
1 105 3 0 0.08982035928143717 0 0 35.029 28.839 17.507
1 106 17 0 0.14371257485029942 0 0 37.064 31.985 17.770
1 107 7 0 0.27544910179640725 0 0 40.149 33.157 19.673
1 108 3 0 0.3892215568862275 0 0 38.611 36.597 19.710
1 109 22 0 0.5988023952095809 0 0 36.312 35.786 22.577
1 110 16 0 0.7844311377245509 0 0 34.979 38.751 24.594
1 111 14 0 0.9101796407185628 0 0 36.434 38.540 28.077
1 112 22 0 0.9461077844311377 0 0 38.117 40.285 30.932
1 113 12 0 0.9341317365269461 0 0 40.683 39.315 33.550
1 114 22 0 0.9520958083832335 0 0 39.146 39.548 36.945
1 115 9 0 0.8562874251497006 0 0 41.423 39.678 39.890
1 116 2 0 0.844311377245509 0 0 39.065 39.183 42.820
1 117 13 0 0.592814371257485 0 0 39.767 39.456 46.507
1 118 5 0 0.4850299401197605 0 0 42.054 42.391 46.296
1 119 3 0 0.21556886227544902 0 0 41.105 43.712 49.741
1 120 12 0 0.09580838323353291 0 0 44.423 42.334 50.674
1 121 16 0 0.04790419161676651 0 0 47.296 44.203 48.992
1 122 17 0 0.017964071856287345 0 0 49.890 41.499 49.484
1 123 1 0 0.10778443113772451 0 0 49.265 39.325 46.460
1 124 18 0 0.0718562874251496 0 0 51.062 36.098 45.420
1 125 22 0 0.2694610778443114 0 0 49.774 36.641 41.925
1 126 3 0 0.11976047904191622 0 0 52.051 39.100 40.110
1 127 18 0 0.221556886227545 0 0 50.345 42.170 38.673
1 128 13 0 0.07784431137724557 0 0 53.042 42.304 36.038
1 129 6 0 0.15568862275449102 0 0 52.203 38.770 34.986
1 130 0 0 0.47904191616766467 0 0 48.490 39.659 35.008
1 131 6 0 0.3652694610778443 0 0 49.128 42.569 32.581
1 132 3 0 0.13772455089820357 0 0 51.367 40.615 30.348
1 133 12 0 0.43113772455089827 0 0 48.635 38.009 30.087
1 134 0 0 0.5329341317365269 0 0 46.036 40.771 29.677
1 135 1 0 0.2574850299401197 0 0 48.014 42.685 27.021
1 136 17 0 0.14970059880239517 0 0 49.036 39.562 25.040
1 137 20 0 0.4131736526946108 0 0 45.521 38.330 24.637
1 138 9 0 0.4011976047904191 0 0 44.429 41.943 24.076
1 139 11 0 0.6467065868263473 0 0 41.847 41.934 26.852
1 140 16 0 0.6946107784431137 0 0 41.402 44.222 29.827
1 141 15 0 0.7904191616766467 0 0 42.416 43.391 33.359
1 142 11 0 0.8263473053892215 0 0 40.656 44.531 36.498
1 143 7 0 0.7365269461077844 0 0 40.901 44.346 40.271
1 144 18 0 0.7604790419161677 0 0 37.847 44.154 42.576
1 145 17 0 0.6407185628742516 0 0 36.867 42.799 45.921
1 146 0 0 0.6347305389221557 0 0 33.300 42.136 46.648
1 147 13 0 0.37125748502994016 0 0 33.641 42.668 50.451
1 148 18 0 0.20359281437125742 0 0 34.621 46.253 50.117
1 149 1 0 0.41916167664670656 0 0 32.177 46.829 47.260
1 150 6 0 0.4730538922155688 0 0 34.952 48.039 44.954
1 151 9 0 0.652694610778443 0 0 35.511 47.633 41.245
1 152 22 0 0.8023952095808383 0 0 32.480 45.507 41.237
1 153 3 0 0.7125748502994012 0 0 30.582 47.519 38.651
1 154 3 0 0.7245508982035929 0 0 33.689 48.272 36.606
1 155 0 0 0.9041916167664671 0 0 34.621 44.683 35.919
1 156 15 0 0.9161676646706587 0 0 31.362 43.941 34.396
1 157 20 0 0.7544910179640718 0 0 30.778 47.204 32.512
1 158 18 0 0.7664670658682635 0 0 34.315 47.124 31.038
1 159 12 0 0.874251497005988 0 0 33.336 43.895 29.504
1 160 22 0 0.7065868263473054 0 0 30.078 45.380 28.112
1 161 1 0 0.5149700598802396 0 0 32.219 47.810 26.185
1 162 7 0 0.5808383233532934 0 0 34.242 44.933 24.687
1 163 11 0 0.5748502994011976 0 0 31.198 43.045 23.619
1 164 1 0 0.3413173652694611 0 0 30.048 46.383 22.199
1 165 13 0 0.16766467065868274 0 0 33.268 47.040 20.276
1 166 10 0 0.20958083832335328 0 0 33.699 43.501 18.902
1 167 13 0 0.053892215568862256 0 0 31.452 42.787 15.968
