1 1 14 0 0.041916167664670656 0 0 18.126 18.501 30.204
1 2 18 0 0.12574850299401197 0 0 18.417 22.129 31.186
1 3 7 0 0.2934131736526946 0 0 20.434 24.560 29.136
1 4 20 0 0.5688622754491017 0 0 22.300 27.228 31.109
1 5 13 0 0.7005988023952096 0 0 23.609 30.494 29.771
1 6 12 0 0.9041916167664671 0 0 26.714 31.404 31.819
1 7 22 0 0.9520958083832335 0 0 28.928 34.454 31.898
1 8 22 0 0.9880239520958084 0 0 32.590 34.635 32.706
1 9 22 0 0.9640718562874252 0 0 33.426 38.004 34.352
1 10 9 0 0.9221556886227544 0 0 36.493 39.758 35.671
1 11 0 0 0.7904191616766467 0 0 39.760 41.386 34.745
1 12 9 0 0.6646706586826348 0 0 41.331 41.260 31.375
1 13 9 0 0.592814371257485 0 0 44.144 38.856 30.925
1 14 22 0 0.7964071856287425 0 0 43.423 36.464 33.750
1 15 9 0 0.8502994011976048 0 0 42.285 33.515 31.727
1 16 13 0 0.9401197604790419 0 0 38.621 34.342 31.111
1 17 17 0 0.8562874251497006 0 0 38.734 32.787 27.731
1 18 0 0 0.8023952095808383 0 0 41.215 30.070 28.794
1 19 12 0 0.8982035928143712 0 0 38.966 28.162 31.196
1 20 18 0 0.8862275449101796 0 0 36.038 28.033 28.778
1 21 11 0 0.6706586826347305 0 0 38.263 26.680 26.081
1 22 6 0 0.6227544910179641 0 0 39.694 24.073 28.421
1 23 12 0 0.6826347305389222 0 0 36.314 22.733 29.464
1 24 11 0 0.5389221556886228 0 0 34.791 22.818 26.072
1 25 6 0 0.33532934131736525 0 0 37.305 22.299 23.228
1 26 2 0 0.26347305389221565 0 0 40.050 20.574 25.228
1 27 10 0 0.14970059880239517 0 0 42.867 22.177 23.263
1 28 15 0 0.17964071856287422 0 0 44.444 25.578 22.784
1 29 22 0 0.17365269461077848 0 0 43.447 28.554 20.737
1 30 3 0 0.06586826347305386 0 0 46.248 30.866 19.665
1 31 7 0 0.059880239520958 0 0 44.149 33.436 17.833
1 32 20 0 0.14371257485029942 0 0 42.644 36.380 19.650
1 33 3 0 0.19760479041916168 0 0 39.334 38.094 19.420
1 34 16 0 0.3772455089820359 0 0 36.805 39.657 21.705
1 35 18 0 0.45508982035928147 0 0 34.957 36.412 20.923
1 36 11 0 0.27544910179640725 0 0 31.835 37.971 19.414
1 37 7 0 0.11976047904191622 0 0 31.740 35.740 16.447
1 38 3 0 0.22754491017964074 0 0 32.364 32.425 18.186
1 39 17 0 0.437125748502994 0 0 30.318 30.758 20.830
1 40 20 0 0.5209580838323353 0 0 31.095 27.571 22.769
1 41 1 0 0.49101796407185627 0 0 28.921 24.857 24.261
1 42 13 0 0.39520958083832336 0 0 28.969 21.437 25.797
1 43 6 0 0.24550898203592808 0 0 26.613 19.035 27.569
1 44 22 0 0.3413173652694611 0 0 28.192 17.833 30.755
1 45 22 0 0.13772455089820357 0 0 26.820 15.399 33.316
1 46 11 0 0.25149700598802394 0 0 26.907 16.758 36.866
1 47 3 0 0.0718562874251496 0 0 25.720 14.374 39.556
1 48 9 0 0.017964071856287345 0 0 23.996 12.160 37.107
1 49 7 0 0.053892215568862256 0 0 22.162 14.962 35.425
1 50 18 0 0.07784431137724557 0 0 22.804 16.058 31.875
1 51 5 0 0.2694610778443114 0 0 23.005 19.860 31.579
1 52 12 0 0.35928143712574856 0 0 23.836 22.040 28.568
1 53 12 0 0.6347305389221557 0 0 26.312 24.905 28.946
1 54 3 0 0.6467065868263473 0 0 26.150 27.981 26.709
1 55 11 0 0.844311377245509 0 0 29.069 30.229 27.533
1 56 12 0 0.8383233532934131 0 0 29.511 33.941 26.918
1 57 3 0 0.8682634730538922 0 0 32.916 35.569 26.985
1 58 18 0 0.8203592814371258 0 0 34.025 39.066 27.940
1 59 0 0 0.5988023952095809 0 0 36.721 41.307 26.441
1 60 9 0 0.40718562874251496 0 0 37.737 44.894 26.752
1 61 6 0 0.3293413173652695 0 0 36.946 47.660 29.156
1 62 7 0 0.10778443113772451 0 0 35.317 50.170 26.872
1 63 7 0 0.029940119760479056 0 0 32.868 52.994 27.439
1 64 20 0 0.0059880239520957446 0 0 31.696 52.426 23.899
1 65 17 0 0.03592814371257491 0 0 30.377 49.423 21.991
1 66 0 0 0.16766467065868274 0 0 30.012 47.281 25.096
1 67 14 0 0.37125748502994016 0 0 28.160 44.012 25.644
1 68 1 0 0.5568862275449102 0 0 28.568 43.772 29.441
1 69 3 0 0.4011976047904191 0 0 24.984 44.635 30.461
1 70 6 0 0.3532934131736526 0 0 23.716 42.572 27.574
1 71 20 0 0.6407185628742516 0 0 25.633 39.509 28.716
1 72 14 0 0.6766467065868262 0 0 24.754 40.083 32.425
1 73 1 0 0.4491017964071856 0 0 21.116 40.214 31.431
1 74 18 0 0.5149700598802396 0 0 21.627 36.933 29.582
1 75 9 0 0.7844311377245509 0 0 23.800 35.332 32.327
1 76 7 0 0.6946107784431137 0 0 21.884 32.817 34.394
1 77 9 0 0.8802395209580838 0 0 25.050 32.533 36.435
1 78 15 0 0.9700598802395209 0 0 28.637 33.839 36.673
1 79 12 0 0.9940119760479041 0 0 32.357 33.214 36.998
1 80 5 0 0.9820359281437125 0 0 34.114 36.041 38.784
1 81 22 0 0.9760479041916168 0 0 37.706 35.384 37.745
1 82 15 0 0.874251497005988 0 0 40.857 36.707 39.219
1 83 0 0 0.7065868263473054 0 0 44.391 35.407 38.971
1 84 11 0 0.5089820359281436 0 0 46.109 34.611 42.269
1 85 2 0 0.3053892215568862 0 0 49.235 36.224 41.005
1 86 2 0 0.3652694610778443 0 0 47.498 39.484 40.310
1 87 18 0 0.281437125748503 0 0 46.196 41.876 42.927
1 88 13 0 0.3173652694610779 0 0 44.485 44.389 40.679
1 89 17 0 0.6047904191616766 0 0 42.302 41.615 39.347
1 90 15 0 0.5868263473053892 0 0 41.187 40.725 42.902
1 91 7 0 0.3892215568862275 0 0 40.574 44.341 43.692
1 92 3 0 0.562874251497006 0 0 38.450 44.460 40.558
1 93 11 0 0.7365269461077844 0 0 36.051 41.784 41.754
1 94 10 0 0.5269461077844311 0 0 33.853 43.980 43.889
1 95 10 0 0.5029940119760479 0 0 32.755 46.000 40.880
1 96 20 0 0.7664670658682635 0 0 31.953 43.062 38.612
1 97 1 0 0.7125748502994012 0 0 29.635 41.793 41.287
1 98 7 0 0.46706586826347307 0 0 28.008 45.207 41.509
1 99 6 0 0.4970059880239521 0 0 27.309 45.438 37.778
1 100 11 0 0.6287425149700598 0 0 25.525 42.116 37.998
1 101 13 0 0.4251497005988024 0 0 23.846 43.207 41.210
1 102 1 0 0.20958083832335328 0 0 22.641 46.218 39.268
1 103 22 0 0.28742514970059885 0 0 21.418 44.253 36.271
1 104 13 0 0.29940119760479034 0 0 19.628 41.577 38.327
1 105 3 0 0.10179640718562877 0 0 18.426 43.834 41.058
1 106 17 0 0.16167664670658677 0 0 19.330 41.277 43.615
1 107 7 0 0.221556886227545 0 0 21.932 40.414 46.229
1 108 3 0 0.34730538922155685 0 0 21.677 36.681 45.912
1 109 22 0 0.5808383233532934 0 0 22.782 36.017 42.409
1 110 16 0 0.7544910179640718 0 0 24.419 32.750 41.602
1 111 14 0 0.9101796407185628 0 0 28.125 33.229 41.093
1 112 22 0 0.9461077844311377 0 0 31.377 31.280 41.663
1 113 12 0 0.9341317365269461 0 0 34.529 33.097 42.814
1 114 22 0 0.9580838323353293 0 0 37.377 31.857 40.602
1 115 9 0 0.8622754491017964 0 0 41.090 32.060 41.321
1 116 2 0 0.8263473053892215 0 0 43.189 31.276 38.312
1 117 13 0 0.5449101796407185 0 0 46.893 30.410 38.474
1 118 5 0 0.44311377245508976 0 0 46.995 28.173 41.534
1 119 3 0 0.18562874251497008 0 0 49.937 26.177 40.330
1 120 12 0 0.08383233532934131 0 0 52.567 28.663 41.497
1 121 16 0 0.0 0 0 54.372 27.380 44.561
1 122 17 0 0.0119760479041916 0 0 54.022 30.851 45.943
1 123 1 0 0.09580838323353291 0 0 50.781 32.857 45.863
1 124 18 0 0.08982035928143717 0 0 50.414 36.601 45.819
1 125 22 0 0.21556886227544902 0 0 46.813 36.375 46.919
1 126 3 0 0.13173652694610782 0 0 45.841 34.613 50.138
1 127 18 0 0.2335329341317366 0 0 43.336 31.776 50.171
1 128 13 0 0.11377245508982048 0 0 41.895 33.273 53.388
1 129 6 0 0.15568862275449102 0 0 41.193 36.790 52.106
1 130 0 0 0.4730538922155688 0 0 39.575 35.285 49.002
1 131 6 0 0.38323353293413165 0 0 37.518 32.794 51.015
1 132 3 0 0.20359281437125742 0 0 36.262 35.591 53.116
1 133 12 0 0.43113772455089827 0 0 35.451 37.641 50.080
1 134 0 0 0.5748502994011976 0 0 33.423 34.711 48.754
1 135 1 0 0.31137724550898194 0 0 31.678 34.523 52.126
1 136 17 0 0.23952095808383234 0 0 30.559 38.106 51.939
1 137 20 0 0.4610778443113772 0 0 28.556 37.658 48.787
1 138 9 0 0.41916167664670656 0 0 27.510 34.171 49.847
1 139 11 0 0.658682634730539 0 0 29.195 32.194 47.061
1 140 16 0 0.718562874251497 0 0 31.725 29.556 46.381
1 141 15 0 0.7724550898203593 0 0 35.454 29.932 45.997
1 142 11 0 0.8323353293413174 0 0 37.005 27.651 43.339
1 143 7 0 0.7305389221556886 0 0 40.719 27.315 42.645
1 144 18 0 0.7784431137724551 0 0 41.990 26.642 39.175
1 145 17 0 0.6107784431137725 0 0 44.958 26.679 36.882
1 146 0 0 0.688622754491018 0 0 43.812 26.860 33.294
1 147 13 0 0.4131736526946108 0 0 46.870 25.398 31.525
1 148 18 0 0.2574850299401197 0 0 47.235 22.238 33.517
1 149 1 0 0.47904191616766467 0 0 43.450 21.898 33.247
1 150 6 0 0.4850299401197605 0 0 43.260 21.721 37.030
1 151 9 0 0.652694610778443 0 0 39.834 22.348 38.350
1 152 22 0 0.8143712574850299 0 0 38.566 23.940 35.137
1 153 3 0 0.7425149700598803 0 0 35.469 21.759 34.858
1 154 3 0 0.7604790419161677 0 0 34.784 22.173 38.630
1 155 0 0 0.9281437125748503 0 0 34.188 25.889 38.399
1 156 15 0 0.9161676646706587 0 0 31.460 25.440 35.863
1 157 20 0 0.7485029940119761 0 0 30.197 22.353 37.642
1 158 18 0 0.8083832335329342 0 0 30.080 24.361 40.850
1 159 12 0 0.8922155688622755 0 0 28.332 27.238 39.153
1 160 22 0 0.7245508982035929 0 0 25.722 24.855 37.682
1 161 1 0 0.5508982035928144 0 0 25.276 23.478 41.234
1 162 7 0 0.6167664670658684 0 0 24.537 26.973 42.478
1 163 11 0 0.5329341317365269 0 0 21.622 27.323 40.081
1 164 1 0 0.32335329341317365 0 0 20.524 23.666 40.264
1 165 13 0 0.19161676646706582 0 0 20.285 23.909 44.075
1 166 10 0 0.04790419161676651 0 0 17.076 23.403 45.980
1 167 13 0 0.02395209580838331 0 0 15.073 26.448 47.022
