5.000000000000000000e+00 1.339285671710968018e-01 2.678100013732910156e+01 3.921699905395507812e+01 4.329999923706054688e+01
1.600000000000000000e+01 2.678571343421936035e-01 2.776000022888183594e+01 4.273500061035156250e+01 4.222100067138671875e+01
1.200000000000000000e+01 5.178571343421936035e-01 3.112199974060058594e+01 4.152899932861328125e+01 4.108900070190429688e+01
1.400000000000000000e+01 5.625000000000000000e-01 3.185300064086914062e+01 3.868899917602539062e+01 3.855599975585937500e+01
2.200000000000000000e+01 6.964285969734191895e-01 3.525400161743164062e+01 3.731999969482421875e+01 3.771799850463867188e+01
1.300000000000000000e+01 6.696428656578063965e-01 3.592800140380859375e+01 3.551399993896484375e+01 3.448199844360351562e+01
2.200000000000000000e+01 7.455357313156127930e-01 3.943500137329101562e+01 3.409899902343750000e+01 3.354899978637695312e+01
1.200000000000000000e+01 6.607142686843872070e-01 4.040100097656250000e+01 3.311299896240234375e+01 3.010600090026855469e+01
3.000000000000000000e+00 6.071428656578063965e-01 4.340399932861328125e+01 3.109499931335449219e+01 2.852099990844726562e+01
0.000000000000000000e+00 5.937500000000000000e-01 4.454700088500976562e+01 3.285599899291992188e+01 2.535199928283691406e+01
2.200000000000000000e+01 3.660714328289031982e-01 4.677099990844726562e+01 2.994400024414062500e+01 2.423299980163574219e+01
1.000000000000000000e+00 2.321428507566452026e-01 4.385699844360351562e+01 2.753599929809570312e+01 2.484600067138671875e+01
9.000000000000000000e+00 2.767857015132904053e-01 4.123600006103515625e+01 3.004500007629394531e+01 2.345400047302246094e+01
1.700000000000000000e+01 2.500000000000000000e-01 3.866799926757812500e+01 2.904100036621093750e+01 2.610799980163574219e+01
1.600000000000000000e+01 3.392857015132904053e-01 3.764199829101562500e+01 2.932399940490722656e+01 3.001899909973144531e+01
0.000000000000000000e+00 4.955357015132904053e-01 4.064899826049804688e+01 2.894899940490722656e+01 3.259199905395507812e+01
1.100000000000000000e+01 3.035714328289031982e-01 3.949300003051757812e+01 2.653700065612792969e+01 3.524300003051757812e+01
2.000000000000000000e+00 2.946428656578063965e-01 4.045500183105468750e+01 2.627300071716308594e+01 3.900400161743164062e+01
2.200000000000000000e+01 5.982142686843872070e-01 4.247700119018554688e+01 2.964500045776367188e+01 3.899800109863281250e+01
0.000000000000000000e+00 6.383928656578063965e-01 4.239500045776367188e+01 3.140399932861328125e+01 4.232799911499023438e+01
1.400000000000000000e+01 7.544642686843872070e-01 4.163700103759765625e+01 3.511299896240234375e+01 4.308599853515625000e+01
2.200000000000000000e+01 7.589285969734191895e-01 3.931700134277343750e+01 4.086899948120117188e+01 4.587699890136718750e+01
1.500000000000000000e+01 7.187500000000000000e-01 4.044300079345703125e+01 4.375400161743164062e+01 4.806299972534179688e+01
1.000000000000000000e+00 6.428571343421936035e-01 3.892499923706054688e+01 4.703799819946289062e+01 4.919699859619140625e+01
1.300000000000000000e+01 5.535714030265808105e-01 4.055699920654296875e+01 5.029100036621093750e+01 5.051499938964843750e+01
0.000000000000000000e+00 2.857142984867095947e-01 4.069200134277343750e+01 5.151200103759765625e+01 5.415299987792968750e+01
0.000000000000000000e+00 1.026785746216773987e-01 4.026200103759765625e+01 5.521099853515625000e+01 5.517800140380859375e+01
3.000000000000000000e+00 1.383928507566452026e-01 4.407199859619140625e+01 5.587799835205078125e+01 5.533700180053710938e+01
3.000000000000000000e+00 4.107142984867095947e-01 4.464199829101562500e+01 5.477999877929687500e+01 5.166600036621093750e+01
1.800000000000000000e+01 4.910714328289031982e-01 4.575400161743164062e+01 5.119599914550781250e+01 5.255300140380859375e+01
1.900000000000000000e+01 6.339285969734191895e-01 4.422900009155273438e+01 4.789099884033203125e+01 5.128499984741210938e+01
7.000000000000000000e+00 4.732142984867095947e-01 4.255799865722656250e+01 4.517499923706054688e+01 5.340999984741210938e+01
1.600000000000000000e+01 4.776785671710968018e-01 4.104999923706054688e+01 4.169900131225585938e+01 5.259899902343750000e+01
1.500000000000000000e+01 4.508928656578063965e-01 3.744400024414062500e+01 4.157099914550781250e+01 5.115200042724609375e+01
0.000000000000000000e+00 4.687500000000000000e-01 3.675000000000000000e+01 3.844800186157226562e+01 4.922299957275390625e+01
1.700000000000000000e+01 5.044642686843872070e-01 3.846400070190429688e+01 3.535599899291992188e+01 4.775099945068359375e+01
9.000000000000000000e+00 4.330357015132904053e-01 3.769900131225585938e+01 3.236199951171875000e+01 4.538999938964843750e+01
1.300000000000000000e+01 4.598214328289031982e-01 3.875299835205078125e+01 3.017799949645996094e+01 4.246400070190429688e+01
1.800000000000000000e+01 4.241071343421936035e-01 3.714699935913085938e+01 2.970800018310546875e+01 3.899700164794921875e+01
1.700000000000000000e+01 1.562500000000000000e-01 3.437300109863281250e+01 2.712500000000000000e+01 3.829999923706054688e+01
7.000000000000000000e+00 5.357142910361289978e-02 3.322399902343750000e+01 2.493400001525878906e+01 3.535699844360351562e+01
1.700000000000000000e+01 1.071428582072257996e-01 3.256800079345703125e+01 2.784399986267089844e+01 3.274499893188476562e+01
9.000000000000000000e+00 3.437500000000000000e-01 3.566400146484375000e+01 2.961400032043457031e+01 3.402600097656250000e+01
7.000000000000000000e+00 3.973214328289031982e-01 3.364799880981445312e+01 3.203699874877929688e+01 3.594499969482421875e+01
1.200000000000000000e+01 3.750000000000000000e-01 3.279999923706054688e+01 3.298500061035156250e+01 3.952500152587890625e+01
9.000000000000000000e+00 1.428571492433547974e-01 2.977000045776367188e+01 3.378200149536132812e+01 4.438199996948242188e+01
1.200000000000000000e+01 3.258928656578063965e-01 3.264500045776367188e+01 3.612400054931640625e+01 4.553599929809570312e+01
1.800000000000000000e+01 2.098214328289031982e-01 3.045299911499023438e+01 3.855699920654296875e+01 4.747600173950195312e+01
1.800000000000000000e+01 5.803571268916130066e-02 2.685899925231933594e+01 3.979700088500976562e+01 4.850899887084960938e+01
7.000000000000000000e+00 2.232142910361289978e-02 2.481999969482421875e+01 4.283700180053710938e+01 4.750400161743164062e+01
7.000000000000000000e+00 0.000000000000000000e+00 2.454100036621093750e+01 4.356499862670898438e+01 5.124100112915039062e+01
7.000000000000000000e+00 4.464285820722579956e-02 2.829899978637695312e+01 4.395199966430664062e+01 5.200400161743164062e+01
1.500000000000000000e+01 1.785714328289031982e-01 2.946299934387207031e+01 4.546300125122070312e+01 4.875699996948242188e+01
2.200000000000000000e+01 1.160714253783226013e-01 2.898100090026855469e+01 4.925299835205078125e+01 4.878699874877929688e+01
7.000000000000000000e+00 2.232142835855484009e-01 3.073600006103515625e+01 5.223699951171875000e+01 4.710699844360351562e+01
9.000000000000000000e+00 4.017857015132904053e-01 3.451300048828125000e+01 5.261199951171875000e+01 4.738000106811523438e+01
1.100000000000000000e+01 6.562500000000000000e-01 3.776200103759765625e+01 5.150000000000000000e+01 4.572999954223632812e+01
2.000000000000000000e+01 7.767857313156127930e-01 3.828300094604492188e+01 4.792599868774414062e+01 4.491699981689453125e+01
1.300000000000000000e+01 9.196428656578063965e-01 4.089699935913085938e+01 4.557799911499023438e+01 4.325699996948242188e+01
2.200000000000000000e+01 9.285714030265808105e-01 4.106000137329101562e+01 4.190700149536132812e+01 4.205899810791015625e+01
7.000000000000000000e+00 9.330357313156127930e-01 4.425199890136718750e+01 3.973500061035156250e+01 4.220500183105468750e+01
1.100000000000000000e+01 9.107142686843872070e-01 4.402700042724609375e+01 3.675099945068359375e+01 3.998099899291992188e+01
3.000000000000000000e+00 8.169642686843872070e-01 4.655400085449218750e+01 3.391500091552734375e+01 4.077099990844726562e+01
1.800000000000000000e+01 8.392857313156127930e-01 4.820999908447265625e+01 3.348799896240234375e+01 3.739199829101562500e+01
1.300000000000000000e+01 7.410714030265808105e-01 5.149200057983398438e+01 3.244800186157226562e+01 3.911700057983398438e+01
1.700000000000000000e+01 5.446428656578063965e-01 5.031100082397460938e+01 2.908300018310546875e+01 4.054700088500976562e+01
2.000000000000000000e+01 5.714285969734191895e-01 4.839199829101562500e+01 2.842099952697753906e+01 3.719300079345703125e+01
1.900000000000000000e+01 5.580357313156127930e-01 5.173699951171875000e+01 2.888500022888183594e+01 3.540999984741210938e+01
1.300000000000000000e+01 3.214285671710968018e-01 5.353499984741210938e+01 2.666900062561035156e+01 3.804299926757812500e+01
0.000000000000000000e+00 2.053571492433547974e-01 5.067200088500976562e+01 2.404500007629394531e+01 3.768799972534179688e+01
1.200000000000000000e+01 2.142857164144515991e-01 5.114300155639648438e+01 2.431999969482421875e+01 3.381600189208984375e+01
9.000000000000000000e+00 1.205357164144515991e-01 5.502899932861328125e+01 2.398800086975097656e+01 3.402700042724609375e+01
1.100000000000000000e+01 3.169642984867095947e-01 5.531600189208984375e+01 2.754599952697753906e+01 3.276399993896484375e+01
1.700000000000000000e+01 4.821428656578063965e-01 5.735499954223632812e+01 3.039599990844726562e+01 3.441999816894531250e+01
1.600000000000000000e+01 6.919642686843872070e-01 5.520299911499023438e+01 3.314300155639648438e+01 3.592599868774414062e+01
1.500000000000000000e+01 7.946428656578063965e-01 5.630899810791015625e+01 3.673799896240234375e+01 3.490499877929687500e+01
7.000000000000000000e+00 9.062500000000000000e-01 5.277999877929687500e+01 3.822900009155273438e+01 4.027899932861328125e+01
0.000000000000000000e+00 9.776785969734191895e-01 4.666600036621093750e+01 3.948199844360351562e+01 3.706700134277343750e+01
7.000000000000000000e+00 9.955357313156127930e-01 4.514699935913085938e+01 4.272399902343750000e+01 3.835300064086914062e+01
2.200000000000000000e+01 9.910714030265808105e-01 4.274499893188476562e+01 4.563899993896484375e+01 3.809299850463867188e+01
2.200000000000000000e+01 9.464285969734191895e-01 4.174800109863281250e+01 4.856800079345703125e+01 4.039500045776367188e+01
1.500000000000000000e+01 8.571428656578063965e-01 3.836199951171875000e+01 5.024499893188476562e+01 4.005699920654296875e+01
1.800000000000000000e+01 6.651785969734191895e-01 3.594100189208984375e+01 5.252399826049804688e+01 4.203799819946289062e+01
0.000000000000000000e+00 5.491071343421936035e-01 3.262900161743164062e+01 5.057600021362304688e+01 4.228900146484375000e+01
2.000000000000000000e+00 2.723214328289031982e-01 2.905400085449218750e+01 5.212699890136718750e+01 4.227399826049804688e+01
3.000000000000000000e+00 2.366071492433547974e-01 2.984399986267089844e+01 5.549000167846679688e+01 4.072800064086914062e+01
1.700000000000000000e+01 6.250000000000000000e-02 2.624399948120117188e+01 5.623799896240234375e+01 3.965000152587890625e+01
9.000000000000000000e+00 4.017857089638710022e-02 2.473100090026855469e+01 5.380599975585937500e+01 4.218899917602539062e+01
1.600000000000000000e+01 7.142857462167739868e-02 2.457099914550781250e+01 4.995999908447265625e+01 4.235200119018554688e+01
1.000000000000000000e+00 1.651785671710968018e-01 2.575699996948242188e+01 4.816099929809570312e+01 3.913100051879882812e+01
1.000000000000000000e+00 2.812500000000000000e-01 2.688699913024902344e+01 4.458200073242187500e+01 3.827999877929687500e+01
2.000000000000000000e+01 5.669642686843872070e-01 3.051099967956542969e+01 4.442800140380859375e+01 3.726800155639648438e+01
1.800000000000000000e+01 6.294642686843872070e-01 3.169099998474121094e+01 4.159099960327148438e+01 3.508100128173828125e+01
1.100000000000000000e+01 8.035714030265808105e-01 3.549499893188476562e+01 4.154299926757812500e+01 3.489699935913085938e+01
0.000000000000000000e+00 8.080357313156127930e-01 3.707099914550781250e+01 3.941999816894531250e+01 3.200799942016601562e+01
0.000000000000000000e+00 9.151785969734191895e-01 4.077000045776367188e+01 3.867900085449218750e+01 3.259700012207031250e+01
1.200000000000000000e+01 8.437500000000000000e-01 4.257400131225585938e+01 3.708800125122070312e+01 2.965999984741210938e+01
1.200000000000000000e+01 8.526785969734191895e-01 4.590999984741210938e+01 3.545800018310546875e+01 3.063299942016601562e+01
1.700000000000000000e+01 7.678571343421936035e-01 4.902600097656250000e+01 3.435599899291992188e+01 2.869700050354003906e+01
1.600000000000000000e+01 7.366071343421936035e-01 5.254700088500976562e+01 3.397100067138671875e+01 3.014200019836425781e+01
2.000000000000000000e+01 8.125000000000000000e-01 5.406499862670898438e+01 3.758200073242187500e+01 2.946400070190429688e+01
1.700000000000000000e+01 8.928571343421936035e-01 5.068199920654296875e+01 3.934500122070312500e+01 2.885300064086914062e+01
2.000000000000000000e+01 9.508928656578063965e-01 4.718299865722656250e+01 3.992800140380859375e+01 3.018099975585937500e+01
1.700000000000000000e+01 9.419642686843872070e-01 4.412099838256835938e+01 4.190599822998046875e+01 2.908699989318847656e+01
1.800000000000000000e+01 9.687500000000000000e-01 4.132199859619140625e+01 4.298099899291992188e+01 3.168199920654296875e+01
1.800000000000000000e+01 8.616071343421936035e-01 3.794699859619140625e+01 4.423799896240234375e+01 3.032099914550781250e+01
0.000000000000000000e+00 7.857142686843872070e-01 3.508499908447265625e+01 4.551100158691406250e+01 3.236700057983398438e+01
2.200000000000000000e+01 5.892857313156127930e-01 3.149600028991699219e+01 4.508300018310546875e+01 3.121400070190429688e+01
2.200000000000000000e+01 4.553571343421936035e-01 2.919700050354003906e+01 4.698799896240234375e+01 3.356700134277343750e+01
1.800000000000000000e+01 1.696428507566452026e-01 2.547999954223632812e+01 4.576100158691406250e+01 3.361000061035156250e+01
2.000000000000000000e+00 3.125000000000000000e-02 2.240999984741210938e+01 4.779899978637695312e+01 3.485100173950195312e+01
1.600000000000000000e+01 4.464285913854837418e-03 2.010600090026855469e+01 4.600999832153320312e+01 3.736399841308593750e+01
5.000000000000000000e+00 1.607142835855484009e-01 6.711299896240234375e+01 4.819300079345703125e+01 2.760400009155273438e+01
1.600000000000000000e+01 2.589285671710968018e-01 6.699800109863281250e+01 4.649000167846679688e+01 3.100600051879882812e+01
1.200000000000000000e+01 5.000000000000000000e-01 6.374900054931640625e+01 4.840599822998046875e+01 3.163100051879882812e+01
1.400000000000000000e+01 5.223214030265808105e-01 6.171799850463867188e+01 5.027999877929687500e+01 2.890900039672851562e+01
2.200000000000000000e+01 7.008928656578063965e-01 5.802799987792968750e+01 5.127399826049804688e+01 2.954400062561035156e+01
1.300000000000000000e+01 6.830357313156127930e-01 5.572999954223632812e+01 5.181700134277343750e+01 2.645700073242187500e+01
2.200000000000000000e+01 7.321428656578063965e-01 5.213399887084960938e+01 5.320999908447265625e+01 2.642399978637695312e+01
1.200000000000000000e+01 6.517857313156127930e-01 4.965200042724609375e+01 5.300099945068359375e+01 2.334499931335449219e+01
3.000000000000000000e+00 6.250000000000000000e-01 4.598899841308593750e+01 5.400699996948242188e+01 2.291799926757812500e+01
0.000000000000000000e+00 5.267857313156127930e-01 4.388800048828125000e+01 5.163600158691406250e+01 2.081399917602539062e+01
2.200000000000000000e+01 3.883928656578063965e-01 4.090000152587890625e+01 5.408399963378906250e+01 2.067700004577636719e+01
1.000000000000000000e+00 1.830357164144515991e-01 4.251499938964843750e+01 5.653499984741210938e+01 1.827000045776367188e+01
9.000000000000000000e+00 2.187500000000000000e-01 4.511299896240234375e+01 5.381299972534179688e+01 1.706200027465820312e+01
1.700000000000000000e+01 2.455357164144515991e-01 4.832199859619140625e+01 5.572200012207031250e+01 1.845000076293945312e+01
1.600000000000000000e+01 3.794642984867095947e-01 5.096599960327148438e+01 5.623899841308593750e+01 2.127599906921386719e+01
0.000000000000000000e+00 5.089285969734191895e-01 4.988499832153320312e+01 5.765999984741210938e+01 2.460099983215332031e+01
1.100000000000000000e+01 3.080357015132904053e-01 5.147399902343750000e+01 6.106800079345703125e+01 2.518000030517578125e+01
2.000000000000000000e+00 2.991071343421936035e-01 5.239199829101562500e+01 6.268500137329101562e+01 2.844599914550781250e+01
2.200000000000000000e+01 6.026785969734191895e-01 5.116899871826171875e+01 5.972499847412109375e+01 3.060300064086914062e+01
0.000000000000000000e+00 6.116071343421936035e-01 5.289300155639648438e+01 5.995700073242187500e+01 3.403900146484375000e+01
1.400000000000000000e+01 7.142857313156127930e-01 5.438600158691406250e+01 5.707699966430664062e+01 3.604299926757812500e+01
2.200000000000000000e+01 7.053571343421936035e-01 5.863700103759765625e+01 5.270199966430664062e+01 3.899599838256835938e+01
1.500000000000000000e+01 6.741071343421936035e-01 5.887500000000000000e+01 5.112500000000000000e+01 4.250600051879882812e+01
1.000000000000000000e+00 5.803571343421936035e-01 6.127999877929687500e+01 4.839699935913085938e+01 4.381299972534179688e+01
1.300000000000000000e+01 5.133928656578063965e-01 6.049399948120117188e+01 4.615100097656250000e+01 4.680500030517578125e+01
0.000000000000000000e+00 2.276785671710968018e-01 6.325099945068359375e+01 4.661299896240234375e+01 4.949200057983398438e+01
0.000000000000000000e+00 8.482142537832260132e-02 6.450499725341796875e+01 4.387300109863281250e+01 5.195199966430664062e+01
3.000000000000000000e+00 9.821428358554840088e-02 6.130500030517578125e+01 4.382799911499023438e+01 5.411700057983398438e+01
3.000000000000000000e+00 3.705357015132904053e-01 5.893000030517578125e+01 4.388199996948242188e+01 5.111600112915039062e+01
1.800000000000000000e+01 3.928571343421936035e-01 5.813399887084960938e+01 4.755500030517578125e+01 5.132199859619140625e+01
1.900000000000000000e+01 5.357142686843872070e-01 5.791600036621093750e+01 4.979399871826171875e+01 4.820000076293945312e+01
7.000000000000000000e+00 3.348214328289031982e-01 6.084799957275390625e+01 5.229199981689453125e+01 4.763999938964843750e+01
1.600000000000000000e+01 3.526785671710968018e-01 6.117399978637695312e+01 5.490299987792968750e+01 4.472900009155273438e+01
1.500000000000000000e+01 3.571428656578063965e-01 6.336399841308593750e+01 5.354499816894531250e+01 4.187200164794921875e+01
0.000000000000000000e+00 3.616071343421936035e-01 6.288399887084960938e+01 5.558900070190429688e+01 3.873199844360351562e+01
1.700000000000000000e+01 4.196428656578063965e-01 6.016799926757812500e+01 5.798400115966796875e+01 3.755300140380859375e+01
9.000000000000000000e+00 3.482142984867095947e-01 5.890900039672851562e+01 6.012400054931640625e+01 3.460699844360351562e+01
1.300000000000000000e+01 4.285714328289031982e-01 5.619499969482421875e+01 6.043000030517578125e+01 3.197599983215332031e+01
1.800000000000000000e+01 4.419642984867095947e-01 5.594100189208984375e+01 5.897200012207031250e+01 2.838100051879882812e+01
1.700000000000000000e+01 1.741071492433547974e-01 5.749800109863281250e+01 6.090700149536132812e+01 2.548999977111816406e+01
7.000000000000000000e+00 8.035714179277420044e-02 5.556600189208984375e+01 6.232799911499023438e+01 2.254599952697753906e+01
1.700000000000000000e+01 1.250000000000000000e-01 5.622100067138671875e+01 5.884199905395507812e+01 2.092399978637695312e+01
9.000000000000000000e+00 4.062500000000000000e-01 5.465900039672851562e+01 5.692499923706054688e+01 2.400099945068359375e+01
7.000000000000000000e+00 4.151785671710968018e-01 5.793299865722656250e+01 5.573400115966796875e+01 2.561100006103515625e+01
1.200000000000000000e+01 4.464285671710968018e-01 5.983900070190429688e+01 5.598400115966796875e+01 2.899799919128417969e+01
9.000000000000000000e+00 8.928571641445159912e-02 6.676200103759765625e+01 5.625799942016601562e+01 3.078499984741210938e+01
1.200000000000000000e+01 2.410714328289031982e-01 6.526499938964843750e+01 5.483499908447265625e+01 3.398199844360351562e+01
1.800000000000000000e+01 1.294642835855484009e-01 6.817500305175781250e+01 5.264799880981445312e+01 3.482600021362304688e+01
1.800000000000000000e+01 2.678571455180644989e-02 7.130699920654296875e+01 5.092399978637695312e+01 3.369300079345703125e+01
7.000000000000000000e+00 1.785714365541934967e-02 7.228399658203125000e+01 4.724399948120117188e+01 3.311600112915039062e+01
7.000000000000000000e+00 8.928571827709674835e-03 7.398899841308593750e+01 4.655099868774414062e+01 3.639599990844726562e+01
7.000000000000000000e+00 3.571428731083869934e-02 7.163999938964843750e+01 4.869599914550781250e+01 3.861600112915039062e+01
1.500000000000000000e+01 2.008928507566452026e-01 6.831800079345703125e+01 4.687900161743164062e+01 3.771300125122070312e+01
2.200000000000000000e+01 1.517857164144515991e-01 6.905699920654296875e+01 4.388100051879882812e+01 3.981900024414062500e+01
7.000000000000000000e+00 2.544642984867095947e-01 6.680699920654296875e+01 4.088999938964843750e+01 4.061199951171875000e+01
9.000000000000000000e+00 4.642857015132904053e-01 6.366199874877929688e+01 4.150099945068359375e+01 4.258000183105468750e+01
1.100000000000000000e+01 6.875000000000000000e-01 5.995199966430664062e+01 4.258000183105468750e+01 4.233900070190429688e+01
2.000000000000000000e+01 7.812500000000000000e-01 5.909199905395507812e+01 4.598400115966796875e+01 4.072100067138671875e+01
1.300000000000000000e+01 8.883928656578063965e-01 5.571200180053710938e+01 4.794499969482421875e+01 4.045600128173828125e+01
2.200000000000000000e+01 8.973214030265808105e-01 5.515399932861328125e+01 5.040900039672851562e+01 3.762500000000000000e+01
7.000000000000000000e+00 9.241071343421936035e-01 5.219200134277343750e+01 5.258499908447265625e+01 3.847600173950195312e+01
1.100000000000000000e+01 8.839285969734191895e-01 5.094100189208984375e+01 5.434600067138671875e+01 3.534000015258789062e+01
3.000000000000000000e+00 7.901785969734191895e-01 4.844300079345703125e+01 5.728900146484375000e+01 3.588600158691406250e+01
1.800000000000000000e+01 8.482142686843872070e-01 4.606000137329101562e+01 5.566400146484375000e+01 3.322299957275390625e+01
1.300000000000000000e+01 7.633928656578063965e-01 4.281299972534179688e+01 5.730799865722656250e+01 3.456200027465820312e+01
1.700000000000000000e+01 6.160714030265808105e-01 4.437400054931640625e+01 6.077999877929687500e+01 3.428300094604492188e+01
2.000000000000000000e+01 5.758928656578063965e-01 4.506100082397460938e+01 6.040499877929687500e+01 3.044300079345703125e+01
1.900000000000000000e+01 5.401785969734191895e-01 4.142800140380859375e+01 5.952500152587890625e+01 2.967399978637695312e+01
1.300000000000000000e+01 3.839285671710968018e-01 4.036600112915039062e+01 6.225500106811523438e+01 3.219300079345703125e+01
0.000000000000000000e+00 1.919642835855484009e-01 4.199499893188476562e+01 6.492199707031250000e+01 3.006699943542480469e+01
1.200000000000000000e+01 1.473214328289031982e-01 3.973199844360351562e+01 6.391799926757812500e+01 2.708499908447265625e+01
9.000000000000000000e+00 9.375000000000000000e-02 3.660699844360351562e+01 6.420899963378906250e+01 2.915800094604492188e+01
1.100000000000000000e+01 2.901785671710968018e-01 3.616500091552734375e+01 6.040399932861328125e+01 2.936000061035156250e+01
1.700000000000000000e+01 4.375000000000000000e-01 3.576699829101562500e+01 5.885300064086914062e+01 3.282799911499023438e+01
1.600000000000000000e+01 6.785714030265808105e-01 3.709700012207031250e+01 5.521300125122070312e+01 3.328099822998046875e+01
1.500000000000000000e+01 7.276785969734191895e-01 3.578200149536132812e+01 5.259999847412109375e+01 3.589699935913085938e+01
7.000000000000000000e+00 8.705357313156127930e-01 4.171699905395507812e+01 5.350999832153320312e+01 3.831800079345703125e+01
0.000000000000000000e+00 9.732142686843872070e-01 4.717699813842773438e+01 5.069100189208984375e+01 3.608300018310546875e+01
7.000000000000000000e+00 9.866071343421936035e-01 4.980300140380859375e+01 4.888000106811523438e+01 3.815399932861328125e+01
2.200000000000000000e+01 9.821428656578063965e-01 5.219599914550781250e+01 4.642599868774414062e+01 3.644400024414062500e+01
2.200000000000000000e+01 9.642857313156127930e-01 5.417200088500976562e+01 4.412799835205078125e+01 3.877899932861328125e+01
1.500000000000000000e+01 8.750000000000000000e-01 5.672700119018554688e+01 4.144100189208984375e+01 3.778400039672851562e+01
1.800000000000000000e+01 7.098214030265808105e-01 5.973099899291992188e+01 3.925400161743164062e+01 3.901900100708007812e+01
0.000000000000000000e+00 5.848214030265808105e-01 6.294100189208984375e+01 4.066299819946289062e+01 3.745299911499023438e+01
2.000000000000000000e+00 3.125000000000000000e-01 6.584300231933593750e+01 3.844300079345703125e+01 3.625000000000000000e+01
3.000000000000000000e+00 3.303571343421936035e-01 6.398799896240234375e+01 3.550799942016601562e+01 3.773600006103515625e+01
1.700000000000000000e+01 1.116071417927742004e-01 6.619000244140625000e+01 3.272999954223632812e+01 3.629399871826171875e+01
9.000000000000000000e+00 6.696428358554840088e-02 6.907299804687500000e+01 3.519599914550781250e+01 3.571900177001953125e+01
1.600000000000000000e+01 7.589285820722579956e-02 6.970400238037109375e+01 3.831900024414062500e+01 3.354600143432617188e+01
1.000000000000000000e+00 1.964285671710968018e-01 6.719799804687500000e+01 3.942399978637695312e+01 3.081500053405761719e+01
1.000000000000000000e+00 2.633928656578063965e-01 6.629000091552734375e+01 4.267699813842773438e+01 2.905800056457519531e+01
2.000000000000000000e+01 5.312500000000000000e-01 6.264300155639648438e+01 4.391400146484375000e+01 2.936700057983398438e+01
1.800000000000000000e+01 6.473214030265808105e-01 6.014300155639648438e+01 4.618700027465820312e+01 2.764800071716308594e+01
1.100000000000000000e+01 8.214285969734191895e-01 5.678799819946289062e+01 4.657500076293945312e+01 2.937500000000000000e+01
0.000000000000000000e+00 8.303571343421936035e-01 5.407699966430664062e+01 4.758000183105468750e+01 2.689500045776367188e+01
0.000000000000000000e+00 9.017857313156127930e-01 5.042300033569335938e+01 4.873400115966796875e+01 2.769300079345703125e+01
1.200000000000000000e+01 8.258928656578063965e-01 4.759600067138671875e+01 4.933499908447265625e+01 2.509499931335449219e+01
1.200000000000000000e+01 8.348214030265808105e-01 4.488800048828125000e+01 5.156100082397460938e+01 2.665099906921386719e+01
1.700000000000000000e+01 7.500000000000000000e-01 4.116699981689453125e+01 5.173199844360351562e+01 2.598900032043457031e+01
1.600000000000000000e+01 7.232142686843872070e-01 3.909999847412109375e+01 5.338299942016601562e+01 2.875600051879882812e+01
2.000000000000000000e+01 7.723214030265808105e-01 3.721699905395507812e+01 5.017599868774414062e+01 2.961199951171875000e+01
1.700000000000000000e+01 8.660714030265808105e-01 3.984099960327148438e+01 4.750299835205078125e+01 2.877899932861328125e+01
2.000000000000000000e+01 9.598214030265808105e-01 4.349499893188476562e+01 4.734400177001953125e+01 2.987199974060058594e+01
1.700000000000000000e+01 9.375000000000000000e-01 4.590900039672851562e+01 4.524000167846679688e+01 2.771699905395507812e+01
1.800000000000000000e+01 9.553571343421936035e-01 4.953499984741210938e+01 4.470000076293945312e+01 2.876199913024902344e+01
1.800000000000000000e+01 8.794642686843872070e-01 5.241600036621093750e+01 4.254800033569335938e+01 2.756299972534179688e+01
0.000000000000000000e+00 7.991071343421936035e-01 5.608800125122070312e+01 4.224000167846679688e+01 2.815500068664550781e+01
2.200000000000000000e+01 6.205357313156127930e-01 5.897700119018554688e+01 4.143000030517578125e+01 2.586199951171875000e+01
2.200000000000000000e+01 4.866071343421936035e-01 6.172200012207031250e+01 3.926200103759765625e+01 2.764900016784667969e+01
1.800000000000000000e+01 1.875000000000000000e-01 6.509600067138671875e+01 3.854999923706054688e+01 2.581699943542480469e+01
2.000000000000000000e+00 4.910714179277420044e-02 6.869699859619140625e+01 3.752500152587890625e+01 2.666099929809570312e+01
1.600000000000000000e+01 1.339285727590322495e-02 7.181300354003906250e+01 3.980599975585937500e+01 2.681500053405761719e+01
