1 1 14 0 0.0059880239520957446 0 0 22.699 51.381 33.609
1 2 18 0 0.10179640718562877 0 0 25.426 49.169 32.298
1 3 7 0 0.27544910179640725 0 0 24.400 45.561 32.034
1 4 20 0 0.5688622754491017 0 0 27.430 43.312 31.994
1 5 13 0 0.7245508982035929 0 0 26.917 39.675 31.022
1 6 12 0 0.9221556886227544 0 0 29.411 37.515 32.863
1 7 22 0 0.9520958083832335 0 0 29.892 33.920 31.799
1 8 22 0 0.9820359281437125 0 0 30.754 30.833 33.830
1 9 22 0 0.9640718562874252 0 0 32.822 28.516 31.751
1 10 9 0 0.9341317365269461 0 0 34.848 25.476 32.805
1 11 0 0 0.7844311377245509 0 0 35.286 21.716 33.212
1 12 9 0 0.6287425149700598 0 0 32.532 19.464 34.440
1 13 9 0 0.5508982035928144 0 0 32.952 18.836 38.156
1 14 22 0 0.8023952095808383 0 0 34.532 22.139 39.100
1 15 9 0 0.8083832335329342 0 0 31.626 23.627 41.026
1 16 13 0 0.9041916167664671 0 0 30.334 25.978 38.352
1 17 17 0 0.8323353293413174 0 0 26.856 26.541 39.703
1 18 0 0 0.7544910179640718 0 0 28.151 26.832 43.290
1 19 12 0 0.8982035928143712 0 0 29.985 30.002 42.605
1 20 18 0 0.8802395209580838 0 0 27.173 31.775 40.818
1 21 11 0 0.658682634730539 0 0 24.458 30.985 43.315
1 22 6 0 0.6107784431137725 0 0 26.608 31.933 46.265
1 23 12 0 0.688622754491018 0 0 27.184 35.362 44.728
1 24 11 0 0.5389221556886228 0 0 23.482 35.931 43.931
1 25 6 0 0.29940119760479034 0 0 21.395 34.063 46.497
1 26 2 0 0.2934131736526946 0 0 24.061 33.660 49.132
1 27 10 0 0.26347305389221565 0 0 23.738 29.949 48.904
1 28 15 0 0.3892215568862275 0 0 25.857 26.931 48.146
1 29 22 0 0.37125748502994016 0 0 24.332 24.404 45.753
1 30 3 0 0.19161676646706582 0 0 25.217 20.686 45.947
1 31 7 0 0.09580838323353291 0 0 21.858 19.766 44.385
1 32 20 0 0.17365269461077848 0 0 21.865 20.237 40.653
1 33 3 0 0.16766467065868274 0 0 19.638 22.003 38.210
1 34 16 0 0.32335329341317365 0 0 20.508 22.766 34.595
1 35 18 0 0.4491017964071856 0 0 20.189 26.517 34.907
1 36 11 0 0.3532934131736526 0 0 19.285 27.152 31.256
1 37 7 0 0.13173652694610782 0 0 15.891 28.498 32.061
1 38 3 0 0.221556886227545 0 0 16.545 30.151 35.463
1 39 17 0 0.38323353293413165 0 0 18.249 33.521 35.391
1 40 20 0 0.5089820359281436 0 0 20.283 35.092 38.150
1 41 1 0 0.5029940119760479 0 0 21.485 38.590 38.286
1 42 13 0 0.40718562874251496 0 0 22.396 41.335 40.801
1 43 6 0 0.18562874251497008 0 0 22.836 45.104 40.575
1 44 22 0 0.21556886227544902 0 0 25.897 46.347 42.569
1 45 22 0 0.07784431137724557 0 0 27.932 49.494 43.041
1 46 11 0 0.19760479041916168 0 0 31.427 48.699 41.923
1 47 3 0 0.04790419161676651 0 0 33.919 51.492 42.401
1 48 9 0 0.0 0 0 31.297 54.116 42.588
1 49 7 0 0.0119760479041916 0 0 29.452 53.219 39.514
1 50 18 0 0.029940119760479056 0 0 26.306 51.193 39.528
1 51 5 0 0.20359281437125742 0 0 26.366 48.105 37.349
1 52 12 0 0.35928143712574856 0 0 24.163 45.041 36.737
1 53 12 0 0.6467065868263473 0 0 25.832 41.698 36.499
1 54 3 0 0.652694610778443 0 0 23.810 39.064 34.607
1 55 11 0 0.8502994011976048 0 0 25.438 35.703 35.035
1 56 12 0 0.8562874251497006 0 0 25.324 32.739 32.676
1 57 3 0 0.8622754491017964 0 0 25.698 29.093 33.584
1 58 18 0 0.8263473053892215 0 0 27.130 26.373 31.392
1 59 0 0 0.6227544910179641 0 0 26.617 22.692 31.115
1 60 9 0 0.43113772455089827 0 0 27.994 20.034 28.849
1 61 6 0 0.41916167664670656 0 0 31.378 19.261 27.283
1 62 7 0 0.4131736526946108 0 0 32.330 21.485 24.368
1 63 7 0 0.10778443113772451 0 0 30.824 19.885 21.299
1 64 20 0 0.11976047904191622 0 0 31.556 22.942 19.192
1 65 17 0 0.053892215568862256 0 0 28.005 23.696 18.305
1 66 0 0 0.02395209580838331 0 0 26.386 26.757 16.884
1 67 14 0 0.11377245508982048 0 0 24.237 27.846 19.825
1 68 1 0 0.4011976047904191 0 0 27.127 27.366 22.313
1 69 3 0 0.33532934131736525 0 0 29.234 29.712 20.186
1 70 6 0 0.25149700598802394 0 0 26.418 32.318 20.273
1 71 20 0 0.5329341317365269 0 0 26.133 31.991 24.028
1 72 14 0 0.6706586826347305 0 0 29.839 32.760 24.322
1 73 1 0 0.47904191616766467 0 0 29.460 35.740 22.069
1 74 18 0 0.4970059880239521 0 0 26.592 36.907 24.274
1 75 9 0 0.7664670658682635 0 0 29.128 36.729 27.081
1 76 7 0 0.7065868263473054 0 0 30.851 40.039 27.873
1 77 9 0 0.8922155688622755 0 0 33.644 38.592 30.011
1 78 15 0 0.9700598802395209 0 0 34.756 35.234 31.098
1 79 12 0 0.9940119760479041 0 0 34.934 33.543 34.463
1 80 5 0 0.9880239520958084 0 0 37.355 30.709 33.740
1 81 22 0 0.9760479041916168 0 0 36.601 28.108 36.396
1 82 15 0 0.8862275449101796 0 0 38.855 25.234 37.458
1 83 0 0 0.7305389221556886 0 0 39.204 23.215 40.654
1 84 11 0 0.5149700598802396 0 0 42.386 22.965 42.736
1 85 2 0 0.2694610778443114 0 0 42.087 19.239 43.359
1 86 2 0 0.34730538922155685 0 0 41.831 18.267 39.717
1 87 18 0 0.24550898203592808 0 0 44.901 18.734 37.617
1 88 13 0 0.31137724550898194 0 0 42.812 17.869 34.574
1 89 17 0 0.6167664670658684 0 0 40.492 20.811 34.888
1 90 15 0 0.592814371257485 0 0 43.589 22.965 35.180
1 91 7 0 0.45508982035928147 0 0 44.676 22.013 31.707
1 92 3 0 0.5748502994011976 0 0 41.164 22.063 30.366
1 93 11 0 0.7964071856287425 0 0 41.303 25.808 30.767
1 94 10 0 0.5568862275449102 0 0 43.562 26.293 27.786
1 95 10 0 0.5269461077844311 0 0 40.874 24.839 25.539
1 96 20 0 0.7904191616766467 0 0 38.314 27.187 27.051
1 97 1 0 0.7005988023952096 0 0 40.684 30.037 26.329
1 98 7 0 0.4730538922155688 0 0 40.770 28.860 22.681
1 99 6 0 0.5449101796407185 0 0 36.904 28.520 22.698
1 100 11 0 0.6766467065868262 0 0 36.763 32.153 23.819
1 101 13 0 0.437125748502994 0 0 39.480 33.368 21.394
1 102 1 0 0.2335329341317366 0 0 37.700 31.485 18.648
1 103 22 0 0.3053892215568862 0 0 34.320 33.057 18.918
1 104 13 0 0.3293413173652695 0 0 35.771 36.487 19.655
1 105 3 0 0.08383233532934131 0 0 38.399 36.761 17.011
1 106 17 0 0.13772455089820357 0 0 40.888 38.095 19.545
1 107 7 0 0.281437125748503 0 0 43.330 37.148 22.248
1 108 3 0 0.3652694610778443 0 0 42.638 40.256 24.396
1 109 22 0 0.5868263473053892 0 0 39.230 39.332 25.695
1 110 16 0 0.7604790419161677 0 0 38.539 40.090 29.373
1 111 14 0 0.9101796407185628 0 0 38.845 36.932 31.535
1 112 22 0 0.9461077844311377 0 0 39.376 36.184 35.140
1 113 12 0 0.9401197604790419 0 0 40.810 32.784 36.112
1 114 22 0 0.9580838323353293 0 0 38.898 31.055 38.930
1 115 9 0 0.8682634730538922 0 0 40.317 28.517 41.301
1 116 2 0 0.844311377245509 0 0 37.313 26.853 42.968
1 117 13 0 0.5988023952095809 0 0 37.289 24.176 45.645
1 118 5 0 0.4850299401197605 0 0 39.717 26.082 47.809
1 119 3 0 0.2574850299401197 0 0 37.572 25.286 50.881
1 120 12 0 0.059880239520958 0 0 40.333 23.404 52.654
1 121 16 0 0.03592814371257491 0 0 43.953 24.035 52.030
1 122 17 0 0.017964071856287345 0 0 44.418 20.747 50.138
1 123 1 0 0.12574850299401197 0 0 45.234 21.016 46.469
1 124 18 0 0.06586826347305386 0 0 46.663 18.816 43.702
1 125 22 0 0.22754491017964074 0 0 47.317 21.794 41.517
1 126 3 0 0.0718562874251496 0 0 50.359 23.298 43.130
1 127 18 0 0.14371257485029942 0 0 49.806 27.011 43.671
1 128 13 0 0.08982035928143717 0 0 52.541 28.397 41.512
1 129 6 0 0.14970059880239517 0 0 51.299 26.444 38.527
1 130 0 0 0.49101796407185627 0 0 48.058 28.348 38.606
1 131 6 0 0.3772455089820359 0 0 49.999 31.575 38.757
1 132 3 0 0.16167664670658677 0 0 52.132 30.386 35.828
1 133 12 0 0.4610778443113772 0 0 48.906 29.531 33.949
1 134 0 0 0.5808383233532934 0 0 47.526 32.940 34.697
1 135 1 0 0.3173652694610779 0 0 50.560 35.042 33.741
1 136 17 0 0.17964071856287422 0 0 51.335 33.266 30.517
1 137 20 0 0.44311377245508976 0 0 47.906 34.393 29.337
1 138 9 0 0.4251497005988024 0 0 48.002 37.555 31.411
1 139 11 0 0.6946107784431137 0 0 44.641 37.224 33.224
1 140 16 0 0.7425149700598803 0 0 44.011 37.642 36.968
1 141 15 0 0.8203592814371258 0 0 43.605 34.597 39.106
1 142 11 0 0.8383233532934131 0 0 41.228 34.376 42.070
1 143 7 0 0.7365269461077844 0 0 41.115 31.732 44.747
1 144 18 0 0.7784431137724551 0 0 37.644 31.066 46.002
1 145 17 0 0.6047904191616766 0 0 35.503 28.841 48.216
1 146 0 0 0.6347305389221557 0 0 31.735 29.074 47.906
1 147 13 0 0.3413173652694611 0 0 31.475 26.731 50.881
1 148 18 0 0.20958083832335328 0 0 33.641 28.788 53.134
1 149 1 0 0.39520958083832336 0 0 32.845 32.063 51.522
1 150 6 0 0.46706586826347307 0 0 36.242 33.212 50.455
1 151 9 0 0.6646706586826348 0 0 36.938 35.212 47.286
1 152 22 0 0.8143712574850299 0 0 33.505 34.919 45.727
1 153 3 0 0.718562874251497 0 0 32.582 38.537 45.057
1 154 3 0 0.7125748502994012 0 0 36.236 39.264 44.452
1 155 0 0 0.9161676646706587 0 0 36.262 37.106 41.331
1 156 15 0 0.9281437125748503 0 0 33.446 38.826 39.435
1 157 20 0 0.7485029940119761 0 0 34.158 42.276 40.611
1 158 18 0 0.7724550898203593 0 0 37.706 41.917 39.366
1 159 12 0 0.874251497005988 0 0 36.133 40.993 36.020
1 160 22 0 0.6826347305389222 0 0 34.040 44.178 36.108
1 161 1 0 0.5209580838323353 0 0 37.300 46.071 36.321
1 162 7 0 0.6407185628742516 0 0 38.836 43.974 33.599
1 163 11 0 0.562874251497006 0 0 35.893 44.973 31.407
1 164 1 0 0.28742514970059885 0 0 36.000 48.684 32.214
1 165 13 0 0.15568862275449102 0 0 39.739 48.876 31.509
1 166 10 0 0.23952095808383234 0 0 39.692 46.918 28.272
1 167 13 0 0.041916167664670656 0 0 41.406 48.512 25.273
