5.000000000000000000e+00 9.821428358554840088e-02 2.581800079345703125e+01 3.874000167846679688e+01 4.311800003051757812e+01
1.600000000000000000e+01 2.321428507566452026e-01 2.707999992370605469e+01 4.230899810791015625e+01 4.214400100708007812e+01
1.200000000000000000e+01 5.044642686843872070e-01 3.073699951171875000e+01 4.164599990844726562e+01 4.108000183105468750e+01
1.400000000000000000e+01 5.357142686843872070e-01 3.154899978637695312e+01 3.869800186157226562e+01 3.896200180053710938e+01
2.200000000000000000e+01 7.008928656578063965e-01 3.493399810791015625e+01 3.730899810791015625e+01 3.775999832153320312e+01
1.300000000000000000e+01 6.562500000000000000e-01 3.551399993896484375e+01 3.509700012207031250e+01 3.466400146484375000e+01
2.200000000000000000e+01 7.321428656578063965e-01 3.923400115966796875e+01 3.401499938964843750e+01 3.398799896240234375e+01
1.200000000000000000e+01 6.741071343421936035e-01 4.018899917602539062e+01 3.282699966430664062e+01 3.048500061035156250e+01
3.000000000000000000e+00 6.116071343421936035e-01 4.331399917602539062e+01 3.117399978637695312e+01 2.913400077819824219e+01
0.000000000000000000e+00 5.758928656578063965e-01 4.461399841308593750e+01 3.249599838256835938e+01 2.570000076293945312e+01
2.200000000000000000e+01 4.196428656578063965e-01 4.728900146484375000e+01 2.973999977111816406e+01 2.520000076293945312e+01
1.000000000000000000e+00 2.455357164144515991e-01 4.453200149536132812e+01 2.711899948120117188e+01 2.524300003051757812e+01
9.000000000000000000e+00 2.991071343421936035e-01 4.206700134277343750e+01 2.987000083923339844e+01 2.402400016784667969e+01
1.700000000000000000e+01 2.812500000000000000e-01 3.943700027465820312e+01 2.872200012207031250e+01 2.647299957275390625e+01
1.600000000000000000e+01 3.839285671710968018e-01 3.780400085449218750e+01 2.970400047302246094e+01 2.987199974060058594e+01
0.000000000000000000e+00 4.776785671710968018e-01 4.023500061035156250e+01 2.863299942016601562e+01 3.264899826049804688e+01
1.100000000000000000e+01 2.723214328289031982e-01 3.889300155639648438e+01 2.625499916076660156e+01 3.527399826049804688e+01
2.000000000000000000e+00 3.035714328289031982e-01 4.000500106811523438e+01 2.659700012207031250e+01 3.909299850463867188e+01
2.200000000000000000e+01 5.937500000000000000e-01 4.188100051879882812e+01 2.989399909973144531e+01 3.893600082397460938e+01
0.000000000000000000e+00 6.473214030265808105e-01 4.197100067138671875e+01 3.160799980163574219e+01 4.236199951171875000e+01
1.400000000000000000e+01 7.633928656578063965e-01 4.166899871826171875e+01 3.532600021362304688e+01 4.307400131225585938e+01
2.200000000000000000e+01 7.500000000000000000e-01 3.939300155639648438e+01 4.087799835205078125e+01 4.620100021362304688e+01
1.500000000000000000e+01 7.142857313156127930e-01 4.046900177001953125e+01 4.376300048828125000e+01 4.839199829101562500e+01
1.000000000000000000e+00 6.160714030265808105e-01 3.887599945068359375e+01 4.719200134277343750e+01 4.945000076293945312e+01
1.300000000000000000e+01 5.669642686843872070e-01 4.052399826049804688e+01 5.055500030517578125e+01 5.023899841308593750e+01
0.000000000000000000e+00 2.857142984867095947e-01 3.990399932861328125e+01 5.147600173950195312e+01 5.392300033569335938e+01
0.000000000000000000e+00 1.294642835855484009e-01 3.959799957275390625e+01 5.516299819946289062e+01 5.501399993896484375e+01
3.000000000000000000e+00 1.339285671710968018e-01 4.328200149536132812e+01 5.598500061035156250e+01 5.551300048828125000e+01
3.000000000000000000e+00 3.973214328289031982e-01 4.445000076293945312e+01 5.470299911499023438e+01 5.202000045776367188e+01
1.800000000000000000e+01 4.642857015132904053e-01 4.535599899291992188e+01 5.109899902343750000e+01 5.304800033569335938e+01
1.900000000000000000e+01 6.294642686843872070e-01 4.438899993896484375e+01 4.783200073242187500e+01 5.139400100708007812e+01
7.000000000000000000e+00 4.866071343421936035e-01 4.231200027465820312e+01 4.523699951171875000e+01 5.340299987792968750e+01
1.600000000000000000e+01 5.133928656578063965e-01 4.115599822998046875e+01 4.175400161743164062e+01 5.213000106811523438e+01
1.500000000000000000e+01 4.508928656578063965e-01 3.738199996948242188e+01 4.148300170898437500e+01 5.125699996948242188e+01
0.000000000000000000e+00 4.598214328289031982e-01 3.635599899291992188e+01 3.838800048828125000e+01 4.911100006103515625e+01
1.700000000000000000e+01 5.089285969734191895e-01 3.778599929809570312e+01 3.532699966430664062e+01 4.725299835205078125e+01
9.000000000000000000e+00 3.928571343421936035e-01 3.697900009155273438e+01 3.206600189208984375e+01 4.545700073242187500e+01
1.300000000000000000e+01 4.375000000000000000e-01 3.797499847412109375e+01 3.011899948120117188e+01 4.233300018310546875e+01
1.800000000000000000e+01 4.241071343421936035e-01 3.654100036621093750e+01 2.979599952697753906e+01 3.874200057983398438e+01
1.700000000000000000e+01 1.428571492433547974e-01 3.367599868774414062e+01 2.727499961853027344e+01 3.846699905395507812e+01
7.000000000000000000e+00 4.464285820722579956e-02 3.285699844360351562e+01 2.457699966430664062e+01 3.588299942016601562e+01
1.700000000000000000e+01 9.375000000000000000e-02 3.225899887084960938e+01 2.716399955749511719e+01 3.311199951171875000e+01
9.000000000000000000e+00 3.258928656578063965e-01 3.517699813842773438e+01 2.953599929809570312e+01 3.398099899291992188e+01
7.000000000000000000e+00 3.571428656578063965e-01 3.316400146484375000e+01 3.193300056457519531e+01 3.602000045776367188e+01
1.200000000000000000e+01 3.660714328289031982e-01 3.270399856567382812e+01 3.303200149536132812e+01 3.963499832153320312e+01
9.000000000000000000e+00 1.562500000000000000e-01 2.948200035095214844e+01 3.431200027465820312e+01 4.422100067138671875e+01
1.200000000000000000e+01 3.303571343421936035e-01 3.201100158691406250e+01 3.678400039672851562e+01 4.553400039672851562e+01
1.800000000000000000e+01 1.875000000000000000e-01 2.961300086975097656e+01 3.903900146484375000e+01 4.760599899291992188e+01
1.800000000000000000e+01 5.357142910361289978e-02 2.607299995422363281e+01 4.039799880981445312e+01 4.791299819946289062e+01
7.000000000000000000e+00 2.232142910361289978e-02 2.435400009155273438e+01 4.382199859619140625e+01 4.738700103759765625e+01
7.000000000000000000e+00 0.000000000000000000e+00 2.390600013732910156e+01 4.454999923706054688e+01 5.115900039672851562e+01
7.000000000000000000e+00 4.017857089638710022e-02 2.763999938964843750e+01 4.434000015258789062e+01 5.171599960327148438e+01
1.500000000000000000e+01 1.607142835855484009e-01 2.886800003051757812e+01 4.581999969482421875e+01 4.842599868774414062e+01
2.200000000000000000e+01 1.250000000000000000e-01 2.881299972534179688e+01 4.957199859619140625e+01 4.881900024414062500e+01
7.000000000000000000e+00 2.232142835855484009e-01 3.077199935913085938e+01 5.259099960327148438e+01 4.739599990844726562e+01
9.000000000000000000e+00 4.419642984867095947e-01 3.464500045776367188e+01 5.250600051879882812e+01 4.745999908447265625e+01
1.100000000000000000e+01 6.830357313156127930e-01 3.786199951171875000e+01 5.160300064086914062e+01 4.571400070190429688e+01
2.000000000000000000e+01 7.678571343421936035e-01 3.833499908447265625e+01 4.777700042724609375e+01 4.532099914550781250e+01
1.300000000000000000e+01 9.017857313156127930e-01 4.084999847412109375e+01 4.572800064086914062e+01 4.343500137329101562e+01
2.200000000000000000e+01 9.285714030265808105e-01 4.083599853515625000e+01 4.222399902343750000e+01 4.200899887084960938e+01
7.000000000000000000e+00 9.330357313156127930e-01 4.408200073242187500e+01 4.025600051879882812e+01 4.216600036621093750e+01
1.100000000000000000e+01 9.151785969734191895e-01 4.402399826049804688e+01 3.696500015258789062e+01 4.010599899291992188e+01
3.000000000000000000e+00 8.214285969734191895e-01 4.638700103759765625e+01 3.421300125122070312e+01 4.106900024414062500e+01
1.800000000000000000e+01 8.392857313156127930e-01 4.801699829101562500e+01 3.375699996948242188e+01 3.750199890136718750e+01
1.300000000000000000e+01 7.589285969734191895e-01 5.138800048828125000e+01 3.276100158691406250e+01 3.854199981689453125e+01
1.700000000000000000e+01 5.892857313156127930e-01 5.036299896240234375e+01 2.954199981689453125e+01 4.009799957275390625e+01
2.000000000000000000e+01 5.982142686843872070e-01 4.818600082397460938e+01 2.882799911499023438e+01 3.702299880981445312e+01
1.900000000000000000e+01 5.803571343421936035e-01 5.133300018310546875e+01 2.920800018310546875e+01 3.479299926757812500e+01
1.300000000000000000e+01 3.794642984867095947e-01 5.329600143432617188e+01 2.708300018310546875e+01 3.720899963378906250e+01
0.000000000000000000e+00 2.500000000000000000e-01 5.052099990844726562e+01 2.426899909973144531e+01 3.737500000000000000e+01
1.200000000000000000e+01 2.187500000000000000e-01 5.072399902343750000e+01 2.407699966430664062e+01 3.353900146484375000e+01
9.000000000000000000e+00 1.651785671710968018e-01 5.459600067138671875e+01 2.434199905395507812e+01 3.379199981689453125e+01
1.100000000000000000e+01 3.348214328289031982e-01 5.550500106811523438e+01 2.771199989318847656e+01 3.226200103759765625e+01
1.700000000000000000e+01 4.107142984867095947e-01 5.812599945068359375e+01 2.995599937438964844e+01 3.370600128173828125e+01
1.600000000000000000e+01 6.517857313156127930e-01 5.685800170898437500e+01 3.283300018310546875e+01 3.590100097656250000e+01
1.500000000000000000e+01 7.723214030265808105e-01 5.705400085449218750e+01 3.655599975585937500e+01 3.499300003051757812e+01
7.000000000000000000e+00 8.928571343421936035e-01 5.318099975585937500e+01 3.839300155639648438e+01 4.013800048828125000e+01
0.000000000000000000e+00 9.821428656578063965e-01 4.681999969482421875e+01 3.984899902343750000e+01 3.688600158691406250e+01
7.000000000000000000e+00 9.955357313156127930e-01 4.520600128173828125e+01 4.286199951171875000e+01 3.853900146484375000e+01
2.200000000000000000e+01 9.910714030265808105e-01 4.265100097656250000e+01 4.567200088500976562e+01 3.815499877929687500e+01
2.200000000000000000e+01 9.419642686843872070e-01 4.166099929809570312e+01 4.859999847412109375e+01 4.050199890136718750e+01
1.500000000000000000e+01 8.482142686843872070e-01 3.816799926757812500e+01 5.022600173950195312e+01 4.020500183105468750e+01
1.800000000000000000e+01 6.785714030265808105e-01 3.567599868774414062e+01 5.254999923706054688e+01 4.193899917602539062e+01
0.000000000000000000e+00 5.267857313156127930e-01 3.228099822998046875e+01 5.087900161743164062e+01 4.237500000000000000e+01
2.000000000000000000e+00 2.589285671710968018e-01 2.873999977111816406e+01 5.227600097656250000e+01 4.235800170898437500e+01
3.000000000000000000e+00 2.410714328289031982e-01 2.967000007629394531e+01 5.566799926757812500e+01 4.099100112915039062e+01
1.700000000000000000e+01 7.142857462167739868e-02 2.630400085449218750e+01 5.631299972534179688e+01 3.935100173950195312e+01
9.000000000000000000e+00 3.571428731083869934e-02 2.452400016784667969e+01 5.401499938964843750e+01 4.184899902343750000e+01
1.600000000000000000e+01 5.803571268916130066e-02 2.409399986267089844e+01 5.025500106811523438e+01 4.217800140380859375e+01
1.000000000000000000e+00 1.741071492433547974e-01 2.570599937438964844e+01 4.843099975585937500e+01 3.918899917602539062e+01
1.000000000000000000e+00 2.767857015132904053e-01 2.685600090026855469e+01 4.481499862670898438e+01 3.836600112915039062e+01
2.000000000000000000e+01 5.580357313156127930e-01 3.046199989318847656e+01 4.425500106811523438e+01 3.711600112915039062e+01
1.800000000000000000e+01 6.383928656578063965e-01 3.195599937438964844e+01 4.129700088500976562e+01 3.517900085449218750e+01
1.100000000000000000e+01 8.080357313156127930e-01 3.574300003051757812e+01 4.094599914550781250e+01 3.525400161743164062e+01
0.000000000000000000e+00 7.991071343421936035e-01 3.703499984741210938e+01 3.901399993896484375e+01 3.227500152587890625e+01
0.000000000000000000e+00 9.062500000000000000e-01 4.080099868774414062e+01 3.856399917602539062e+01 3.258599853515625000e+01
1.200000000000000000e+01 8.348214030265808105e-01 4.240000152587890625e+01 3.706100082397460938e+01 2.946899986267089844e+01
1.200000000000000000e+01 8.526785969734191895e-01 4.566899871826171875e+01 3.540499877929687500e+01 3.052499961853027344e+01
1.700000000000000000e+01 7.857142686843872070e-01 4.904399871826171875e+01 3.477899932861328125e+01 2.876899909973144531e+01
1.600000000000000000e+01 7.366071343421936035e-01 5.248500061035156250e+01 3.396900177001953125e+01 3.036499977111816406e+01
2.000000000000000000e+01 8.169642686843872070e-01 5.394900131225585938e+01 3.755899810791015625e+01 2.965600013732910156e+01
1.700000000000000000e+01 9.107142686843872070e-01 5.057400131225585938e+01 3.925699996948242188e+01 2.914500045776367188e+01
2.000000000000000000e+01 9.687500000000000000e-01 4.723199844360351562e+01 3.978499984741210938e+01 3.065699958801269531e+01
1.700000000000000000e+01 9.375000000000000000e-01 4.424499893188476562e+01 4.167100143432617188e+01 2.939599990844726562e+01
1.800000000000000000e+01 9.553571343421936035e-01 4.133700180053710938e+01 4.264899826049804688e+01 3.152499961853027344e+01
1.800000000000000000e+01 8.616071343421936035e-01 3.795500183105468750e+01 4.390000152587890625e+01 3.040900039672851562e+01
0.000000000000000000e+00 7.901785969734191895e-01 3.508000183105468750e+01 4.493000030517578125e+01 3.266899871826171875e+01
2.200000000000000000e+01 5.848214030265808105e-01 3.159099960327148438e+01 4.420999908447265625e+01 3.132200050354003906e+01
2.200000000000000000e+01 4.553571343421936035e-01 2.922299957275390625e+01 4.664799880981445312e+01 3.294900131225585938e+01
1.800000000000000000e+01 1.830357164144515991e-01 2.548800086975097656e+01 4.602999877929687500e+01 3.366400146484375000e+01
2.000000000000000000e+00 4.910714179277420044e-02 2.255500030517578125e+01 4.831600189208984375e+01 3.426599884033203125e+01
1.600000000000000000e+01 8.928571827709674835e-03 1.995199966430664062e+01 4.600199890136718750e+01 3.618899917602539062e+01
5.000000000000000000e+00 1.473214328289031982e-01 6.737300109863281250e+01 4.872800064086914062e+01 2.743099975585937500e+01
1.600000000000000000e+01 2.544642984867095947e-01 6.731400299072265625e+01 4.663100051879882812e+01 3.080699920654296875e+01
1.200000000000000000e+01 5.000000000000000000e-01 6.395800018310546875e+01 4.817100143432617188e+01 3.151300048828125000e+01
1.400000000000000000e+01 5.312500000000000000e-01 6.184899902343750000e+01 5.029000091552734375e+01 2.913800048828125000e+01
2.200000000000000000e+01 7.053571343421936035e-01 5.818999862670898438e+01 5.118000030517578125e+01 2.907600021362304688e+01
1.300000000000000000e+01 6.875000000000000000e-01 5.583100128173828125e+01 5.179499816894531250e+01 2.615999984741210938e+01
2.200000000000000000e+01 7.276785969734191895e-01 5.221799850463867188e+01 5.306999969482421875e+01 2.626600074768066406e+01
1.200000000000000000e+01 6.651785969734191895e-01 4.980899810791015625e+01 5.291999816894531250e+01 2.335199928283691406e+01
3.000000000000000000e+00 6.205357313156127930e-01 4.602999877929687500e+01 5.371200180053710938e+01 2.290900039672851562e+01
0.000000000000000000e+00 5.401785969734191895e-01 4.349000167846679688e+01 5.163299942016601562e+01 2.087999916076660156e+01
2.200000000000000000e+01 3.705357015132904053e-01 4.071200180053710938e+01 5.423899841308593750e+01 2.073900032043457031e+01
1.000000000000000000e+00 1.785714328289031982e-01 4.245199966430664062e+01 5.654800033569335938e+01 1.808200073242187500e+01
9.000000000000000000e+00 2.633928656578063965e-01 4.523899841308593750e+01 5.385100173950195312e+01 1.745000076293945312e+01
1.700000000000000000e+01 2.366071492433547974e-01 4.832600021362304688e+01 5.596200180053710938e+01 1.813400077819824219e+01
1.600000000000000000e+01 3.482142984867095947e-01 5.083499908447265625e+01 5.629499816894531250e+01 2.100399971008300781e+01
0.000000000000000000e+00 5.178571343421936035e-01 4.969300079345703125e+01 5.762699890136718750e+01 2.442000007629394531e+01
1.100000000000000000e+01 3.125000000000000000e-01 5.133399963378906250e+01 6.102799987792968750e+01 2.521199989318847656e+01
2.000000000000000000e+00 3.169642984867095947e-01 5.194800186157226562e+01 6.256700134277343750e+01 2.878300094604492188e+01
2.200000000000000000e+01 6.339285969734191895e-01 5.117399978637695312e+01 5.922600173950195312e+01 3.068700027465820312e+01
0.000000000000000000e+00 6.428571343421936035e-01 5.289699935913085938e+01 5.936399841308593750e+01 3.409500122070312500e+01
1.400000000000000000e+01 7.410714030265808105e-01 5.433100128173828125e+01 5.626699829101562500e+01 3.572000122070312500e+01
2.200000000000000000e+01 7.098214030265808105e-01 5.879600143432617188e+01 5.245500183105468750e+01 3.897900009155273438e+01
1.500000000000000000e+01 6.696428656578063965e-01 5.962300109863281250e+01 5.089099884033203125e+01 4.240499877929687500e+01
1.000000000000000000e+00 5.446428656578063965e-01 6.195999908447265625e+01 4.805599975585937500e+01 4.374399948120117188e+01
1.300000000000000000e+01 4.910714328289031982e-01 6.131399917602539062e+01 4.587599945068359375e+01 4.674399948120117188e+01
0.000000000000000000e+00 2.098214328289031982e-01 6.358900070190429688e+01 4.589300155639648438e+01 4.984899902343750000e+01
0.000000000000000000e+00 8.928571641445159912e-02 6.437500000000000000e+01 4.273500061035156250e+01 5.188399887084960938e+01
3.000000000000000000e+00 1.071428582072257996e-01 6.123400115966796875e+01 4.280500030517578125e+01 5.408100128173828125e+01
3.000000000000000000e+00 3.526785671710968018e-01 5.916999816894531250e+01 4.309099960327148438e+01 5.084500122070312500e+01
1.800000000000000000e+01 3.392857015132904053e-01 5.867699813842773438e+01 4.694300079345703125e+01 5.148199844360351562e+01
1.900000000000000000e+01 5.223214030265808105e-01 5.836999893188476562e+01 4.937500000000000000e+01 4.842499923706054688e+01
7.000000000000000000e+00 3.214285671710968018e-01 6.123500061035156250e+01 5.190900039672851562e+01 4.788999938964843750e+01
1.600000000000000000e+01 3.883928656578063965e-01 6.096300125122070312e+01 5.442900085449218750e+01 4.487400054931640625e+01
1.500000000000000000e+01 3.437500000000000000e-01 6.334999847412109375e+01 5.361100006103515625e+01 4.192599868774414062e+01
0.000000000000000000e+00 4.017857015132904053e-01 6.236800003051757812e+01 5.574300003051757812e+01 3.884400177001953125e+01
1.700000000000000000e+01 4.687500000000000000e-01 5.955400085449218750e+01 5.805199813842773438e+01 3.752899932861328125e+01
9.000000000000000000e+00 4.062500000000000000e-01 5.834400177001953125e+01 5.998199844360351562e+01 3.458900070190429688e+01
1.300000000000000000e+01 4.732142984867095947e-01 5.580099868774414062e+01 6.024800109863281250e+01 3.183499908447265625e+01
1.800000000000000000e+01 4.285714328289031982e-01 5.570700073242187500e+01 5.945999908447265625e+01 2.805200004577636719e+01
1.700000000000000000e+01 1.517857164144515991e-01 5.738999938964843750e+01 6.147700119018554688e+01 2.535499954223632812e+01
7.000000000000000000e+00 7.589285820722579956e-02 5.564599990844726562e+01 6.232899856567382812e+01 2.202499961853027344e+01
1.700000000000000000e+01 1.205357164144515991e-01 5.657199859619140625e+01 5.883000183105468750e+01 2.059000015258789062e+01
9.000000000000000000e+00 3.750000000000000000e-01 5.484999847412109375e+01 5.696699905395507812e+01 2.356399917602539062e+01
7.000000000000000000e+00 4.330357015132904053e-01 5.795700073242187500e+01 5.551300048828125000e+01 2.518400001525878906e+01
1.200000000000000000e+01 4.464285671710968018e-01 5.968899917602539062e+01 5.612300109863281250e+01 2.849699974060058594e+01
9.000000000000000000e+00 8.482142537832260132e-02 6.680300140380859375e+01 5.658800125122070312e+01 3.031100082397460938e+01
1.200000000000000000e+01 2.053571492433547974e-01 6.577200317382812500e+01 5.553699874877929688e+01 3.372900009155273438e+01
1.800000000000000000e+01 1.160714253783226013e-01 6.853099822998046875e+01 5.303499984741210938e+01 3.455699920654296875e+01
1.800000000000000000e+01 2.678571455180644989e-02 7.163800048828125000e+01 5.100299835205078125e+01 3.336500167846679688e+01
7.000000000000000000e+00 1.785714365541934967e-02 7.271700286865234375e+01 4.747499847412109375e+01 3.316600036621093750e+01
7.000000000000000000e+00 4.464285913854837418e-03 7.459899902343750000e+01 4.716999816894531250e+01 3.651499938964843750e+01
7.000000000000000000e+00 3.125000000000000000e-02 7.196499633789062500e+01 4.908100128173828125e+01 3.841699981689453125e+01
1.500000000000000000e+01 1.696428507566452026e-01 6.898300170898437500e+01 4.706000137329101562e+01 3.740100097656250000e+01
2.200000000000000000e+01 1.026785746216773987e-01 6.991600036621093750e+01 4.403300094604492188e+01 3.950500106811523438e+01
7.000000000000000000e+00 1.964285671710968018e-01 6.792700195312500000e+01 4.089199829101562500e+01 4.087799835205078125e+01
9.000000000000000000e+00 4.151785671710968018e-01 6.449700164794921875e+01 4.188199996948242188e+01 4.242200088500976562e+01
1.100000000000000000e+01 6.607142686843872070e-01 6.076900100708007812e+01 4.221300125122070312e+01 4.247399902343750000e+01
2.000000000000000000e+01 7.544642686843872070e-01 5.968799972534179688e+01 4.533800125122070312e+01 4.069599914550781250e+01
1.300000000000000000e+01 8.750000000000000000e-01 5.653499984741210938e+01 4.741299819946289062e+01 4.020600128173828125e+01
2.200000000000000000e+01 8.883928656578063965e-01 5.543099975585937500e+01 4.995199966430664062e+01 3.768199920654296875e+01
7.000000000000000000e+00 9.241071343421936035e-01 5.245399856567382812e+01 5.207300186157226562e+01 3.867399978637695312e+01
1.100000000000000000e+01 8.973214030265808105e-01 5.107300186157226562e+01 5.386600112915039062e+01 3.563299942016601562e+01
3.000000000000000000e+00 8.125000000000000000e-01 4.866999816894531250e+01 5.688800048828125000e+01 3.586800003051757812e+01
1.800000000000000000e+01 8.705357313156127930e-01 4.618999862670898438e+01 5.526399993896484375e+01 3.336899948120117188e+01
1.300000000000000000e+01 7.812500000000000000e-01 4.301200103759765625e+01 5.692599868774414062e+01 3.453200149536132812e+01
1.700000000000000000e+01 6.250000000000000000e-01 4.455500030517578125e+01 6.048600006103515625e+01 3.428900146484375000e+01
2.000000000000000000e+01 5.714285969734191895e-01 4.508599853515625000e+01 6.032099914550781250e+01 3.053199958801269531e+01
1.900000000000000000e+01 5.535714030265808105e-01 4.137500000000000000e+01 5.965299987792968750e+01 3.014299964904785156e+01
1.300000000000000000e+01 3.616071343421936035e-01 4.045899963378906250e+01 6.247700119018554688e+01 3.261500167846679688e+01
0.000000000000000000e+00 2.276785671710968018e-01 4.252099990844726562e+01 6.492500305175781250e+01 3.053700065612792969e+01
1.200000000000000000e+01 1.919642835855484009e-01 4.046599960327148438e+01 6.377600097656250000e+01 2.753000068664550781e+01
9.000000000000000000e+00 1.383928507566452026e-01 3.722200012207031250e+01 6.408699798583984375e+01 2.975499916076660156e+01
1.100000000000000000e+01 3.080357015132904053e-01 3.642800140380859375e+01 6.033499908447265625e+01 2.954899978637695312e+01
1.700000000000000000e+01 4.821428656578063965e-01 3.560100173950195312e+01 5.835800170898437500e+01 3.281100082397460938e+01
1.600000000000000000e+01 6.964285969734191895e-01 3.688999938964843750e+01 5.482699966430664062e+01 3.324100112915039062e+01
1.500000000000000000e+01 7.232142686843872070e-01 3.551800155639648438e+01 5.232099914550781250e+01 3.576200103759765625e+01
7.000000000000000000e+00 8.794642686843872070e-01 4.165900039672851562e+01 5.354600143432617188e+01 3.872200012207031250e+01
0.000000000000000000e+00 9.732142686843872070e-01 4.721300125122070312e+01 5.041999816894531250e+01 3.680300140380859375e+01
7.000000000000000000e+00 9.866071343421936035e-01 4.992300033569335938e+01 4.834199905395507812e+01 3.859999847412109375e+01
2.200000000000000000e+01 9.776785969734191895e-01 5.222000122070312500e+01 4.604000091552734375e+01 3.660599899291992188e+01
2.200000000000000000e+01 9.464285969734191895e-01 5.431600189208984375e+01 4.385300064086914062e+01 3.915999984741210938e+01
1.500000000000000000e+01 8.660714030265808105e-01 5.704800033569335938e+01 4.121599960327148438e+01 3.828699874877929688e+01
1.800000000000000000e+01 6.919642686843872070e-01 6.041799926757812500e+01 3.960900115966796875e+01 3.919200134277343750e+01
0.000000000000000000e+00 5.625000000000000000e-01 6.329899978637695312e+01 4.102899932861328125e+01 3.709700012207031250e+01
2.000000000000000000e+00 2.901785671710968018e-01 6.656600189208984375e+01 3.936199951171875000e+01 3.623400115966796875e+01
3.000000000000000000e+00 2.946428656578063965e-01 6.503700256347656250e+01 3.613800048828125000e+01 3.794100189208984375e+01
1.700000000000000000e+01 1.116071417927742004e-01 6.699299621582031250e+01 3.343899917602539062e+01 3.609199905395507812e+01
9.000000000000000000e+00 6.250000000000000000e-02 6.980999755859375000e+01 3.593600082397460938e+01 3.557099914550781250e+01
1.600000000000000000e+01 8.035714179277420044e-02 6.976799774169921875e+01 3.895299911499023438e+01 3.333300018310546875e+01
1.000000000000000000e+00 2.142857164144515991e-01 6.714499664306640625e+01 3.963999938964843750e+01 3.052799987792968750e+01
1.000000000000000000e+00 2.678571343421936035e-01 6.632299804687500000e+01 4.288199996948242188e+01 2.851000022888183594e+01
2.000000000000000000e+01 5.491071343421936035e-01 6.270600128173828125e+01 4.404600143432617188e+01 2.953300094604492188e+01
1.800000000000000000e+01 6.071428656578063965e-01 6.045199966430664062e+01 4.611700057983398438e+01 2.724699974060058594e+01
1.100000000000000000e+01 7.946428656578063965e-01 5.712400054931640625e+01 4.661999893188476562e+01 2.895499992370605469e+01
0.000000000000000000e+00 8.258928656578063965e-01 5.408300018310546875e+01 4.774700164794921875e+01 2.691799926757812500e+01
0.000000000000000000e+00 9.196428656578063965e-01 5.062300109863281250e+01 4.885300064086914062e+01 2.820100021362304688e+01
1.200000000000000000e+01 8.437500000000000000e-01 4.771300125122070312e+01 4.935200119018554688e+01 2.574600028991699219e+01
1.200000000000000000e+01 8.303571343421936035e-01 4.483599853515625000e+01 5.146699905395507812e+01 2.692000007629394531e+01
1.700000000000000000e+01 7.455357313156127930e-01 4.105899810791015625e+01 5.162500000000000000e+01 2.619199943542480469e+01
1.600000000000000000e+01 7.187500000000000000e-01 3.846300125122070312e+01 5.309999847412109375e+01 2.875000000000000000e+01
2.000000000000000000e+01 7.767857313156127930e-01 3.681600189208984375e+01 4.981000137329101562e+01 2.986499977111816406e+01
1.700000000000000000e+01 8.571428656578063965e-01 3.956499862670898438e+01 4.745299911499023438e+01 2.872800064086914062e+01
2.000000000000000000e+01 9.642857313156127930e-01 4.314400100708007812e+01 4.730699920654296875e+01 2.996500015258789062e+01
1.700000000000000000e+01 9.508928656578063965e-01 4.611399841308593750e+01 4.533900070190429688e+01 2.838199996948242188e+01
1.800000000000000000e+01 9.598214030265808105e-01 4.981299972534179688e+01 4.491299819946289062e+01 2.888299942016601562e+01
1.800000000000000000e+01 8.839285969734191895e-01 5.257300186157226562e+01 4.262500000000000000e+01 2.780599975585937500e+01
0.000000000000000000e+00 8.035714030265808105e-01 5.622800064086914062e+01 4.232899856567382812e+01 2.827099990844726562e+01
2.200000000000000000e+01 6.026785969734191895e-01 5.888800048828125000e+01 4.153499984741210938e+01 2.568899917602539062e+01
2.200000000000000000e+01 4.955357015132904053e-01 6.170999908447265625e+01 3.962799835205078125e+01 2.750699996948242188e+01
1.800000000000000000e+01 2.008928507566452026e-01 6.488400268554687500e+01 3.914799880981445312e+01 2.528499984741210938e+01
2.000000000000000000e+00 6.696428358554840088e-02 6.813800048828125000e+01 3.759899902343750000e+01 2.654100036621093750e+01
1.600000000000000000e+01 1.339285727590322495e-02 7.108599853515625000e+01 4.005599975585937500e+01 2.657999992370605469e+01
