5.000000000000000000e+00 1.026785746216773987e-01 2.613800048828125000e+01 3.866999816894531250e+01 4.338999938964843750e+01
1.600000000000000000e+01 2.455357164144515991e-01 2.724799919128417969e+01 4.208200073242187500e+01 4.210499954223632812e+01
1.200000000000000000e+01 5.089285969734191895e-01 3.080999946594238281e+01 4.099800109863281250e+01 4.134899902343750000e+01
1.400000000000000000e+01 5.178571343421936035e-01 3.143499946594238281e+01 3.808100128173828125e+01 3.886100006103515625e+01
2.200000000000000000e+01 7.008928656578063965e-01 3.502700042724609375e+01 3.727500152587890625e+01 3.777000045776367188e+01
1.300000000000000000e+01 6.696428656578063965e-01 3.567800140380859375e+01 3.548099899291992188e+01 3.444699859619140625e+01
2.200000000000000000e+01 7.232142686843872070e-01 3.900000000000000000e+01 3.398799896240234375e+01 3.337099838256835938e+01
1.200000000000000000e+01 6.517857313156127930e-01 4.001900100708007812e+01 3.257799911499023438e+01 2.988800048828125000e+01
3.000000000000000000e+00 5.892857313156127930e-01 4.326599884033203125e+01 3.078700065612792969e+01 2.893300056457519531e+01
0.000000000000000000e+00 5.803571343421936035e-01 4.455199813842773438e+01 3.234700012207031250e+01 2.584799957275390625e+01
2.200000000000000000e+01 4.017857015132904053e-01 4.720700073242187500e+01 2.962800025939941406e+01 2.513599967956542969e+01
1.000000000000000000e+00 2.187500000000000000e-01 4.454100036621093750e+01 2.684600067138671875e+01 2.512400054931640625e+01
9.000000000000000000e+00 2.544642984867095947e-01 4.169499969482421875e+01 2.895599937438964844e+01 2.380800056457519531e+01
1.700000000000000000e+01 2.410714328289031982e-01 3.927299880981445312e+01 2.807399940490722656e+01 2.640699958801269531e+01
1.600000000000000000e+01 3.303571343421936035e-01 3.814899826049804688e+01 2.885499954223632812e+01 2.995899963378906250e+01
0.000000000000000000e+00 4.910714328289031982e-01 4.062500000000000000e+01 2.855900001525878906e+01 3.297499847412109375e+01
1.100000000000000000e+01 2.901785671710968018e-01 3.918199920654296875e+01 2.624799919128417969e+01 3.555500030517578125e+01
2.000000000000000000e+00 2.991071343421936035e-01 4.013600158691406250e+01 2.632200050354003906e+01 3.924599838256835938e+01
2.200000000000000000e+01 5.848214030265808105e-01 4.181000137329101562e+01 2.980100059509277344e+01 3.921699905395507812e+01
0.000000000000000000e+00 6.473214030265808105e-01 4.177799987792968750e+01 3.171400070190429688e+01 4.246200180053710938e+01
1.400000000000000000e+01 7.544642686843872070e-01 4.125299835205078125e+01 3.534299850463867188e+01 4.311399841308593750e+01
2.200000000000000000e+01 7.455357313156127930e-01 3.900199890136718750e+01 4.094900131225585938e+01 4.596099853515625000e+01
1.500000000000000000e+01 7.321428656578063965e-01 4.023600006103515625e+01 4.383399963378906250e+01 4.808900070190429688e+01
1.000000000000000000e+00 6.339285969734191895e-01 3.866999816894531250e+01 4.717499923706054688e+01 4.938600158691406250e+01
1.300000000000000000e+01 5.357142686843872070e-01 4.023600006103515625e+01 5.035400009155273438e+01 5.078400039672851562e+01
0.000000000000000000e+00 2.633928656578063965e-01 4.005899810791015625e+01 5.155599975585937500e+01 5.438299942016601562e+01
0.000000000000000000e+00 9.375000000000000000e-02 3.925600051879882812e+01 5.519900131225585938e+01 5.532600021362304688e+01
3.000000000000000000e+00 1.294642835855484009e-01 4.298899841308593750e+01 5.596099853515625000e+01 5.533700180053710938e+01
3.000000000000000000e+00 4.062500000000000000e-01 4.356800079345703125e+01 5.446799850463867188e+01 5.189899826049804688e+01
1.800000000000000000e+01 4.553571343421936035e-01 4.492100143432617188e+01 5.111999893188476562e+01 5.333200073242187500e+01
1.900000000000000000e+01 6.205357313156127930e-01 4.384299850463867188e+01 4.786100006103515625e+01 5.159999847412109375e+01
7.000000000000000000e+00 4.821428656578063965e-01 4.160699844360351562e+01 4.528699874877929688e+01 5.323799896240234375e+01
1.600000000000000000e+01 5.267857313156127930e-01 4.110499954223632812e+01 4.178099822998046875e+01 5.186700057983398438e+01
1.500000000000000000e+01 4.732142984867095947e-01 3.742300033569335938e+01 4.167699813842773438e+01 5.102000045776367188e+01
0.000000000000000000e+00 4.642857015132904053e-01 3.627199935913085938e+01 3.846200180053710938e+01 4.923600006103515625e+01
1.700000000000000000e+01 5.000000000000000000e-01 3.786899948120117188e+01 3.533000183105468750e+01 4.773199844360351562e+01
9.000000000000000000e+00 4.151785671710968018e-01 3.724200057983398438e+01 3.222200012207031250e+01 4.552199935913085938e+01
1.300000000000000000e+01 4.419642984867095947e-01 3.813199996948242188e+01 3.011400032043457031e+01 4.247800064086914062e+01
1.800000000000000000e+01 3.883928656578063965e-01 3.636600112915039062e+01 2.965999984741210938e+01 3.896200180053710938e+01
1.700000000000000000e+01 1.428571492433547974e-01 3.348699951171875000e+01 2.729599952697753906e+01 3.822200012207031250e+01
7.000000000000000000e+00 5.357142910361289978e-02 3.292300033569335938e+01 2.492600059509277344e+01 3.520299911499023438e+01
1.700000000000000000e+01 1.071428582072257996e-01 3.233700180053710938e+01 2.784799957275390625e+01 3.265499877929687500e+01
9.000000000000000000e+00 3.571428656578063965e-01 3.549200057983398438e+01 2.980800056457519531e+01 3.380699920654296875e+01
7.000000000000000000e+00 3.973214328289031982e-01 3.328400039672851562e+01 3.217900085449218750e+01 3.583300018310546875e+01
1.200000000000000000e+01 3.348214328289031982e-01 3.254299926757812500e+01 3.262099838256835938e+01 3.957699966430664062e+01
9.000000000000000000e+00 1.205357164144515991e-01 2.934900093078613281e+01 3.374800109863281250e+01 4.437599945068359375e+01
1.200000000000000000e+01 3.035714328289031982e-01 3.194799995422363281e+01 3.625799942016601562e+01 4.579899978637695312e+01
1.800000000000000000e+01 2.142857164144515991e-01 3.016200065612792969e+01 3.910699844360351562e+01 4.772999954223632812e+01
1.800000000000000000e+01 4.910714179277420044e-02 2.649399948120117188e+01 4.013000106811523438e+01 4.855699920654296875e+01
7.000000000000000000e+00 2.232142910361289978e-02 2.461700057983398438e+01 4.327099990844726562e+01 4.772200012207031250e+01
7.000000000000000000e+00 0.000000000000000000e+00 2.413599967956542969e+01 4.455799865722656250e+01 5.135499954223632812e+01
7.000000000000000000e+00 4.464285820722579956e-02 2.791799926757812500e+01 4.469200134277343750e+01 5.191500091552734375e+01
1.500000000000000000e+01 1.741071492433547974e-01 2.898100090026855469e+01 4.596699905395507812e+01 4.836700057983398438e+01
2.200000000000000000e+01 1.383928507566452026e-01 2.881800079345703125e+01 4.983200073242187500e+01 4.819400024414062500e+01
7.000000000000000000e+00 2.232142835855484009e-01 3.071800041198730469e+01 5.298699951171875000e+01 4.702799987792968750e+01
9.000000000000000000e+00 3.928571343421936035e-01 3.451200103759765625e+01 5.289599990844726562e+01 4.763700103759765625e+01
1.100000000000000000e+01 6.562500000000000000e-01 3.770100021362304688e+01 5.175600051879882812e+01 4.606399917602539062e+01
2.000000000000000000e+01 7.767857313156127930e-01 3.852099990844726562e+01 4.811999893188476562e+01 4.524700164794921875e+01
1.300000000000000000e+01 9.196428656578063965e-01 4.108900070190429688e+01 4.604899978637695312e+01 4.330400085449218750e+01
2.200000000000000000e+01 9.285714030265808105e-01 4.126900100708007812e+01 4.234000015258789062e+01 4.226599884033203125e+01
7.000000000000000000e+00 9.330357313156127930e-01 4.439699935913085938e+01 4.017100143432617188e+01 4.227299880981445312e+01
1.100000000000000000e+01 9.017857313156127930e-01 4.406299972534179688e+01 3.684199905395507812e+01 4.036500167846679688e+01
3.000000000000000000e+00 8.080357313156127930e-01 4.658499908447265625e+01 3.393099975585937500e+01 4.117499923706054688e+01
1.800000000000000000e+01 8.348214030265808105e-01 4.828200149536132812e+01 3.358800125122070312e+01 3.774499893188476562e+01
1.300000000000000000e+01 7.410714030265808105e-01 5.168899917602539062e+01 3.263499832153320312e+01 3.898600006103515625e+01
1.700000000000000000e+01 5.714285969734191895e-01 5.031800079345703125e+01 2.938699913024902344e+01 4.040100097656250000e+01
2.000000000000000000e+01 6.160714030265808105e-01 4.824300003051757812e+01 2.881599998474121094e+01 3.720100021362304688e+01
1.900000000000000000e+01 5.401785969734191895e-01 5.134600067138671875e+01 2.846800041198730469e+01 3.499499893188476562e+01
1.300000000000000000e+01 3.437500000000000000e-01 5.324800109863281250e+01 2.668899917602539062e+01 3.781999969482421875e+01
0.000000000000000000e+00 2.053571492433547974e-01 5.076499938964843750e+01 2.383799934387207031e+01 3.771400070190429688e+01
1.200000000000000000e+01 1.919642835855484009e-01 5.098600006103515625e+01 2.372299957275390625e+01 3.382600021362304688e+01
9.000000000000000000e+00 1.339285671710968018e-01 5.478599929809570312e+01 2.386400032043457031e+01 3.406200027465820312e+01
1.100000000000000000e+01 3.214285671710968018e-01 5.514400100708007812e+01 2.725200080871582031e+01 3.220000076293945312e+01
1.700000000000000000e+01 4.598214328289031982e-01 5.758800125122070312e+01 3.001499938964843750e+01 3.326599884033203125e+01
1.600000000000000000e+01 6.830357313156127930e-01 5.590299987792968750e+01 3.299700164794921875e+01 3.490900039672851562e+01
1.500000000000000000e+01 7.991071343421936035e-01 5.663100051879882812e+01 3.670100021362304688e+01 3.466999816894531250e+01
7.000000000000000000e+00 9.062500000000000000e-01 5.299000167846679688e+01 3.826100158691406250e+01 3.984199905395507812e+01
0.000000000000000000e+00 9.866071343421936035e-01 4.668000030517578125e+01 3.986800003051757812e+01 3.659600067138671875e+01
7.000000000000000000e+00 9.955357313156127930e-01 4.477399826049804688e+01 4.259199905395507812e+01 3.832300186157226562e+01
2.200000000000000000e+01 9.910714030265808105e-01 4.241400146484375000e+01 4.564199829101562500e+01 3.789599990844726562e+01
2.200000000000000000e+01 9.508928656578063965e-01 4.180099868774414062e+01 4.878200149536132812e+01 4.031700134277343750e+01
1.500000000000000000e+01 8.482142686843872070e-01 3.841099929809570312e+01 5.047200012207031250e+01 4.009600067138671875e+01
1.800000000000000000e+01 6.785714030265808105e-01 3.599200057983398438e+01 5.291899871826171875e+01 4.186800003051757812e+01
0.000000000000000000e+00 5.312500000000000000e-01 3.255599975585937500e+01 5.129800033569335938e+01 4.238899993896484375e+01
2.000000000000000000e+00 2.767857015132904053e-01 2.909799957275390625e+01 5.266400146484375000e+01 4.221400070190429688e+01
3.000000000000000000e+00 2.500000000000000000e-01 3.011599922180175781e+01 5.614199829101562500e+01 4.086999893188476562e+01
1.700000000000000000e+01 8.482142537832260132e-02 2.680999946594238281e+01 5.627399826049804688e+01 3.892800140380859375e+01
9.000000000000000000e+00 5.803571268916130066e-02 2.502099990844726562e+01 5.393399810791015625e+01 4.150999832153320312e+01
1.600000000000000000e+01 7.142857462167739868e-02 2.450399971008300781e+01 5.014599990844726562e+01 4.203699874877929688e+01
1.000000000000000000e+00 1.607142835855484009e-01 2.546299934387207031e+01 4.795500183105468750e+01 3.901800155639648438e+01
1.000000000000000000e+00 2.857142984867095947e-01 2.681900024414062500e+01 4.449800109863281250e+01 3.843700027465820312e+01
2.000000000000000000e+01 5.491071343421936035e-01 3.035199928283691406e+01 4.419499969482421875e+01 3.734199905395507812e+01
1.800000000000000000e+01 6.428571343421936035e-01 3.190600013732910156e+01 4.130599975585937500e+01 3.559400177001953125e+01
1.100000000000000000e+01 8.169642686843872070e-01 3.566999816894531250e+01 4.141400146484375000e+01 3.551100158691406250e+01
0.000000000000000000e+00 8.035714030265808105e-01 3.696799850463867188e+01 3.934400177001953125e+01 3.249499893188476562e+01
0.000000000000000000e+00 8.973214030265808105e-01 4.068799972534179688e+01 3.845899963378906250e+01 3.267800140380859375e+01
1.200000000000000000e+01 8.437500000000000000e-01 4.265800094604492188e+01 3.702600097656250000e+01 2.971400070190429688e+01
1.200000000000000000e+01 8.392857313156127930e-01 4.582300186157226562e+01 3.519100189208984375e+01 3.072599983215332031e+01
1.700000000000000000e+01 7.946428656578063965e-01 4.903400039672851562e+01 3.483399963378906250e+01 2.870400047302246094e+01
1.600000000000000000e+01 7.500000000000000000e-01 5.247999954223632812e+01 3.414099884033203125e+01 3.037999916076660156e+01
2.000000000000000000e+01 8.125000000000000000e-01 5.405699920654296875e+01 3.755199813842773438e+01 2.944000053405761719e+01
1.700000000000000000e+01 9.107142686843872070e-01 5.063899993896484375e+01 3.945399856567382812e+01 2.909000015258789062e+01
2.000000000000000000e+01 9.687500000000000000e-01 4.729800033569335938e+01 4.004299926757812500e+01 3.058699989318847656e+01
1.700000000000000000e+01 9.375000000000000000e-01 4.409899902343750000e+01 4.175500106811523438e+01 2.942399978637695312e+01
1.800000000000000000e+01 9.598214030265808105e-01 4.120299911499023438e+01 4.283300018310546875e+01 3.175600051879882812e+01
1.800000000000000000e+01 8.616071343421936035e-01 3.777700042724609375e+01 4.416099929809570312e+01 3.084499931335449219e+01
0.000000000000000000e+00 7.812500000000000000e-01 3.477000045776367188e+01 4.504100036621093750e+01 3.293199920654296875e+01
2.200000000000000000e+01 5.758928656578063965e-01 3.129500007629394531e+01 4.447299957275390625e+01 3.171500015258789062e+01
2.200000000000000000e+01 4.330357015132904053e-01 2.882900047302246094e+01 4.678499984741210938e+01 3.361399841308593750e+01
1.800000000000000000e+01 1.651785671710968018e-01 2.522900009155273438e+01 4.535499954223632812e+01 3.385699844360351562e+01
2.000000000000000000e+00 3.571428731083869934e-02 2.206500053405761719e+01 4.714500045776367188e+01 3.511999893188476562e+01
1.600000000000000000e+01 4.464285913854837418e-03 1.976899909973144531e+01 4.559600067138671875e+01 3.779899978637695312e+01
5.000000000000000000e+00 1.562500000000000000e-01 6.708599853515625000e+01 4.926900100708007812e+01 2.726600074768066406e+01
1.600000000000000000e+01 2.276785671710968018e-01 6.751999664306640625e+01 4.724800109863281250e+01 3.052099990844726562e+01
1.200000000000000000e+01 4.866071343421936035e-01 6.413600158691406250e+01 4.873500061035156250e+01 3.145499992370605469e+01
1.400000000000000000e+01 5.223214030265808105e-01 6.184600067138671875e+01 5.049700164794921875e+01 2.893600082397460938e+01
2.200000000000000000e+01 7.098214030265808105e-01 5.806999969482421875e+01 5.120700073242187500e+01 2.921500015258789062e+01
1.300000000000000000e+01 6.875000000000000000e-01 5.576599884033203125e+01 5.182500076293945312e+01 2.625099945068359375e+01
2.200000000000000000e+01 7.366071343421936035e-01 5.214500045776367188e+01 5.329000091552734375e+01 2.656699943542480469e+01
1.200000000000000000e+01 6.607142686843872070e-01 4.988299942016601562e+01 5.289799880981445312e+01 2.356999969482421875e+01
3.000000000000000000e+00 6.250000000000000000e-01 4.621599960327148438e+01 5.410400009155273438e+01 2.292499923706054688e+01
0.000000000000000000e+00 5.982142686843872070e-01 4.373799896240234375e+01 5.141400146484375000e+01 2.151300048828125000e+01
2.200000000000000000e+01 3.794642984867095947e-01 4.106499862670898438e+01 5.380300140380859375e+01 2.048100090026855469e+01
1.000000000000000000e+00 2.008928507566452026e-01 4.299499893188476562e+01 5.591799926757812500e+01 1.794499969482421875e+01
9.000000000000000000e+00 2.812500000000000000e-01 4.579600143432617188e+01 5.325799942016601562e+01 1.741799926757812500e+01
1.700000000000000000e+01 2.589285671710968018e-01 4.836100006103515625e+01 5.587200164794921875e+01 1.844099998474121094e+01
1.600000000000000000e+01 3.482142984867095947e-01 5.109199905395507812e+01 5.659799957275390625e+01 2.117700004577636719e+01
0.000000000000000000e+00 5.133928656578063965e-01 4.985200119018554688e+01 5.788999938964843750e+01 2.456500053405761719e+01
1.100000000000000000e+01 3.080357015132904053e-01 5.168199920654296875e+01 6.115399932861328125e+01 2.534600067138671875e+01
2.000000000000000000e+00 3.125000000000000000e-01 5.254899978637695312e+01 6.271400070190429688e+01 2.883699989318847656e+01
2.200000000000000000e+01 6.116071343421936035e-01 5.150999832153320312e+01 5.959600067138671875e+01 3.062500000000000000e+01
0.000000000000000000e+00 6.294642686843872070e-01 5.285900115966796875e+01 5.977700042724609375e+01 3.417300033569335938e+01
1.400000000000000000e+01 7.276785969734191895e-01 5.455699920654296875e+01 5.673199844360351562e+01 3.579499816894531250e+01
2.200000000000000000e+01 7.142857313156127930e-01 5.854800033569335938e+01 5.275999832153320312e+01 3.938899993896484375e+01
1.500000000000000000e+01 6.741071343421936035e-01 5.913399887084960938e+01 5.082199859619140625e+01 4.267599868774414062e+01
1.000000000000000000e+00 6.071428656578063965e-01 6.108700180053710938e+01 4.785499954223632812e+01 4.390599822998046875e+01
1.300000000000000000e+01 5.044642686843872070e-01 6.105199813842773438e+01 4.541699981689453125e+01 4.698600006103515625e+01
0.000000000000000000e+00 2.098214328289031982e-01 6.356999969482421875e+01 4.586500167846679688e+01 4.991799926757812500e+01
0.000000000000000000e+00 7.589285820722579956e-02 6.462500000000000000e+01 4.286399841308593750e+01 5.224399948120117188e+01
3.000000000000000000e+00 8.928571641445159912e-02 6.139500045776367188e+01 4.332899856567382812e+01 5.441500091552734375e+01
3.000000000000000000e+00 3.392857015132904053e-01 5.914400100708007812e+01 4.333900070190429688e+01 5.127299880981445312e+01
1.800000000000000000e+01 3.616071343421936035e-01 5.851900100708007812e+01 4.713600158691406250e+01 5.138299942016601562e+01
1.900000000000000000e+01 5.535714030265808105e-01 5.797299957275390625e+01 4.908700180053710938e+01 4.827799987792968750e+01
7.000000000000000000e+00 3.660714328289031982e-01 6.073500061035156250e+01 5.155099868774414062e+01 4.777799987792968750e+01
1.600000000000000000e+01 4.464285671710968018e-01 6.054700088500976562e+01 5.416699981689453125e+01 4.491099929809570312e+01
1.500000000000000000e+01 3.839285671710968018e-01 6.303699874877929688e+01 5.333800125122070312e+01 4.210800170898437500e+01
0.000000000000000000e+00 3.705357015132904053e-01 6.251699829101562500e+01 5.586800003051757812e+01 3.915900039672851562e+01
1.700000000000000000e+01 4.687500000000000000e-01 5.973500061035156250e+01 5.800500106811523438e+01 3.767800140380859375e+01
9.000000000000000000e+00 3.526785671710968018e-01 5.885100173950195312e+01 6.023400115966796875e+01 3.467200088500976562e+01
1.300000000000000000e+01 4.196428656578063965e-01 5.636999893188476562e+01 6.066099929809570312e+01 3.197299957275390625e+01
1.800000000000000000e+01 4.285714328289031982e-01 5.603900146484375000e+01 5.934199905395507812e+01 2.830800056457519531e+01
1.700000000000000000e+01 1.696428507566452026e-01 5.752000045776367188e+01 6.106700134277343750e+01 2.529500007629394531e+01
7.000000000000000000e+00 8.035714179277420044e-02 5.541799926757812500e+01 6.218099975585937500e+01 2.225300025939941406e+01
1.700000000000000000e+01 1.473214328289031982e-01 5.628300094604492188e+01 5.871300125122070312e+01 2.098100090026855469e+01
9.000000000000000000e+00 4.241071343421936035e-01 5.473300170898437500e+01 5.703499984741210938e+01 2.406900024414062500e+01
7.000000000000000000e+00 4.375000000000000000e-01 5.796400070190429688e+01 5.559899902343750000e+01 2.543300056457519531e+01
1.200000000000000000e+01 4.107142984867095947e-01 6.004600143432617188e+01 5.618099975585937500e+01 2.850799942016601562e+01
9.000000000000000000e+00 9.821428358554840088e-02 6.649800109863281250e+01 5.630799865722656250e+01 3.043700027465820312e+01
1.200000000000000000e+01 2.723214328289031982e-01 6.505100250244140625e+01 5.483399963378906250e+01 3.361700057983398438e+01
1.800000000000000000e+01 1.250000000000000000e-01 6.822399902343750000e+01 5.298899841308593750e+01 3.493399810791015625e+01
1.800000000000000000e+01 2.678571455180644989e-02 7.165399932861328125e+01 5.125999832153320312e+01 3.405199813842773438e+01
7.000000000000000000e+00 1.785714365541934967e-02 7.260099792480468750e+01 4.765700149536132812e+01 3.345299911499023438e+01
7.000000000000000000e+00 8.928571827709674835e-03 7.435299682617187500e+01 4.677600097656250000e+01 3.670500183105468750e+01
7.000000000000000000e+00 3.125000000000000000e-02 7.196299743652343750e+01 4.912599945068359375e+01 3.874000167846679688e+01
1.500000000000000000e+01 1.785714328289031982e-01 6.895200347900390625e+01 4.708900070190429688e+01 3.751399993896484375e+01
2.200000000000000000e+01 1.116071417927742004e-01 6.966500091552734375e+01 4.368899917602539062e+01 3.933800125122070312e+01
7.000000000000000000e+00 2.366071492433547974e-01 6.735099792480468750e+01 4.073799896240234375e+01 4.023199844360351562e+01
9.000000000000000000e+00 4.508928656578063965e-01 6.437000274658203125e+01 4.198300170898437500e+01 4.207500076293945312e+01
1.100000000000000000e+01 6.651785969734191895e-01 6.069200134277343750e+01 4.226499938964843750e+01 4.211000061035156250e+01
2.000000000000000000e+01 7.633928656578063965e-01 5.961800003051757812e+01 4.561999893188476562e+01 4.049900054931640625e+01
1.300000000000000000e+01 8.794642686843872070e-01 5.636700057983398438e+01 4.766199874877929688e+01 4.020100021362304688e+01
2.200000000000000000e+01 8.883928656578063965e-01 5.559299850463867188e+01 5.016799926757812500e+01 3.753699874877929688e+01
7.000000000000000000e+00 9.151785969734191895e-01 5.260900115966796875e+01 5.237200164794921875e+01 3.867800140380859375e+01
1.100000000000000000e+01 8.928571343421936035e-01 5.096099853515625000e+01 5.409000015258789062e+01 3.571099853515625000e+01
3.000000000000000000e+00 8.258928656578063965e-01 4.824700164794921875e+01 5.683700180053710938e+01 3.602199935913085938e+01
1.800000000000000000e+01 8.571428656578063965e-01 4.610300064086914062e+01 5.543600082397460938e+01 3.309000015258789062e+01
1.300000000000000000e+01 7.723214030265808105e-01 4.282300186157226562e+01 5.709400177001953125e+01 3.417800140380859375e+01
1.700000000000000000e+01 6.383928656578063965e-01 4.466400146484375000e+01 6.051100158691406250e+01 3.440499877929687500e+01
2.000000000000000000e+01 6.026785969734191895e-01 4.532300186157226562e+01 6.022100067138671875e+01 3.067099952697753906e+01
1.900000000000000000e+01 5.580357313156127930e-01 4.173699951171875000e+01 5.959700012207031250e+01 2.985499954223632812e+01
1.300000000000000000e+01 3.750000000000000000e-01 4.040800094604492188e+01 6.235699844360351562e+01 3.210200119018554688e+01
0.000000000000000000e+00 2.321428507566452026e-01 4.283499908447265625e+01 6.478099822998046875e+01 3.042700004577636719e+01
1.200000000000000000e+01 1.964285671710968018e-01 4.108599853515625000e+01 6.370500183105468750e+01 2.707099914550781250e+01
9.000000000000000000e+00 1.517857164144515991e-01 3.775899887084960938e+01 6.395299911499023438e+01 2.905100059509277344e+01
1.100000000000000000e+01 3.258928656578063965e-01 3.709000015258789062e+01 6.025000000000000000e+01 2.900699996948242188e+01
1.700000000000000000e+01 4.776785671710968018e-01 3.600600051879882812e+01 5.873400115966796875e+01 3.234199905395507812e+01
1.600000000000000000e+01 6.919642686843872070e-01 3.702999877929687500e+01 5.506100082397460938e+01 3.299800109863281250e+01
1.500000000000000000e+01 7.187500000000000000e-01 3.545500183105468750e+01 5.282899856567382812e+01 3.571699905395507812e+01
7.000000000000000000e+00 8.750000000000000000e-01 4.152199935913085938e+01 5.354899978637695312e+01 3.843700027465820312e+01
0.000000000000000000e+00 9.732142686843872070e-01 4.739799880981445312e+01 5.057300186157226562e+01 3.702099990844726562e+01
7.000000000000000000e+00 9.821428656578063965e-01 5.024800109863281250e+01 4.852500152587890625e+01 3.869400024414062500e+01
2.200000000000000000e+01 9.776785969734191895e-01 5.237900161743164062e+01 4.624900054931640625e+01 3.649800109863281250e+01
2.200000000000000000e+01 9.464285969734191895e-01 5.452399826049804688e+01 4.400400161743164062e+01 3.858800125122070312e+01
1.500000000000000000e+01 8.705357313156127930e-01 5.698799896240234375e+01 4.134299850463867188e+01 3.775500106811523438e+01
1.800000000000000000e+01 7.053571343421936035e-01 6.029100036621093750e+01 3.970299911499023438e+01 3.874800109863281250e+01
0.000000000000000000e+00 5.625000000000000000e-01 6.321099853515625000e+01 4.102199935913085938e+01 3.667100143432617188e+01
2.000000000000000000e+00 2.946428656578063965e-01 6.645600128173828125e+01 3.912699890136718750e+01 3.588399887084960938e+01
3.000000000000000000e+00 3.169642984867095947e-01 6.486199951171875000e+01 3.606000137329101562e+01 3.760900115966796875e+01
1.700000000000000000e+01 1.160714253783226013e-01 6.667099761962890625e+01 3.343099975585937500e+01 3.560499954223632812e+01
9.000000000000000000e+00 6.250000000000000000e-02 6.973100280761718750e+01 3.568899917602539062e+01 3.509500122070312500e+01
1.600000000000000000e+01 6.696428358554840088e-02 7.018800354003906250e+01 3.886600112915039062e+01 3.291099929809570312e+01
1.000000000000000000e+00 1.830357164144515991e-01 6.756600189208984375e+01 3.981200027465820312e+01 3.036300086975097656e+01
1.000000000000000000e+00 2.678571343421936035e-01 6.624299621582031250e+01 4.286500167846679688e+01 2.858200073242187500e+01
2.000000000000000000e+01 5.446428656578063965e-01 6.266199874877929688e+01 4.399599838256835938e+01 2.938999938964843750e+01
1.800000000000000000e+01 5.937500000000000000e-01 6.059299850463867188e+01 4.601599884033203125e+01 2.690399932861328125e+01
1.100000000000000000e+01 7.857142686843872070e-01 5.717499923706054688e+01 4.670000076293945312e+01 2.842200088500976562e+01
0.000000000000000000e+00 8.214285969734191895e-01 5.391600036621093750e+01 4.789899826049804688e+01 2.671400070190429688e+01
0.000000000000000000e+00 9.241071343421936035e-01 5.061500167846679688e+01 4.907899856567382812e+01 2.830800056457519531e+01
1.200000000000000000e+01 8.526785969734191895e-01 4.759000015258789062e+01 4.929199981689453125e+01 2.589999961853027344e+01
1.200000000000000000e+01 8.303571343421936035e-01 4.493199920654296875e+01 5.176300048828125000e+01 2.702400016784667969e+01
1.700000000000000000e+01 7.678571343421936035e-01 4.108900070190429688e+01 5.161500167846679688e+01 2.645100021362304688e+01
1.600000000000000000e+01 6.964285969734191895e-01 3.824900054931640625e+01 5.338800048828125000e+01 2.839399909973144531e+01
2.000000000000000000e+01 7.589285969734191895e-01 3.662900161743164062e+01 5.014899826049804688e+01 2.986599922180175781e+01
1.700000000000000000e+01 8.660714030265808105e-01 3.951399993896484375e+01 4.775400161743164062e+01 2.924099922180175781e+01
2.000000000000000000e+01 9.419642686843872070e-01 4.315900039672851562e+01 4.749000167846679688e+01 2.981299972534179688e+01
1.700000000000000000e+01 9.553571343421936035e-01 4.611999893188476562e+01 4.522299957275390625e+01 2.835499954223632812e+01
1.800000000000000000e+01 9.642857313156127930e-01 4.982600021362304688e+01 4.499399948120117188e+01 2.915200042724609375e+01
1.800000000000000000e+01 8.839285969734191895e-01 5.261999893188476562e+01 4.282600021362304688e+01 2.769400024414062500e+01
0.000000000000000000e+00 7.901785969734191895e-01 5.643600082397460938e+01 4.236500167846679688e+01 2.780800056457519531e+01
2.200000000000000000e+01 5.669642686843872070e-01 5.899399948120117188e+01 4.130899810791015625e+01 2.524699974060058594e+01
2.200000000000000000e+01 4.955357015132904053e-01 6.183700180053710938e+01 3.979199981689453125e+01 2.721299934387207031e+01
1.800000000000000000e+01 1.875000000000000000e-01 6.508200073242187500e+01 3.886199951171875000e+01 2.538599967956542969e+01
2.000000000000000000e+00 4.017857089638710022e-02 6.871600341796875000e+01 3.778699874877929688e+01 2.586199951171875000e+01
1.600000000000000000e+01 1.339285727590322495e-02 7.138899993896484375e+01 4.054600143432617188e+01 2.622999954223632812e+01
