5.000000000000000000e+00 1.294642835855484009e-01 2.595199966430664062e+01 3.861800003051757812e+01 4.125500106811523438e+01
1.600000000000000000e+01 2.455357164144515991e-01 2.705999946594238281e+01 4.232400131225585938e+01 4.182899856567382812e+01
1.200000000000000000e+01 5.089285969734191895e-01 3.077400016784667969e+01 4.145500183105468750e+01 4.133700180053710938e+01
1.400000000000000000e+01 5.357142686843872070e-01 3.163999938964843750e+01 3.867900085449218750e+01 3.886100006103515625e+01
2.200000000000000000e+01 7.008928656578063965e-01 3.504399871826171875e+01 3.761700057983398438e+01 3.775899887084960938e+01
1.300000000000000000e+01 6.696428656578063965e-01 3.564199829101562500e+01 3.548400115966796875e+01 3.467499923706054688e+01
2.200000000000000000e+01 7.633928656578063965e-01 3.931600189208984375e+01 3.460200119018554688e+01 3.403400039672851562e+01
1.200000000000000000e+01 6.964285969734191895e-01 4.049100112915039062e+01 3.348600006103515625e+01 3.050200080871582031e+01
3.000000000000000000e+00 6.562500000000000000e-01 4.371599960327148438e+01 3.164599990844726562e+01 2.941300010681152344e+01
0.000000000000000000e+00 6.428571343421936035e-01 4.556200027465820312e+01 3.303099822998046875e+01 2.626300048828125000e+01
2.200000000000000000e+01 4.107142984867095947e-01 4.755699920654296875e+01 2.995999908447265625e+01 2.535799980163574219e+01
1.000000000000000000e+00 2.410714328289031982e-01 4.468799972534179688e+01 2.752199935913085938e+01 2.474300003051757812e+01
9.000000000000000000e+00 3.392857015132904053e-01 4.239699935913085938e+01 3.061899948120117188e+01 2.413800048828125000e+01
1.700000000000000000e+01 2.901785671710968018e-01 4.000099945068359375e+01 2.904599952697753906e+01 2.660400009155273438e+01
1.600000000000000000e+01 4.196428656578063965e-01 3.859899902343750000e+01 2.976300048828125000e+01 3.016799926757812500e+01
0.000000000000000000e+00 5.223214030265808105e-01 4.103499984741210938e+01 2.928000068664550781e+01 3.304499816894531250e+01
1.100000000000000000e+01 3.214285671710968018e-01 4.002199935913085938e+01 2.670199966430664062e+01 3.572900009155273438e+01
2.000000000000000000e+00 3.303571343421936035e-01 4.106200027465820312e+01 2.673800086975097656e+01 3.933599853515625000e+01
2.200000000000000000e+01 6.383928656578063965e-01 4.265800094604492188e+01 3.035799980163574219e+01 3.928599929809570312e+01
0.000000000000000000e+00 6.473214030265808105e-01 4.263899993896484375e+01 3.161400032043457031e+01 4.277099990844726562e+01
1.400000000000000000e+01 7.544642686843872070e-01 4.206299972534179688e+01 3.526699829101562500e+01 4.360100173950195312e+01
2.200000000000000000e+01 7.232142686843872070e-01 3.914300155639648438e+01 4.059600067138671875e+01 4.667399978637695312e+01
1.500000000000000000e+01 6.741071343421936035e-01 3.997900009155273438e+01 4.326399993896484375e+01 4.921799850463867188e+01
1.000000000000000000e+00 5.580357313156127930e-01 3.783200073242187500e+01 4.631499862670898438e+01 5.011500167846679688e+01
1.300000000000000000e+01 5.133928656578063965e-01 3.947200012207031250e+01 4.965999984741210938e+01 5.101200103759765625e+01
0.000000000000000000e+00 2.500000000000000000e-01 3.844100189208984375e+01 5.041199874877929688e+01 5.463100051879882812e+01
0.000000000000000000e+00 8.482142537832260132e-02 3.752500152587890625e+01 5.386800003051757812e+01 5.602899932861328125e+01
3.000000000000000000e+00 7.589285820722579956e-02 4.110800170898437500e+01 5.446699905395507812e+01 5.730500030517578125e+01
3.000000000000000000e+00 2.857142984867095947e-01 4.250899887084960938e+01 5.330400085449218750e+01 5.388199996948242188e+01
1.800000000000000000e+01 3.258928656578063965e-01 4.338700103759765625e+01 4.967699813842773438e+01 5.498600006103515625e+01
1.900000000000000000e+01 5.401785969734191895e-01 4.290200042724609375e+01 4.692399978637695312e+01 5.253499984741210938e+01
7.000000000000000000e+00 3.437500000000000000e-01 4.026800155639648438e+01 4.467100143432617188e+01 5.425999832153320312e+01
1.600000000000000000e+01 3.526785671710968018e-01 3.978900146484375000e+01 4.091999816894531250e+01 5.339799880981445312e+01
1.500000000000000000e+01 3.571428656578063965e-01 3.646300125122070312e+01 4.092599868774414062e+01 5.150199890136718750e+01
0.000000000000000000e+00 4.017857015132904053e-01 3.609799957275390625e+01 3.775299835205078125e+01 4.928400039672851562e+01
1.700000000000000000e+01 4.910714328289031982e-01 3.823600006103515625e+01 3.486100006103515625e+01 4.794300079345703125e+01
9.000000000000000000e+00 3.750000000000000000e-01 3.811800003051757812e+01 3.166600036621093750e+01 4.596799850463867188e+01
1.300000000000000000e+01 4.687500000000000000e-01 3.899900054931640625e+01 3.012899971008300781e+01 4.261800003051757812e+01
1.800000000000000000e+01 4.732142984867095947e-01 3.743500137329101562e+01 3.005200004577636719e+01 3.917900085449218750e+01
1.700000000000000000e+01 2.008928507566452026e-01 3.487500000000000000e+01 2.736899948120117188e+01 3.807699966430664062e+01
7.000000000000000000e+00 8.928571641445159912e-02 3.492200088500976562e+01 2.529299926757812500e+01 3.487500000000000000e+01
1.700000000000000000e+01 1.607142835855484009e-01 3.339400100708007812e+01 2.815900039672851562e+01 3.267599868774414062e+01
9.000000000000000000e+00 4.464285671710968018e-01 3.601599884033203125e+01 3.068400001525878906e+01 3.390499877929687500e+01
7.000000000000000000e+00 4.285714328289031982e-01 3.376699829101562500e+01 3.240000152587890625e+01 3.639500045776367188e+01
1.200000000000000000e+01 4.642857015132904053e-01 3.418899917602539062e+01 3.287099838256835938e+01 4.020299911499023438e+01
9.000000000000000000e+00 1.026785746216773987e-01 2.891300010681152344e+01 3.387900161743164062e+01 4.475899887084960938e+01
1.200000000000000000e+01 2.812500000000000000e-01 3.145800018310546875e+01 3.671300125122070312e+01 4.547100067138671875e+01
1.800000000000000000e+01 1.875000000000000000e-01 2.916200065612792969e+01 3.913899993896484375e+01 4.714699935913085938e+01
1.800000000000000000e+01 4.017857089638710022e-02 2.552300071716308594e+01 3.998600006103515625e+01 4.786000061035156250e+01
7.000000000000000000e+00 2.232142910361289978e-02 2.395100021362304688e+01 4.342100143432617188e+01 4.766400146484375000e+01
7.000000000000000000e+00 0.000000000000000000e+00 2.329199981689453125e+01 4.334199905395507812e+01 5.144699859619140625e+01
7.000000000000000000e+00 2.678571455180644989e-02 2.710700035095214844e+01 4.308599853515625000e+01 5.209700012207031250e+01
1.500000000000000000e+01 1.250000000000000000e-01 2.835199928283691406e+01 4.490800094604492188e+01 4.901800155639648438e+01
2.200000000000000000e+01 9.821428358554840088e-02 2.855599975585937500e+01 4.872000122070312500e+01 4.947800064086914062e+01
7.000000000000000000e+00 1.964285671710968018e-01 3.008300018310546875e+01 5.180300140380859375e+01 4.779299926757812500e+01
9.000000000000000000e+00 3.616071343421936035e-01 3.374399948120117188e+01 5.263399887084960938e+01 4.753200149536132812e+01
1.100000000000000000e+01 6.339285969734191895e-01 3.730899810791015625e+01 5.144900131225585938e+01 4.671799850463867188e+01
2.000000000000000000e+01 7.321428656578063965e-01 3.814199829101562500e+01 4.760400009155273438e+01 4.614799880981445312e+01
1.300000000000000000e+01 8.750000000000000000e-01 4.117800140380859375e+01 4.562200164794921875e+01 4.472399902343750000e+01
2.200000000000000000e+01 9.107142686843872070e-01 4.088700103759765625e+01 4.220899963378906250e+01 4.295999908447265625e+01
7.000000000000000000e+00 9.419642686843872070e-01 4.431100082397460938e+01 4.048199844360351562e+01 4.292800140380859375e+01
1.100000000000000000e+01 9.151785969734191895e-01 4.446799850463867188e+01 3.729899978637695312e+01 4.082099914550781250e+01
3.000000000000000000e+00 8.348214030265808105e-01 4.729800033569335938e+01 3.465000152587890625e+01 4.135300064086914062e+01
1.800000000000000000e+01 8.660714030265808105e-01 4.842300033569335938e+01 3.457400131225585938e+01 3.775799942016601562e+01
1.300000000000000000e+01 7.678571343421936035e-01 5.184600067138671875e+01 3.316299819946289062e+01 3.863800048828125000e+01
1.700000000000000000e+01 5.848214030265808105e-01 5.109600067138671875e+01 2.958200073242187500e+01 4.021900177001953125e+01
2.000000000000000000e+01 5.758928656578063965e-01 4.895399856567382812e+01 2.862599945068359375e+01 3.725699996948242188e+01
1.900000000000000000e+01 5.446428656578063965e-01 5.187300109863281250e+01 2.882699966430664062e+01 3.476399993896484375e+01
1.300000000000000000e+01 3.660714328289031982e-01 5.430199813842773438e+01 2.738500022888183594e+01 3.722399902343750000e+01
0.000000000000000000e+00 2.187500000000000000e-01 5.218999862670898438e+01 2.423600006103515625e+01 3.762900161743164062e+01
1.200000000000000000e+01 1.785714328289031982e-01 5.249100112915039062e+01 2.385499954223632812e+01 3.382799911499023438e+01
9.000000000000000000e+00 1.116071417927742004e-01 5.622999954223632812e+01 2.411400032043457031e+01 3.373500061035156250e+01
1.100000000000000000e+01 2.991071343421936035e-01 5.641899871826171875e+01 2.775499916076660156e+01 3.241400146484375000e+01
1.700000000000000000e+01 4.776785671710968018e-01 5.830199813842773438e+01 3.084600067138671875e+01 3.385699844360351562e+01
1.600000000000000000e+01 7.053571343421936035e-01 5.555899810791015625e+01 3.373600006103515625e+01 3.367499923706054688e+01
1.500000000000000000e+01 8.169642686843872070e-01 5.613199996948242188e+01 3.743500137329101562e+01 3.368399810791015625e+01
7.000000000000000000e+00 9.062500000000000000e-01 5.320800018310546875e+01 3.803599929809570312e+01 3.980599975585937500e+01
0.000000000000000000e+00 9.866071343421936035e-01 4.680099868774414062e+01 4.067100143432617188e+01 3.767599868774414062e+01
7.000000000000000000e+00 9.910714030265808105e-01 4.550299835205078125e+01 4.348799896240234375e+01 4.004299926757812500e+01
2.200000000000000000e+01 9.732142686843872070e-01 4.261999893188476562e+01 4.590800094604492188e+01 3.929299926757812500e+01
2.200000000000000000e+01 9.375000000000000000e-01 4.122399902343750000e+01 4.882199859619140625e+01 4.139899826049804688e+01
1.500000000000000000e+01 8.303571343421936035e-01 3.770999908447265625e+01 5.035699844360351562e+01 4.068000030517578125e+01
1.800000000000000000e+01 6.517857313156127930e-01 3.501300048828125000e+01 5.236500167846679688e+01 4.270100021362304688e+01
0.000000000000000000e+00 4.866071343421936035e-01 3.170899963378906250e+01 5.055199813842773438e+01 4.350299835205078125e+01
2.000000000000000000e+00 2.321428507566452026e-01 2.817399978637695312e+01 5.165000152587890625e+01 4.284099960327148438e+01
3.000000000000000000e+00 2.142857164144515991e-01 2.886000061035156250e+01 5.510499954223632812e+01 4.140100097656250000e+01
1.700000000000000000e+01 4.464285820722579956e-02 2.547200012207031250e+01 5.665900039672851562e+01 4.078300094604492188e+01
9.000000000000000000e+00 1.785714365541934967e-02 2.364900016784667969e+01 5.405899810791015625e+01 4.285800170898437500e+01
1.600000000000000000e+01 5.357142910361289978e-02 2.358799934387207031e+01 5.035400009155273438e+01 4.227600097656250000e+01
1.000000000000000000e+00 1.651785671710968018e-01 2.564399909973144531e+01 4.849900054931640625e+01 3.979000091552734375e+01
1.000000000000000000e+00 2.589285671710968018e-01 2.671699905395507812e+01 4.513199996948242188e+01 3.849800109863281250e+01
2.000000000000000000e+01 5.625000000000000000e-01 3.045400047302246094e+01 4.489899826049804688e+01 3.760699844360351562e+01
1.800000000000000000e+01 6.116071343421936035e-01 3.152499961853027344e+01 4.188800048828125000e+01 3.525500106811523438e+01
1.100000000000000000e+01 8.035714030265808105e-01 3.528799819946289062e+01 4.174399948120117188e+01 3.494400024414062500e+01
0.000000000000000000e+00 8.258928656578063965e-01 3.729800033569335938e+01 3.964199829101562500e+01 3.265599822998046875e+01
0.000000000000000000e+00 9.241071343421936035e-01 4.098699951171875000e+01 3.885200119018554688e+01 3.293500137329101562e+01
1.200000000000000000e+01 8.705357313156127930e-01 4.312799835205078125e+01 3.727099990844726562e+01 3.024699974060058594e+01
1.200000000000000000e+01 8.571428656578063965e-01 4.640599822998046875e+01 3.551499938964843750e+01 3.110300064086914062e+01
1.700000000000000000e+01 7.723214030265808105e-01 4.954199981689453125e+01 3.444200134277343750e+01 2.915900039672851562e+01
1.600000000000000000e+01 7.142857313156127930e-01 5.326399993896484375e+01 3.381299972534179688e+01 3.003800010681152344e+01
2.000000000000000000e+01 7.812500000000000000e-01 5.450000000000000000e+01 3.733300018310546875e+01 2.889900016784667969e+01
1.700000000000000000e+01 8.839285969734191895e-01 5.121200180053710938e+01 3.908499908447265625e+01 2.878400039672851562e+01
2.000000000000000000e+01 9.687500000000000000e-01 4.794100189208984375e+01 3.995299911499023438e+01 3.071800041198730469e+01
1.700000000000000000e+01 9.598214030265808105e-01 4.473099899291992188e+01 4.195000076293945312e+01 2.960099983215332031e+01
1.800000000000000000e+01 9.642857313156127930e-01 4.156000137329101562e+01 4.291899871826171875e+01 3.146299934387207031e+01
1.800000000000000000e+01 8.526785969734191895e-01 3.804000091552734375e+01 4.400400161743164062e+01 3.039800071716308594e+01
0.000000000000000000e+00 8.125000000000000000e-01 3.556299972534179688e+01 4.560599899291992188e+01 3.274300003051757812e+01
2.200000000000000000e+01 6.205357313156127930e-01 3.184700012207031250e+01 4.582500076293945312e+01 3.196199989318847656e+01
2.200000000000000000e+01 4.821428656578063965e-01 2.961499977111816406e+01 4.821900177001953125e+01 3.406100082397460938e+01
1.800000000000000000e+01 2.053571492433547974e-01 2.587100028991699219e+01 4.736299896240234375e+01 3.397999954223632812e+01
2.000000000000000000e+00 5.803571268916130066e-02 2.281100082397460938e+01 4.910200119018554688e+01 3.555400085449218750e+01
1.600000000000000000e+01 8.928571827709674835e-03 2.008099937438964844e+01 4.691799926757812500e+01 3.746500015258789062e+01
5.000000000000000000e+00 1.383928507566452026e-01 6.787000274658203125e+01 5.043199920654296875e+01 2.828700065612792969e+01
1.600000000000000000e+01 2.366071492433547974e-01 6.761499786376953125e+01 4.782500076293945312e+01 3.111700057983398438e+01
1.200000000000000000e+01 5.044642686843872070e-01 6.399499893188476562e+01 4.874300003051757812e+01 3.152599906921386719e+01
1.400000000000000000e+01 5.178571343421936035e-01 6.190100097656250000e+01 5.063700103759765625e+01 2.883699989318847656e+01
2.200000000000000000e+01 6.875000000000000000e-01 5.818799972534179688e+01 5.145999908447265625e+01 2.883099937438964844e+01
1.300000000000000000e+01 6.607142686843872070e-01 5.603799819946289062e+01 5.188299942016601562e+01 2.569400024414062500e+01
2.200000000000000000e+01 7.276785969734191895e-01 5.253400039672851562e+01 5.312900161743164062e+01 2.607900047302246094e+01
1.200000000000000000e+01 6.651785969734191895e-01 4.961199951171875000e+01 5.305799865722656250e+01 2.348100090026855469e+01
3.000000000000000000e+00 6.294642686843872070e-01 4.590599822998046875e+01 5.414099884033203125e+01 2.320899963378906250e+01
0.000000000000000000e+00 5.714285969734191895e-01 4.343199920654296875e+01 5.172499847412109375e+01 2.143400001525878906e+01
2.200000000000000000e+01 3.482142984867095947e-01 4.072800064086914062e+01 5.445600128173828125e+01 2.057299995422363281e+01
1.000000000000000000e+00 2.098214328289031982e-01 4.302500152587890625e+01 5.640499877929687500e+01 1.828499984741210938e+01
9.000000000000000000e+00 2.544642984867095947e-01 4.539400100708007812e+01 5.346699905395507812e+01 1.732200050354003906e+01
1.700000000000000000e+01 2.678571343421936035e-01 4.840700149536132812e+01 5.533499908447265625e+01 1.850300025939941406e+01
1.600000000000000000e+01 3.794642984867095947e-01 5.112300109863281250e+01 5.592499923706054688e+01 2.113100051879882812e+01
0.000000000000000000e+00 5.267857313156127930e-01 5.025099945068359375e+01 5.742100143432617188e+01 2.452700042724609375e+01
1.100000000000000000e+01 3.125000000000000000e-01 5.186800003051757812e+01 6.088800048828125000e+01 2.496400070190429688e+01
2.000000000000000000e+00 3.080357015132904053e-01 5.276900100708007812e+01 6.254899978637695312e+01 2.829400062561035156e+01
2.200000000000000000e+01 5.982142686843872070e-01 5.190800094604492188e+01 5.956499862670898438e+01 3.034700012207031250e+01
0.000000000000000000e+00 6.160714030265808105e-01 5.321500015258789062e+01 5.983000183105468750e+01 3.396200180053710938e+01
1.400000000000000000e+01 7.366071343421936035e-01 5.453099822998046875e+01 5.666199874877929688e+01 3.563899993896484375e+01
2.200000000000000000e+01 7.410714030265808105e-01 5.829199981689453125e+01 5.244900131225585938e+01 3.920199966430664062e+01
1.500000000000000000e+01 7.098214030265808105e-01 5.873699951171875000e+01 5.057600021362304688e+01 4.254399871826171875e+01
1.000000000000000000e+00 6.071428656578063965e-01 6.121699905395507812e+01 4.791400146484375000e+01 4.369499969482421875e+01
1.300000000000000000e+01 5.535714030265808105e-01 6.053599929809570312e+01 4.552500152587890625e+01 4.652399826049804688e+01
0.000000000000000000e+00 2.633928656578063965e-01 6.296400070190429688e+01 4.544499969482421875e+01 4.946799850463867188e+01
0.000000000000000000e+00 1.160714253783226013e-01 6.412699890136718750e+01 4.235699844360351562e+01 5.146599960327148438e+01
3.000000000000000000e+00 9.375000000000000000e-02 6.181100082397460938e+01 4.343099975585937500e+01 5.430899810791015625e+01
3.000000000000000000e+00 3.348214328289031982e-01 5.893500137329101562e+01 4.271300125122070312e+01 5.166099929809570312e+01
1.800000000000000000e+01 3.928571343421936035e-01 5.830799865722656250e+01 4.652600097656250000e+01 5.134199905395507812e+01
1.900000000000000000e+01 6.026785969734191895e-01 5.771200180053710938e+01 4.841099929809570312e+01 4.808599853515625000e+01
7.000000000000000000e+00 4.241071343421936035e-01 6.029999923706054688e+01 5.124000167846679688e+01 4.791699981689453125e+01
1.600000000000000000e+01 4.955357015132904053e-01 6.033300018310546875e+01 5.375099945068359375e+01 4.490200042724609375e+01
1.500000000000000000e+01 4.330357015132904053e-01 6.284700012207031250e+01 5.316199874877929688e+01 4.194599914550781250e+01
0.000000000000000000e+00 4.553571343421936035e-01 6.205400085449218750e+01 5.556999969482421875e+01 3.916400146484375000e+01
1.700000000000000000e+01 5.000000000000000000e-01 5.945999908447265625e+01 5.809299850463867188e+01 3.795899963378906250e+01
9.000000000000000000e+00 3.839285671710968018e-01 5.882300186157226562e+01 5.997900009155273438e+01 3.464099884033203125e+01
1.300000000000000000e+01 4.375000000000000000e-01 5.657799911499023438e+01 6.039300155639648438e+01 3.169199943542480469e+01
1.800000000000000000e+01 4.062500000000000000e-01 5.615900039672851562e+01 5.929100036621093750e+01 2.799900054931640625e+01
1.700000000000000000e+01 1.830357164144515991e-01 5.734199905395507812e+01 6.108000183105468750e+01 2.496899986267089844e+01
7.000000000000000000e+00 8.035714179277420044e-02 5.562500000000000000e+01 6.200000000000000000e+01 2.159799957275390625e+01
1.700000000000000000e+01 1.473214328289031982e-01 5.608599853515625000e+01 5.846500015258789062e+01 2.045100021362304688e+01
9.000000000000000000e+00 3.973214328289031982e-01 5.495299911499023438e+01 5.683599853515625000e+01 2.378899955749511719e+01
7.000000000000000000e+00 3.705357015132904053e-01 5.831299972534179688e+01 5.592599868774414062e+01 2.523600006103515625e+01
1.200000000000000000e+01 4.151785671710968018e-01 5.993999862670898438e+01 5.641500091552734375e+01 2.865800094604492188e+01
9.000000000000000000e+00 1.339285671710968018e-01 6.610099792480468750e+01 5.690900039672851562e+01 3.138999938964843750e+01
1.200000000000000000e+01 3.169642984867095947e-01 6.426899719238281250e+01 5.506499862670898438e+01 3.411100006103515625e+01
1.800000000000000000e+01 1.741071492433547974e-01 6.755000305175781250e+01 5.363399887084960938e+01 3.532199859619140625e+01
1.800000000000000000e+01 3.125000000000000000e-02 7.125099945068359375e+01 5.303099822998046875e+01 3.456000137329101562e+01
7.000000000000000000e+00 3.571428731083869934e-02 7.201999664306640625e+01 4.924599838256835938e+01 3.422600173950195312e+01
7.000000000000000000e+00 4.464285913854837418e-03 7.426399993896484375e+01 4.996200180053710938e+01 3.731100082397460938e+01
7.000000000000000000e+00 4.910714179277420044e-02 7.150800323486328125e+01 4.987300109863281250e+01 4.001599884033203125e+01
1.500000000000000000e+01 1.562500000000000000e-01 6.922000122070312500e+01 4.741400146484375000e+01 3.811600112915039062e+01
2.200000000000000000e+01 1.205357164144515991e-01 6.972200012207031250e+01 4.448300170898437500e+01 4.067399978637695312e+01
7.000000000000000000e+00 2.276785671710968018e-01 6.760500335693359375e+01 4.128099822998046875e+01 4.102999877929687500e+01
9.000000000000000000e+00 4.598214328289031982e-01 6.404199981689453125e+01 4.112500000000000000e+01 4.240800094604492188e+01
1.100000000000000000e+01 6.785714030265808105e-01 6.043899917602539062e+01 4.207699966430664062e+01 4.204199981689453125e+01
2.000000000000000000e+01 7.455357313156127930e-01 6.005099868774414062e+01 4.543299865722656250e+01 4.036000061035156250e+01
1.300000000000000000e+01 8.973214030265808105e-01 5.668199920654296875e+01 4.693700027465820312e+01 3.928300094604492188e+01
2.200000000000000000e+01 9.196428656578063965e-01 5.542599868774414062e+01 4.973899841308593750e+01 3.710699844360351562e+01
7.000000000000000000e+00 9.330357313156127930e-01 5.237799835205078125e+01 5.202899932861328125e+01 3.792699813842773438e+01
1.100000000000000000e+01 9.017857313156127930e-01 5.091699981689453125e+01 5.435300064086914062e+01 3.520500183105468750e+01
3.000000000000000000e+00 8.080357313156127930e-01 4.854199981689453125e+01 5.727299880981445312e+01 3.552099990844726562e+01
1.800000000000000000e+01 8.392857313156127930e-01 4.584099960327148438e+01 5.601699829101562500e+01 3.313000106811523438e+01
1.300000000000000000e+01 7.589285969734191895e-01 4.318899917602539062e+01 5.775500106811523438e+01 3.503699874877929688e+01
1.700000000000000000e+01 5.937500000000000000e-01 4.468600082397460938e+01 6.110800170898437500e+01 3.453900146484375000e+01
2.000000000000000000e+01 6.250000000000000000e-01 4.572800064086914062e+01 6.013199996948242188e+01 3.104599952697753906e+01
1.900000000000000000e+01 5.803571343421936035e-01 4.206700134277343750e+01 5.954600143432617188e+01 3.001600074768066406e+01
1.300000000000000000e+01 3.883928656578063965e-01 4.060599899291992188e+01 6.234899902343750000e+01 3.222700119018554688e+01
0.000000000000000000e+00 2.232142835855484009e-01 4.287200164794921875e+01 6.527500152587890625e+01 3.098399925231933594e+01
1.200000000000000000e+01 1.517857164144515991e-01 4.175099945068359375e+01 6.486699676513671875e+01 2.729899978637695312e+01
9.000000000000000000e+00 1.428571492433547974e-01 3.811500167846679688e+01 6.438200378417968750e+01 2.844199943542480469e+01
1.100000000000000000e+01 3.035714328289031982e-01 3.727500152587890625e+01 6.066600036621093750e+01 2.858699989318847656e+01
1.700000000000000000e+01 4.419642984867095947e-01 3.572700119018554688e+01 5.871200180053710938e+01 3.149699974060058594e+01
1.600000000000000000e+01 6.919642686843872070e-01 3.817900085449218750e+01 5.618799972534179688e+01 3.308300018310546875e+01
1.500000000000000000e+01 7.767857313156127930e-01 3.713999938964843750e+01 5.307799911499023438e+01 3.499800109863281250e+01
7.000000000000000000e+00 8.794642686843872070e-01 4.257099914550781250e+01 5.401100158691406250e+01 3.875099945068359375e+01
0.000000000000000000e+00 9.776785969734191895e-01 4.747499847412109375e+01 5.036100006103515625e+01 3.509199905395507812e+01
7.000000000000000000e+00 9.955357313156127930e-01 5.004299926757812500e+01 4.821400070190429688e+01 3.703599929809570312e+01
2.200000000000000000e+01 9.821428656578063965e-01 5.256600189208984375e+01 4.552799987792968750e+01 3.596599960327148438e+01
2.200000000000000000e+01 9.553571343421936035e-01 5.452399826049804688e+01 4.360800170898437500e+01 3.863999938964843750e+01
1.500000000000000000e+01 8.616071343421936035e-01 5.746599960327148438e+01 4.159099960327148438e+01 3.737699890136718750e+01
1.800000000000000000e+01 6.830357313156127930e-01 6.067599868774414062e+01 3.973400115966796875e+01 3.859000015258789062e+01
0.000000000000000000e+00 5.312500000000000000e-01 6.388299942016601562e+01 4.129199981689453125e+01 3.718299865722656250e+01
2.000000000000000000e+00 2.723214328289031982e-01 6.683599853515625000e+01 3.922999954223632812e+01 3.617399978637695312e+01
3.000000000000000000e+00 2.946428656578063965e-01 6.498899841308593750e+01 3.587699890136718750e+01 3.682600021362304688e+01
1.700000000000000000e+01 1.071428582072257996e-01 6.717900085449218750e+01 3.372499847412109375e+01 3.428499984741210938e+01
9.000000000000000000e+00 6.696428358554840088e-02 7.012000274658203125e+01 3.605899810791015625e+01 3.489899826049804688e+01
1.600000000000000000e+01 7.142857462167739868e-02 7.053099822998046875e+01 3.955699920654296875e+01 3.326800155639648438e+01
1.000000000000000000e+00 1.919642835855484009e-01 6.789199829101562500e+01 4.052799987792968750e+01 3.055299949645996094e+01
1.000000000000000000e+00 2.767857015132904053e-01 6.631500244140625000e+01 4.386899948120117188e+01 2.946100044250488281e+01
2.000000000000000000e+01 5.491071343421936035e-01 6.257500076293945312e+01 4.455300140380859375e+01 2.920299911499023438e+01
1.800000000000000000e+01 5.892857313156127930e-01 6.056499862670898438e+01 4.660100173950195312e+01 2.684199905395507812e+01
1.100000000000000000e+01 7.991071343421936035e-01 5.702600097656250000e+01 4.673699951171875000e+01 2.827700042724609375e+01
0.000000000000000000e+00 7.901785969734191895e-01 5.427199935913085938e+01 4.775099945068359375e+01 2.581200027465820312e+01
0.000000000000000000e+00 8.883928656578063965e-01 5.075799942016601562e+01 4.885699844360351562e+01 2.722900009155273438e+01
1.200000000000000000e+01 8.214285969734191895e-01 4.768700027465820312e+01 4.926399993896484375e+01 2.500499916076660156e+01
1.200000000000000000e+01 8.437500000000000000e-01 4.504800033569335938e+01 5.133000183105468750e+01 2.688699913024902344e+01
1.700000000000000000e+01 7.500000000000000000e-01 4.133700180053710938e+01 5.196500015258789062e+01 2.625099945068359375e+01
1.600000000000000000e+01 7.187500000000000000e-01 3.854499816894531250e+01 5.335300064086914062e+01 2.869899940490722656e+01
2.000000000000000000e+01 7.946428656578063965e-01 3.714799880981445312e+01 5.017499923706054688e+01 3.016699981689453125e+01
1.700000000000000000e+01 8.928571343421936035e-01 4.002000045776367188e+01 4.789099884033203125e+01 2.938100051879882812e+01
2.000000000000000000e+01 9.464285969734191895e-01 4.365700149536132812e+01 4.742900085449218750e+01 2.882600021362304688e+01
1.700000000000000000e+01 9.285714030265808105e-01 4.629999923706054688e+01 4.507099914550781250e+01 2.729100036621093750e+01
1.800000000000000000e+01 9.508928656578063965e-01 4.993899917602539062e+01 4.468199920654296875e+01 2.839999961853027344e+01
1.800000000000000000e+01 8.482142686843872070e-01 5.279800033569335938e+01 4.261999893188476562e+01 2.687800025939941406e+01
0.000000000000000000e+00 7.857142686843872070e-01 5.645800018310546875e+01 4.255500030517578125e+01 2.765999984741210938e+01
2.200000000000000000e+01 5.669642686843872070e-01 5.924499893188476562e+01 4.212599945068359375e+01 2.491799926757812500e+01
2.200000000000000000e+01 4.508928656578063965e-01 6.229999923706054688e+01 4.057500076293945312e+01 2.667300033569335938e+01
1.800000000000000000e+01 1.696428507566452026e-01 6.584300231933593750e+01 4.047499847412109375e+01 2.518600082397460938e+01
2.000000000000000000e+00 6.250000000000000000e-02 6.940000152587890625e+01 4.025600051879882812e+01 2.645999908447265625e+01
1.600000000000000000e+01 1.339285727590322495e-02 7.173600006103515625e+01 4.329600143432617188e+01 2.688599967956542969e+01
