1 1 14 0 0.0059880239520957446 0 0 43.964 54.961 29.443
1 2 18 0 0.08982035928143717 0 0 44.283 51.377 28.208
1 3 7 0 0.31137724550898194 0 0 41.086 49.389 28.264
1 4 20 0 0.5988023952095809 0 0 40.650 45.647 28.784
1 5 13 0 0.7305389221556886 0 0 37.259 44.160 27.784
1 6 12 0 0.9101796407185628 0 0 36.718 41.081 29.852
1 7 22 0 0.9580838323353293 0 0 33.787 38.702 29.423
1 8 22 0 0.9880239520958084 0 0 32.365 36.641 32.302
1 9 22 0 0.9700598802395209 0 0 31.288 33.314 30.945
1 10 9 0 0.9221556886227544 0 0 29.466 30.531 32.686
1 11 0 0 0.7844311377245509 0 0 26.146 28.795 33.374
1 12 9 0 0.6167664670658684 0 0 23.061 30.204 35.095
1 13 9 0 0.592814371257485 0 0 23.583 30.224 38.857
1 14 22 0 0.8143712574850299 0 0 27.356 30.398 39.035
1 15 9 0 0.8203592814371258 0 0 27.375 33.837 40.663
1 16 13 0 0.9341317365269461 0 0 28.823 35.849 37.737
1 17 17 0 0.8323353293413174 0 0 27.087 39.121 38.632
1 18 0 0 0.7485029940119761 0 0 28.104 38.856 42.214
1 19 12 0 0.8922155688622755 0 0 31.770 38.526 41.369
1 20 18 0 0.8682634730538922 0 0 31.703 41.662 39.270
1 21 11 0 0.6407185628742516 0 0 29.456 43.605 41.605
1 22 6 0 0.5688622754491017 0 0 31.651 42.681 44.582
1 23 12 0 0.652694610778443 0 0 34.720 44.027 42.818
1 24 11 0 0.5389221556886228 0 0 33.620 47.133 40.922
1 25 6 0 0.3053892215568862 0 0 31.167 48.403 43.477
1 26 2 0 0.27544910179640725 0 0 32.261 46.512 46.590
1 27 10 0 0.22754491017964074 0 0 29.220 44.615 47.801
1 28 15 0 0.3293413173652695 0 0 27.214 41.471 47.211
1 29 22 0 0.32335329341317365 0 0 24.083 41.368 44.983
1 30 3 0 0.053892215568862256 0 0 20.875 42.735 46.580
1 31 7 0 0.07784431137724557 0 0 18.995 42.057 43.405
1 32 20 0 0.20958083832335328 0 0 19.266 40.361 40.051
1 33 3 0 0.221556886227545 0 0 19.415 42.510 36.922
1 34 16 0 0.3772455089820359 0 0 20.459 41.300 33.451
1 35 18 0 0.4970059880239521 0 0 23.415 43.532 32.863
1 36 11 0 0.4011976047904191 0 0 23.412 44.036 29.105
1 37 7 0 0.13772455089820357 0 0 22.868 47.764 28.696
1 38 3 0 0.2574850299401197 0 0 24.458 48.272 32.062
1 39 17 0 0.437125748502994 0 0 28.187 48.520 32.277
1 40 20 0 0.5449101796407185 0 0 30.783 47.948 35.013
1 41 1 0 0.5089820359281436 0 0 34.276 49.325 34.863
1 42 13 0 0.35928143712574856 0 0 37.020 50.745 37.044
1 43 6 0 0.15568862275449102 0 0 40.481 52.234 36.717
1 44 22 0 0.20359281437125742 0 0 43.014 50.189 38.681
1 45 22 0 0.09580838323353291 0 0 46.779 50.083 38.953
1 46 11 0 0.2335329341317366 0 0 47.767 46.615 37.801
1 47 3 0 0.06586826347305386 0 0 51.422 45.693 38.447
1 48 9 0 0.0 0 0 52.723 49.312 38.211
1 49 7 0 0.017964071856287345 0 0 50.611 50.024 35.145
1 50 18 0 0.041916167664670656 0 0 47.216 51.513 35.154
1 51 5 0 0.17365269461077848 0 0 44.373 50.236 33.124
1 52 12 0 0.34730538922155685 0 0 40.630 50.114 33.043
1 53 12 0 0.658682634730539 0 0 38.889 46.760 33.476
1 54 3 0 0.6826347305389222 0 0 35.592 46.775 31.530
1 55 11 0 0.8622754491017964 0 0 33.638 43.784 32.780
1 56 12 0 0.8562874251497006 0 0 31.164 42.258 30.302
1 57 3 0 0.8802395209580838 0 0 28.486 40.274 32.062
1 58 18 0 0.844311377245509 0 0 26.358 37.622 30.476
1 59 0 0 0.6227544910179641 0 0 22.708 36.772 31.013
1 60 9 0 0.45508982035928147 0 0 20.749 34.007 29.461
1 61 6 0 0.43113772455089827 0 0 21.646 30.518 28.226
1 62 7 0 0.3892215568862275 0 0 23.264 30.565 24.757
1 63 7 0 0.11976047904191622 0 0 20.817 31.573 22.046
1 64 20 0 0.10179640718562877 0 0 23.198 30.731 19.242
1 65 17 0 0.03592814371257491 0 0 22.849 34.176 17.790
1 66 0 0 0.02395209580838331 0 0 25.044 36.683 16.023
1 67 14 0 0.12574850299401197 0 0 25.399 39.437 18.533
1 68 1 0 0.39520958083832336 0 0 26.311 36.954 21.353
1 69 3 0 0.3413173652694611 0 0 29.180 35.873 19.132
1 70 6 0 0.2694610778443114 0 0 30.032 39.496 18.544
1 71 20 0 0.5329341317365269 0 0 29.927 40.093 22.328
1 72 14 0 0.688622754491018 0 0 32.576 37.462 22.768
1 73 1 0 0.4850299401197605 0 0 34.585 38.881 19.932
1 74 18 0 0.4730538922155688 0 0 34.634 42.402 21.361
1 75 9 0 0.7425149700598803 0 0 35.865 40.656 24.487
1 76 7 0 0.6946107784431137 0 0 39.610 40.506 24.734
1 77 9 0 0.8862275449101796 0 0 39.606 37.951 27.442
1 78 15 0 0.9640718562874252 0 0 37.398 35.538 29.272
1 79 12 0 0.9940119760479041 0 0 36.619 34.503 32.807
1 80 5 0 0.9820359281437125 0 0 35.215 31.007 32.961
1 81 22 0 0.9760479041916168 0 0 33.169 30.502 36.124
1 82 15 0 0.874251497005988 0 0 31.626 27.467 37.633
1 83 0 0 0.7005988023952096 0 0 30.262 26.527 41.041
1 84 11 0 0.5029940119760479 0 0 31.886 23.806 43.097
1 85 2 0 0.25149700598802394 0 0 28.629 22.567 44.655
1 86 2 0 0.2934131736526946 0 0 27.158 21.822 41.240
1 87 18 0 0.24550898203592808 0 0 28.815 19.367 38.868
1 88 13 0 0.28742514970059885 0 0 26.774 20.365 35.846
1 89 17 0 0.6047904191616766 0 0 28.219 23.873 35.832
1 90 15 0 0.6107784431137725 0 0 31.668 22.392 35.529
1 91 7 0 0.4251497005988024 0 0 30.307 20.341 32.704
1 92 3 0 0.5748502994011976 0 0 29.311 23.460 30.745
1 93 11 0 0.7964071856287425 0 0 32.780 25.018 30.702
1 94 10 0 0.5508982035928144 0 0 33.965 22.910 27.811
1 95 10 0 0.5149700598802396 0 0 31.129 24.309 25.690
1 96 20 0 0.7724550898203593 0 0 31.995 27.877 26.483
1 97 1 0 0.7065868263473054 0 0 35.634 27.132 25.716
1 98 7 0 0.47904191616766467 0 0 34.542 26.061 22.298
1 99 6 0 0.5209580838323353 0 0 32.344 29.065 21.744
1 100 11 0 0.6766467065868262 0 0 35.238 31.305 22.646
1 101 13 0 0.4610778443113772 0 0 37.781 29.421 20.547
1 102 1 0 0.23952095808383234 0 0 35.470 29.612 17.581
1 103 22 0 0.29940119760479034 0 0 35.092 33.295 17.574
1 104 13 0 0.41916167664670656 0 0 38.334 34.405 19.066
1 105 3 0 0.13173652694610782 0 0 39.838 32.191 16.376
1 106 17 0 0.19760479041916168 0 0 42.350 30.568 18.653
1 107 7 0 0.3173652694610779 0 0 42.740 27.840 21.260
1 108 3 0 0.3652694610778443 0 0 45.444 29.827 23.032
1 109 22 0 0.5808383233532934 0 0 43.182 32.782 23.910
1 110 16 0 0.7904191616766467 0 0 43.414 34.321 27.385
1 111 14 0 0.9041916167664671 0 0 41.132 32.627 29.877
1 112 22 0 0.9461077844311377 0 0 41.157 31.951 33.614
1 113 12 0 0.9401197604790419 0 0 39.262 29.187 35.370
1 114 22 0 0.9520958083832335 0 0 37.131 30.116 38.354
1 115 9 0 0.8502994011976048 0 0 35.760 27.927 41.103
1 116 2 0 0.8263473053892215 0 0 33.064 29.919 42.798
1 117 13 0 0.5568862275449102 0 0 31.018 29.124 45.882
1 118 5 0 0.44311377245508976 0 0 33.923 27.956 47.890
1 119 3 0 0.19161676646706582 0 0 31.998 29.297 50.899
1 120 12 0 0.04790419161676651 0 0 33.028 26.182 52.722
1 121 16 0 0.029940119760479056 0 0 35.616 23.551 51.824
1 122 17 0 0.0119760479041916 0 0 32.822 21.178 50.891
1 123 1 0 0.10778443113772451 0 0 32.103 20.621 47.220
1 124 18 0 0.059880239520958 0 0 30.623 18.230 44.696
1 125 22 0 0.18562874251497008 0 0 33.350 19.065 42.283
1 126 3 0 0.11377245508982048 0 0 36.770 17.373 42.410
1 127 18 0 0.16766467065868274 0 0 39.561 19.812 42.940
1 128 13 0 0.0718562874251496 0 0 41.979 17.590 41.122
1 129 6 0 0.14371257485029942 0 0 39.732 17.581 38.098
1 130 0 0 0.49101796407185627 0 0 39.468 21.379 38.122
1 131 6 0 0.3532934131736526 0 0 43.266 21.499 38.263
1 132 3 0 0.14970059880239517 0 0 43.819 18.854 35.589
1 133 12 0 0.4131736526946108 0 0 41.349 20.680 33.347
1 134 0 0 0.562874251497006 0 0 43.066 23.961 33.846
1 135 1 0 0.281437125748503 0 0 46.456 22.311 33.174
1 136 17 0 0.16167664670658677 0 0 45.183 20.650 30.009
1 137 20 0 0.4491017964071856 0 0 44.462 24.155 28.830
1 138 9 0 0.38323353293413165 0 0 47.504 25.606 30.618
1 139 11 0 0.6706586826347305 0 0 45.219 28.243 32.180
1 140 16 0 0.7125748502994012 0 0 45.040 29.101 35.801
1 141 15 0 0.7604790419161677 0 0 42.567 27.769 38.417
1 142 11 0 0.8383233532934131 0 0 41.371 30.484 40.783
1 143 7 0 0.718562874251497 0 0 39.207 29.549 43.727
1 144 18 0 0.7664670658682635 0 0 36.931 32.266 44.927
1 145 17 0 0.6287425149700598 0 0 33.914 33.093 47.036
1 146 0 0 0.6646706586826348 0 0 31.908 36.238 46.248
1 147 13 0 0.37125748502994016 0 0 30.003 35.637 49.519
1 148 18 0 0.21556886227544902 0 0 32.941 35.469 51.860
1 149 1 0 0.40718562874251496 0 0 34.903 37.833 49.710
1 150 6 0 0.46706586826347307 0 0 37.865 35.575 49.004
1 151 9 0 0.6467065868263473 0 0 39.940 35.559 45.802
1 152 22 0 0.8083832335329342 0 0 37.684 37.853 43.870
1 153 3 0 0.7365269461077844 0 0 39.983 40.675 42.875
1 154 3 0 0.7544910179640718 0 0 42.616 38.089 41.966
1 155 0 0 0.9161676646706587 0 0 40.597 36.090 39.413
1 156 15 0 0.9281437125748503 0 0 40.209 39.202 37.361
1 157 20 0 0.7784431137724551 0 0 43.738 40.464 38.049
1 158 18 0 0.8023952095808383 0 0 45.042 37.096 36.881
1 159 12 0 0.8982035928143712 0 0 43.202 37.457 33.558
1 160 22 0 0.7245508982035929 0 0 44.887 40.796 32.737
1 161 1 0 0.5269461077844311 0 0 48.414 39.301 33.136
1 162 7 0 0.6347305389221557 0 0 47.320 36.378 30.960
1 163 11 0 0.5868263473053892 0 0 46.284 38.904 28.266
1 164 1 0 0.33532934131736525 0 0 49.467 40.892 28.976
1 165 13 0 0.17964071856287422 0 0 51.611 37.840 28.082
1 166 10 0 0.26347305389221565 0 0 49.485 37.024 25.093
1 167 13 0 0.08383233532934131 0 0 49.957 37.467 21.393
