1 1 14 0 0.041916167664670656 0 0 14.052 36.510 30.597
1 2 18 0 0.11377245508982048 0 0 16.010 36.609 33.765
1 3 7 0 0.3293413173652695 0 0 18.932 39.016 33.365
1 4 20 0 0.5688622754491017 0 0 21.831 36.991 34.720
1 5 13 0 0.7425149700598803 0 0 24.319 39.487 36.007
1 6 12 0 0.9041916167664671 0 0 27.648 37.980 35.216
1 7 22 0 0.9520958083832335 0 0 30.452 40.036 36.721
1 8 22 0 0.9880239520958084 0 0 34.016 39.967 35.457
1 9 22 0 0.9640718562874252 0 0 36.113 40.370 38.564
1 10 9 0 0.9341317365269461 0 0 39.862 39.998 39.087
1 11 0 0 0.8023952095808383 0 0 43.006 42.117 38.993
1 12 9 0 0.6766467065868262 0 0 43.479 44.921 36.558
1 13 9 0 0.5808383233532934 0 0 45.412 44.306 33.313
1 14 22 0 0.7904191616766467 0 0 44.598 40.640 32.671
1 15 9 0 0.8263473053892215 0 0 42.039 41.383 30.031
1 16 13 0 0.9281437125748503 0 0 38.871 41.706 32.024
1 17 17 0 0.8203592814371258 0 0 37.570 44.053 29.318
1 18 0 0 0.7485029940119761 0 0 38.697 42.001 26.334
1 19 12 0 0.8862275449101796 0 0 36.752 38.782 27.042
1 20 18 0 0.8682634730538922 0 0 33.373 40.577 27.374
1 21 11 0 0.6227544910179641 0 0 33.775 42.479 24.096
1 22 6 0 0.5868263473053892 0 0 34.916 39.338 22.362
1 23 12 0 0.6826347305389222 0 0 31.798 37.732 23.637
1 24 11 0 0.5149700598802396 0 0 29.368 40.551 23.008
1 25 6 0 0.27544910179640725 0 0 30.599 42.546 20.046
1 26 2 0 0.281437125748503 0 0 33.042 39.958 18.725
1 27 10 0 0.19161676646706582 0 0 35.613 42.617 18.436
1 28 15 0 0.21556886227544902 0 0 38.843 44.043 19.865
1 29 22 0 0.28742514970059885 0 0 39.311 46.685 22.534
1 30 3 0 0.07784431137724557 0 0 42.081 49.031 21.573
1 31 7 0 0.0718562874251496 0 0 40.751 51.658 23.872
1 32 20 0 0.20359281437125742 0 0 40.176 51.366 27.594
1 33 3 0 0.18562874251497008 0 0 37.148 52.985 29.221
1 34 16 0 0.32335329341317365 0 0 36.254 52.628 32.921
1 35 18 0 0.4730538922155688 0 0 33.014 50.739 32.226
1 36 11 0 0.3413173652694611 0 0 30.892 51.993 35.055
1 37 7 0 0.20958083832335328 0 0 27.147 51.903 34.358
1 38 3 0 0.31137724550898194 0 0 27.490 50.367 30.895
1 39 17 0 0.4491017964071856 0 0 25.714 47.121 30.098
1 40 20 0 0.5269461077844311 0 0 26.954 44.673 27.500
1 41 1 0 0.49101796407185627 0 0 24.373 41.984 27.008
1 42 13 0 0.3772455089820359 0 0 23.333 39.238 24.654
1 43 6 0 0.24550898203592808 0 0 21.181 36.129 24.931
1 44 22 0 0.25149700598802394 0 0 22.274 32.506 24.389
1 45 22 0 0.10778443113772451 0 0 20.829 28.962 24.405
1 46 11 0 0.17365269461077848 0 0 22.494 26.517 26.702
1 47 3 0 0.059880239520958 0 0 21.436 23.036 27.711
1 48 9 0 0.0059880239520957446 0 0 17.822 23.617 26.717
1 49 7 0 0.04790419161676651 0 0 17.388 26.983 28.355
1 50 18 0 0.053892215568862256 0 0 17.509 30.361 26.660
1 51 5 0 0.2574850299401197 0 0 19.611 32.526 28.868
1 52 12 0 0.34730538922155685 0 0 20.000 36.334 29.009
1 53 12 0 0.6167664670658684 0 0 23.486 37.396 29.837
1 54 3 0 0.6407185628742516 0 0 24.219 40.878 31.064
1 55 11 0 0.8562874251497006 0 0 27.880 41.257 31.674
1 56 12 0 0.8502994011976048 0 0 29.314 43.673 34.280
1 57 3 0 0.8802395209580838 0 0 32.912 44.833 34.231
1 58 18 0 0.8383233532934131 0 0 35.047 45.924 37.117
1 59 0 0 0.6107784431137725 0 0 37.587 48.680 37.207
1 60 9 0 0.4610778443113772 0 0 39.424 49.633 40.380
1 61 6 0 0.37125748502994016 0 0 42.127 48.528 42.817
1 62 7 0 0.16167664670658677 0 0 40.384 49.947 45.860
1 63 7 0 0.13772455089820357 0 0 38.566 48.386 48.734
1 64 20 0 0.03592814371257491 0 0 37.384 51.609 50.221
1 65 17 0 0.02395209580838331 0 0 35.342 54.066 48.210
1 66 0 0 0.13173652694610782 0 0 34.418 51.701 45.445
1 67 14 0 0.3053892215568862 0 0 31.542 50.188 43.521
1 68 1 0 0.5389221556886228 0 0 33.017 46.811 43.758
1 69 3 0 0.437125748502994 0 0 30.626 45.486 46.471
1 70 6 0 0.38323353293413165 0 0 27.781 46.999 44.442
1 71 20 0 0.652694610778443 0 0 28.775 45.016 41.353
1 72 14 0 0.688622754491018 0 0 28.755 41.895 43.608
1 73 1 0 0.41916167664670656 0 0 25.385 42.723 45.175
1 74 18 0 0.4970059880239521 0 0 23.858 42.837 41.733
1 75 9 0 0.7365269461077844 0 0 25.987 39.812 40.828
1 76 7 0 0.718562874251497 0 0 24.729 36.352 40.018
1 77 9 0 0.8982035928143712 0 0 27.857 34.636 38.811
1 78 15 0 0.9760479041916168 0 0 31.572 35.475 38.909
1 79 12 0 0.9940119760479041 0 0 34.506 35.163 36.610
1 80 5 0 0.9820359281437125 0 0 37.666 35.505 38.590
1 81 22 0 0.9700598802395209 0 0 40.346 36.336 36.053
1 82 15 0 0.874251497005988 0 0 44.103 36.031 36.389
1 83 0 0 0.6946107784431137 0 0 46.807 36.099 33.720
1 84 11 0 0.5029940119760479 0 0 49.213 33.232 33.169
1 85 2 0 0.26347305389221565 0 0 52.210 35.563 33.237
1 86 2 0 0.3652694610778443 0 0 51.203 37.526 36.356
1 87 18 0 0.2694610778443114 0 0 51.637 35.681 39.634
1 88 13 0 0.35928143712574856 0 0 49.957 38.443 41.621
1 89 17 0 0.6347305389221557 0 0 46.806 38.132 39.524
1 90 15 0 0.6047904191616766 0 0 46.746 34.488 40.589
1 91 7 0 0.43113772455089827 0 0 47.577 35.292 44.145
1 92 3 0 0.562874251497006 0 0 44.707 37.830 44.551
1 93 11 0 0.7724550898203593 0 0 42.011 35.290 43.568
1 94 10 0 0.5508982035928144 0 0 41.489 34.097 47.092
1 95 10 0 0.5089820359281436 0 0 40.582 37.675 48.130
1 96 20 0 0.7844311377245509 0 0 37.989 37.895 45.377
1 97 1 0 0.7065868263473054 0 0 36.412 34.674 46.619
1 98 7 0 0.45508982035928147 0 0 36.732 36.106 50.104
1 99 6 0 0.5209580838323353 0 0 35.021 39.152 48.900
1 100 11 0 0.6467065868263473 0 0 32.160 37.401 47.265
1 101 13 0 0.4011976047904191 0 0 31.756 35.460 50.533
1 102 1 0 0.17964071856287422 0 0 31.184 38.656 52.463
1 103 22 0 0.3173652694610779 0 0 28.699 40.042 50.003
1 104 13 0 0.29940119760479034 0 0 26.653 36.833 49.674
1 105 3 0 0.08982035928143717 0 0 27.124 34.977 52.934
1 106 17 0 0.15568862275449102 0 0 27.713 31.605 51.265
1 107 7 0 0.2934131736526946 0 0 30.800 29.804 50.164
1 108 3 0 0.40718562874251496 0 0 29.416 27.872 47.200
1 109 22 0 0.5988023952095809 0 0 28.529 30.819 44.971
1 110 16 0 0.8083832335329342 0 0 28.903 30.275 41.213
1 111 14 0 0.9161676646706587 0 0 32.332 31.193 40.001
1 112 22 0 0.9461077844311377 0 0 34.788 30.149 37.358
1 113 12 0 0.9401197604790419 0 0 38.566 30.432 37.573
1 114 22 0 0.9580838323353293 0 0 39.773 32.141 34.460
1 115 9 0 0.8622754491017964 0 0 43.286 32.059 33.233
1 116 2 0 0.8323353293413174 0 0 43.842 34.512 30.435
1 117 13 0 0.5568862275449102 0 0 46.417 34.731 27.681
1 118 5 0 0.4850299401197605 0 0 46.692 30.984 27.608
1 119 3 0 0.19760479041916168 0 0 47.971 30.694 24.051
1 120 12 0 0.09580838323353291 0 0 51.287 32.333 25.000
1 121 16 0 0.0119760479041916 0 0 54.189 29.860 24.512
1 122 17 0 0.017964071856287345 0 0 55.495 30.415 27.980
1 123 1 0 0.08383233532934131 0 0 53.707 30.822 31.274
1 124 18 0 0.06586826347305386 0 0 54.730 32.064 34.710
1 125 22 0 0.23952095808383234 0 0 51.587 30.512 36.243
1 126 3 0 0.12574850299401197 0 0 51.476 26.768 35.924
1 127 18 0 0.22754491017964074 0 0 48.337 24.755 35.005
1 128 13 0 0.10179640718562877 0 0 48.451 22.324 37.954
1 129 6 0 0.14371257485029942 0 0 48.930 24.990 40.566
1 130 0 0 0.47904191616766467 0 0 45.655 26.519 39.337
1 131 6 0 0.3532934131736526 0 0 44.063 23.137 39.271
1 132 3 0 0.14970059880239517 0 0 45.039 22.675 42.908
1 133 12 0 0.4131736526946108 0 0 43.272 25.891 43.639
1 134 0 0 0.5329341317365269 0 0 40.309 24.917 41.485
1 135 1 0 0.2335329341317366 0 0 40.016 21.573 43.283
1 136 17 0 0.16766467065868274 0 0 40.444 23.157 46.660
1 137 20 0 0.44311377245508976 0 0 37.745 25.843 46.162
1 138 9 0 0.3892215568862275 0 0 35.638 23.218 44.382
1 139 11 0 0.6646706586826348 0 0 35.334 25.458 41.325
1 140 16 0 0.7005988023952096 0 0 36.131 24.822 37.672
1 141 15 0 0.7784431137724551 0 0 39.154 26.091 35.786
1 142 11 0 0.844311377245509 0 0 39.046 27.749 32.366
1 143 7 0 0.7305389221556886 0 0 42.059 28.493 30.297
1 144 18 0 0.7664670658682635 0 0 41.250 31.073 27.574
1 145 17 0 0.6287425149700598 0 0 42.958 33.733 25.450
1 146 0 0 0.6706586826347305 0 0 40.817 36.621 24.348
1 147 13 0 0.39520958083832336 0 0 42.810 37.861 21.365
1 148 18 0 0.221556886227545 0 0 42.795 34.669 19.420
1 149 1 0 0.4251497005988024 0 0 39.175 33.873 20.390
1 150 6 0 0.46706586826347307 0 0 40.197 30.744 22.097
1 151 9 0 0.592814371257485 0 0 37.186 29.557 24.010
1 152 22 0 0.7964071856287425 0 0 35.826 32.982 24.984
1 153 3 0 0.7125748502994012 0 0 32.403 31.541 24.870
1 154 3 0 0.7544910179640718 0 0 33.535 28.758 27.076
1 155 0 0 0.9221556886227544 0 0 34.219 30.880 30.092
1 156 15 0 0.9101796407185628 0 0 30.725 32.289 30.194
1 157 20 0 0.7604790419161677 0 0 29.056 28.992 29.329
1 158 18 0 0.8143712574850299 0 0 30.854 27.318 32.210
1 159 12 0 0.8922155688622755 0 0 29.551 30.031 34.454
1 160 22 0 0.7245508982035929 0 0 25.974 29.534 33.374
1 161 1 0 0.5449101796407185 0 0 26.267 25.818 34.199
1 162 7 0 0.658682634730539 0 0 27.569 26.639 37.600
1 163 11 0 0.5748502994011976 0 0 24.521 28.783 37.966
1 164 1 0 0.33532934131736525 0 0 22.066 26.219 36.640
1 165 13 0 0.11976047904191622 0 0 21.531 23.119 38.616
1 166 10 0 0.029940119760479056 0 0 20.538 20.204 36.433
1 167 13 0 0.0 0 0 19.979 16.608 37.384
