5.000000000000000000e+00 1.473214328289031982e-01 2.643000030517578125e+01 3.839300155639648438e+01 4.190200042724609375e+01
1.600000000000000000e+01 2.633928656578063965e-01 2.758900070190429688e+01 4.209099960327148438e+01 4.249399948120117188e+01
1.200000000000000000e+01 5.312500000000000000e-01 3.111899948120117188e+01 4.100299835205078125e+01 4.179499816894531250e+01
1.400000000000000000e+01 5.491071343421936035e-01 3.159000015258789062e+01 3.852000045776367188e+01 3.890100097656250000e+01
2.200000000000000000e+01 7.008928656578063965e-01 3.509700012207031250e+01 3.750500106811523438e+01 3.756200027465820312e+01
1.300000000000000000e+01 6.919642686843872070e-01 3.606700134277343750e+01 3.586399841308593750e+01 3.416899871826171875e+01
2.200000000000000000e+01 7.455357313156127930e-01 3.946300125122070312e+01 3.423199844360351562e+01 3.359899902343750000e+01
1.200000000000000000e+01 6.830357313156127930e-01 4.068199920654296875e+01 3.310100173950195312e+01 3.011899948120117188e+01
3.000000000000000000e+00 6.294642686843872070e-01 4.378099822998046875e+01 3.127000045776367188e+01 2.898200035095214844e+01
0.000000000000000000e+00 6.250000000000000000e-01 4.524700164794921875e+01 3.293299865722656250e+01 2.587899971008300781e+01
2.200000000000000000e+01 4.017857015132904053e-01 4.752000045776367188e+01 2.993099975585937500e+01 2.499900054931640625e+01
1.000000000000000000e+00 2.321428507566452026e-01 4.462500000000000000e+01 2.745999908447265625e+01 2.442600059509277344e+01
9.000000000000000000e+00 3.258928656578063965e-01 4.202899932861328125e+01 3.032200050354003906e+01 2.387700080871582031e+01
1.700000000000000000e+01 2.991071343421936035e-01 3.986600112915039062e+01 2.875799942016601562e+01 2.647400093078613281e+01
1.600000000000000000e+01 3.794642984867095947e-01 3.856000137329101562e+01 2.906599998474121094e+01 3.006900024414062500e+01
0.000000000000000000e+00 5.000000000000000000e-01 4.096699905395507812e+01 2.855500030517578125e+01 3.303900146484375000e+01
1.100000000000000000e+01 3.125000000000000000e-01 4.020500183105468750e+01 2.624900054931640625e+01 3.611700057983398438e+01
2.000000000000000000e+00 3.392857015132904053e-01 4.122600173950195312e+01 2.673399925231933594e+01 3.986500167846679688e+01
2.200000000000000000e+01 6.339285969734191895e-01 4.241299819946289062e+01 3.032200050354003906e+01 3.918399810791015625e+01
0.000000000000000000e+00 6.517857313156127930e-01 4.263800048828125000e+01 3.179400062561035156e+01 4.270600128173828125e+01
1.400000000000000000e+01 7.500000000000000000e-01 4.206700134277343750e+01 3.539599990844726562e+01 4.400000000000000000e+01
2.200000000000000000e+01 7.098214030265808105e-01 3.914099884033203125e+01 4.081000137329101562e+01 4.715299987792968750e+01
1.500000000000000000e+01 6.741071343421936035e-01 4.001499938964843750e+01 4.382099914550781250e+01 4.940399932861328125e+01
1.000000000000000000e+00 5.446428656578063965e-01 3.774399948120117188e+01 4.669900131225585938e+01 5.056999969482421875e+01
1.300000000000000000e+01 5.044642686843872070e-01 3.935699844360351562e+01 5.009299850463867188e+01 5.127099990844726562e+01
0.000000000000000000e+00 2.276785671710968018e-01 3.856900024414062500e+01 5.132099914550781250e+01 5.482400131225585938e+01
0.000000000000000000e+00 8.035714179277420044e-02 3.816099929809570312e+01 5.488800048828125000e+01 5.624499893188476562e+01
3.000000000000000000e+00 7.589285820722579956e-02 4.185200119018554688e+01 5.522600173950195312e+01 5.749700164794921875e+01
3.000000000000000000e+00 2.857142984867095947e-01 4.266899871826171875e+01 5.427000045776367188e+01 5.397800064086914062e+01
1.800000000000000000e+01 3.348214328289031982e-01 4.371699905395507812e+01 5.057300186157226562e+01 5.494800186157226562e+01
1.900000000000000000e+01 5.401785969734191895e-01 4.281600189208984375e+01 4.759899902343750000e+01 5.283800125122070312e+01
7.000000000000000000e+00 3.571428656578063965e-01 4.086899948120117188e+01 4.493199920654296875e+01 5.461899948120117188e+01
1.600000000000000000e+01 3.839285671710968018e-01 3.979600143432617188e+01 4.130099868774414062e+01 5.344900131225585938e+01
1.500000000000000000e+01 3.616071343421936035e-01 3.624599838256835938e+01 4.106700134277343750e+01 5.174900054931640625e+01
0.000000000000000000e+00 3.928571343421936035e-01 3.569200134277343750e+01 3.792699813842773438e+01 4.952000045776367188e+01
1.700000000000000000e+01 4.955357015132904053e-01 3.805099868774414062e+01 3.518099975585937500e+01 4.810300064086914062e+01
9.000000000000000000e+00 3.973214328289031982e-01 3.777700042724609375e+01 3.195499992370605469e+01 4.601800155639648438e+01
1.300000000000000000e+01 4.776785671710968018e-01 3.896099853515625000e+01 3.030200004577636719e+01 4.278300094604492188e+01
1.800000000000000000e+01 4.598214328289031982e-01 3.759299850463867188e+01 2.969599914550781250e+01 3.927899932861328125e+01
1.700000000000000000e+01 2.008928507566452026e-01 3.497499847412109375e+01 2.714900016784667969e+01 3.825400161743164062e+01
7.000000000000000000e+00 1.026785746216773987e-01 3.521900177001953125e+01 2.501899909973144531e+01 3.516500091552734375e+01
1.700000000000000000e+01 1.607142835855484009e-01 3.357600021362304688e+01 2.780299949645996094e+01 3.304000091552734375e+01
9.000000000000000000e+00 4.419642984867095947e-01 3.645800018310546875e+01 3.006500053405761719e+01 3.416600036621093750e+01
7.000000000000000000e+00 4.464285671710968018e-01 3.419200134277343750e+01 3.188800048828125000e+01 3.650500106811523438e+01
1.200000000000000000e+01 4.642857015132904053e-01 3.396900177001953125e+01 3.299200057983398438e+01 4.029199981689453125e+01
9.000000000000000000e+00 1.071428582072257996e-01 2.916300010681152344e+01 3.363999938964843750e+01 4.529999923706054688e+01
1.200000000000000000e+01 2.544642984867095947e-01 3.145599937438964844e+01 3.619300079345703125e+01 4.665800094604492188e+01
1.800000000000000000e+01 1.428571492433547974e-01 2.899300003051757812e+01 3.883000183105468750e+01 4.797800064086914062e+01
1.800000000000000000e+01 2.678571455180644989e-02 2.536000061035156250e+01 3.997499847412109375e+01 4.827700042724609375e+01
7.000000000000000000e+00 1.785714365541934967e-02 2.376600074768066406e+01 4.330599975585937500e+01 4.749300003051757812e+01
7.000000000000000000e+00 0.000000000000000000e+00 2.292600059509277344e+01 4.383300018310546875e+01 5.113199996948242188e+01
7.000000000000000000e+00 1.339285727590322495e-02 2.653899955749511719e+01 4.326499938964843750e+01 5.204999923706054688e+01
1.500000000000000000e+01 1.250000000000000000e-01 2.807600021362304688e+01 4.507600021362304688e+01 4.890800094604492188e+01
2.200000000000000000e+01 9.821428358554840088e-02 2.845700073242187500e+01 4.879299926757812500e+01 4.986600112915039062e+01
7.000000000000000000e+00 1.919642835855484009e-01 3.009499931335449219e+01 5.176300048828125000e+01 4.815000152587890625e+01
9.000000000000000000e+00 3.750000000000000000e-01 3.389899826049804688e+01 5.249800109863281250e+01 4.798799896240234375e+01
1.100000000000000000e+01 6.428571343421936035e-01 3.719699859619140625e+01 5.136399841308593750e+01 4.665700149536132812e+01
2.000000000000000000e+01 7.276785969734191895e-01 3.778900146484375000e+01 4.761100006103515625e+01 4.604399871826171875e+01
1.300000000000000000e+01 8.794642686843872070e-01 4.058399963378906250e+01 4.556299972534179688e+01 4.466099929809570312e+01
2.200000000000000000e+01 8.973214030265808105e-01 4.080300140380859375e+01 4.207899856567382812e+01 4.325999832153320312e+01
7.000000000000000000e+00 9.330357313156127930e-01 4.415999984741210938e+01 4.031700134277343750e+01 4.342499923706054688e+01
1.100000000000000000e+01 9.107142686843872070e-01 4.450699996948242188e+01 3.722800064086914062e+01 4.113399887084960938e+01
3.000000000000000000e+00 8.169642686843872070e-01 4.699200057983398438e+01 3.427899932861328125e+01 4.132500076293945312e+01
1.800000000000000000e+01 8.571428656578063965e-01 4.802999877929687500e+01 3.406800079345703125e+01 3.778599929809570312e+01
1.300000000000000000e+01 7.723214030265808105e-01 5.164599990844726562e+01 3.291199874877929688e+01 3.847100067138671875e+01
1.700000000000000000e+01 5.937500000000000000e-01 5.090800094604492188e+01 2.951700019836425781e+01 4.022299957275390625e+01
2.000000000000000000e+01 6.026785969734191895e-01 4.850099945068359375e+01 2.877000045776367188e+01 3.739500045776367188e+01
1.900000000000000000e+01 6.071428656578063965e-01 5.125199890136718750e+01 2.927599906921386719e+01 3.478099822998046875e+01
1.300000000000000000e+01 4.062500000000000000e-01 5.381800079345703125e+01 2.744899940490722656e+01 3.694200134277343750e+01
0.000000000000000000e+00 2.410714328289031982e-01 5.136100006103515625e+01 2.438500022888183594e+01 3.733100128173828125e+01
1.200000000000000000e+01 2.232142835855484009e-01 5.110300064086914062e+01 2.412700080871582031e+01 3.360499954223632812e+01
9.000000000000000000e+00 1.517857164144515991e-01 5.493099975585937500e+01 2.409900093078613281e+01 3.331000137329101562e+01
1.100000000000000000e+01 3.437500000000000000e-01 5.494300079345703125e+01 2.763400077819824219e+01 3.169799995422363281e+01
1.700000000000000000e+01 4.866071343421936035e-01 5.728099822998046875e+01 3.033399963378906250e+01 3.326100158691406250e+01
1.600000000000000000e+01 7.053571343421936035e-01 5.515800094604492188e+01 3.354700088500976562e+01 3.340299987792968750e+01
1.500000000000000000e+01 8.035714030265808105e-01 5.657699966430664062e+01 3.709400177001953125e+01 3.276100158691406250e+01
7.000000000000000000e+00 8.928571343421936035e-01 5.404199981689453125e+01 3.799800109863281250e+01 3.896699905395507812e+01
0.000000000000000000e+00 9.821428656578063965e-01 4.724000167846679688e+01 4.020199966430664062e+01 3.800600051879882812e+01
7.000000000000000000e+00 9.910714030265808105e-01 4.574700164794921875e+01 4.293600082397460938e+01 4.023099899291992188e+01
2.200000000000000000e+01 9.776785969734191895e-01 4.297800064086914062e+01 4.556299972534179688e+01 3.955300140380859375e+01
2.200000000000000000e+01 9.419642686843872070e-01 4.119499969482421875e+01 4.865200042724609375e+01 4.149800109863281250e+01
1.500000000000000000e+01 8.348214030265808105e-01 3.775000000000000000e+01 4.994400024414062500e+01 4.086500167846679688e+01
1.800000000000000000e+01 6.607142686843872070e-01 3.501900100708007812e+01 5.182699966430664062e+01 4.277799987792968750e+01
0.000000000000000000e+00 5.089285969734191895e-01 3.196400070190429688e+01 4.987200164794921875e+01 4.381999969482421875e+01
2.000000000000000000e+00 2.589285671710968018e-01 2.851700019836425781e+01 5.131000137329101562e+01 4.313600158691406250e+01
3.000000000000000000e+00 2.500000000000000000e-01 2.934600067138671875e+01 5.463100051879882812e+01 4.151599884033203125e+01
1.700000000000000000e+01 6.696428358554840088e-02 2.602499961853027344e+01 5.650699996948242188e+01 4.080500030517578125e+01
9.000000000000000000e+00 2.232142910361289978e-02 2.414299964904785156e+01 5.393299865722656250e+01 4.301800155639648438e+01
1.600000000000000000e+01 4.017857089638710022e-02 2.355400085449218750e+01 5.013299942016601562e+01 4.270199966430664062e+01
1.000000000000000000e+00 1.785714328289031982e-01 2.580400085449218750e+01 4.822399902343750000e+01 4.009899902343750000e+01
1.000000000000000000e+00 2.901785671710968018e-01 2.691699981689453125e+01 4.476100158691406250e+01 3.896900177001953125e+01
2.000000000000000000e+01 5.669642686843872070e-01 3.041600036621093750e+01 4.409500122070312500e+01 3.766600036621093750e+01
1.800000000000000000e+01 6.473214030265808105e-01 3.212699890136718750e+01 4.151300048828125000e+01 3.540200042724609375e+01
1.100000000000000000e+01 8.258928656578063965e-01 3.604600143432617188e+01 4.169300079345703125e+01 3.560400009155273438e+01
0.000000000000000000e+00 8.303571343421936035e-01 3.746599960327148438e+01 3.987099838256835938e+01 3.257899856567382812e+01
0.000000000000000000e+00 9.285714030265808105e-01 4.124300003051757812e+01 3.899000167846679688e+01 3.261600112915039062e+01
1.200000000000000000e+01 8.660714030265808105e-01 4.286600112915039062e+01 3.743399810791015625e+01 2.956100082397460938e+01
1.200000000000000000e+01 8.705357313156127930e-01 4.596599960327148438e+01 3.554700088500976562e+01 3.081599998474121094e+01
1.700000000000000000e+01 8.080357313156127930e-01 4.920399856567382812e+01 3.488299942016601562e+01 2.886100006103515625e+01
1.600000000000000000e+01 7.321428656578063965e-01 5.281900024414062500e+01 3.432899856567382812e+01 2.959799957275390625e+01
2.000000000000000000e+01 7.857142686843872070e-01 5.429000091552734375e+01 3.756499862670898438e+01 2.816900062561035156e+01
1.700000000000000000e+01 8.839285969734191895e-01 5.093500137329101562e+01 3.945700073242187500e+01 2.782399940490722656e+01
2.000000000000000000e+01 9.553571343421936035e-01 4.759299850463867188e+01 4.002899932861328125e+01 2.950300025939941406e+01
1.700000000000000000e+01 9.598214030265808105e-01 4.439500045776367188e+01 4.205300140380859375e+01 2.898999977111816406e+01
1.800000000000000000e+01 9.687500000000000000e-01 4.145500183105468750e+01 4.315800094604492188e+01 3.106599998474121094e+01
1.800000000000000000e+01 8.526785969734191895e-01 3.790200042724609375e+01 4.428400039672851562e+01 2.999500083923339844e+01
0.000000000000000000e+00 7.991071343421936035e-01 3.506499862670898438e+01 4.526399993896484375e+01 3.222000122070312500e+01
2.200000000000000000e+01 5.892857313156127930e-01 3.129500007629394531e+01 4.492499923706054688e+01 3.162899971008300781e+01
2.200000000000000000e+01 4.910714328289031982e-01 2.939900016784667969e+01 4.718000030517578125e+01 3.404999923706054688e+01
1.800000000000000000e+01 2.053571492433547974e-01 2.568600082397460938e+01 4.682899856567382812e+01 3.444400024414062500e+01
2.000000000000000000e+00 6.250000000000000000e-02 2.313899993896484375e+01 4.960499954223632812e+01 3.530799865722656250e+01
1.600000000000000000e+01 8.928571827709674835e-03 2.000300025939941406e+01 4.757500076293945312e+01 3.653799819946289062e+01
5.000000000000000000e+00 1.383928507566452026e-01 6.787899780273437500e+01 5.028099822998046875e+01 2.854899978637695312e+01
1.600000000000000000e+01 2.723214328289031982e-01 6.724900054931640625e+01 4.781900024414062500e+01 3.150600051879882812e+01
1.200000000000000000e+01 5.223214030265808105e-01 6.375400161743164062e+01 4.901599884033203125e+01 3.155400085449218750e+01
1.400000000000000000e+01 5.267857313156127930e-01 6.204399871826171875e+01 5.081999969482421875e+01 2.869300079345703125e+01
2.200000000000000000e+01 6.964285969734191895e-01 5.825099945068359375e+01 5.133900070190429688e+01 2.885600090026855469e+01
1.300000000000000000e+01 6.651785969734191895e-01 5.583200073242187500e+01 5.257199859619140625e+01 2.602799987792968750e+01
2.200000000000000000e+01 7.142857313156127930e-01 5.217699813842773438e+01 5.380500030517578125e+01 2.609799957275390625e+01
1.200000000000000000e+01 6.383928656578063965e-01 4.998300170898437500e+01 5.332500076293945312e+01 2.298100090026855469e+01
3.000000000000000000e+00 5.803571343421936035e-01 4.647100067138671875e+01 5.479000091552734375e+01 2.263400077819824219e+01
0.000000000000000000e+00 5.357142686843872070e-01 4.379800033569335938e+01 5.272800064086914062e+01 2.089699935913085938e+01
2.200000000000000000e+01 3.482142984867095947e-01 4.120600128173828125e+01 5.553900146484375000e+01 2.076399993896484375e+01
1.000000000000000000e+00 1.830357164144515991e-01 4.343799972534179688e+01 5.793799972534179688e+01 1.879299926757812500e+01
9.000000000000000000e+00 2.366071492433547974e-01 4.531900024414062500e+01 5.487300109863281250e+01 1.743199920654296875e+01
1.700000000000000000e+01 2.142857164144515991e-01 4.872399902343750000e+01 5.668199920654296875e+01 1.808699989318847656e+01
1.600000000000000000e+01 3.303571343421936035e-01 5.143700027465820312e+01 5.675600051879882812e+01 2.066099929809570312e+01
0.000000000000000000e+00 4.732142984867095947e-01 5.056399917602539062e+01 5.843399810791015625e+01 2.409900093078613281e+01
1.100000000000000000e+01 2.767857015132904053e-01 5.234199905395507812e+01 6.175299835205078125e+01 2.508399963378906250e+01
2.000000000000000000e+00 3.080357015132904053e-01 5.306499862670898438e+01 6.285499954223632812e+01 2.863899993896484375e+01
2.200000000000000000e+01 6.160714030265808105e-01 5.184899902343750000e+01 5.960599899291992188e+01 3.028100013732910156e+01
0.000000000000000000e+00 6.562500000000000000e-01 5.335100173950195312e+01 5.910200119018554688e+01 3.371599960327148438e+01
1.400000000000000000e+01 7.678571343421936035e-01 5.449700164794921875e+01 5.611700057983398438e+01 3.578200149536132812e+01
2.200000000000000000e+01 7.410714030265808105e-01 5.863499832153320312e+01 5.200099945068359375e+01 3.921599960327148438e+01
1.500000000000000000e+01 7.187500000000000000e-01 5.868999862670898438e+01 5.045600128173828125e+01 4.268799972534179688e+01
1.000000000000000000e+00 6.116071343421936035e-01 6.127199935913085938e+01 4.790100097656250000e+01 4.411000061035156250e+01
1.300000000000000000e+01 5.758928656578063965e-01 6.031700134277343750e+01 4.536800003051757812e+01 4.672800064086914062e+01
0.000000000000000000e+00 2.812500000000000000e-01 6.302500152587890625e+01 4.592300033569335938e+01 4.944499969482421875e+01
0.000000000000000000e+00 9.375000000000000000e-02 6.485399627685546875e+01 4.344599914550781250e+01 5.178099822998046875e+01
3.000000000000000000e+00 8.928571641445159912e-02 6.227600097656250000e+01 4.371099853515625000e+01 5.456399917602539062e+01
3.000000000000000000e+00 3.169642984867095947e-01 5.950000000000000000e+01 4.306800079345703125e+01 5.191999816894531250e+01
1.800000000000000000e+01 3.883928656578063965e-01 5.823600006103515625e+01 4.670600128173828125e+01 5.174300003051757812e+01
1.900000000000000000e+01 5.848214030265808105e-01 5.777799987792968750e+01 4.866600036621093750e+01 4.853099822998046875e+01
7.000000000000000000e+00 4.107142984867095947e-01 6.036299896240234375e+01 5.150600051879882812e+01 4.811100006103515625e+01
1.600000000000000000e+01 4.508928656578063965e-01 6.032699966430664062e+01 5.440299987792968750e+01 4.545399856567382812e+01
1.500000000000000000e+01 4.151785671710968018e-01 6.283800125122070312e+01 5.343700027465820312e+01 4.264599990844726562e+01
0.000000000000000000e+00 4.687500000000000000e-01 6.214599990844726562e+01 5.531299972534179688e+01 3.952700042724609375e+01
1.700000000000000000e+01 5.178571343421936035e-01 5.954499816894531250e+01 5.759799957275390625e+01 3.778900146484375000e+01
9.000000000000000000e+00 4.375000000000000000e-01 5.899499893188476562e+01 5.946799850463867188e+01 3.448199844360351562e+01
1.300000000000000000e+01 4.821428656578063965e-01 5.659099960327148438e+01 6.005099868774414062e+01 3.172200012207031250e+01
1.800000000000000000e+01 4.196428656578063965e-01 5.643000030517578125e+01 5.929199981689453125e+01 2.792900085449218750e+01
1.700000000000000000e+01 1.562500000000000000e-01 5.819800186157226562e+01 6.120000076293945312e+01 2.488199996948242188e+01
7.000000000000000000e+00 7.142857462167739868e-02 5.663299942016601562e+01 6.209099960327148438e+01 2.145199966430664062e+01
1.700000000000000000e+01 1.160714253783226013e-01 5.698899841308593750e+01 5.853900146484375000e+01 2.012800025939941406e+01
9.000000000000000000e+00 3.660714328289031982e-01 5.538299942016601562e+01 5.717100143432617188e+01 2.329899978637695312e+01
7.000000000000000000e+00 3.705357015132904053e-01 5.850899887084960938e+01 5.562699890136718750e+01 2.451600074768066406e+01
1.200000000000000000e+01 4.241071343421936035e-01 5.997299957275390625e+01 5.624399948120117188e+01 2.803499984741210938e+01
9.000000000000000000e+00 1.339285671710968018e-01 6.609400177001953125e+01 5.658100128173828125e+01 3.099500083923339844e+01
1.200000000000000000e+01 3.214285671710968018e-01 6.418000030517578125e+01 5.543500137329101562e+01 3.414899826049804688e+01
1.800000000000000000e+01 2.098214328289031982e-01 6.713400268554687500e+01 5.369300079345703125e+01 3.588499832153320312e+01
1.800000000000000000e+01 5.357142910361289978e-02 7.093699645996093750e+01 5.305599975585937500e+01 3.518199920654296875e+01
7.000000000000000000e+00 3.125000000000000000e-02 7.192800140380859375e+01 4.944599914550781250e+01 3.480400085449218750e+01
7.000000000000000000e+00 4.464285913854837418e-03 7.423100280761718750e+01 5.010900115966796875e+01 3.786500167846679688e+01
7.000000000000000000e+00 4.910714179277420044e-02 7.131099700927734375e+01 5.049599838256835938e+01 4.038000106811523438e+01
1.500000000000000000e+01 1.651785671710968018e-01 6.918499755859375000e+01 4.772100067138671875e+01 3.877199935913085938e+01
2.200000000000000000e+01 1.116071417927742004e-01 6.977100372314453125e+01 4.509199905395507812e+01 4.131999969482421875e+01
7.000000000000000000e+00 1.964285671710968018e-01 6.827799987792968750e+01 4.147499847412109375e+01 4.103200149536132812e+01
9.000000000000000000e+00 4.285714328289031982e-01 6.460500335693359375e+01 4.165000152587890625e+01 4.236600112915039062e+01
1.100000000000000000e+01 6.696428656578063965e-01 6.084000015258789062e+01 4.217599868774414062e+01 4.221400070190429688e+01
2.000000000000000000e+01 7.633928656578063965e-01 5.978499984741210938e+01 4.550600051879882812e+01 4.059000015258789062e+01
1.300000000000000000e+01 9.017857313156127930e-01 5.627999877929687500e+01 4.670500183105468750e+01 3.975000000000000000e+01
2.200000000000000000e+01 9.241071343421936035e-01 5.552199935913085938e+01 4.950299835205078125e+01 3.722499847412109375e+01
7.000000000000000000e+00 9.508928656578063965e-01 5.239500045776367188e+01 5.159299850463867188e+01 3.791600036621093750e+01
1.100000000000000000e+01 9.196428656578063965e-01 5.116299819946289062e+01 5.366400146484375000e+01 3.487300109863281250e+01
3.000000000000000000e+00 8.616071343421936035e-01 4.840100097656250000e+01 5.620500183105468750e+01 3.559400177001953125e+01
1.800000000000000000e+01 8.392857313156127930e-01 4.569200134277343750e+01 5.593600082397460938e+01 3.293600082397460938e+01
1.300000000000000000e+01 7.544642686843872070e-01 4.266699981689453125e+01 5.769400024414062500e+01 3.470299911499023438e+01
1.700000000000000000e+01 6.205357313156127930e-01 4.443399810791015625e+01 6.102700042724609375e+01 3.456999969482421875e+01
2.000000000000000000e+01 5.714285969734191895e-01 4.483200073242187500e+01 6.089599990844726562e+01 3.070999908447265625e+01
1.900000000000000000e+01 5.535714030265808105e-01 4.118199920654296875e+01 6.001100158691406250e+01 3.020100021362304688e+01
1.300000000000000000e+01 3.526785671710968018e-01 4.006800079345703125e+01 6.292800140380859375e+01 3.239300155639648438e+01
0.000000000000000000e+00 2.187500000000000000e-01 4.246699905395507812e+01 6.528199768066406250e+01 3.047500038146972656e+01
1.200000000000000000e+01 1.741071492433547974e-01 4.063299942016601562e+01 6.413099670410156250e+01 2.720400047302246094e+01
9.000000000000000000e+00 1.294642835855484009e-01 3.713299942016601562e+01 6.431199645996093750e+01 2.881800079345703125e+01
1.100000000000000000e+01 3.035714328289031982e-01 3.632500076293945312e+01 6.055400085449218750e+01 2.905200004577636719e+01
1.700000000000000000e+01 4.553571343421936035e-01 3.544400024414062500e+01 5.890800094604492188e+01 3.245600128173828125e+01
1.600000000000000000e+01 6.875000000000000000e-01 3.707099914550781250e+01 5.545899963378906250e+01 3.258000183105468750e+01
1.500000000000000000e+01 7.767857313156127930e-01 3.627500152587890625e+01 5.220399856567382812e+01 3.459500122070312500e+01
7.000000000000000000e+00 9.062500000000000000e-01 4.235200119018554688e+01 5.352299880981445312e+01 3.773500061035156250e+01
0.000000000000000000e+00 9.866071343421936035e-01 4.770500183105468750e+01 4.968999862670898438e+01 3.445700073242187500e+01
7.000000000000000000e+00 9.955357313156127930e-01 5.020999908447265625e+01 4.761899948120117188e+01 3.664699935913085938e+01
2.200000000000000000e+01 9.732142686843872070e-01 5.305799865722656250e+01 4.518000030517578125e+01 3.570000076293945312e+01
2.200000000000000000e+01 9.642857313156127930e-01 5.475000000000000000e+01 4.325400161743164062e+01 3.859500122070312500e+01
1.500000000000000000e+01 8.482142686843872070e-01 5.784899902343750000e+01 4.149700164794921875e+01 3.745600128173828125e+01
1.800000000000000000e+01 6.785714030265808105e-01 6.116099929809570312e+01 3.978499984741210938e+01 3.845000076293945312e+01
0.000000000000000000e+00 5.133928656578063965e-01 6.441500091552734375e+01 4.108499908447265625e+01 3.700000000000000000e+01
2.000000000000000000e+00 2.455357164144515991e-01 6.732399749755859375e+01 3.868600082397460938e+01 3.653699874877929688e+01
3.000000000000000000e+00 2.678571343421936035e-01 6.552799987792968750e+01 3.545600128173828125e+01 3.767499923706054688e+01
1.700000000000000000e+01 1.205357164144515991e-01 6.697100067138671875e+01 3.341799926757812500e+01 3.468899917602539062e+01
9.000000000000000000e+00 5.803571268916130066e-02 7.011799621582031250e+01 3.556299972534179688e+01 3.511700057983398438e+01
1.600000000000000000e+01 8.482142537832260132e-02 7.018000030517578125e+01 3.919200134277343750e+01 3.391299819946289062e+01
1.000000000000000000e+00 1.875000000000000000e-01 6.804000091552734375e+01 4.037799835205078125e+01 3.106399917602539062e+01
1.000000000000000000e+00 2.946428656578063965e-01 6.663300323486328125e+01 4.378099822998046875e+01 2.992200088500976562e+01
2.000000000000000000e+01 5.625000000000000000e-01 6.293899917602539062e+01 4.431100082397460938e+01 2.966200065612792969e+01
1.800000000000000000e+01 5.982142686843872070e-01 6.084299850463867188e+01 4.639899826049804688e+01 2.707799911499023438e+01
1.100000000000000000e+01 7.946428656578063965e-01 5.705500030517578125e+01 4.687799835205078125e+01 2.794700050354003906e+01
0.000000000000000000e+00 7.812500000000000000e-01 5.436899948120117188e+01 4.823400115966796875e+01 2.563400077819824219e+01
0.000000000000000000e+00 8.883928656578063965e-01 5.080099868774414062e+01 4.887300109863281250e+01 2.681100082397460938e+01
1.200000000000000000e+01 8.125000000000000000e-01 4.779899978637695312e+01 4.981800079345703125e+01 2.490699958801269531e+01
1.200000000000000000e+01 8.214285969734191895e-01 4.496400070190429688e+01 5.178900146484375000e+01 2.660099983215332031e+01
1.700000000000000000e+01 7.366071343421936035e-01 4.107799911499023438e+01 5.195999908447265625e+01 2.597200012207031250e+01
1.600000000000000000e+01 7.232142686843872070e-01 3.863299942016601562e+01 5.330599975585937500e+01 2.861700057983398438e+01
2.000000000000000000e+01 7.901785969734191895e-01 3.695899963378906250e+01 4.987200164794921875e+01 2.977199935913085938e+01
1.700000000000000000e+01 8.750000000000000000e-01 3.999100112915039062e+01 4.774900054931640625e+01 2.837700080871582031e+01
2.000000000000000000e+01 9.375000000000000000e-01 4.381499862670898438e+01 4.758499908447265625e+01 2.829999923706054688e+01
1.700000000000000000e+01 9.151785969734191895e-01 4.625199890136718750e+01 4.514699935913085938e+01 2.660000038146972656e+01
1.800000000000000000e+01 9.464285969734191895e-01 4.990399932861328125e+01 4.484799957275390625e+01 2.793400001525878906e+01
1.800000000000000000e+01 8.437500000000000000e-01 5.273899841308593750e+01 4.302399826049804688e+01 2.646100044250488281e+01
0.000000000000000000e+00 7.589285969734191895e-01 5.663800048828125000e+01 4.296300125122070312e+01 2.681500053405761719e+01
2.200000000000000000e+01 5.580357313156127930e-01 5.967599868774414062e+01 4.174599838256835938e+01 2.487599945068359375e+01
2.200000000000000000e+01 4.330357015132904053e-01 6.267900085449218750e+01 4.040200042724609375e+01 2.687899971008300781e+01
1.800000000000000000e+01 1.696428507566452026e-01 6.613600158691406250e+01 4.070100021362304688e+01 2.537599945068359375e+01
2.000000000000000000e+00 3.571428731083869934e-02 6.976399993896484375e+01 4.014500045776367188e+01 2.634600067138671875e+01
1.600000000000000000e+01 4.464285820722579956e-02 7.097200012207031250e+01 4.302199935913085938e+01 2.847999954223632812e+01
