5.000000000000000000e+00 9.821428358554840088e-02 2.585799980163574219e+01 3.860300064086914062e+01 4.354899978637695312e+01
1.600000000000000000e+01 1.964285671710968018e-01 2.657299995422363281e+01 4.187300109863281250e+01 4.168600082397460938e+01
1.200000000000000000e+01 4.821428656578063965e-01 3.025699996948242188e+01 4.123899841308593750e+01 4.086700057983398438e+01
1.400000000000000000e+01 5.312500000000000000e-01 3.135799980163574219e+01 3.845100021362304688e+01 3.865299987792968750e+01
2.200000000000000000e+01 7.053571343421936035e-01 3.497399902343750000e+01 3.762799835205078125e+01 3.789799880981445312e+01
1.300000000000000000e+01 6.651785969734191895e-01 3.569499969482421875e+01 3.537900161743164062e+01 3.484600067138671875e+01
2.200000000000000000e+01 7.232142686843872070e-01 3.913999938964843750e+01 3.399399948120117188e+01 3.387699890136718750e+01
1.200000000000000000e+01 6.517857313156127930e-01 4.026699829101562500e+01 3.267100143432617188e+01 3.051899909973144531e+01
3.000000000000000000e+00 6.071428656578063965e-01 4.337799835205078125e+01 3.104000091552734375e+01 2.893199920654296875e+01
0.000000000000000000e+00 6.383928656578063965e-01 4.431900024414062500e+01 3.315299987792968750e+01 2.595599937438964844e+01
2.200000000000000000e+01 4.732142984867095947e-01 4.701599884033203125e+01 3.068099975585937500e+01 2.499200057983398438e+01
1.000000000000000000e+00 2.767857015132904053e-01 4.481200027465820312e+01 2.756800079345703125e+01 2.538299942016601562e+01
9.000000000000000000e+00 2.812500000000000000e-01 4.171500015258789062e+01 2.932200050354003906e+01 2.391900062561035156e+01
1.700000000000000000e+01 2.589285671710968018e-01 3.932799911499023438e+01 2.818700027465820312e+01 2.675699996948242188e+01
1.600000000000000000e+01 3.392857015132904053e-01 3.792300033569335938e+01 2.879100036621093750e+01 3.026600074768066406e+01
0.000000000000000000e+00 4.955357015132904053e-01 4.033200073242187500e+01 2.870299911499023438e+01 3.306499862670898438e+01
1.100000000000000000e+01 2.678571343421936035e-01 3.907300186157226562e+01 2.599600028991699219e+01 3.545399856567382812e+01
2.000000000000000000e+00 2.857142984867095947e-01 3.962699890136718750e+01 2.614299964904785156e+01 3.929499816894531250e+01
2.200000000000000000e+01 5.758928656578063965e-01 4.165700149536132812e+01 2.949900054931640625e+01 3.918399810791015625e+01
0.000000000000000000e+00 6.473214030265808105e-01 4.134500122070312500e+01 3.181599998474121094e+01 4.215299987792968750e+01
1.400000000000000000e+01 7.678571343421936035e-01 4.126300048828125000e+01 3.545100021362304688e+01 4.298600006103515625e+01
2.200000000000000000e+01 7.410714030265808105e-01 3.941500091552734375e+01 4.095899963378906250e+01 4.634799957275390625e+01
1.500000000000000000e+01 7.187500000000000000e-01 4.043600082397460938e+01 4.393899917602539062e+01 4.845899963378906250e+01
1.000000000000000000e+00 6.205357313156127930e-01 3.845100021362304688e+01 4.711399841308593750e+01 4.929299926757812500e+01
1.300000000000000000e+01 5.848214030265808105e-01 4.034700012207031250e+01 5.036600112915039062e+01 5.000699996948242188e+01
0.000000000000000000e+00 2.991071343421936035e-01 4.018199920654296875e+01 5.198500061035156250e+01 5.363199996948242188e+01
0.000000000000000000e+00 1.205357164144515991e-01 3.984799957275390625e+01 5.557799911499023438e+01 5.454600143432617188e+01
3.000000000000000000e+00 1.428571492433547974e-01 4.370100021362304688e+01 5.649100112915039062e+01 5.499100112915039062e+01
3.000000000000000000e+00 4.241071343421936035e-01 4.461000061035156250e+01 5.506399917602539062e+01 5.163000106811523438e+01
1.800000000000000000e+01 4.910714328289031982e-01 4.552899932861328125e+01 5.153300094604492188e+01 5.267800140380859375e+01
1.900000000000000000e+01 6.116071343421936035e-01 4.389799880981445312e+01 4.817900085449218750e+01 5.149900054931640625e+01
7.000000000000000000e+00 4.687500000000000000e-01 4.160300064086914062e+01 4.588399887084960938e+01 5.332600021362304688e+01
1.600000000000000000e+01 5.044642686843872070e-01 4.086100006103515625e+01 4.219400024414062500e+01 5.248199844360351562e+01
1.500000000000000000e+01 4.107142984867095947e-01 3.712799835205078125e+01 4.166099929809570312e+01 5.158399963378906250e+01
0.000000000000000000e+00 4.464285671710968018e-01 3.631200027465820312e+01 3.854800033569335938e+01 4.961700057983398438e+01
1.700000000000000000e+01 4.866071343421936035e-01 3.777700042724609375e+01 3.532699966430664062e+01 4.794100189208984375e+01
9.000000000000000000e+00 4.196428656578063965e-01 3.685300064086914062e+01 3.249700164794921875e+01 4.553499984741210938e+01
1.300000000000000000e+01 4.553571343421936035e-01 3.774499893188476562e+01 3.046500015258789062e+01 4.253799819946289062e+01
1.800000000000000000e+01 3.883928656578063965e-01 3.639400100708007812e+01 2.975300025939941406e+01 3.896599960327148438e+01
1.700000000000000000e+01 1.517857164144515991e-01 3.366999816894531250e+01 2.721299934387207031e+01 3.828799819946289062e+01
7.000000000000000000e+00 6.250000000000000000e-02 3.377099990844726562e+01 2.493899917602539062e+01 3.510300064086914062e+01
1.700000000000000000e+01 1.116071417927742004e-01 3.251699829101562500e+01 2.780400085449218750e+01 3.288299942016601562e+01
9.000000000000000000e+00 3.750000000000000000e-01 3.545299911499023438e+01 3.016500091552734375e+01 3.380899810791015625e+01
7.000000000000000000e+00 3.794642984867095947e-01 3.321599960327148438e+01 3.215800094604492188e+01 3.608499908447265625e+01
1.200000000000000000e+01 4.062500000000000000e-01 3.310200119018554688e+01 3.298799896240234375e+01 3.973799896240234375e+01
9.000000000000000000e+00 1.607142835855484009e-01 2.990600013732910156e+01 3.376200103759765625e+01 4.452700042724609375e+01
1.200000000000000000e+01 3.258928656578063965e-01 3.203699874877929688e+01 3.668700027465820312e+01 4.582199859619140625e+01
1.800000000000000000e+01 1.875000000000000000e-01 2.967700004577636719e+01 3.918099975585937500e+01 4.764099884033203125e+01
1.800000000000000000e+01 4.910714179277420044e-02 2.609600067138671875e+01 4.028699874877929688e+01 4.827700042724609375e+01
7.000000000000000000e+00 1.785714365541934967e-02 2.411599922180175781e+01 4.347600173950195312e+01 4.736299896240234375e+01
7.000000000000000000e+00 0.000000000000000000e+00 2.355299949645996094e+01 4.446500015258789062e+01 5.102600097656250000e+01
7.000000000000000000e+00 3.571428731083869934e-02 2.733399963378906250e+01 4.403799819946289062e+01 5.170899963378906250e+01
1.500000000000000000e+01 1.696428507566452026e-01 2.871100044250488281e+01 4.557699966430664062e+01 4.838299942016601562e+01
2.200000000000000000e+01 1.071428582072257996e-01 2.885499954223632812e+01 4.932899856567382812e+01 4.907300186157226562e+01
7.000000000000000000e+00 2.187500000000000000e-01 3.036700057983398438e+01 5.239599990844726562e+01 4.727600097656250000e+01
9.000000000000000000e+00 4.017857015132904053e-01 3.424499893188476562e+01 5.297600173950195312e+01 4.720100021362304688e+01
1.100000000000000000e+01 6.607142686843872070e-01 3.727199935913085938e+01 5.156700134277343750e+01 4.534600067138671875e+01
2.000000000000000000e+01 7.767857313156127930e-01 3.811500167846679688e+01 4.788999938964843750e+01 4.491600036621093750e+01
1.300000000000000000e+01 9.107142686843872070e-01 4.074599838256835938e+01 4.572299957275390625e+01 4.333300018310546875e+01
2.200000000000000000e+01 9.285714030265808105e-01 4.072000122070312500e+01 4.209600067138671875e+01 4.209400177001953125e+01
7.000000000000000000e+00 9.330357313156127930e-01 4.387900161743164062e+01 4.003400039672851562e+01 4.208900070190429688e+01
1.100000000000000000e+01 9.151785969734191895e-01 4.397000122070312500e+01 3.671200180053710938e+01 4.000400161743164062e+01
3.000000000000000000e+00 8.080357313156127930e-01 4.645000076293945312e+01 3.402999877929687500e+01 4.132799911499023438e+01
1.800000000000000000e+01 8.303571343421936035e-01 4.818799972534179688e+01 3.337099838256835938e+01 3.793899917602539062e+01
1.300000000000000000e+01 7.321428656578063965e-01 5.160599899291992188e+01 3.246799850463867188e+01 3.949900054931640625e+01
1.700000000000000000e+01 5.669642686843872070e-01 5.024700164794921875e+01 2.912199974060058594e+01 4.069800186157226562e+01
2.000000000000000000e+01 5.714285969734191895e-01 4.866899871826171875e+01 2.836100006103515625e+01 3.727500152587890625e+01
1.900000000000000000e+01 5.535714030265808105e-01 5.196500015258789062e+01 2.885700035095214844e+01 3.540599822998046875e+01
1.300000000000000000e+01 3.482142984867095947e-01 5.382099914550781250e+01 2.679899978637695312e+01 3.797800064086914062e+01
0.000000000000000000e+00 2.276785671710968018e-01 5.112099838256835938e+01 2.405999946594238281e+01 3.766899871826171875e+01
1.200000000000000000e+01 2.232142835855484009e-01 5.146599960327148438e+01 2.416600036621093750e+01 3.388800048828125000e+01
9.000000000000000000e+00 1.294642835855484009e-01 5.535100173950195312e+01 2.413100051879882812e+01 3.426499938964843750e+01
1.100000000000000000e+01 3.348214328289031982e-01 5.564899826049804688e+01 2.757200050354003906e+01 3.261800003051757812e+01
1.700000000000000000e+01 4.776785671710968018e-01 5.780500030517578125e+01 3.060000038146972656e+01 3.361600112915039062e+01
1.600000000000000000e+01 6.919642686843872070e-01 5.579499816894531250e+01 3.311500167846679688e+01 3.572600173950195312e+01
1.500000000000000000e+01 7.991071343421936035e-01 5.632699966430664062e+01 3.681399917602539062e+01 3.479700088500976562e+01
7.000000000000000000e+00 9.062500000000000000e-01 5.285800170898437500e+01 3.829199981689453125e+01 4.020500183105468750e+01
0.000000000000000000e+00 9.732142686843872070e-01 4.671599960327148438e+01 3.946900177001953125e+01 3.692800140380859375e+01
7.000000000000000000e+00 9.955357313156127930e-01 4.531399917602539062e+01 4.262099838256835938e+01 3.847999954223632812e+01
2.200000000000000000e+01 9.910714030265808105e-01 4.261600112915039062e+01 4.526399993896484375e+01 3.824300003051757812e+01
2.200000000000000000e+01 9.553571343421936035e-01 4.159999847412109375e+01 4.835100173950195312e+01 4.032099914550781250e+01
1.500000000000000000e+01 8.482142686843872070e-01 3.812099838256835938e+01 5.014799880981445312e+01 3.984600067138671875e+01
1.800000000000000000e+01 6.696428656578063965e-01 3.549800109863281250e+01 5.243099975585937500e+01 4.156700134277343750e+01
0.000000000000000000e+00 5.401785969734191895e-01 3.221200180053710938e+01 5.073500061035156250e+01 4.205699920654296875e+01
2.000000000000000000e+00 2.544642984867095947e-01 2.859300041198730469e+01 5.209299850463867188e+01 4.239199829101562500e+01
3.000000000000000000e+00 2.410714328289031982e-01 2.978499984741210938e+01 5.562099838256835938e+01 4.142800140380859375e+01
1.700000000000000000e+01 8.035714179277420044e-02 2.653700065612792969e+01 5.644200134277343750e+01 3.944200134277343750e+01
9.000000000000000000e+00 3.125000000000000000e-02 2.429199981689453125e+01 5.413399887084960938e+01 4.176800155639648438e+01
1.600000000000000000e+01 5.803571268916130066e-02 2.391399955749511719e+01 5.028699874877929688e+01 4.168999862670898438e+01
1.000000000000000000e+00 1.562500000000000000e-01 2.525399971008300781e+01 4.836199951171875000e+01 3.866699981689453125e+01
1.000000000000000000e+00 2.500000000000000000e-01 2.636899948120117188e+01 4.477700042724609375e+01 3.793600082397460938e+01
2.000000000000000000e+01 5.267857313156127930e-01 2.991799926757812500e+01 4.417200088500976562e+01 3.703799819946289062e+01
1.800000000000000000e+01 6.339285969734191895e-01 3.175600051879882812e+01 4.136000061035156250e+01 3.503099822998046875e+01
1.100000000000000000e+01 8.125000000000000000e-01 3.561100006103515625e+01 4.129299926757812500e+01 3.516600036621093750e+01
0.000000000000000000e+00 7.946428656578063965e-01 3.691600036621093750e+01 3.893399810791015625e+01 3.241500091552734375e+01
0.000000000000000000e+00 9.017857313156127930e-01 4.081100082397460938e+01 3.813899993896484375e+01 3.282899856567382812e+01
1.200000000000000000e+01 8.437500000000000000e-01 4.238999938964843750e+01 3.701699829101562500e+01 2.960000038146972656e+01
1.200000000000000000e+01 8.392857313156127930e-01 4.568600082397460938e+01 3.529600143432617188e+01 3.021199989318847656e+01
1.700000000000000000e+01 7.812500000000000000e-01 4.909000015258789062e+01 3.478499984741210938e+01 2.856500053405761719e+01
1.600000000000000000e+01 7.633928656578063965e-01 5.238800048828125000e+01 3.424000167846679688e+01 3.052700042724609375e+01
2.000000000000000000e+01 8.169642686843872070e-01 5.388100051879882812e+01 3.765999984741210938e+01 2.951000022888183594e+01
1.700000000000000000e+01 8.973214030265808105e-01 5.070399856567382812e+01 3.953300094604492188e+01 2.864299964904785156e+01
2.000000000000000000e+01 9.464285969734191895e-01 4.718299865722656250e+01 3.983399963378906250e+01 3.010600090026855469e+01
1.700000000000000000e+01 9.375000000000000000e-01 4.389300155639648438e+01 4.181200027465820312e+01 2.940399932861328125e+01
1.800000000000000000e+01 9.642857313156127930e-01 4.126499938964843750e+01 4.269699859619140625e+01 3.200699996948242188e+01
1.800000000000000000e+01 8.571428656578063965e-01 3.784899902343750000e+01 4.350699996948242188e+01 3.050499916076660156e+01
0.000000000000000000e+00 7.857142686843872070e-01 3.504000091552734375e+01 4.518799972534179688e+01 3.244200134277343750e+01
2.200000000000000000e+01 5.803571343421936035e-01 3.143099975585937500e+01 4.469599914550781250e+01 3.131999969482421875e+01
2.200000000000000000e+01 4.330357015132904053e-01 2.885600090026855469e+01 4.683700180053710938e+01 3.305599975585937500e+01
1.800000000000000000e+01 1.339285671710968018e-01 2.498900032043457031e+01 4.704899978637695312e+01 3.308700180053710938e+01
2.000000000000000000e+00 4.464285820722579956e-02 2.207999992370605469e+01 4.781299972534179688e+01 3.538899993896484375e+01
1.600000000000000000e+01 1.339285727590322495e-02 2.123299980163574219e+01 4.499399948120117188e+01 3.794200134277343750e+01
5.000000000000000000e+00 1.741071492433547974e-01 6.696399688720703125e+01 4.902999877929687500e+01 2.707699966430664062e+01
1.600000000000000000e+01 2.455357164144515991e-01 6.722599792480468750e+01 4.730599975585937500e+01 3.046999931335449219e+01
1.200000000000000000e+01 5.133928656578063965e-01 6.375699996948242188e+01 4.847299957275390625e+01 3.108699989318847656e+01
1.400000000000000000e+01 5.357142686843872070e-01 6.152299880981445312e+01 5.032400131225585938e+01 2.852099990844726562e+01
2.200000000000000000e+01 7.142857313156127930e-01 5.789699935913085938e+01 5.129100036621093750e+01 2.932600021362304688e+01
1.300000000000000000e+01 6.875000000000000000e-01 5.557199859619140625e+01 5.229000091552734375e+01 2.639200019836425781e+01
2.200000000000000000e+01 7.500000000000000000e-01 5.184199905395507812e+01 5.331499862670898438e+01 2.669700050354003906e+01
1.200000000000000000e+01 6.785714030265808105e-01 4.942800140380859375e+01 5.282899856567382812e+01 2.370999908447265625e+01
3.000000000000000000e+00 6.294642686843872070e-01 4.583300018310546875e+01 5.397900009155273438e+01 2.310600090026855469e+01
0.000000000000000000e+00 5.491071343421936035e-01 4.312599945068359375e+01 5.227600097656250000e+01 2.127099990844726562e+01
2.200000000000000000e+01 3.437500000000000000e-01 4.071500015258789062e+01 5.518199920654296875e+01 2.076300048828125000e+01
1.000000000000000000e+00 1.785714328289031982e-01 4.286299896240234375e+01 5.725999832153320312e+01 1.850799942016601562e+01
9.000000000000000000e+00 2.901785671710968018e-01 4.500000000000000000e+01 5.412799835205078125e+01 1.798299980163574219e+01
1.700000000000000000e+01 2.633928656578063965e-01 4.836800003051757812e+01 5.604899978637695312e+01 1.866900062561035156e+01
1.600000000000000000e+01 3.928571343421936035e-01 5.107400131225585938e+01 5.615700149536132812e+01 2.143700027465820312e+01
0.000000000000000000e+00 5.178571343421936035e-01 4.994800186157226562e+01 5.783200073242187500e+01 2.476799964904785156e+01
1.100000000000000000e+01 3.169642984867095947e-01 5.195899963378906250e+01 6.106800079345703125e+01 2.550300025939941406e+01
2.000000000000000000e+00 3.303571343421936035e-01 5.242499923706054688e+01 6.265900039672851562e+01 2.903199958801269531e+01
2.200000000000000000e+01 6.160714030265808105e-01 5.155699920654296875e+01 5.950699996948242188e+01 3.107600021362304688e+01
0.000000000000000000e+00 6.428571343421936035e-01 5.307600021362304688e+01 5.947600173950195312e+01 3.453200149536132812e+01
1.400000000000000000e+01 7.276785969734191895e-01 5.456600189208984375e+01 5.648899841308593750e+01 3.615399932861328125e+01
2.200000000000000000e+01 6.964285969734191895e-01 5.891899871826171875e+01 5.269800186157226562e+01 3.965399932861328125e+01
1.500000000000000000e+01 6.741071343421936035e-01 5.905899810791015625e+01 5.067200088500976562e+01 4.287300109863281250e+01
1.000000000000000000e+00 5.580357313156127930e-01 6.175500106811523438e+01 4.808200073242187500e+01 4.383499908447265625e+01
1.300000000000000000e+01 5.000000000000000000e-01 6.151399993896484375e+01 4.564599990844726562e+01 4.667499923706054688e+01
0.000000000000000000e+00 1.919642835855484009e-01 6.420899963378906250e+01 4.576499938964843750e+01 4.944800186157226562e+01
0.000000000000000000e+00 7.142857462167739868e-02 6.563400268554687500e+01 4.264500045776367188e+01 5.120600128173828125e+01
3.000000000000000000e+00 8.928571641445159912e-02 6.268000030517578125e+01 4.222600173950195312e+01 5.369100189208984375e+01
3.000000000000000000e+00 3.125000000000000000e-01 6.040999984741210938e+01 4.299100112915039062e+01 5.083599853515625000e+01
1.800000000000000000e+01 2.946428656578063965e-01 5.972299957275390625e+01 4.677299880981445312e+01 5.176100158691406250e+01
1.900000000000000000e+01 5.223214030265808105e-01 5.862400054931640625e+01 4.859700012207031250e+01 4.850199890136718750e+01
7.000000000000000000e+00 3.616071343421936035e-01 6.089500045776367188e+01 5.167499923706054688e+01 4.778900146484375000e+01
1.600000000000000000e+01 3.839285671710968018e-01 6.092699813842773438e+01 5.430799865722656250e+01 4.505899810791015625e+01
1.500000000000000000e+01 3.526785671710968018e-01 6.333900070190429688e+01 5.371799850463867188e+01 4.221400070190429688e+01
0.000000000000000000e+00 3.705357015132904053e-01 6.269499969482421875e+01 5.584500122070312500e+01 3.911999893188476562e+01
1.700000000000000000e+01 4.598214328289031982e-01 6.000199890136718750e+01 5.801499938964843750e+01 3.759700012207031250e+01
9.000000000000000000e+00 3.660714328289031982e-01 5.881900024414062500e+01 6.018199920654296875e+01 3.473199844360351562e+01
1.300000000000000000e+01 4.285714328289031982e-01 5.611100006103515625e+01 6.089500045776367188e+01 3.213999938964843750e+01
1.800000000000000000e+01 4.508928656578063965e-01 5.583100128173828125e+01 5.943299865722656250e+01 2.860600090026855469e+01
1.700000000000000000e+01 1.830357164144515991e-01 5.748799896240234375e+01 6.106600189208984375e+01 2.565800094604492188e+01
7.000000000000000000e+00 7.589285820722579956e-02 5.609600067138671875e+01 6.227999877929687500e+01 2.223500061035156250e+01
1.700000000000000000e+01 1.383928507566452026e-01 5.644599914550781250e+01 5.866500091552734375e+01 2.096199989318847656e+01
9.000000000000000000e+00 3.973214328289031982e-01 5.468600082397460938e+01 5.741999816894531250e+01 2.414399909973144531e+01
7.000000000000000000e+00 4.375000000000000000e-01 5.783800125122070312e+01 5.581700134277343750e+01 2.556599998474121094e+01
1.200000000000000000e+01 4.419642984867095947e-01 5.998199844360351562e+01 5.608300018310546875e+01 2.873399925231933594e+01
9.000000000000000000e+00 9.375000000000000000e-02 6.713300323486328125e+01 5.588100051879882812e+01 3.042300033569335938e+01
1.200000000000000000e+01 2.366071492433547974e-01 6.567500305175781250e+01 5.525099945068359375e+01 3.390499877929687500e+01
1.800000000000000000e+01 1.250000000000000000e-01 6.827899932861328125e+01 5.262500000000000000e+01 3.514099884033203125e+01
1.800000000000000000e+01 4.017857089638710022e-02 7.160500335693359375e+01 5.092699813842773438e+01 3.415399932861328125e+01
7.000000000000000000e+00 2.232142910361289978e-02 7.242199707031250000e+01 4.731200027465820312e+01 3.333900070190429688e+01
7.000000000000000000e+00 4.464285913854837418e-03 7.485800170898437500e+01 4.692200088500976562e+01 3.627000045776367188e+01
7.000000000000000000e+00 2.678571455180644989e-02 7.225399780273437500e+01 4.849100112915039062e+01 3.854600143432617188e+01
1.500000000000000000e+01 1.651785671710968018e-01 6.925299835205078125e+01 4.646300125122070312e+01 3.744599914550781250e+01
2.200000000000000000e+01 1.026785746216773987e-01 7.004399871826171875e+01 4.320600128173828125e+01 3.933000183105468750e+01
7.000000000000000000e+00 2.321428507566452026e-01 6.753099822998046875e+01 4.053300094604492188e+01 4.057899856567382812e+01
9.000000000000000000e+00 4.151785671710968018e-01 6.452899932861328125e+01 4.185100173950195312e+01 4.234099960327148438e+01
1.100000000000000000e+01 6.562500000000000000e-01 6.075799942016601562e+01 4.249100112915039062e+01 4.210200119018554688e+01
2.000000000000000000e+01 7.455357313156127930e-01 5.991799926757812500e+01 4.572600173950195312e+01 4.026800155639648438e+01
1.300000000000000000e+01 8.794642686843872070e-01 5.651900100708007812e+01 4.742499923706054688e+01 4.004199981689453125e+01
2.200000000000000000e+01 8.883928656578063965e-01 5.577799987792968750e+01 5.019499969482421875e+01 3.749900054931640625e+01
7.000000000000000000e+00 9.196428656578063965e-01 5.271900177001953125e+01 5.231399917602539062e+01 3.844800186157226562e+01
1.100000000000000000e+01 8.928571343421936035e-01 5.127999877929687500e+01 5.390700149536132812e+01 3.531600189208984375e+01
3.000000000000000000e+00 8.258928656578063965e-01 4.863999938964843750e+01 5.670100021362304688e+01 3.603900146484375000e+01
1.800000000000000000e+01 8.616071343421936035e-01 4.614300155639648438e+01 5.541199874877929688e+01 3.346900177001953125e+01
1.300000000000000000e+01 7.723214030265808105e-01 4.290200042724609375e+01 5.727000045776367188e+01 3.470600128173828125e+01
1.700000000000000000e+01 6.026785969734191895e-01 4.444599914550781250e+01 6.078799819946289062e+01 3.434999847412109375e+01
2.000000000000000000e+01 5.937500000000000000e-01 4.527099990844726562e+01 6.028099822998046875e+01 3.064100074768066406e+01
1.900000000000000000e+01 5.625000000000000000e-01 4.155599975585937500e+01 5.964599990844726562e+01 3.005900001525878906e+01
1.300000000000000000e+01 3.571428656578063965e-01 4.024800109863281250e+01 6.257799911499023438e+01 3.212300109863281250e+01
0.000000000000000000e+00 2.142857164144515991e-01 4.242599868774414062e+01 6.510500335693359375e+01 3.020100021362304688e+01
1.200000000000000000e+01 2.053571492433547974e-01 4.114300155639648438e+01 6.350000000000000000e+01 2.695700073242187500e+01
9.000000000000000000e+00 1.473214328289031982e-01 3.759700012207031250e+01 6.368399810791015625e+01 2.832399940490722656e+01
1.100000000000000000e+01 3.214285671710968018e-01 3.656999969482421875e+01 6.009299850463867188e+01 2.889599990844726562e+01
1.700000000000000000e+01 4.642857015132904053e-01 3.557600021362304688e+01 5.847600173950195312e+01 3.220199966430664062e+01
1.600000000000000000e+01 7.008928656578063965e-01 3.728200149536132812e+01 5.496799850463867188e+01 3.246599960327148438e+01
1.500000000000000000e+01 7.544642686843872070e-01 3.605199813842773438e+01 5.218500137329101562e+01 3.474599838256835938e+01
7.000000000000000000e+00 8.750000000000000000e-01 4.139799880981445312e+01 5.350000000000000000e+01 3.836899948120117188e+01
0.000000000000000000e+00 9.821428656578063965e-01 4.750199890136718750e+01 5.017900085449218750e+01 3.663199996948242188e+01
7.000000000000000000e+00 9.866071343421936035e-01 5.009000015258789062e+01 4.835900115966796875e+01 3.875699996948242188e+01
2.200000000000000000e+01 9.776785969734191895e-01 5.247600173950195312e+01 4.636600112915039062e+01 3.659899902343750000e+01
2.200000000000000000e+01 9.419642686843872070e-01 5.451900100708007812e+01 4.406900024414062500e+01 3.889300155639648438e+01
1.500000000000000000e+01 8.705357313156127930e-01 5.694100189208984375e+01 4.145600128173828125e+01 3.785200119018554688e+01
1.800000000000000000e+01 7.098214030265808105e-01 5.995700073242187500e+01 3.948199844360351562e+01 3.908800125122070312e+01
0.000000000000000000e+00 5.892857313156127930e-01 6.295100021362304688e+01 4.076800155639648438e+01 3.701200103759765625e+01
2.000000000000000000e+00 3.080357015132904053e-01 6.629900360107421875e+01 3.899000167846679688e+01 3.637200164794921875e+01
3.000000000000000000e+00 3.035714328289031982e-01 6.497200012207031250e+01 3.578900146484375000e+01 3.800299835205078125e+01
1.700000000000000000e+01 1.160714253783226013e-01 6.691200256347656250e+01 3.367399978637695312e+01 3.549000167846679688e+01
9.000000000000000000e+00 6.696428358554840088e-02 6.962000274658203125e+01 3.644400024414062500e+01 3.543399810791015625e+01
1.600000000000000000e+01 8.482142537832260132e-02 7.000599670410156250e+01 3.947399902343750000e+01 3.311500167846679688e+01
1.000000000000000000e+00 2.008928507566452026e-01 6.732800292968750000e+01 3.995899963378906250e+01 3.047500038146972656e+01
1.000000000000000000e+00 2.723214328289031982e-01 6.617600250244140625e+01 4.301100158691406250e+01 2.841799926757812500e+01
2.000000000000000000e+01 5.446428656578063965e-01 6.263899993896484375e+01 4.417499923706054688e+01 2.897599983215332031e+01
1.800000000000000000e+01 6.250000000000000000e-01 6.009700012207031250e+01 4.624700164794921875e+01 2.691799926757812500e+01
1.100000000000000000e+01 8.035714030265808105e-01 5.688999938964843750e+01 4.650600051879882812e+01 2.873800086975097656e+01
0.000000000000000000e+00 8.214285969734191895e-01 5.387799835205078125e+01 4.770899963378906250e+01 2.668000030517578125e+01
0.000000000000000000e+00 9.241071343421936035e-01 5.044900131225585938e+01 4.884999847412109375e+01 2.806800079345703125e+01
1.200000000000000000e+01 8.526785969734191895e-01 4.728300094604492188e+01 4.948500061035156250e+01 2.603100013732910156e+01
1.200000000000000000e+01 8.348214030265808105e-01 4.442399978637695312e+01 5.172700119018554688e+01 2.701000022888183594e+01
1.700000000000000000e+01 7.366071343421936035e-01 4.093600082397460938e+01 5.104700088500976562e+01 2.578400039672851562e+01
1.600000000000000000e+01 6.830357313156127930e-01 3.781999969482421875e+01 5.268700027465820312e+01 2.754400062561035156e+01
2.000000000000000000e+01 7.589285969734191895e-01 3.671599960327148438e+01 4.947100067138671875e+01 2.941099929809570312e+01
1.700000000000000000e+01 8.660714030265808105e-01 3.973600006103515625e+01 4.725099945068359375e+01 2.877499961853027344e+01
2.000000000000000000e+01 9.598214030265808105e-01 4.330099868774414062e+01 4.743999862670898438e+01 2.985400009155273438e+01
1.700000000000000000e+01 9.508928656578063965e-01 4.588399887084960938e+01 4.516999816894531250e+01 2.836100006103515625e+01
1.800000000000000000e+01 9.687500000000000000e-01 4.958100128173828125e+01 4.488199996948242188e+01 2.906599998474121094e+01
1.800000000000000000e+01 8.839285969734191895e-01 5.213800048828125000e+01 4.275299835205078125e+01 2.719499969482421875e+01
0.000000000000000000e+00 7.901785969734191895e-01 5.591500091552734375e+01 4.250000000000000000e+01 2.747500038146972656e+01
2.200000000000000000e+01 5.982142686843872070e-01 5.910499954223632812e+01 4.155300140380859375e+01 2.564299964904785156e+01
2.200000000000000000e+01 5.089285969734191895e-01 6.175799942016601562e+01 3.954999923706054688e+01 2.755400085449218750e+01
1.800000000000000000e+01 2.098214328289031982e-01 6.505500030517578125e+01 3.888299942016601562e+01 2.583499908447265625e+01
2.000000000000000000e+00 5.357142910361289978e-02 6.863400268554687500e+01 3.765599822998046875e+01 2.628400039672851562e+01
1.600000000000000000e+01 8.928571827709674835e-03 7.141200256347656250e+01 4.039199829101562500e+01 2.610199928283691406e+01
