5.000000000000000000e+00 1.205357164144515991e-01 2.563199996948242188e+01 3.884000015258789062e+01 4.086999893188476562e+01
1.600000000000000000e+01 2.276785671710968018e-01 2.676799964904785156e+01 4.243899917602539062e+01 4.160599899291992188e+01
1.200000000000000000e+01 5.044642686843872070e-01 3.046100044250488281e+01 4.147499847412109375e+01 4.097900009155273438e+01
1.400000000000000000e+01 5.357142686843872070e-01 3.121400070190429688e+01 3.862400054931640625e+01 3.847399902343750000e+01
2.200000000000000000e+01 6.964285969734191895e-01 3.478400039672851562e+01 3.742399978637695312e+01 3.780199813842773438e+01
1.300000000000000000e+01 6.875000000000000000e-01 3.560599899291992188e+01 3.567200088500976562e+01 3.439199829101562500e+01
2.200000000000000000e+01 7.321428656578063965e-01 3.905799865722656250e+01 3.414400100708007812e+01 3.363199996948242188e+01
1.200000000000000000e+01 6.919642686843872070e-01 4.030899810791015625e+01 3.322100067138671875e+01 3.016900062561035156e+01
3.000000000000000000e+00 6.383928656578063965e-01 4.359400177001953125e+01 3.185700035095214844e+01 2.870800018310546875e+01
0.000000000000000000e+00 6.160714030265808105e-01 4.485499954223632812e+01 3.332400131225585938e+01 2.543600082397460938e+01
2.200000000000000000e+01 4.464285671710968018e-01 4.717200088500976562e+01 3.048399925231933594e+01 2.448800086975097656e+01
1.000000000000000000e+00 2.366071492433547974e-01 4.468000030517578125e+01 2.751000022888183594e+01 2.452599906921386719e+01
9.000000000000000000e+00 2.946428656578063965e-01 4.184999847412109375e+01 2.991099929809570312e+01 2.362599945068359375e+01
1.700000000000000000e+01 2.812500000000000000e-01 3.968799972534179688e+01 2.846800041198730469e+01 2.646400070190429688e+01
1.600000000000000000e+01 3.750000000000000000e-01 3.838000106811523438e+01 2.935499954223632812e+01 2.993300056457519531e+01
0.000000000000000000e+00 5.491071343421936035e-01 4.091600036621093750e+01 2.930800056457519531e+01 3.291699981689453125e+01
1.100000000000000000e+01 3.392857015132904053e-01 4.018000030517578125e+01 2.677400016784667969e+01 3.570299911499023438e+01
2.000000000000000000e+00 3.437500000000000000e-01 4.085200119018554688e+01 2.696899986267089844e+01 3.951499938964843750e+01
2.200000000000000000e+01 6.294642686843872070e-01 4.239099884033203125e+01 3.053300094604492188e+01 3.929199981689453125e+01
0.000000000000000000e+00 6.562500000000000000e-01 4.264699935913085938e+01 3.196500015258789062e+01 4.278300094604492188e+01
1.400000000000000000e+01 7.500000000000000000e-01 4.172499847412109375e+01 3.549700164794921875e+01 4.382799911499023438e+01
2.200000000000000000e+01 7.053571343421936035e-01 3.886999893188476562e+01 4.092599868774414062e+01 4.712799835205078125e+01
1.500000000000000000e+01 6.696428656578063965e-01 3.980799865722656250e+01 4.381600189208984375e+01 4.947600173950195312e+01
1.000000000000000000e+00 5.267857313156127930e-01 3.772000122070312500e+01 4.685200119018554688e+01 5.074900054931640625e+01
1.300000000000000000e+01 4.776785671710968018e-01 3.935800170898437500e+01 5.006100082397460938e+01 5.200999832153320312e+01
0.000000000000000000e+00 1.964285671710968018e-01 3.875500106811523438e+01 5.074200057983398438e+01 5.579000091552734375e+01
0.000000000000000000e+00 6.696428358554840088e-02 3.797200012207031250e+01 5.422700119018554688e+01 5.729800033569335938e+01
3.000000000000000000e+00 6.250000000000000000e-02 4.162099838256835938e+01 5.494200134277343750e+01 5.824599838256835938e+01
3.000000000000000000e+00 2.589285671710968018e-01 4.225999832153320312e+01 5.426100158691406250e+01 5.445999908447265625e+01
1.800000000000000000e+01 3.125000000000000000e-01 4.367300033569335938e+01 5.078099822998046875e+01 5.515399932861328125e+01
1.900000000000000000e+01 5.089285969734191895e-01 4.252999877929687500e+01 4.770399856567382812e+01 5.316899871826171875e+01
7.000000000000000000e+00 3.214285671710968018e-01 4.067300033569335938e+01 4.481000137329101562e+01 5.489099884033203125e+01
1.600000000000000000e+01 3.928571343421936035e-01 3.975000000000000000e+01 4.147499847412109375e+01 5.325999832153320312e+01
1.500000000000000000e+01 3.526785671710968018e-01 3.631600189208984375e+01 4.143799972534179688e+01 5.159299850463867188e+01
0.000000000000000000e+00 3.794642984867095947e-01 3.569300079345703125e+01 3.810100173950195312e+01 4.970199966430664062e+01
1.700000000000000000e+01 4.910714328289031982e-01 3.780899810791015625e+01 3.528400039672851562e+01 4.792800140380859375e+01
9.000000000000000000e+00 4.419642984867095947e-01 3.751900100708007812e+01 3.221400070190429688e+01 4.573300170898437500e+01
1.300000000000000000e+01 4.821428656578063965e-01 3.872999954223632812e+01 3.027000045776367188e+01 4.277000045776367188e+01
1.800000000000000000e+01 4.732142984867095947e-01 3.740399932861328125e+01 2.980900001525878906e+01 3.925199890136718750e+01
1.700000000000000000e+01 2.142857164144515991e-01 3.500799942016601562e+01 2.718799972534179688e+01 3.806100082397460938e+01
7.000000000000000000e+00 1.026785746216773987e-01 3.531299972534179688e+01 2.484399986267089844e+01 3.503099822998046875e+01
1.700000000000000000e+01 1.562500000000000000e-01 3.337599945068359375e+01 2.746500015258789062e+01 3.293799972534179688e+01
9.000000000000000000e+00 4.151785671710968018e-01 3.608100128173828125e+01 2.997900009155273438e+01 3.413299942016601562e+01
7.000000000000000000e+00 4.241071343421936035e-01 3.365900039672851562e+01 3.203799819946289062e+01 3.620000076293945312e+01
1.200000000000000000e+01 4.107142984867095947e-01 3.339300155639648438e+01 3.280099868774414062e+01 4.000899887084960938e+01
9.000000000000000000e+00 1.071428582072257996e-01 2.855599975585937500e+01 3.396699905395507812e+01 4.490999984741210938e+01
1.200000000000000000e+01 2.857142984867095947e-01 3.134900093078613281e+01 3.643500137329101562e+01 4.592300033569335938e+01
1.800000000000000000e+01 1.607142835855484009e-01 2.890200042724609375e+01 3.884899902343750000e+01 4.771400070190429688e+01
1.800000000000000000e+01 4.464285820722579956e-02 2.519799995422363281e+01 3.979100036621093750e+01 4.787500000000000000e+01
7.000000000000000000e+00 1.785714365541934967e-02 2.343799972534179688e+01 4.293299865722656250e+01 4.679299926757812500e+01
7.000000000000000000e+00 0.000000000000000000e+00 2.305599975585937500e+01 4.415700149536132812e+01 5.050000000000000000e+01
7.000000000000000000e+00 3.125000000000000000e-02 2.667099952697753906e+01 4.308300018310546875e+01 5.144200134277343750e+01
1.500000000000000000e+01 1.473214328289031982e-01 2.822200012207031250e+01 4.502799987792968750e+01 4.859000015258789062e+01
2.200000000000000000e+01 9.375000000000000000e-02 2.823399925231933594e+01 4.873400115966796875e+01 4.975199890136718750e+01
7.000000000000000000e+00 1.741071492433547974e-01 2.934199905395507812e+01 5.177999877929687500e+01 4.778200149536132812e+01
9.000000000000000000e+00 3.348214328289031982e-01 3.298699951171875000e+01 5.270500183105468750e+01 4.743399810791015625e+01
1.100000000000000000e+01 6.116071343421936035e-01 3.644699859619140625e+01 5.167900085449218750e+01 4.626599884033203125e+01
2.000000000000000000e+01 7.232142686843872070e-01 3.732600021362304688e+01 4.796099853515625000e+01 4.572900009155273438e+01
1.300000000000000000e+01 8.571428656578063965e-01 4.055099868774414062e+01 4.610900115966796875e+01 4.495100021362304688e+01
2.200000000000000000e+01 8.973214030265808105e-01 4.065200042724609375e+01 4.268000030517578125e+01 4.341099929809570312e+01
7.000000000000000000e+00 9.285714030265808105e-01 4.381499862670898438e+01 4.059299850463867188e+01 4.340200042724609375e+01
1.100000000000000000e+01 9.196428656578063965e-01 4.433599853515625000e+01 3.734600067138671875e+01 4.133800125122070312e+01
3.000000000000000000e+00 8.214285969734191895e-01 4.704199981689453125e+01 3.467800140380859375e+01 4.152899932861328125e+01
1.800000000000000000e+01 8.705357313156127930e-01 4.824100112915039062e+01 3.450699996948242188e+01 3.787300109863281250e+01
1.300000000000000000e+01 7.678571343421936035e-01 5.177000045776367188e+01 3.315499877929687500e+01 3.853099822998046875e+01
1.700000000000000000e+01 6.205357313156127930e-01 5.051200103759765625e+01 2.980400085449218750e+01 4.009099960327148438e+01
2.000000000000000000e+01 5.937500000000000000e-01 4.834799957275390625e+01 2.887599945068359375e+01 3.704800033569335938e+01
1.900000000000000000e+01 5.758928656578063965e-01 5.133599853515625000e+01 2.891699981689453125e+01 3.463800048828125000e+01
1.300000000000000000e+01 3.660714328289031982e-01 5.378799819946289062e+01 2.708099937438964844e+01 3.677199935913085938e+01
0.000000000000000000e+00 2.187500000000000000e-01 5.159999847412109375e+01 2.402899932861328125e+01 3.683399963378906250e+01
1.200000000000000000e+01 2.232142835855484009e-01 5.130799865722656250e+01 2.426099967956542969e+01 3.292200088500976562e+01
9.000000000000000000e+00 1.517857164144515991e-01 5.508599853515625000e+01 2.410899925231933594e+01 3.276699829101562500e+01
1.100000000000000000e+01 3.258928656578063965e-01 5.583700180053710938e+01 2.779400062561035156e+01 3.197900009155273438e+01
1.700000000000000000e+01 4.955357015132904053e-01 5.749200057983398438e+01 3.068700027465820312e+01 3.374700164794921875e+01
1.600000000000000000e+01 7.187500000000000000e-01 5.536000061035156250e+01 3.389699935913085938e+01 3.340999984741210938e+01
1.500000000000000000e+01 8.035714030265808105e-01 5.664799880981445312e+01 3.744499969482421875e+01 3.327799987792968750e+01
7.000000000000000000e+00 8.883928656578063965e-01 5.392200088500976562e+01 3.796799850463867188e+01 3.939799880981445312e+01
0.000000000000000000e+00 9.866071343421936035e-01 4.732899856567382812e+01 4.074900054931640625e+01 3.853699874877929688e+01
7.000000000000000000e+00 9.821428656578063965e-01 4.584999847412109375e+01 4.348099899291992188e+01 4.093999862670898438e+01
2.200000000000000000e+01 9.776785969734191895e-01 4.306399917602539062e+01 4.598600006103515625e+01 3.985499954223632812e+01
2.200000000000000000e+01 9.330357313156127930e-01 4.122299957275390625e+01 4.876200103759765625e+01 4.173400115966796875e+01
1.500000000000000000e+01 8.258928656578063965e-01 3.774000167846679688e+01 5.010900115966796875e+01 4.052899932861328125e+01
1.800000000000000000e+01 6.651785969734191895e-01 3.484999847412109375e+01 5.223899841308593750e+01 4.183399963378906250e+01
0.000000000000000000e+00 5.446428656578063965e-01 3.193899917602539062e+01 4.995700073242187500e+01 4.279299926757812500e+01
2.000000000000000000e+00 2.678571343421936035e-01 2.831100082397460938e+01 5.127500152587890625e+01 4.249100112915039062e+01
3.000000000000000000e+00 2.500000000000000000e-01 2.907399940490722656e+01 5.472800064086914062e+01 4.075999832153320312e+01
1.700000000000000000e+01 7.142857462167739868e-02 2.579500007629394531e+01 5.665399932861328125e+01 4.054499816894531250e+01
9.000000000000000000e+00 3.571428731083869934e-02 2.394799995422363281e+01 5.389799880981445312e+01 4.240100097656250000e+01
1.600000000000000000e+01 7.589285820722579956e-02 2.385099983215332031e+01 5.005400085449218750e+01 4.204199981689453125e+01
1.000000000000000000e+00 1.919642835855484009e-01 2.554400062561035156e+01 4.816600036621093750e+01 3.920700073242187500e+01
1.000000000000000000e+00 2.767857015132904053e-01 2.662500000000000000e+01 4.468000030517578125e+01 3.806499862670898438e+01
2.000000000000000000e+01 5.669642686843872070e-01 3.029800033569335938e+01 4.453300094604492188e+01 3.704199981689453125e+01
1.800000000000000000e+01 5.982142686843872070e-01 3.147200012207031250e+01 4.153599929809570312e+01 3.495000076293945312e+01
1.100000000000000000e+01 8.125000000000000000e-01 3.524700164794921875e+01 4.193899917602539062e+01 3.544100189208984375e+01
0.000000000000000000e+00 8.169642686843872070e-01 3.695700073242187500e+01 3.954499816894531250e+01 3.293199920654296875e+01
0.000000000000000000e+00 9.151785969734191895e-01 4.067499923706054688e+01 3.862599945068359375e+01 3.285400009155273438e+01
1.200000000000000000e+01 8.750000000000000000e-01 4.313399887084960938e+01 3.728300094604492188e+01 3.031699943542480469e+01
1.200000000000000000e+01 8.437500000000000000e-01 4.622700119018554688e+01 3.517900085449218750e+01 3.095899963378906250e+01
1.700000000000000000e+01 7.857142686843872070e-01 4.939300155639648438e+01 3.470100021362304688e+01 2.894199943542480469e+01
1.600000000000000000e+01 7.142857313156127930e-01 5.313800048828125000e+01 3.399700164794921875e+01 2.969199943542480469e+01
2.000000000000000000e+01 7.767857313156127930e-01 5.443600082397460938e+01 3.743799972534179688e+01 2.867799949645996094e+01
1.700000000000000000e+01 9.062500000000000000e-01 5.111600112915039062e+01 3.929100036621093750e+01 2.909600067138671875e+01
2.000000000000000000e+01 9.687500000000000000e-01 4.797000122070312500e+01 3.980500030517578125e+01 3.091699981689453125e+01
1.700000000000000000e+01 9.642857313156127930e-01 4.491299819946289062e+01 4.181299972534179688e+01 2.971199989318847656e+01
1.800000000000000000e+01 9.598214030265808105e-01 4.157300186157226562e+01 4.264699935913085938e+01 3.125000000000000000e+01
1.800000000000000000e+01 8.616071343421936035e-01 3.807500076293945312e+01 4.370999908447265625e+01 3.020000076293945312e+01
0.000000000000000000e+00 7.946428656578063965e-01 3.520500183105468750e+01 4.517300033569335938e+01 3.224399948120117188e+01
2.200000000000000000e+01 5.892857313156127930e-01 3.137700080871582031e+01 4.504499816894531250e+01 3.145400047302246094e+01
2.200000000000000000e+01 4.598214328289031982e-01 2.892200088500976562e+01 4.712900161743164062e+01 3.352700042724609375e+01
1.800000000000000000e+01 1.696428507566452026e-01 2.507999992370605469e+01 4.647000122070312500e+01 3.365399932861328125e+01
2.000000000000000000e+00 5.803571268916130066e-02 2.271599960327148438e+01 4.914899826049804688e+01 3.504399871826171875e+01
1.600000000000000000e+01 8.928571827709674835e-03 1.973100090026855469e+01 4.683700180053710938e+01 3.615200042724609375e+01
5.000000000000000000e+00 1.339285671710968018e-01 6.780500030517578125e+01 5.076399993896484375e+01 2.786899948120117188e+01
1.600000000000000000e+01 2.410714328289031982e-01 6.748600006103515625e+01 4.824599838256835938e+01 3.070599937438964844e+01
1.200000000000000000e+01 5.000000000000000000e-01 6.391199874877929688e+01 4.915000152587890625e+01 3.131800079345703125e+01
1.400000000000000000e+01 5.401785969734191895e-01 6.182600021362304688e+01 5.111500167846679688e+01 2.885099983215332031e+01
2.200000000000000000e+01 7.008928656578063965e-01 5.803699874877929688e+01 5.143000030517578125e+01 2.875499916076660156e+01
1.300000000000000000e+01 6.607142686843872070e-01 5.590599822998046875e+01 5.206200027465820312e+01 2.554800033569335938e+01
2.200000000000000000e+01 7.366071343421936035e-01 5.224800109863281250e+01 5.309299850463867188e+01 2.611199951171875000e+01
1.200000000000000000e+01 6.830357313156127930e-01 4.961000061035156250e+01 5.292300033569335938e+01 2.341500091552734375e+01
3.000000000000000000e+00 6.339285969734191895e-01 4.585200119018554688e+01 5.399800109863281250e+01 2.338699913024902344e+01
0.000000000000000000e+00 5.848214030265808105e-01 4.321099853515625000e+01 5.184199905395507812e+01 2.161300086975097656e+01
2.200000000000000000e+01 4.017857015132904053e-01 4.056900024414062500e+01 5.450000000000000000e+01 2.111000061035156250e+01
1.000000000000000000e+00 2.321428507566452026e-01 4.272100067138671875e+01 5.686299896240234375e+01 1.898800086975097656e+01
9.000000000000000000e+00 3.035714328289031982e-01 4.492499923706054688e+01 5.378400039672851562e+01 1.794799995422363281e+01
1.700000000000000000e+01 2.901785671710968018e-01 4.824200057983398438e+01 5.543399810791015625e+01 1.853300094604492188e+01
1.600000000000000000e+01 4.330357015132904053e-01 5.103300094604492188e+01 5.554899978637695312e+01 2.102599906921386719e+01
0.000000000000000000e+00 5.178571343421936035e-01 5.004299926757812500e+01 5.761999893188476562e+01 2.419799995422363281e+01
1.100000000000000000e+01 3.303571343421936035e-01 5.179199981689453125e+01 6.089599990844726562e+01 2.524500083923339844e+01
2.000000000000000000e+00 3.571428656578063965e-01 5.204999923706054688e+01 6.216199874877929688e+01 2.879500007629394531e+01
2.200000000000000000e+01 6.517857313156127930e-01 5.134700012207031250e+01 5.890700149536132812e+01 3.053499984741210938e+01
0.000000000000000000e+00 6.428571343421936035e-01 5.330099868774414062e+01 5.921799850463867188e+01 3.385599899291992188e+01
1.400000000000000000e+01 7.589285969734191895e-01 5.444300079345703125e+01 5.615900039672851562e+01 3.574200057983398438e+01
2.200000000000000000e+01 7.276785969734191895e-01 5.874900054931640625e+01 5.241299819946289062e+01 3.947100067138671875e+01
1.500000000000000000e+01 6.741071343421936035e-01 5.974000167846679688e+01 5.071300125122070312e+01 4.282400131225585938e+01
1.000000000000000000e+00 5.625000000000000000e-01 6.209500122070312500e+01 4.787799835205078125e+01 4.399800109863281250e+01
1.300000000000000000e+01 5.312500000000000000e-01 6.111399841308593750e+01 4.538800048828125000e+01 4.675799942016601562e+01
0.000000000000000000e+00 2.455357164144515991e-01 6.347999954223632812e+01 4.560599899291992188e+01 4.973899841308593750e+01
0.000000000000000000e+00 8.928571641445159912e-02 6.473600006103515625e+01 4.296300125122070312e+01 5.214199829101562500e+01
3.000000000000000000e+00 9.821428358554840088e-02 6.186299896240234375e+01 4.354399871826171875e+01 5.465999984741210938e+01
3.000000000000000000e+00 3.169642984867095947e-01 5.932199859619140625e+01 4.312099838256835938e+01 5.186399841308593750e+01
1.800000000000000000e+01 3.616071343421936035e-01 5.869300079345703125e+01 4.694499969482421875e+01 5.147700119018554688e+01
1.900000000000000000e+01 5.714285969734191895e-01 5.854899978637695312e+01 4.897700119018554688e+01 4.812699890136718750e+01
7.000000000000000000e+00 3.482142984867095947e-01 6.137799835205078125e+01 5.143199920654296875e+01 4.772700119018554688e+01
1.600000000000000000e+01 4.285714328289031982e-01 6.122100067138671875e+01 5.413299942016601562e+01 4.500199890136718750e+01
1.500000000000000000e+01 4.062500000000000000e-01 6.329199981689453125e+01 5.341799926757812500e+01 4.180099868774414062e+01
0.000000000000000000e+00 4.375000000000000000e-01 6.239400100708007812e+01 5.579299926757812500e+01 3.904100036621093750e+01
1.700000000000000000e+01 5.133928656578063965e-01 5.965499877929687500e+01 5.768899917602539062e+01 3.731200027465820312e+01
9.000000000000000000e+00 4.553571343421936035e-01 5.872499847412109375e+01 5.966799926757812500e+01 3.422900009155273438e+01
1.300000000000000000e+01 4.687500000000000000e-01 5.620700073242187500e+01 6.071500015258789062e+01 3.161400032043457031e+01
1.800000000000000000e+01 4.642857015132904053e-01 5.604600143432617188e+01 5.929199981689453125e+01 2.802599906921386719e+01
1.700000000000000000e+01 1.830357164144515991e-01 5.761700057983398438e+01 6.135100173950195312e+01 2.514500045776367188e+01
7.000000000000000000e+00 8.482142537832260132e-02 5.581999969482421875e+01 6.201800155639648438e+01 2.183499908447265625e+01
1.700000000000000000e+01 1.383928507566452026e-01 5.683900070190429688e+01 5.858900070190429688e+01 2.054299926757812500e+01
9.000000000000000000e+00 3.973214328289031982e-01 5.488100051879882812e+01 5.705099868774414062e+01 2.357399940490722656e+01
7.000000000000000000e+00 3.883928656578063965e-01 5.821799850463867188e+01 5.563800048828125000e+01 2.480900001525878906e+01
1.200000000000000000e+01 4.196428656578063965e-01 5.983800125122070312e+01 5.661700057983398438e+01 2.821800041198730469e+01
9.000000000000000000e+00 1.116071417927742004e-01 6.623000335693359375e+01 5.737900161743164062e+01 3.095100021362304688e+01
1.200000000000000000e+01 2.991071343421936035e-01 6.462899780273437500e+01 5.559099960327148438e+01 3.395299911499023438e+01
1.800000000000000000e+01 1.875000000000000000e-01 6.768000030517578125e+01 5.368700027465820312e+01 3.520500183105468750e+01
1.800000000000000000e+01 4.017857089638710022e-02 7.141300201416015625e+01 5.322399902343750000e+01 3.443500137329101562e+01
7.000000000000000000e+00 2.232142910361289978e-02 7.242600250244140625e+01 4.966400146484375000e+01 3.373500061035156250e+01
7.000000000000000000e+00 4.464285913854837418e-03 7.489199829101562500e+01 4.942200088500976562e+01 3.672100067138671875e+01
7.000000000000000000e+00 2.678571455180644989e-02 7.218599700927734375e+01 5.036000061035156250e+01 3.934500122070312500e+01
1.500000000000000000e+01 1.428571492433547974e-01 6.969300079345703125e+01 4.789799880981445312e+01 3.792300033569335938e+01
2.200000000000000000e+01 1.160714253783226013e-01 6.996399688720703125e+01 4.464199829101562500e+01 3.989899826049804688e+01
7.000000000000000000e+00 2.053571492433547974e-01 6.831199645996093750e+01 4.130400085449218750e+01 4.059199905395507812e+01
9.000000000000000000e+00 3.705357015132904053e-01 6.497399902343750000e+01 4.164099884033203125e+01 4.244100189208984375e+01
1.100000000000000000e+01 6.473214030265808105e-01 6.120299911499023438e+01 4.214400100708007812e+01 4.228200149536132812e+01
2.000000000000000000e+01 7.410714030265808105e-01 6.022800064086914062e+01 4.549499893188476562e+01 4.051900100708007812e+01
1.300000000000000000e+01 8.794642686843872070e-01 5.686700057983398438e+01 4.705300140380859375e+01 4.001300048828125000e+01
2.200000000000000000e+01 9.107142686843872070e-01 5.575799942016601562e+01 4.982600021362304688e+01 3.755899810791015625e+01
7.000000000000000000e+00 9.375000000000000000e-01 5.265399932861328125e+01 5.174399948120117188e+01 3.855199813842773438e+01
1.100000000000000000e+01 9.241071343421936035e-01 5.105599975585937500e+01 5.359700012207031250e+01 3.564799880981445312e+01
3.000000000000000000e+00 8.303571343421936035e-01 4.866099929809570312e+01 5.650299835205078125e+01 3.622700119018554688e+01
1.800000000000000000e+01 8.660714030265808105e-01 4.624000167846679688e+01 5.566699981689453125e+01 3.345899963378906250e+01
1.300000000000000000e+01 7.544642686843872070e-01 4.331399917602539062e+01 5.768000030517578125e+01 3.487500000000000000e+01
1.700000000000000000e+01 6.250000000000000000e-01 4.518000030517578125e+01 6.100799942016601562e+01 3.456000137329101562e+01
2.000000000000000000e+01 6.071428656578063965e-01 4.566500091552734375e+01 6.027999877929687500e+01 3.083300018310546875e+01
1.900000000000000000e+01 5.580357313156127930e-01 4.200999832153320312e+01 6.013700103759765625e+01 2.986199951171875000e+01
1.300000000000000000e+01 3.839285671710968018e-01 4.085100173950195312e+01 6.272700119018554688e+01 3.254399871826171875e+01
0.000000000000000000e+00 2.098214328289031982e-01 4.259799957275390625e+01 6.568299865722656250e+01 3.071800041198730469e+01
1.200000000000000000e+01 1.785714328289031982e-01 4.074599838256835938e+01 6.450900268554687500e+01 2.744199943542480469e+01
9.000000000000000000e+00 1.250000000000000000e-01 3.742900085449218750e+01 6.473100280761718750e+01 2.938999938964843750e+01
1.100000000000000000e+01 3.080357015132904053e-01 3.689599990844726562e+01 6.090800094604492188e+01 2.906900024414062500e+01
1.700000000000000000e+01 4.866071343421936035e-01 3.576900100708007812e+01 5.868999862670898438e+01 3.199099922180175781e+01
1.600000000000000000e+01 7.098214030265808105e-01 3.791299819946289062e+01 5.542900085449218750e+01 3.252099990844726562e+01
1.500000000000000000e+01 7.991071343421936035e-01 3.702199935913085938e+01 5.245899963378906250e+01 3.485499954223632812e+01
7.000000000000000000e+00 8.928571343421936035e-01 4.228300094604492188e+01 5.351699829101562500e+01 3.865999984741210938e+01
0.000000000000000000e+00 9.910714030265808105e-01 4.748300170898437500e+01 4.966600036621093750e+01 3.546900177001953125e+01
7.000000000000000000e+00 9.955357313156127930e-01 5.012200164794921875e+01 4.788600158691406250e+01 3.756499862670898438e+01
2.200000000000000000e+01 9.732142686843872070e-01 5.300600051879882812e+01 4.560100173950195312e+01 3.636800003051757812e+01
2.200000000000000000e+01 9.419642686843872070e-01 5.478499984741210938e+01 4.338700103759765625e+01 3.899399948120117188e+01
1.500000000000000000e+01 8.348214030265808105e-01 5.804899978637695312e+01 4.171799850463867188e+01 3.755199813842773438e+01
1.800000000000000000e+01 6.785714030265808105e-01 6.124000167846679688e+01 3.984799957275390625e+01 3.869200134277343750e+01
0.000000000000000000e+00 5.223214030265808105e-01 6.423200225830078125e+01 4.107199859619140625e+01 3.674200057983398438e+01
2.000000000000000000e+00 2.544642984867095947e-01 6.735399627685546875e+01 3.896300125122070312e+01 3.586100006103515625e+01
3.000000000000000000e+00 2.723214328289031982e-01 6.570800018310546875e+01 3.563199996948242188e+01 3.706399917602539062e+01
1.700000000000000000e+01 1.294642835855484009e-01 6.704399871826171875e+01 3.370399856567382812e+01 3.401300048828125000e+01
9.000000000000000000e+00 4.910714179277420044e-02 7.034500122070312500e+01 3.569599914550781250e+01 3.434099960327148438e+01
1.600000000000000000e+01 8.035714179277420044e-02 7.062300109863281250e+01 3.931900024414062500e+01 3.321300125122070312e+01
1.000000000000000000e+00 2.008928507566452026e-01 6.816100311279296875e+01 4.076499938964843750e+01 3.067900085449218750e+01
1.000000000000000000e+00 2.633928656578063965e-01 6.701899719238281250e+01 4.414300155639648438e+01 2.933399963378906250e+01
2.000000000000000000e+01 5.535714030265808105e-01 6.326499938964843750e+01 4.456999969482421875e+01 2.969400024414062500e+01
1.800000000000000000e+01 6.026785969734191895e-01 6.073400115966796875e+01 4.646500015258789062e+01 2.737500000000000000e+01
1.100000000000000000e+01 7.901785969734191895e-01 5.713800048828125000e+01 4.658599853515625000e+01 2.828199958801269531e+01
0.000000000000000000e+00 7.633928656578063965e-01 5.455799865722656250e+01 4.750400161743164062e+01 2.568099975585937500e+01
0.000000000000000000e+00 8.839285969734191895e-01 5.112400054931640625e+01 4.840000152587890625e+01 2.698100090026855469e+01
1.200000000000000000e+01 8.392857313156127930e-01 4.783599853515625000e+01 4.949900054931640625e+01 2.575000000000000000e+01
1.200000000000000000e+01 8.482142686843872070e-01 4.501800155639648438e+01 5.156299972534179688e+01 2.728700065612792969e+01
1.700000000000000000e+01 7.723214030265808105e-01 4.127899932861328125e+01 5.169200134277343750e+01 2.672100067138671875e+01
1.600000000000000000e+01 7.455357313156127930e-01 3.886399841308593750e+01 5.330099868774414062e+01 2.930800056457519531e+01
2.000000000000000000e+01 8.080357313156127930e-01 3.741899871826171875e+01 4.993399810791015625e+01 3.027000045776367188e+01
1.700000000000000000e+01 9.017857313156127930e-01 4.040200042724609375e+01 4.759099960327148438e+01 2.928899955749511719e+01
2.000000000000000000e+01 9.553571343421936035e-01 4.420500183105468750e+01 4.743600082397460938e+01 2.926000022888183594e+01
1.700000000000000000e+01 9.464285969734191895e-01 4.677199935913085938e+01 4.491400146484375000e+01 2.798600006103515625e+01
1.800000000000000000e+01 9.508928656578063965e-01 5.055500030517578125e+01 4.477600097656250000e+01 2.869799995422363281e+01
1.800000000000000000e+01 8.526785969734191895e-01 5.301800155639648438e+01 4.268899917602539062e+01 2.691600036621093750e+01
0.000000000000000000e+00 7.812500000000000000e-01 5.668399810791015625e+01 4.221900177001953125e+01 2.789999961853027344e+01
2.200000000000000000e+01 5.803571343421936035e-01 5.949300003051757812e+01 4.173199844360351562e+01 2.539900016784667969e+01
2.200000000000000000e+01 4.508928656578063965e-01 6.273500061035156250e+01 4.057699966430664062e+01 2.680599975585937500e+01
1.800000000000000000e+01 1.651785671710968018e-01 6.631099700927734375e+01 4.066999816894531250e+01 2.537599945068359375e+01
2.000000000000000000e+00 5.357142910361289978e-02 6.976699829101562500e+01 3.990900039672851562e+01 2.668099975585937500e+01
1.600000000000000000e+01 1.339285727590322495e-02 7.182599639892578125e+01 4.328799819946289062e+01 2.748900032043457031e+01
