1 1 14 0 0.0119760479041916 0 0 52.377 39.608 46.768
1 2 18 0 0.12574850299401197 0 0 51.086 38.736 43.306
1 3 7 0 0.3173652694610779 0 0 48.236 40.823 41.975
1 4 20 0 0.5748502994011976 0 0 46.064 39.126 39.375
1 5 13 0 0.7305389221556886 0 0 43.853 40.935 36.912
1 6 12 0 0.9101796407185628 0 0 40.480 39.212 36.884
1 7 22 0 0.9580838323353293 0 0 37.848 40.189 34.372
1 8 22 0 0.9880239520958084 0 0 34.277 39.070 34.692
1 9 22 0 0.9700598802395209 0 0 32.941 38.078 31.364
1 10 9 0 0.9341317365269461 0 0 29.529 37.359 29.923
1 11 0 0 0.7964071856287425 0 0 26.101 38.283 28.683
1 12 9 0 0.6227544910179641 0 0 23.659 40.716 30.247
1 13 9 0 0.5868263473053892 0 0 21.637 39.652 33.142
1 14 22 0 0.8203592814371258 0 0 23.970 36.904 34.385
1 15 9 0 0.8263473053892215 0 0 24.825 38.611 37.709
1 16 13 0 0.9401197604790419 0 0 28.314 39.752 36.740
1 17 17 0 0.844311377245509 0 0 28.559 42.708 39.006
1 18 0 0 0.7724550898203593 0 0 26.828 40.717 41.730
1 19 12 0 0.8982035928143712 0 0 29.468 37.980 41.969
1 20 18 0 0.874251497005988 0 0 32.137 40.703 42.350
1 21 11 0 0.6287425149700598 0 0 30.310 43.026 44.685
1 22 6 0 0.5808383233532934 0 0 29.389 40.047 46.840
1 23 12 0 0.6706586826347305 0 0 33.002 38.871 47.096
1 24 11 0 0.4970059880239521 0 0 34.285 42.223 48.358
1 25 6 0 0.2694610778443114 0 0 31.486 44.262 49.837
1 26 2 0 0.2574850299401197 0 0 29.487 41.370 51.087
1 27 10 0 0.19760479041916168 0 0 26.061 42.288 49.674
1 28 15 0 0.32335329341317365 0 0 23.716 41.454 46.851
1 29 22 0 0.3413173652694611 0 0 23.522 44.290 44.524
1 30 3 0 0.08982035928143717 0 0 21.103 47.039 45.096
1 31 7 0 0.10778443113772451 0 0 21.318 49.060 41.876
1 32 20 0 0.23952095808383234 0 0 22.978 48.840 38.476
1 33 3 0 0.22754491017964074 0 0 26.051 51.013 37.822
1 34 16 0 0.3652694610778443 0 0 28.411 50.731 34.849
1 35 18 0 0.46706586826347307 0 0 31.581 50.091 36.801
1 36 11 0 0.4011976047904191 0 0 33.975 51.334 34.134
1 37 7 0 0.13772455089820357 0 0 35.685 53.851 36.310
1 38 3 0 0.27544910179640725 0 0 35.675 51.920 39.520
1 39 17 0 0.38323353293413165 0 0 38.536 49.829 40.871
1 40 20 0 0.5269461077844311 0 0 37.665 46.875 43.103
1 41 1 0 0.5149700598802396 0 0 40.097 44.554 44.898
1 42 13 0 0.41916167664670656 0 0 40.488 41.994 47.650
1 43 6 0 0.20359281437125742 0 0 43.471 40.461 49.305
1 44 22 0 0.17365269461077848 0 0 43.267 36.890 50.570
1 45 22 0 0.10179640718562877 0 0 45.609 33.936 51.113
1 46 11 0 0.18562874251497008 0 0 45.142 31.261 48.528
1 47 3 0 0.053892215568862256 0 0 46.811 27.933 49.290
1 48 9 0 0.0 0 0 49.547 29.435 51.355
1 49 7 0 0.02395209580838331 0 0 50.229 32.734 49.642
1 50 18 0 0.04790419161676651 0 0 48.607 36.142 49.744
1 51 5 0 0.221556886227545 0 0 47.482 37.470 46.421
1 52 12 0 0.3772455089820359 0 0 45.629 40.476 45.180
1 53 12 0 0.6467065868263473 0 0 42.456 39.928 43.186
1 54 3 0 0.658682634730539 0 0 41.853 42.948 41.063
1 55 11 0 0.8562874251497006 0 0 38.433 42.614 39.544
1 56 12 0 0.8622754491017964 0 0 37.204 44.122 36.305
1 57 3 0 0.8682634730538922 0 0 33.665 44.425 35.260
1 58 18 0 0.8502994011976048 0 0 32.314 44.267 31.654
1 59 0 0 0.6347305389221557 0 0 29.242 45.856 30.236
1 60 9 0 0.44311377245508976 0 0 27.345 46.432 26.977
1 61 6 0 0.39520958083832336 0 0 27.078 44.316 23.881
1 62 7 0 0.3293413173652695 0 0 30.080 43.823 21.646
1 63 7 0 0.08383233532934131 0 0 30.666 46.616 19.197
1 64 20 0 0.07784431137724557 0 0 34.218 45.577 18.029
1 65 17 0 0.03592814371257491 0 0 35.596 48.985 18.832
1 66 0 0 0.017964071856287345 0 0 39.324 49.449 19.296
1 67 14 0 0.0718562874251496 0 0 38.870 50.474 22.889
1 68 1 0 0.31137724550898194 0 0 36.732 47.460 23.945
1 69 3 0 0.29940119760479034 0 0 39.519 45.160 22.735
1 70 6 0 0.19161676646706582 0 0 42.085 47.108 24.707
1 71 20 0 0.4730538922155688 0 0 39.971 46.781 27.801
1 72 14 0 0.6646706586826348 0 0 39.550 43.024 27.385
1 73 1 0 0.5029940119760479 0 0 43.111 42.335 26.271
1 74 18 0 0.5089820359281436 0 0 44.280 43.971 29.519
1 75 9 0 0.7544910179640718 0 0 42.693 41.094 31.378
1 76 7 0 0.7005988023952096 0 0 45.006 38.338 32.597
1 77 9 0 0.8802395209580838 0 0 42.384 35.915 33.854
1 78 15 0 0.9640718562874252 0 0 38.773 35.639 32.919
1 79 12 0 0.9940119760479041 0 0 35.749 34.467 34.725
1 80 5 0 0.9820359281437125 0 0 33.118 33.442 32.312
1 81 22 0 0.9760479041916168 0 0 29.668 33.859 33.828
1 82 15 0 0.8922155688622755 0 0 26.496 32.617 32.344
1 83 0 0 0.7365269461077844 0 0 23.194 31.790 34.015
1 84 11 0 0.5209580838323353 0 0 21.128 28.676 33.917
1 85 2 0 0.28742514970059885 0 0 17.867 30.458 33.399
1 86 2 0 0.40718562874251496 0 0 19.242 32.283 30.362
1 87 18 0 0.281437125748503 0 0 19.968 30.239 27.237
1 88 13 0 0.37125748502994016 0 0 21.539 33.043 25.262
1 89 17 0 0.652694610778443 0 0 24.096 33.595 27.943
1 90 15 0 0.5988023952095809 0 0 25.357 30.053 27.490
1 91 7 0 0.49101796407185627 0 0 26.006 30.740 23.830
1 92 3 0 0.6407185628742516 0 0 27.565 34.030 24.720
1 93 11 0 0.8143712574850299 0 0 30.333 32.039 26.383
1 94 10 0 0.5568862275449102 0 0 31.350 30.617 23.040
1 95 10 0 0.5389221556886228 0 0 31.459 34.041 21.627
1 96 20 0 0.7844311377245509 0 0 33.444 35.163 24.613
1 97 1 0 0.7425149700598803 0 0 36.079 32.468 24.560
1 98 7 0 0.4850299401197605 0 0 36.776 33.423 20.956
1 99 6 0 0.5329341317365269 0 0 36.959 37.140 21.690
1 100 11 0 0.6766467065868262 0 0 39.403 36.274 24.468
1 101 13 0 0.4491017964071856 0 0 41.352 33.983 22.180
1 102 1 0 0.24550898203592808 0 0 41.687 36.757 19.652
1 103 22 0 0.33532934131736525 0 0 42.700 39.512 21.999
1 104 13 0 0.3892215568862275 0 0 45.166 37.448 24.005
1 105 3 0 0.13173652694610782 0 0 46.118 35.717 20.768
1 106 17 0 0.14970059880239517 0 0 46.362 32.259 22.280
1 107 7 0 0.2934131736526946 0 0 44.214 29.400 23.389
1 108 3 0 0.35928143712574856 0 0 46.124 29.057 26.618
1 109 22 0 0.592814371257485 0 0 44.263 31.618 28.746
1 110 16 0 0.7904191616766467 0 0 43.129 30.967 32.301
1 111 14 0 0.9161676646706587 0 0 39.382 30.856 32.521
1 112 22 0 0.9520958083832335 0 0 36.635 29.394 34.657
1 113 12 0 0.9281437125748503 0 0 33.133 28.393 33.623
1 114 22 0 0.9461077844311377 0 0 30.572 29.704 36.067
1 115 9 0 0.8383233532934131 0 0 26.957 28.727 36.414
1 116 2 0 0.8323353293413174 0 0 25.287 31.706 38.005
1 117 13 0 0.5688622754491017 0 0 21.765 31.637 39.308
1 118 5 0 0.45508982035928147 0 0 21.907 28.151 40.730
1 119 3 0 0.20958083832335328 0 0 20.026 28.806 43.951
1 120 12 0 0.11377245508982048 0 0 17.023 28.316 41.740
1 121 16 0 0.029940119760479056 0 0 16.141 24.742 41.027
1 122 17 0 0.0059880239520957446 0 0 14.666 24.760 37.598
1 123 1 0 0.09580838323353291 0 0 16.936 25.392 34.678
1 124 18 0 0.06586826347305386 0 0 16.626 26.065 30.993
1 125 22 0 0.25149700598802394 0 0 20.237 25.771 30.167
1 126 3 0 0.11976047904191622 0 0 21.030 22.074 30.309
1 127 18 0 0.15568862275449102 0 0 23.450 20.690 32.935
1 128 13 0 0.059880239520958 0 0 24.838 18.088 30.526
1 129 6 0 0.14371257485029942 0 0 25.682 20.736 27.977
1 130 0 0 0.4610778443113772 0 0 27.485 22.875 30.511
1 131 6 0 0.34730538922155685 0 0 29.645 19.997 31.660
1 132 3 0 0.16167664670658677 0 0 30.302 19.175 27.997
1 133 12 0 0.437125748502994 0 0 31.370 22.722 27.223
1 134 0 0 0.5508982035928144 0 0 33.701 22.540 30.217
1 135 1 0 0.26347305389221565 0 0 35.125 19.295 28.973
1 136 17 0 0.21556886227544902 0 0 35.991 20.860 25.619
1 137 20 0 0.4251497005988024 0 0 38.349 23.509 26.745
1 138 9 0 0.4131736526946108 0 0 39.160 21.686 30.043
1 139 11 0 0.6826347305389222 0 0 38.127 24.517 32.240
1 140 16 0 0.7125748502994012 0 0 36.454 24.069 35.630
1 141 15 0 0.7485029940119761 0 0 32.684 24.212 35.655
1 142 11 0 0.7784431137724551 0 0 31.440 25.588 39.003
1 143 7 0 0.6946107784431137 0 0 27.937 26.387 40.269
1 144 18 0 0.7604790419161677 0 0 27.115 29.692 41.962
1 145 17 0 0.6167664670658684 0 0 24.512 32.086 43.128
1 146 0 0 0.6107784431137725 0 0 25.306 35.419 44.651
1 147 13 0 0.3532934131736526 0 0 22.017 35.357 46.550
1 148 18 0 0.2335329341317366 0 0 22.976 32.455 48.748
1 149 1 0 0.43113772455089827 0 0 26.663 33.238 48.670
1 150 6 0 0.47904191616766467 0 0 27.560 29.771 47.465
1 151 9 0 0.688622754491018 0 0 30.278 29.252 44.905
1 152 22 0 0.8083832335329342 0 0 31.088 32.936 44.875
1 153 3 0 0.7065868263473054 0 0 34.427 32.708 46.674
1 154 3 0 0.718562874251497 0 0 35.189 29.407 45.048
1 155 0 0 0.9041916167664671 0 0 34.764 30.595 41.409
1 156 15 0 0.9221556886227544 0 0 37.297 33.415 41.844
1 157 20 0 0.7664670658682635 0 0 39.528 31.144 43.862
1 158 18 0 0.8023952095808383 0 0 39.373 28.483 41.180
1 159 12 0 0.8862275449101796 0 0 40.458 31.073 38.724
1 160 22 0 0.7245508982035929 0 0 43.333 32.062 40.952
1 161 1 0 0.5449101796407185 0 0 44.479 28.442 41.074
1 162 7 0 0.6047904191616766 0 0 44.369 28.371 37.240
1 163 11 0 0.562874251497006 0 0 46.624 31.447 36.927
1 164 1 0 0.3053892215568862 0 0 49.382 29.868 38.994
1 165 13 0 0.16766467065868274 0 0 49.829 27.049 36.608
1 166 10 0 0.17964071856287422 0 0 50.729 29.538 33.848
1 167 13 0 0.041916167664670656 0 0 54.232 30.868 33.771
