1 1 14 0 0.0059880239520957446 0 0 56.005 29.900 37.381
1 2 18 0 0.13772455089820357 0 0 53.070 30.892 35.163
1 3 7 0 0.31137724550898194 0 0 50.913 33.778 36.128
1 4 20 0 0.5808383233532934 0 0 47.360 33.925 34.731
1 5 13 0 0.7305389221556886 0 0 44.957 36.764 34.413
1 6 12 0 0.9041916167664671 0 0 41.491 35.374 34.922
1 7 22 0 0.9520958083832335 0 0 38.594 37.845 34.475
1 8 22 0 0.9880239520958084 0 0 35.169 37.028 35.944
1 9 22 0 0.9640718562874252 0 0 32.153 38.000 33.843
1 10 9 0 0.9101796407185628 0 0 28.380 37.831 33.628
1 11 0 0 0.7724550898203593 0 0 25.193 39.634 34.472
1 12 9 0 0.652694610778443 0 0 24.761 41.328 37.867
1 13 9 0 0.5868263473053892 0 0 23.633 39.490 40.899
1 14 22 0 0.8203592814371258 0 0 25.525 36.317 40.133
1 15 9 0 0.8383233532934131 0 0 28.063 36.507 42.851
1 16 13 0 0.9341317365269461 0 0 31.147 37.464 40.821
1 17 17 0 0.8323353293413174 0 0 32.928 39.112 43.744
1 18 0 0 0.7664670658682635 0 0 31.825 36.613 46.301
1 19 12 0 0.8862275449101796 0 0 33.747 33.938 44.484
1 20 18 0 0.8562874251497006 0 0 36.971 35.879 44.499
1 21 11 0 0.6047904191616766 0 0 36.630 37.027 48.157
1 22 6 0 0.5688622754491017 0 0 35.902 33.482 49.265
1 23 12 0 0.6766467065868262 0 0 38.802 32.308 47.149
1 24 11 0 0.5209580838323353 0 0 41.374 34.801 48.345
1 25 6 0 0.2934131736526946 0 0 40.306 36.549 51.554
1 26 2 0 0.2574850299401197 0 0 38.359 33.518 52.864
1 27 10 0 0.16167664670658677 0 0 35.234 35.079 54.268
1 28 15 0 0.281437125748503 0 0 31.897 36.126 52.910
1 29 22 0 0.3053892215568862 0 0 31.049 39.516 51.384
1 30 3 0 0.09580838323353291 0 0 28.850 42.223 52.730
1 31 7 0 0.041916167664670656 0 0 29.259 45.803 51.611
1 32 20 0 0.19161676646706582 0 0 29.765 46.117 47.876
1 33 3 0 0.20359281437125742 0 0 32.699 47.896 46.366
1 34 16 0 0.37125748502994016 0 0 33.183 48.251 42.588
1 35 18 0 0.46706586826347307 0 0 36.581 46.612 42.904
1 36 11 0 0.3652694610778443 0 0 38.824 48.355 40.468
1 37 7 0 0.14970059880239517 0 0 42.010 49.265 42.173
1 38 3 0 0.2694610778443114 0 0 42.294 46.198 44.356
1 39 17 0 0.437125748502994 0 0 43.902 43.217 42.727
1 40 20 0 0.5389221556886228 0 0 43.436 39.826 44.293
1 41 1 0 0.5029940119760479 0 0 45.941 37.156 43.655
1 42 13 0 0.3413173652694611 0 0 47.658 34.196 45.243
1 43 6 0 0.19760479041916168 0 0 49.912 31.332 44.275
1 44 22 0 0.221556886227545 0 0 48.598 27.786 44.585
1 45 22 0 0.13173652694610782 0 0 49.424 24.277 43.582
1 46 11 0 0.26347305389221565 0 0 47.272 23.021 40.716
1 47 3 0 0.07784431137724557 0 0 48.164 19.547 39.523
1 48 9 0 0.0 0 0 51.573 19.215 41.122
1 49 7 0 0.02395209580838331 0 0 52.457 22.555 39.761
1 50 18 0 0.04790419161676651 0 0 52.567 26.042 41.274
1 51 5 0 0.21556886227544902 0 0 51.027 28.990 39.551
1 52 12 0 0.35928143712574856 0 0 49.921 32.535 40.167
1 53 12 0 0.6167664670658684 0 0 46.244 33.207 39.919
1 54 3 0 0.6826347305389222 0 0 45.250 36.779 39.449
1 55 11 0 0.8682634730538922 0 0 41.592 37.461 39.325
1 56 12 0 0.8622754491017964 0 0 39.856 40.460 37.770
1 57 3 0 0.874251497005988 0 0 36.506 41.671 38.929
1 58 18 0 0.8263473053892215 0 0 33.816 43.129 36.758
1 59 0 0 0.6107784431137725 0 0 31.312 45.747 37.684
1 60 9 0 0.47904191616766467 0 0 28.336 47.122 35.952
1 61 6 0 0.45508982035928147 0 0 26.576 46.136 32.741
1 62 7 0 0.3532934131736526 0 0 27.674 46.770 29.142
1 63 7 0 0.08383233532934131 0 0 27.666 49.983 27.131
1 64 20 0 0.06586826347305386 0 0 30.594 49.542 24.695
1 65 17 0 0.03592814371257491 0 0 33.402 51.583 26.255
1 66 0 0 0.029940119760479056 0 0 36.943 51.240 25.109
1 67 14 0 0.12574850299401197 0 0 38.314 50.796 28.640
1 68 1 0 0.38323353293413165 0 0 36.014 47.876 29.213
1 69 3 0 0.3293413173652695 0 0 37.265 46.205 26.058
1 70 6 0 0.25149700598802394 0 0 40.867 46.860 27.207
1 71 20 0 0.5329341317365269 0 0 40.200 45.207 30.540
1 72 14 0 0.6706586826347305 0 0 38.616 42.222 28.946
1 73 1 0 0.49101796407185627 0 0 41.422 41.921 26.431
1 74 18 0 0.4970059880239521 0 0 43.950 41.906 29.284
1 75 9 0 0.7485029940119761 0 0 42.369 38.670 30.453
1 76 7 0 0.7005988023952096 0 0 43.637 35.305 29.467
1 77 9 0 0.8922155688622755 0 0 40.632 33.209 30.506
1 78 15 0 0.9700598802395209 0 0 37.139 34.285 31.603
1 79 12 0 0.9940119760479041 0 0 35.095 32.838 34.504
1 80 5 0 0.9820359281437125 0 0 31.617 32.950 33.138
1 81 22 0 0.9760479041916168 0 0 29.188 33.200 36.035
1 82 15 0 0.8802395209580838 0 0 25.460 32.870 36.107
1 83 0 0 0.7245508982035929 0 0 23.064 32.141 38.977
1 84 11 0 0.5089820359281436 0 0 20.599 29.367 39.121
1 85 2 0 0.29940119760479034 0 0 17.860 31.517 40.670
1 86 2 0 0.34730538922155685 0 0 17.892 34.162 37.941
1 87 18 0 0.28742514970059885 0 0 17.159 33.462 34.288
1 88 13 0 0.3892215568862275 0 0 18.690 36.608 32.774
1 89 17 0 0.658682634730539 0 0 22.123 35.613 33.981
1 90 15 0 0.5988023952095809 0 0 21.805 32.404 31.990
1 91 7 0 0.43113772455089827 0 0 20.311 34.289 29.101
1 92 3 0 0.5508982035928144 0 0 23.256 36.570 28.361
1 93 11 0 0.7784431137724551 0 0 26.171 34.168 28.467
1 94 10 0 0.5568862275449102 0 0 26.444 34.333 24.739
1 95 10 0 0.5149700598802396 0 0 26.580 38.127 24.638
1 96 20 0 0.7544910179640718 0 0 29.546 37.858 26.937
1 97 1 0 0.7065868263473054 0 0 31.356 35.218 24.896
1 98 7 0 0.4730538922155688 0 0 30.889 37.269 21.718
1 99 6 0 0.5269461077844311 0 0 32.497 40.291 23.472
1 100 11 0 0.6646706586826348 0 0 35.280 37.998 24.600
1 101 13 0 0.4610778443113772 0 0 35.837 36.535 21.215
1 102 1 0 0.22754491017964074 0 0 36.075 40.052 19.703
1 103 22 0 0.3173652694610779 0 0 38.907 41.191 21.968
1 104 13 0 0.3772455089820359 0 0 40.879 37.980 21.933
1 105 3 0 0.11976047904191622 0 0 40.744 37.210 18.177
1 106 17 0 0.18562874251497008 0 0 39.755 33.659 18.866
1 107 7 0 0.24550898203592808 0 0 36.525 31.689 18.740
1 108 3 0 0.4131736526946108 0 0 37.685 29.077 21.150
1 109 22 0 0.6227544910179641 0 0 38.580 31.229 24.247
1 110 16 0 0.8023952095808383 0 0 39.232 29.444 27.547
1 111 14 0 0.9281437125748503 0 0 36.231 30.027 29.790
1 112 22 0 0.9461077844311377 0 0 34.321 27.927 32.337
1 113 12 0 0.9401197604790419 0 0 30.617 28.163 32.962
1 114 22 0 0.9580838323353293 0 0 29.982 28.591 36.600
1 115 9 0 0.8502994011976048 0 0 26.557 27.992 38.039
1 116 2 0 0.844311377245509 0 0 26.732 30.006 41.210
1 117 13 0 0.592814371257485 0 0 24.693 29.815 44.352
1 118 5 0 0.4850299401197605 0 0 23.772 26.187 43.831
1 119 3 0 0.23952095808383234 0 0 23.584 25.598 47.579
1 120 12 0 0.10778443113772451 0 0 19.875 26.258 47.134
1 121 16 0 0.0119760479041916 0 0 17.950 22.992 46.637
1 122 17 0 0.017964071856287345 0 0 15.807 24.804 43.937
1 123 1 0 0.10179640718562877 0 0 16.499 26.500 40.621
1 124 18 0 0.059880239520958 0 0 14.617 28.283 37.812
1 125 22 0 0.20958083832335328 0 0 17.289 27.619 35.273
1 126 3 0 0.08982035928143717 0 0 16.732 24.133 33.833
1 127 18 0 0.16766467065868274 0 0 19.834 22.010 34.372
1 128 13 0 0.0718562874251496 0 0 20.131 19.841 31.292
1 129 6 0 0.11377245508982048 0 0 19.353 22.796 29.177
1 130 0 0 0.41916167664670656 0 0 22.423 24.384 30.795
1 131 6 0 0.32335329341317365 0 0 24.362 21.206 30.032
1 132 3 0 0.15568862275449102 0 0 23.517 21.483 26.340
1 133 12 0 0.4011976047904191 0 0 24.781 25.046 26.227
1 134 0 0 0.5449101796407185 0 0 28.058 23.960 27.735
1 135 1 0 0.27544910179640725 0 0 28.248 21.124 25.226
1 136 17 0 0.17365269461077848 0 0 27.654 23.452 22.346
1 137 20 0 0.4491017964071856 0 0 30.570 25.716 23.325
1 138 9 0 0.4251497005988024 0 0 32.841 22.873 24.488
1 139 11 0 0.688622754491018 0 0 33.541 24.576 27.869
1 140 16 0 0.718562874251497 0 0 33.356 22.875 31.211
1 141 15 0 0.7604790419161677 0 0 30.443 23.226 33.504
1 142 11 0 0.7904191616766467 0 0 30.430 23.406 37.214
1 143 7 0 0.6946107784431137 0 0 28.117 24.208 40.068
1 144 18 0 0.7964071856287425 0 0 29.663 26.462 42.729
1 145 17 0 0.6347305389221557 0 0 28.787 28.039 45.981
1 146 0 0 0.6407185628742516 0 0 30.589 30.814 47.721
1 147 13 0 0.39520958083832336 0 0 28.165 30.677 50.641
1 148 18 0 0.2335329341317366 0 0 28.687 27.012 51.514
1 149 1 0 0.40718562874251496 0 0 32.273 26.745 50.256
1 150 6 0 0.44311377245508976 0 0 31.750 23.948 47.782
1 151 9 0 0.6287425149700598 0 0 33.671 24.250 44.598
1 152 22 0 0.8143712574850299 0 0 35.013 27.790 44.572
1 153 3 0 0.7125748502994012 0 0 38.579 26.516 44.169
1 154 3 0 0.7365269461077844 0 0 37.368 24.072 41.583
1 155 0 0 0.9161676646706587 0 0 35.740 26.926 39.589
1 156 15 0 0.9221556886227544 0 0 39.034 28.698 38.914
1 157 20 0 0.7844311377245509 0 0 41.334 25.664 38.802
1 158 18 0 0.8083832335329342 0 0 39.161 24.287 36.029
1 159 12 0 0.8982035928143712 0 0 39.794 27.603 34.273
1 160 22 0 0.7425149700598803 0 0 43.581 27.319 34.711
1 161 1 0 0.562874251497006 0 0 43.363 23.876 33.122
1 162 7 0 0.6467065868263473 0 0 41.534 25.218 30.057
1 163 11 0 0.5748502994011976 0 0 44.364 27.602 29.536
1 164 1 0 0.33532934131736525 0 0 46.977 24.939 30.132
1 165 13 0 0.17964071856287422 0 0 45.719 22.468 27.484
1 166 10 0 0.14371257485029942 0 0 46.041 24.520 24.262
1 167 13 0 0.053892215568862256 0 0 48.381 27.048 22.736
