1 1 14 0 0.0059880239520957446 0 0 54.946 33.337 29.300
1 2 18 0 0.10179640718562877 0 0 51.197 33.301 28.570
1 3 7 0 0.2934131736526946 0 0 48.600 35.984 29.302
1 4 20 0 0.5808383233532934 0 0 45.044 35.024 29.540
1 5 13 0 0.7065868263473054 0 0 42.448 37.673 29.380
1 6 12 0 0.9101796407185628 0 0 39.438 36.594 31.380
1 7 22 0 0.9520958083832335 0 0 36.092 38.373 31.347
1 8 22 0 0.9820359281437125 0 0 33.754 37.784 34.265
1 9 22 0 0.9700598802395209 0 0 30.235 37.969 32.802
1 10 9 0 0.9281437125748503 0 0 26.767 38.037 34.200
1 11 0 0 0.7964071856287425 0 0 23.804 39.685 35.688
1 12 9 0 0.6646706586826348 0 0 24.235 42.045 38.600
1 13 9 0 0.6107784431137725 0 0 24.303 40.387 41.944
1 14 22 0 0.8263473053892215 0 0 25.709 37.023 41.018
1 15 9 0 0.8622754491017964 0 0 29.051 37.705 42.693
1 16 13 0 0.9341317365269461 0 0 31.188 38.749 39.730
1 17 17 0 0.844311377245509 0 0 33.486 40.826 41.839
1 18 0 0 0.7784431137724551 0 0 33.746 38.422 44.760
1 19 12 0 0.9041916167664671 0 0 35.081 35.683 42.482
1 20 18 0 0.8682634730538922 0 0 37.974 37.972 41.456
1 21 11 0 0.6227544910179641 0 0 38.565 39.276 44.948
1 22 6 0 0.5988023952095809 0 0 38.321 35.757 46.342
1 23 12 0 0.6826347305389222 0 0 40.884 34.423 43.944
1 24 11 0 0.4850299401197605 0 0 43.413 37.034 44.795
1 25 6 0 0.2574850299401197 0 0 42.698 38.721 48.172
1 26 2 0 0.281437125748503 0 0 41.305 35.395 49.388
1 27 10 0 0.15568862275449102 0 0 38.781 37.174 51.597
1 28 15 0 0.2694610778443114 0 0 35.250 38.455 51.242
1 29 22 0 0.31137724550898194 0 0 34.259 41.661 49.658
1 30 3 0 0.053892215568862256 0 0 33.757 44.864 51.626
1 31 7 0 0.08383233532934131 0 0 32.211 47.299 49.189
1 32 20 0 0.23952095808383234 0 0 31.193 47.666 45.597
1 33 3 0 0.2335329341317366 0 0 33.441 49.397 43.115
1 34 16 0 0.3652694610778443 0 0 32.864 49.672 39.388
1 35 18 0 0.4970059880239521 0 0 36.194 48.046 38.333
1 36 11 0 0.3772455089820359 0 0 36.621 49.553 34.887
1 37 7 0 0.13772455089820357 0 0 40.136 50.890 34.741
1 38 3 0 0.28742514970059885 0 0 40.949 48.630 37.666
1 39 17 0 0.4251497005988024 0 0 42.926 45.711 36.410
1 40 20 0 0.5449101796407185 0 0 42.787 42.758 38.729
1 41 1 0 0.5089820359281436 0 0 45.541 40.291 37.711
1 42 13 0 0.4610778443113772 0 0 47.041 37.118 39.041
1 43 6 0 0.20359281437125742 0 0 50.189 35.264 38.030
1 44 22 0 0.17964071856287422 0 0 50.013 31.631 39.112
1 45 22 0 0.09580838323353291 0 0 51.145 28.240 38.072
1 46 11 0 0.24550898203592808 0 0 48.264 26.317 36.553
1 47 3 0 0.08982035928143717 0 0 48.642 22.697 35.457
1 48 9 0 0.0119760479041916 0 0 52.423 22.714 35.397
1 49 7 0 0.02395209580838331 0 0 52.415 26.008 33.534
1 50 18 0 0.041916167664670656 0 0 52.828 29.648 34.741
1 51 5 0 0.19161676646706582 0 0 50.399 32.163 33.226
1 52 12 0 0.3532934131736526 0 0 49.079 35.580 34.020
1 53 12 0 0.6407185628742516 0 0 45.329 35.944 34.342
1 54 3 0 0.6467065868263473 0 0 44.110 39.335 33.278
1 55 11 0 0.8502994011976048 0 0 40.753 39.535 34.982
1 56 12 0 0.8383233532934131 0 0 38.350 42.115 33.487
1 57 3 0 0.874251497005988 0 0 35.103 42.881 35.334
1 58 18 0 0.8323353293413174 0 0 31.874 43.835 33.704
1 59 0 0 0.6287425149700598 0 0 29.307 46.265 35.144
1 60 9 0 0.43113772455089827 0 0 26.069 47.981 34.189
1 61 6 0 0.3413173652694611 0 0 22.957 47.031 32.323
1 62 7 0 0.37125748502994016 0 0 23.239 45.470 28.918
1 63 7 0 0.10778443113772451 0 0 22.015 47.676 26.141
1 64 20 0 0.07784431137724557 0 0 23.689 46.750 22.906
1 65 17 0 0.03592814371257491 0 0 26.229 49.564 23.057
1 66 0 0 0.029940119760479056 0 0 29.449 49.167 21.069
1 67 14 0 0.11976047904191622 0 0 31.711 49.874 24.033
1 68 1 0 0.4131736526946108 0 0 30.868 46.694 25.737
1 69 3 0 0.35928143712574856 0 0 31.251 44.774 22.538
1 70 6 0 0.20958083832335328 0 0 34.784 46.185 22.113
1 71 20 0 0.5029940119760479 0 0 35.750 45.311 25.716
1 72 14 0 0.6766467065868262 0 0 34.410 41.754 25.326
1 73 1 0 0.4730538922155688 0 0 36.232 41.198 22.122
1 74 18 0 0.47904191616766467 0 0 39.412 41.975 23.990
1 75 9 0 0.7305389221556886 0 0 38.635 39.031 26.294
1 76 7 0 0.7125748502994012 0 0 39.639 35.479 25.550
1 77 9 0 0.8862275449101796 0 0 37.810 33.462 28.090
1 78 15 0 0.9640718562874252 0 0 34.429 34.273 29.482
1 79 12 0 0.9940119760479041 0 0 33.405 33.345 32.985
1 80 5 0 0.9880239520958084 0 0 29.668 33.605 32.886
1 81 22 0 0.9760479041916168 0 0 28.040 33.630 36.301
1 82 15 0 0.8802395209580838 0 0 24.559 33.090 37.730
1 83 0 0 0.7005988023952096 0 0 23.231 33.113 41.299
1 84 11 0 0.5209580838323353 0 0 21.539 29.905 42.514
1 85 2 0 0.26347305389221565 0 0 18.767 31.715 44.422
1 86 2 0 0.32335329341317365 0 0 17.703 34.221 41.718
1 87 18 0 0.25149700598802394 0 0 16.027 32.791 38.630
1 88 13 0 0.33532934131736525 0 0 16.582 35.990 36.727
1 89 17 0 0.6167664670658684 0 0 20.300 35.646 36.587
1 90 15 0 0.6047904191616766 0 0 20.136 32.093 35.193
1 91 7 0 0.45508982035928147 0 0 17.817 33.310 32.498
1 92 3 0 0.5868263473053892 0 0 20.120 36.180 31.599
1 93 11 0 0.7724550898203593 0 0 22.753 33.555 30.695
1 94 10 0 0.5389221556886228 0 0 21.333 33.128 27.201
1 95 10 0 0.5269461077844311 0 0 21.634 36.833 26.479
1 96 20 0 0.7844311377245509 0 0 25.277 36.553 27.513
1 97 1 0 0.7245508982035929 0 0 26.083 33.512 25.445
1 98 7 0 0.46706586826347307 0 0 24.392 35.241 22.488
1 99 6 0 0.5329341317365269 0 0 26.339 38.410 23.134
1 100 11 0 0.652694610778443 0 0 29.566 36.393 23.056
1 101 13 0 0.437125748502994 0 0 28.543 34.584 20.013
1 102 1 0 0.19760479041916168 0 0 27.793 37.880 18.228
1 103 22 0 0.3293413173652695 0 0 30.867 39.699 19.401
1 104 13 0 0.34730538922155685 0 0 33.187 36.785 18.660
1 105 3 0 0.11377245508982048 0 0 31.491 35.123 15.621
1 106 17 0 0.14371257485029942 0 0 32.190 31.575 16.740
1 107 7 0 0.27544910179640725 0 0 30.494 28.908 18.788
1 108 3 0 0.29940119760479034 0 0 33.869 27.228 19.547
1 109 22 0 0.5568862275449102 0 0 34.959 30.019 21.948
1 110 16 0 0.7485029940119761 0 0 36.276 29.147 25.387
1 111 14 0 0.8922155688622755 0 0 33.452 29.602 27.844
1 112 22 0 0.9461077844311377 0 0 32.520 28.319 31.259
1 113 12 0 0.9401197604790419 0 0 29.283 28.401 33.259
1 114 22 0 0.9580838323353293 0 0 29.437 29.245 36.990
1 115 9 0 0.8562874251497006 0 0 26.738 28.617 39.530
1 116 2 0 0.8203592814371258 0 0 27.426 30.839 42.485
1 117 13 0 0.5748502994011976 0 0 26.145 31.301 45.995
1 118 5 0 0.4491017964071856 0 0 26.018 27.667 46.959
1 119 3 0 0.16167664670658677 0 0 26.464 28.288 50.677
1 120 12 0 0.06586826347305386 0 0 22.752 29.078 51.000
1 121 16 0 0.0 0 0 20.322 26.483 52.368
1 122 17 0 0.017964071856287345 0 0 17.775 27.224 49.689
1 123 1 0 0.0718562874251496 0 0 18.019 27.471 45.914
1 124 18 0 0.059880239520958 0 0 15.583 28.401 43.116
1 125 22 0 0.22754491017964074 0 0 17.655 27.456 40.152
1 126 3 0 0.13173652694610782 0 0 18.659 23.827 40.295
1 127 18 0 0.3892215568862275 0 0 22.294 23.257 39.567
1 128 13 0 0.12574850299401197 0 0 21.208 20.011 37.923
1 129 6 0 0.14970059880239517 0 0 19.364 22.035 35.267
1 130 0 0 0.5149700598802396 0 0 22.589 24.098 35.190
1 131 6 0 0.41916167664670656 0 0 24.498 20.960 34.183
1 132 3 0 0.16766467065868274 0 0 22.031 20.057 31.468
1 133 12 0 0.4011976047904191 0 0 22.118 23.597 30.202
1 134 0 0 0.5688622754491017 0 0 25.889 23.632 30.169
1 135 1 0 0.3053892215568862 0 0 25.787 20.319 28.443
1 136 17 0 0.17365269461077848 0 0 23.653 21.635 25.577
1 137 20 0 0.44311377245508976 0 0 25.980 24.494 24.963
1 138 9 0 0.40718562874251496 0 0 28.954 22.170 25.476
1 139 11 0 0.688622754491018 0 0 30.554 24.353 28.128
1 140 16 0 0.7425149700598803 0 0 31.620 23.323 31.605
1 141 15 0 0.7904191616766467 0 0 29.782 23.814 34.840
1 142 11 0 0.8023952095808383 0 0 31.183 24.611 38.278
1 143 7 0 0.6946107784431137 0 0 29.300 25.179 41.538
1 144 18 0 0.7604790419161677 0 0 30.890 27.921 43.701
1 145 17 0 0.592814371257485 0 0 30.463 29.926 46.782
1 146 0 0 0.6706586826347305 0 0 32.849 32.916 47.018
1 147 13 0 0.39520958083832336 0 0 31.646 33.640 50.557
1 148 18 0 0.21556886227544902 0 0 32.576 30.202 51.899
1 149 1 0 0.38323353293413165 0 0 35.721 29.847 49.823
1 150 6 0 0.49101796407185627 0 0 34.676 26.921 47.591
1 151 9 0 0.658682634730539 0 0 35.533 26.387 44.017
1 152 22 0 0.8143712574850299 0 0 36.594 29.918 43.024
1 153 3 0 0.718562874251497 0 0 40.051 28.809 42.117
1 154 3 0 0.7544910179640718 0 0 38.308 26.008 40.066
1 155 0 0 0.9221556886227544 0 0 36.038 28.455 38.320
1 156 15 0 0.9161676646706587 0 0 38.964 30.306 36.988
1 157 20 0 0.7664670658682635 0 0 41.121 27.212 36.426
1 158 18 0 0.8083832335329342 0 0 38.358 25.637 34.353
1 159 12 0 0.8982035928143712 0 0 38.395 28.643 32.140
1 160 22 0 0.7365269461077844 0 0 42.138 28.556 31.527
1 161 1 0 0.5508982035928144 0 0 42.084 24.866 30.646
1 162 7 0 0.6347305389221557 0 0 39.351 25.579 28.107
1 163 11 0 0.562874251497006 0 0 41.565 28.084 26.279
1 164 1 0 0.3173652694610779 0 0 44.377 25.548 26.337
1 165 13 0 0.18562874251497008 0 0 42.229 22.650 25.037
1 166 10 0 0.221556886227545 0 0 40.561 24.593 22.352
1 167 13 0 0.04790419161676651 0 0 43.516 25.142 20.085
