5.000000000000000000e+00 1.071428582072257996e-01 2.575099945068359375e+01 3.827399826049804688e+01 4.207699966430664062e+01
1.600000000000000000e+01 2.500000000000000000e-01 2.690299987792968750e+01 4.202199935913085938e+01 4.140999984741210938e+01
1.200000000000000000e+01 5.312500000000000000e-01 3.070499992370605469e+01 4.136500167846679688e+01 4.099000167846679688e+01
1.400000000000000000e+01 5.491071343421936035e-01 3.144700050354003906e+01 3.836700057983398438e+01 3.863600158691406250e+01
2.200000000000000000e+01 7.008928656578063965e-01 3.491099929809570312e+01 3.713199996948242188e+01 3.773199844360351562e+01
1.300000000000000000e+01 6.607142686843872070e-01 3.557899856567382812e+01 3.494599914550781250e+01 3.460900115966796875e+01
2.200000000000000000e+01 7.276785969734191895e-01 3.907799911499023438e+01 3.372600173950195312e+01 3.376699829101562500e+01
1.200000000000000000e+01 6.562500000000000000e-01 4.012300109863281250e+01 3.252500152587890625e+01 3.021400070190429688e+01
3.000000000000000000e+00 6.339285969734191895e-01 4.349200057983398438e+01 3.106299972534179688e+01 2.917099952697753906e+01
0.000000000000000000e+00 5.937500000000000000e-01 4.524599838256835938e+01 3.202700042724609375e+01 2.591200065612792969e+01
2.200000000000000000e+01 4.062500000000000000e-01 4.767499923706054688e+01 2.900000000000000000e+01 2.562299919128417969e+01
1.000000000000000000e+00 2.366071492433547974e-01 4.481999969482421875e+01 2.642300033569335938e+01 2.562700080871582031e+01
9.000000000000000000e+00 2.901785671710968018e-01 4.205400085449218750e+01 2.896800041198730469e+01 2.462800025939941406e+01
1.700000000000000000e+01 2.589285671710968018e-01 3.939500045776367188e+01 2.790399932861328125e+01 2.712299919128417969e+01
1.600000000000000000e+01 3.392857015132904053e-01 3.817800140380859375e+01 2.846899986267089844e+01 3.062000083923339844e+01
0.000000000000000000e+00 5.133928656578063965e-01 4.077899932861328125e+01 2.854500007629394531e+01 3.335400009155273438e+01
1.100000000000000000e+01 2.857142984867095947e-01 4.008399963378906250e+01 2.580800056457519531e+01 3.604199981689453125e+01
2.000000000000000000e+00 3.125000000000000000e-01 4.110800170898437500e+01 2.636700057983398438e+01 3.976900100708007812e+01
2.200000000000000000e+01 6.294642686843872070e-01 4.226599884033203125e+01 2.997500038146972656e+01 3.950600051879882812e+01
0.000000000000000000e+00 6.517857313156127930e-01 4.225799942016601562e+01 3.169799995422363281e+01 4.289099884033203125e+01
1.400000000000000000e+01 7.544642686843872070e-01 4.146500015258789062e+01 3.544300079345703125e+01 4.341199874877929688e+01
2.200000000000000000e+01 7.142857313156127930e-01 3.862099838256835938e+01 4.098899841308593750e+01 4.656700134277343750e+01
1.500000000000000000e+01 6.919642686843872070e-01 3.967499923706054688e+01 4.391199874877929688e+01 4.880400085449218750e+01
1.000000000000000000e+00 5.758928656578063965e-01 3.771500015258789062e+01 4.712099838256835938e+01 4.975299835205078125e+01
1.300000000000000000e+01 5.267857313156127930e-01 3.912799835205078125e+01 5.052799987792968750e+01 5.064699935913085938e+01
0.000000000000000000e+00 2.455357164144515991e-01 3.845999908447265625e+01 5.231000137329101562e+01 5.394900131225585938e+01
0.000000000000000000e+00 9.821428358554840088e-02 3.794800186157226562e+01 5.605899810791015625e+01 5.431700134277343750e+01
3.000000000000000000e+00 1.250000000000000000e-01 4.159999847412109375e+01 5.704299926757812500e+01 5.503300094604492188e+01
3.000000000000000000e+00 3.482142984867095947e-01 4.267399978637695312e+01 5.524200057983398438e+01 5.191600036621093750e+01
1.800000000000000000e+01 4.151785671710968018e-01 4.339199829101562500e+01 5.175099945068359375e+01 5.343799972534179688e+01
1.900000000000000000e+01 5.669642686843872070e-01 4.263800048828125000e+01 4.839799880981445312e+01 5.195299911499023438e+01
7.000000000000000000e+00 3.839285671710968018e-01 4.055099868774414062e+01 4.579499816894531250e+01 5.413000106811523438e+01
1.600000000000000000e+01 3.928571343421936035e-01 3.951599884033203125e+01 4.210200119018554688e+01 5.343500137329101562e+01
1.500000000000000000e+01 3.973214328289031982e-01 3.637099838256835938e+01 4.147800064086914062e+01 5.148300170898437500e+01
0.000000000000000000e+00 4.375000000000000000e-01 3.645899963378906250e+01 3.798400115966796875e+01 4.988399887084960938e+01
1.700000000000000000e+01 4.732142984867095947e-01 3.844800186157226562e+01 3.499000167846679688e+01 4.874100112915039062e+01
9.000000000000000000e+00 4.419642984867095947e-01 3.753300094604492188e+01 3.236299896240234375e+01 4.606800079345703125e+01
1.300000000000000000e+01 4.776785671710968018e-01 3.868899917602539062e+01 3.032600021362304688e+01 4.310100173950195312e+01
1.800000000000000000e+01 4.508928656578063965e-01 3.725199890136718750e+01 2.955599975585937500e+01 3.962300109863281250e+01
1.700000000000000000e+01 1.741071492433547974e-01 3.453400039672851562e+01 2.694000053405761719e+01 3.911600112915039062e+01
7.000000000000000000e+00 8.035714179277420044e-02 3.473099899291992188e+01 2.449799919128417969e+01 3.625400161743164062e+01
1.700000000000000000e+01 1.026785746216773987e-01 3.282500076293945312e+01 2.680999946594238281e+01 3.388999938964843750e+01
9.000000000000000000e+00 3.571428656578063965e-01 3.585900115966796875e+01 2.930900001525878906e+01 3.428799819946289062e+01
7.000000000000000000e+00 4.241071343421936035e-01 3.378799819946289062e+01 3.160799980163574219e+01 3.662400054931640625e+01
1.200000000000000000e+01 3.660714328289031982e-01 3.295100021362304688e+01 3.246400070190429688e+01 4.015700149536132812e+01
9.000000000000000000e+00 1.517857164144515991e-01 2.998999977111816406e+01 3.342699813842773438e+01 4.499599838256835938e+01
1.200000000000000000e+01 3.169642984867095947e-01 3.209199905395507812e+01 3.653300094604492188e+01 4.583599853515625000e+01
1.800000000000000000e+01 2.187500000000000000e-01 2.949399948120117188e+01 3.904399871826171875e+01 4.715100097656250000e+01
1.800000000000000000e+01 5.803571268916130066e-02 2.574399948120117188e+01 3.999100112915039062e+01 4.741400146484375000e+01
7.000000000000000000e+00 1.785714365541934967e-02 2.341500091552734375e+01 4.302899932861328125e+01 4.680199813842773438e+01
7.000000000000000000e+00 0.000000000000000000e+00 2.246699905395507812e+01 4.375699996948242188e+01 5.057500076293945312e+01
7.000000000000000000e+00 2.232142910361289978e-02 2.617200088500976562e+01 4.376300048828125000e+01 5.134799957275390625e+01
1.500000000000000000e+01 1.339285671710968018e-01 2.771400070190429688e+01 4.528599929809570312e+01 4.820299911499023438e+01
2.200000000000000000e+01 9.375000000000000000e-02 2.780100059509277344e+01 4.920399856567382812e+01 4.852199935913085938e+01
7.000000000000000000e+00 2.098214328289031982e-01 2.966600036621093750e+01 5.213100051879882812e+01 4.686199951171875000e+01
9.000000000000000000e+00 3.616071343421936035e-01 3.349700164794921875e+01 5.261399841308593750e+01 4.752099990844726562e+01
1.100000000000000000e+01 6.383928656578063965e-01 3.690900039672851562e+01 5.172700119018554688e+01 4.610599899291992188e+01
2.000000000000000000e+01 7.500000000000000000e-01 3.762900161743164062e+01 4.794100189208984375e+01 4.551900100708007812e+01
1.300000000000000000e+01 8.750000000000000000e-01 4.028499984741210938e+01 4.575999832153320312e+01 4.392300033569335938e+01
2.200000000000000000e+01 9.241071343421936035e-01 4.047000122070312500e+01 4.217599868774414062e+01 4.245700073242187500e+01
7.000000000000000000e+00 9.330357313156127930e-01 4.372399902343750000e+01 4.029800033569335938e+01 4.266999816894531250e+01
1.100000000000000000e+01 9.151785969734191895e-01 4.397200012207031250e+01 3.702500152587890625e+01 4.075000000000000000e+01
3.000000000000000000e+00 8.303571343421936035e-01 4.684099960327148438e+01 3.451200103759765625e+01 4.129100036621093750e+01
1.800000000000000000e+01 8.571428656578063965e-01 4.812400054931640625e+01 3.406900024414062500e+01 3.776599884033203125e+01
1.300000000000000000e+01 7.589285969734191895e-01 5.165000152587890625e+01 3.289500045776367188e+01 3.870000076293945312e+01
1.700000000000000000e+01 6.250000000000000000e-01 5.032099914550781250e+01 2.973600006103515625e+01 4.036899948120117188e+01
2.000000000000000000e+01 6.205357313156127930e-01 4.824900054931640625e+01 2.882600021362304688e+01 3.726300048828125000e+01
1.900000000000000000e+01 5.714285969734191895e-01 5.153599929809570312e+01 2.875799942016601562e+01 3.526900100708007812e+01
1.300000000000000000e+01 4.107142984867095947e-01 5.367800140380859375e+01 2.714800071716308594e+01 3.798799896240234375e+01
0.000000000000000000e+00 2.232142835855484009e-01 5.144800186157226562e+01 2.401399993896484375e+01 3.841500091552734375e+01
1.200000000000000000e+01 1.919642835855484009e-01 5.135499954223632812e+01 2.338699913024902344e+01 3.463499832153320312e+01
9.000000000000000000e+00 1.473214328289031982e-01 5.524499893188476562e+01 2.399699974060058594e+01 3.447900009155273438e+01
1.100000000000000000e+01 3.303571343421936035e-01 5.513499832153320312e+01 2.722400093078613281e+01 3.252700042724609375e+01
1.700000000000000000e+01 4.866071343421936035e-01 5.753400039672851562e+01 3.026300048828125000e+01 3.304199981689453125e+01
1.600000000000000000e+01 6.785714030265808105e-01 5.647499847412109375e+01 3.324000167846679688e+01 3.527700042724609375e+01
1.500000000000000000e+01 7.991071343421936035e-01 5.683200073242187500e+01 3.689899826049804688e+01 3.465000152587890625e+01
7.000000000000000000e+00 9.107142686843872070e-01 5.356800079345703125e+01 3.834400177001953125e+01 3.994800186157226562e+01
0.000000000000000000e+00 9.866071343421936035e-01 4.704700088500976562e+01 4.033700180053710938e+01 3.776699829101562500e+01
7.000000000000000000e+00 9.955357313156127930e-01 4.511500167846679688e+01 4.317200088500976562e+01 3.956200027465820312e+01
2.200000000000000000e+01 9.776785969734191895e-01 4.226200103759765625e+01 4.557899856567382812e+01 3.877999877929687500e+01
2.200000000000000000e+01 9.375000000000000000e-01 4.133300018310546875e+01 4.854999923706054688e+01 4.089699935913085938e+01
1.500000000000000000e+01 8.348214030265808105e-01 3.775999832153320312e+01 5.000600051879882812e+01 4.061399841308593750e+01
1.800000000000000000e+01 6.696428656578063965e-01 3.502000045776367188e+01 5.207400131225585938e+01 4.218000030517578125e+01
0.000000000000000000e+00 5.089285969734191895e-01 3.148999977111816406e+01 5.067200088500976562e+01 4.244100189208984375e+01
2.000000000000000000e+00 2.410714328289031982e-01 2.797400093078613281e+01 5.229999923706054688e+01 4.166799926757812500e+01
3.000000000000000000e+00 2.276785671710968018e-01 2.928800010681152344e+01 5.585400009155273438e+01 4.097299957275390625e+01
1.700000000000000000e+01 8.928571641445159912e-02 2.672200012207031250e+01 5.643799972534179688e+01 3.819800186157226562e+01
9.000000000000000000e+00 4.017857089638710022e-02 2.423500061035156250e+01 5.440200042724609375e+01 4.039300155639648438e+01
1.600000000000000000e+01 4.910714179277420044e-02 2.326199913024902344e+01 5.063800048828125000e+01 4.057899856567382812e+01
1.000000000000000000e+00 1.651785671710968018e-01 2.512700080871582031e+01 4.847900009155273438e+01 3.814699935913085938e+01
1.000000000000000000e+00 2.723214328289031982e-01 2.666500091552734375e+01 4.511100006103515625e+01 3.830899810791015625e+01
2.000000000000000000e+01 5.535714030265808105e-01 3.008600044250488281e+01 4.414099884033203125e+01 3.700000000000000000e+01
1.800000000000000000e+01 6.428571343421936035e-01 3.180900001525878906e+01 4.110900115966796875e+01 3.522499847412109375e+01
1.100000000000000000e+01 8.214285969734191895e-01 3.550799942016601562e+01 4.124200057983398438e+01 3.514199829101562500e+01
0.000000000000000000e+00 8.169642686843872070e-01 3.688899993896484375e+01 3.933300018310546875e+01 3.217200088500976562e+01
0.000000000000000000e+00 9.017857313156127930e-01 4.050999832153320312e+01 3.826100158691406250e+01 3.263399887084960938e+01
1.200000000000000000e+01 8.482142686843872070e-01 4.248699951171875000e+01 3.685699844360351562e+01 2.964699935913085938e+01
1.200000000000000000e+01 8.526785969734191895e-01 4.591199874877929688e+01 3.537799835205078125e+01 3.048699951171875000e+01
1.700000000000000000e+01 7.678571343421936035e-01 4.910100173950195312e+01 3.453799819946289062e+01 2.845700073242187500e+01
1.600000000000000000e+01 7.455357313156127930e-01 5.260699844360351562e+01 3.387099838256835938e+01 2.996400070190429688e+01
2.000000000000000000e+01 8.125000000000000000e-01 5.379299926757812500e+01 3.731700134277343750e+01 2.894099998474121094e+01
1.700000000000000000e+01 8.839285969734191895e-01 5.060400009155273438e+01 3.913700103759765625e+01 2.825099945068359375e+01
2.000000000000000000e+01 9.419642686843872070e-01 4.731800079345703125e+01 3.985499954223632812e+01 2.994300079345703125e+01
1.700000000000000000e+01 9.508928656578063965e-01 4.421500015258789062e+01 4.187900161743164062e+01 2.952000045776367188e+01
1.800000000000000000e+01 9.642857313156127930e-01 4.141299819946289062e+01 4.281600189208984375e+01 3.186199951171875000e+01
1.800000000000000000e+01 8.705357313156127930e-01 3.786399841308593750e+01 4.400899887084960938e+01 3.092200088500976562e+01
0.000000000000000000e+00 7.946428656578063965e-01 3.481000137329101562e+01 4.538700103759765625e+01 3.269699859619140625e+01
2.200000000000000000e+01 5.982142686843872070e-01 3.137700080871582031e+01 4.452399826049804688e+01 3.134799957275390625e+01
2.200000000000000000e+01 4.642857015132904053e-01 2.903700065612792969e+01 4.694599914550781250e+01 3.316299819946289062e+01
1.800000000000000000e+01 1.830357164144515991e-01 2.525200080871582031e+01 4.594100189208984375e+01 3.330599975585937500e+01
2.000000000000000000e+00 3.571428731083869934e-02 2.210600090026855469e+01 4.711199951171875000e+01 3.483000183105468750e+01
1.600000000000000000e+01 1.339285727590322495e-02 2.100600051879882812e+01 4.536199951171875000e+01 3.809600067138671875e+01
5.000000000000000000e+00 1.205357164144515991e-01 6.788300323486328125e+01 4.965700149536132812e+01 2.691099929809570312e+01
1.600000000000000000e+01 2.053571492433547974e-01 6.790399932861328125e+01 4.730500030517578125e+01 2.999699974060058594e+01
1.200000000000000000e+01 4.910714328289031982e-01 6.417199707031250000e+01 4.820700073242187500e+01 3.056200027465820312e+01
1.400000000000000000e+01 5.223214030265808105e-01 6.198500061035156250e+01 5.023799896240234375e+01 2.817200088500976562e+01
2.200000000000000000e+01 6.964285969734191895e-01 5.832600021362304688e+01 5.106999969482421875e+01 2.888999938964843750e+01
1.300000000000000000e+01 6.741071343421936035e-01 5.588000106811523438e+01 5.226599884033203125e+01 2.614900016784667969e+01
2.200000000000000000e+01 7.410714030265808105e-01 5.224000167846679688e+01 5.359000015258789062e+01 2.645299911499023438e+01
1.200000000000000000e+01 6.651785969734191895e-01 4.958300018310546875e+01 5.360699844360351562e+01 2.362199974060058594e+01
3.000000000000000000e+00 6.473214030265808105e-01 4.584199905395507812e+01 5.447800064086914062e+01 2.354700088500976562e+01
0.000000000000000000e+00 5.803571343421936035e-01 4.307899856567382812e+01 5.250899887084960938e+01 2.186499977111816406e+01
2.200000000000000000e+01 3.883928656578063965e-01 4.048699951171875000e+01 5.550799942016601562e+01 2.147900009155273438e+01
1.000000000000000000e+00 2.142857164144515991e-01 4.255300140380859375e+01 5.727600097656250000e+01 1.881200027465820312e+01
9.000000000000000000e+00 2.946428656578063965e-01 4.458900070190429688e+01 5.401599884033203125e+01 1.817000007629394531e+01
1.700000000000000000e+01 2.633928656578063965e-01 4.791899871826171875e+01 5.582899856567382812e+01 1.849399948120117188e+01
1.600000000000000000e+01 3.705357015132904053e-01 5.083599853515625000e+01 5.643600082397460938e+01 2.100300025939941406e+01
0.000000000000000000e+00 5.000000000000000000e-01 5.016600036621093750e+01 5.824300003051757812e+01 2.424099922180175781e+01
1.100000000000000000e+01 2.991071343421936035e-01 5.238800048828125000e+01 6.116199874877929688e+01 2.520599937438964844e+01
2.000000000000000000e+00 3.035714328289031982e-01 5.318500137329101562e+01 6.257300186157226562e+01 2.868000030517578125e+01
2.200000000000000000e+01 6.160714030265808105e-01 5.175099945068359375e+01 5.954000091552734375e+01 3.057900047302246094e+01
0.000000000000000000e+00 6.116071343421936035e-01 5.365800094604492188e+01 5.970000076293945312e+01 3.397600173950195312e+01
1.400000000000000000e+01 7.366071343421936035e-01 5.479199981689453125e+01 5.663100051879882812e+01 3.588600158691406250e+01
2.200000000000000000e+01 7.232142686843872070e-01 5.872000122070312500e+01 5.221599960327148438e+01 3.926300048828125000e+01
1.500000000000000000e+01 6.830357313156127930e-01 5.950299835205078125e+01 5.043299865722656250e+01 4.259400177001953125e+01
1.000000000000000000e+00 5.848214030265808105e-01 6.169300079345703125e+01 4.736999893188476562e+01 4.366500091552734375e+01
1.300000000000000000e+01 5.178571343421936035e-01 6.141500091552734375e+01 4.499800109863281250e+01 4.659700012207031250e+01
0.000000000000000000e+00 2.321428507566452026e-01 6.385499954223632812e+01 4.559500122070312500e+01 4.951300048828125000e+01
0.000000000000000000e+00 7.142857462167739868e-02 6.552500152587890625e+01 4.273799896240234375e+01 5.157400131225585938e+01
3.000000000000000000e+00 8.482142537832260132e-02 6.254800033569335938e+01 4.254899978637695312e+01 5.398600006103515625e+01
3.000000000000000000e+00 3.214285671710968018e-01 6.009799957275390625e+01 4.265599822998046875e+01 5.089699935913085938e+01
1.800000000000000000e+01 3.437500000000000000e-01 5.917599868774414062e+01 4.643899917602539062e+01 5.135499954223632812e+01
1.900000000000000000e+01 5.401785969734191895e-01 5.869599914550781250e+01 4.878400039672851562e+01 4.837400054931640625e+01
7.000000000000000000e+00 3.526785671710968018e-01 6.149100112915039062e+01 5.127099990844726562e+01 4.749700164794921875e+01
1.600000000000000000e+01 4.687500000000000000e-01 6.109700012207031250e+01 5.353099822998046875e+01 4.450699996948242188e+01
1.500000000000000000e+01 4.330357015132904053e-01 6.345899963378906250e+01 5.246599960327148438e+01 4.170700073242187500e+01
0.000000000000000000e+00 4.196428656578063965e-01 6.307500076293945312e+01 5.479000091552734375e+01 3.877999877929687500e+01
1.700000000000000000e+01 4.955357015132904053e-01 6.046900177001953125e+01 5.727299880981445312e+01 3.727700042724609375e+01
9.000000000000000000e+00 3.794642984867095947e-01 5.947900009155273438e+01 5.969400024414062500e+01 3.451800155639648438e+01
1.300000000000000000e+01 4.464285671710968018e-01 5.678699874877929688e+01 6.034700012207031250e+01 3.178599929809570312e+01
1.800000000000000000e+01 4.285714328289031982e-01 5.649700164794921875e+01 5.927899932861328125e+01 2.812700080871582031e+01
1.700000000000000000e+01 1.696428507566452026e-01 5.839199829101562500e+01 6.092300033569335938e+01 2.529000091552734375e+01
7.000000000000000000e+00 6.696428358554840088e-02 5.692800140380859375e+01 6.200699996948242188e+01 2.192000007629394531e+01
1.700000000000000000e+01 1.294642835855484009e-01 5.690299987792968750e+01 5.848899841308593750e+01 2.034799957275390625e+01
9.000000000000000000e+00 3.750000000000000000e-01 5.499200057983398438e+01 5.704199981689453125e+01 2.325300025939941406e+01
7.000000000000000000e+00 4.017857015132904053e-01 5.818500137329101562e+01 5.570299911499023438e+01 2.477700042724609375e+01
1.200000000000000000e+01 4.553571343421936035e-01 5.998899841308593750e+01 5.587500000000000000e+01 2.811899948120117188e+01
9.000000000000000000e+00 1.160714253783226013e-01 6.662200164794921875e+01 5.644100189208984375e+01 3.098699951171875000e+01
1.200000000000000000e+01 2.767857015132904053e-01 6.508799743652343750e+01 5.483300018310546875e+01 3.401800155639648438e+01
1.800000000000000000e+01 1.562500000000000000e-01 6.819300079345703125e+01 5.280400085449218750e+01 3.513499832153320312e+01
1.800000000000000000e+01 4.464285820722579956e-02 7.137200164794921875e+01 5.100099945068359375e+01 3.369300079345703125e+01
7.000000000000000000e+00 2.678571455180644989e-02 7.233100128173828125e+01 4.738499832153320312e+01 3.285100173950195312e+01
7.000000000000000000e+00 4.464285913854837418e-03 7.458499908447265625e+01 4.728099822998046875e+01 3.599399948120117188e+01
7.000000000000000000e+00 3.125000000000000000e-02 7.193399810791015625e+01 4.881100082397460938e+01 3.826399993896484375e+01
1.500000000000000000e+01 1.785714328289031982e-01 6.918599700927734375e+01 4.671599960327148438e+01 3.712599945068359375e+01
2.200000000000000000e+01 1.428571492433547974e-01 6.942600250244140625e+01 4.354600143432617188e+01 3.917300033569335938e+01
7.000000000000000000e+00 2.678571343421936035e-01 6.705300140380859375e+01 4.060900115966796875e+01 3.950999832153320312e+01
9.000000000000000000e+00 4.821428656578063965e-01 6.399300003051757812e+01 4.081499862670898438e+01 4.176399993896484375e+01
1.100000000000000000e+01 6.875000000000000000e-01 6.047499847412109375e+01 4.211299896240234375e+01 4.198500061035156250e+01
2.000000000000000000e+01 7.767857313156127930e-01 5.937699890136718750e+01 4.539599990844726562e+01 4.048600006103515625e+01
1.300000000000000000e+01 8.973214030265808105e-01 5.614500045776367188e+01 4.735699844360351562e+01 4.035499954223632812e+01
2.200000000000000000e+01 9.196428656578063965e-01 5.529800033569335938e+01 4.995899963378906250e+01 3.771599960327148438e+01
7.000000000000000000e+00 9.285714030265808105e-01 5.231700134277343750e+01 5.216099929809570312e+01 3.856800079345703125e+01
1.100000000000000000e+01 8.883928656578063965e-01 5.110200119018554688e+01 5.448199844360351562e+01 3.571200180053710938e+01
3.000000000000000000e+00 7.723214030265808105e-01 4.908000183105468750e+01 5.784500122070312500e+01 3.605799865722656250e+01
1.800000000000000000e+01 8.258928656578063965e-01 4.639699935913085938e+01 5.671900177001953125e+01 3.364500045776367188e+01
1.300000000000000000e+01 7.187500000000000000e-01 4.344400024414062500e+01 5.852600097656250000e+01 3.524900054931640625e+01
1.700000000000000000e+01 5.580357313156127930e-01 4.542599868774414062e+01 6.190200042724609375e+01 3.478699874877929688e+01
2.000000000000000000e+01 5.625000000000000000e-01 4.585599899291992188e+01 6.119400024414062500e+01 3.107900047302246094e+01
1.900000000000000000e+01 5.357142686843872070e-01 4.220199966430664062e+01 6.051300048828125000e+01 3.021599960327148438e+01
1.300000000000000000e+01 3.348214328289031982e-01 4.138299942016601562e+01 6.338800048828125000e+01 3.258000183105468750e+01
0.000000000000000000e+00 1.964285671710968018e-01 4.329100036621093750e+01 6.576200103759765625e+01 3.030299949645996094e+01
1.200000000000000000e+01 1.607142835855484009e-01 4.087900161743164062e+01 6.470600128173828125e+01 2.744499969482421875e+01
9.000000000000000000e+00 1.383928507566452026e-01 3.788700103759765625e+01 6.497799682617187500e+01 2.998500061035156250e+01
1.100000000000000000e+01 3.258928656578063965e-01 3.745500183105468750e+01 6.113899993896484375e+01 2.999900054931640625e+01
1.700000000000000000e+01 5.044642686843872070e-01 3.668799972534179688e+01 5.915599822998046875e+01 3.316299819946289062e+01
1.600000000000000000e+01 7.053571343421936035e-01 3.810499954223632812e+01 5.558000183105468750e+01 3.324499893188476562e+01
1.500000000000000000e+01 7.633928656578063965e-01 3.653900146484375000e+01 5.259400177001953125e+01 3.497600173950195312e+01
7.000000000000000000e+00 8.660714030265808105e-01 4.146400070190429688e+01 5.365000152587890625e+01 3.910100173950195312e+01
0.000000000000000000e+00 9.732142686843872070e-01 4.713100051879882812e+01 5.086399841308593750e+01 3.618299865722656250e+01
7.000000000000000000e+00 9.821428656578063965e-01 4.958399963378906250e+01 4.888800048828125000e+01 3.835200119018554688e+01
2.200000000000000000e+01 9.910714030265808105e-01 5.178599929809570312e+01 4.599900054931640625e+01 3.704000091552734375e+01
2.200000000000000000e+01 9.598214030265808105e-01 5.411000061035156250e+01 4.381299972534179688e+01 3.913299942016601562e+01
1.500000000000000000e+01 8.794642686843872070e-01 5.672999954223632812e+01 4.130400085449218750e+01 3.769499969482421875e+01
1.800000000000000000e+01 7.098214030265808105e-01 5.995500183105468750e+01 3.941799926757812500e+01 3.862300109863281250e+01
0.000000000000000000e+00 6.071428656578063965e-01 6.276100158691406250e+01 4.029199981689453125e+01 3.625099945068359375e+01
2.000000000000000000e+00 3.080357015132904053e-01 6.612500000000000000e+01 3.865599822998046875e+01 3.543799972534179688e+01
3.000000000000000000e+00 2.812500000000000000e-01 6.511699676513671875e+01 3.524900054931640625e+01 3.730699920654296875e+01
1.700000000000000000e+01 1.116071417927742004e-01 6.690599822998046875e+01 3.292300033569335938e+01 3.477799987792968750e+01
9.000000000000000000e+00 6.250000000000000000e-02 6.962000274658203125e+01 3.560400009155273438e+01 3.404499816894531250e+01
1.600000000000000000e+01 7.589285820722579956e-02 7.018000030517578125e+01 3.902999877929687500e+01 3.230500030517578125e+01
1.000000000000000000e+00 2.008928507566452026e-01 6.743000030517578125e+01 4.000000000000000000e+01 2.972999954223632812e+01
1.000000000000000000e+00 2.544642984867095947e-01 6.634400177001953125e+01 4.325000000000000000e+01 2.799300003051757812e+01
2.000000000000000000e+01 5.446428656578063965e-01 6.278900146484375000e+01 4.410699844360351562e+01 2.889200019836425781e+01
1.800000000000000000e+01 5.892857313156127930e-01 6.061299896240234375e+01 4.610400009155273438e+01 2.647599983215332031e+01
1.100000000000000000e+01 7.901785969734191895e-01 5.708399963378906250e+01 4.651599884033203125e+01 2.812299919128417969e+01
0.000000000000000000e+00 8.080357313156127930e-01 5.402399826049804688e+01 4.772800064086914062e+01 2.606599998474121094e+01
0.000000000000000000e+00 9.062500000000000000e-01 5.072399902343750000e+01 4.899900054931640625e+01 2.764800071716308594e+01
1.200000000000000000e+01 8.437500000000000000e-01 4.743399810791015625e+01 4.980799865722656250e+01 2.574200057983398438e+01
1.200000000000000000e+01 8.392857313156127930e-01 4.492100143432617188e+01 5.219699859619140625e+01 2.740500068664550781e+01
1.700000000000000000e+01 7.857142686843872070e-01 4.108700180053710938e+01 5.177799987792968750e+01 2.698600006103515625e+01
1.600000000000000000e+01 7.321428656578063965e-01 3.829899978637695312e+01 5.332600021362304688e+01 2.917499923706054688e+01
2.000000000000000000e+01 7.812500000000000000e-01 3.677799987792968750e+01 5.004299926757812500e+01 3.035600090026855469e+01
1.700000000000000000e+01 8.928571343421936035e-01 3.966799926757812500e+01 4.765900039672851562e+01 2.951399993896484375e+01
2.000000000000000000e+01 9.687500000000000000e-01 4.347900009155273438e+01 4.732099914550781250e+01 3.010000038146972656e+01
1.700000000000000000e+01 9.464285969734191895e-01 4.597600173950195312e+01 4.526399993896484375e+01 2.830699920654296875e+01
1.800000000000000000e+01 9.553571343421936035e-01 4.970399856567382812e+01 4.463600158691406250e+01 2.873600006103515625e+01
1.800000000000000000e+01 8.616071343421936035e-01 5.237099838256835938e+01 4.261700057983398438e+01 2.685400009155273438e+01
0.000000000000000000e+00 8.035714030265808105e-01 5.608200073242187500e+01 4.204100036621093750e+01 2.775900077819824219e+01
2.200000000000000000e+01 6.026785969734191895e-01 5.862599945068359375e+01 4.137400054931640625e+01 2.505200004577636719e+01
2.200000000000000000e+01 4.598214328289031982e-01 6.187799835205078125e+01 3.963800048828125000e+01 2.627899932861328125e+01
1.800000000000000000e+01 1.875000000000000000e-01 6.511100006103515625e+01 3.993600082397460938e+01 2.426700019836425781e+01
2.000000000000000000e+00 5.357142910361289978e-02 6.845600128173828125e+01 3.836199951171875000e+01 2.501600074768066406e+01
1.600000000000000000e+01 8.928571827709674835e-03 7.166100311279296875e+01 4.036600112915039062e+01 2.619700050354003906e+01
