5.000000000000000000e+00 1.205357164144515991e-01 2.530400085449218750e+01 3.981600189208984375e+01 4.068399810791015625e+01
1.600000000000000000e+01 2.678571343421936035e-01 2.743899917602539062e+01 4.265700149536132812e+01 4.215299987792968750e+01
1.200000000000000000e+01 5.044642686843872070e-01 3.084099960327148438e+01 4.120700073242187500e+01 4.104000091552734375e+01
1.400000000000000000e+01 5.401785969734191895e-01 3.155699920654296875e+01 3.852000045776367188e+01 3.846500015258789062e+01
2.200000000000000000e+01 7.008928656578063965e-01 3.507300186157226562e+01 3.754199981689453125e+01 3.747700119018554688e+01
1.300000000000000000e+01 6.830357313156127930e-01 3.585599899291992188e+01 3.527099990844726562e+01 3.457300186157226562e+01
2.200000000000000000e+01 7.455357313156127930e-01 3.941799926757812500e+01 3.447499847412109375e+01 3.357099914550781250e+01
1.200000000000000000e+01 6.741071343421936035e-01 4.029999923706054688e+01 3.297999954223632812e+01 3.017499923706054688e+01
3.000000000000000000e+00 6.026785969734191895e-01 4.330300140380859375e+01 3.116500091552734375e+01 2.866300010681152344e+01
0.000000000000000000e+00 5.848214030265808105e-01 4.468399810791015625e+01 3.274900054931640625e+01 2.537199974060058594e+01
2.200000000000000000e+01 3.437500000000000000e-01 4.698600006103515625e+01 2.970000076293945312e+01 2.453100013732910156e+01
1.000000000000000000e+00 1.830357164144515991e-01 4.447200012207031250e+01 2.685700035095214844e+01 2.438699913024902344e+01
9.000000000000000000e+00 2.410714328289031982e-01 4.147399902343750000e+01 2.910799980163574219e+01 2.344300079345703125e+01
1.700000000000000000e+01 2.633928656578063965e-01 3.926599884033203125e+01 2.826499938964843750e+01 2.655999946594238281e+01
1.600000000000000000e+01 3.616071343421936035e-01 3.834899902343750000e+01 2.909099960327148438e+01 3.019899940490722656e+01
0.000000000000000000e+00 5.223214030265808105e-01 4.104999923706054688e+01 2.904599952697753906e+01 3.295800018310546875e+01
1.100000000000000000e+01 3.169642984867095947e-01 4.023799896240234375e+01 2.659799957275390625e+01 3.576200103759765625e+01
2.000000000000000000e+00 3.571428656578063965e-01 4.103400039672851562e+01 2.719799995422363281e+01 3.946099853515625000e+01
2.200000000000000000e+01 6.428571343421936035e-01 4.273300170898437500e+01 3.058399963378906250e+01 3.915999984741210938e+01
0.000000000000000000e+00 6.562500000000000000e-01 4.288000106811523438e+01 3.194300079345703125e+01 4.274200057983398438e+01
1.400000000000000000e+01 7.544642686843872070e-01 4.219599914550781250e+01 3.547100067138671875e+01 4.379899978637695312e+01
2.200000000000000000e+01 7.321428656578063965e-01 3.923099899291992188e+01 4.119499969482421875e+01 4.658599853515625000e+01
1.500000000000000000e+01 6.875000000000000000e-01 4.040200042724609375e+01 4.406900024414062500e+01 4.880799865722656250e+01
1.000000000000000000e+00 5.803571343421936035e-01 3.851699829101562500e+01 4.723799896240234375e+01 4.989300155639648438e+01
1.300000000000000000e+01 5.178571343421936035e-01 4.007799911499023438e+01 5.065800094604492188e+01 5.087799835205078125e+01
0.000000000000000000e+00 2.544642984867095947e-01 3.984799957275390625e+01 5.184199905395507812e+01 5.441099929809570312e+01
0.000000000000000000e+00 8.928571641445159912e-02 3.902600097656250000e+01 5.527000045776367188e+01 5.575299835205078125e+01
3.000000000000000000e+00 1.160714253783226013e-01 4.277899932861328125e+01 5.587599945068359375e+01 5.574900054931640625e+01
3.000000000000000000e+00 3.660714328289031982e-01 4.292800140380859375e+01 5.432099914550781250e+01 5.215399932861328125e+01
1.800000000000000000e+01 4.107142984867095947e-01 4.473199844360351562e+01 5.127099990844726562e+01 5.350000000000000000e+01
1.900000000000000000e+01 5.892857313156127930e-01 4.366699981689453125e+01 4.792900085449218750e+01 5.187500000000000000e+01
7.000000000000000000e+00 3.839285671710968018e-01 4.125999832153320312e+01 4.577700042724609375e+01 5.412699890136718750e+01
1.600000000000000000e+01 3.973214328289031982e-01 4.046400070190429688e+01 4.198699951171875000e+01 5.347299957275390625e+01
1.500000000000000000e+01 3.705357015132904053e-01 3.696900177001953125e+01 4.152700042724609375e+01 5.177600097656250000e+01
0.000000000000000000e+00 4.330357015132904053e-01 3.679600143432617188e+01 3.825000000000000000e+01 4.976699829101562500e+01
1.700000000000000000e+01 5.000000000000000000e-01 3.875899887084960938e+01 3.541500091552734375e+01 4.809700012207031250e+01
9.000000000000000000e+00 4.598214328289031982e-01 3.798199844360351562e+01 3.269599914550781250e+01 4.555799865722656250e+01
1.300000000000000000e+01 4.776785671710968018e-01 3.908499908447265625e+01 3.051099967956542969e+01 4.271099853515625000e+01
1.800000000000000000e+01 4.687500000000000000e-01 3.760900115966796875e+01 3.004299926757812500e+01 3.918899917602539062e+01
1.700000000000000000e+01 1.964285671710968018e-01 3.523199844360351562e+01 2.712899971008300781e+01 3.827299880981445312e+01
7.000000000000000000e+00 9.375000000000000000e-02 3.531399917602539062e+01 2.467399978637695312e+01 3.523400115966796875e+01
1.700000000000000000e+01 1.473214328289031982e-01 3.380300140380859375e+01 2.730500030517578125e+01 3.308300018310546875e+01
9.000000000000000000e+00 4.062500000000000000e-01 3.644599914550781250e+01 2.971199989318847656e+01 3.445199966430664062e+01
7.000000000000000000e+00 4.241071343421936035e-01 3.397000122070312500e+01 3.196800041198730469e+01 3.622999954223632812e+01
1.200000000000000000e+01 4.285714328289031982e-01 3.337400054931640625e+01 3.323699951171875000e+01 3.981499862670898438e+01
9.000000000000000000e+00 1.383928507566452026e-01 2.976700019836425781e+01 3.439599990844726562e+01 4.547299957275390625e+01
1.200000000000000000e+01 3.125000000000000000e-01 3.243399810791015625e+01 3.694900131225585938e+01 4.633000183105468750e+01
1.800000000000000000e+01 1.562500000000000000e-01 2.966200065612792969e+01 3.913100051879882812e+01 4.805300140380859375e+01
1.800000000000000000e+01 3.571428731083869934e-02 2.592499923706054688e+01 3.999700164794921875e+01 4.786100006103515625e+01
7.000000000000000000e+00 1.785714365541934967e-02 2.389100074768066406e+01 4.320999908447265625e+01 4.759000015258789062e+01
7.000000000000000000e+00 0.000000000000000000e+00 2.352400016784667969e+01 4.325500106811523438e+01 5.140900039672851562e+01
7.000000000000000000e+00 2.232142910361289978e-02 2.721899986267089844e+01 4.292800140380859375e+01 5.228499984741210938e+01
1.500000000000000000e+01 1.116071417927742004e-01 2.848999977111816406e+01 4.510599899291992188e+01 4.950199890136718750e+01
2.200000000000000000e+01 1.026785746216773987e-01 2.924200057983398438e+01 4.892499923706054688e+01 5.002399826049804688e+01
7.000000000000000000e+00 1.741071492433547974e-01 3.066600036621093750e+01 5.217699813842773438e+01 4.836100006103515625e+01
9.000000000000000000e+00 3.482142984867095947e-01 3.441199874877929688e+01 5.240999984741210938e+01 4.825400161743164062e+01
1.100000000000000000e+01 6.339285969734191895e-01 3.752600097656250000e+01 5.179899978637695312e+01 4.609600067138671875e+01
2.000000000000000000e+01 7.500000000000000000e-01 3.839099884033203125e+01 4.804999923706054688e+01 4.551499938964843750e+01
1.300000000000000000e+01 9.062500000000000000e-01 4.125600051879882812e+01 4.608499908447265625e+01 4.405699920654296875e+01
2.200000000000000000e+01 9.196428656578063965e-01 4.123500061035156250e+01 4.259999847412109375e+01 4.267200088500976562e+01
7.000000000000000000e+00 9.330357313156127930e-01 4.442699813842773438e+01 4.062599945068359375e+01 4.299499893188476562e+01
1.100000000000000000e+01 9.241071343421936035e-01 4.444400024414062500e+01 3.766199874877929688e+01 4.048500061035156250e+01
3.000000000000000000e+00 8.437500000000000000e-01 4.701200103759765625e+01 3.479800033569335938e+01 4.085300064086914062e+01
1.800000000000000000e+01 8.616071343421936035e-01 4.806600189208984375e+01 3.422200012207031250e+01 3.740399932861328125e+01
1.300000000000000000e+01 7.723214030265808105e-01 5.158800125122070312e+01 3.295000076293945312e+01 3.820800018310546875e+01
1.700000000000000000e+01 6.250000000000000000e-01 5.042900085449218750e+01 2.988199996948242188e+01 4.016099929809570312e+01
2.000000000000000000e+01 6.294642686843872070e-01 4.804800033569335938e+01 2.918700027465820312e+01 3.726200103759765625e+01
1.900000000000000000e+01 5.535714030265808105e-01 5.088600158691406250e+01 2.872999954223632812e+01 3.472999954223632812e+01
1.300000000000000000e+01 4.017857015132904053e-01 5.371900177001953125e+01 2.737899971008300781e+01 3.702799987792968750e+01
0.000000000000000000e+00 2.321428507566452026e-01 5.156900024414062500e+01 2.435600090026855469e+01 3.764599990844726562e+01
1.200000000000000000e+01 2.008928507566452026e-01 5.123600006103515625e+01 2.393300056457519531e+01 3.384999847412109375e+01
9.000000000000000000e+00 1.339285671710968018e-01 5.508800125122070312e+01 2.402700042724609375e+01 3.370000076293945312e+01
1.100000000000000000e+01 3.035714328289031982e-01 5.495999908447265625e+01 2.741500091552734375e+01 3.188500022888183594e+01
1.700000000000000000e+01 4.732142984867095947e-01 5.712699890136718750e+01 3.035000038146972656e+01 3.305500030517578125e+01
1.600000000000000000e+01 7.098214030265808105e-01 5.500000000000000000e+01 3.371300125122070312e+01 3.293700027465820312e+01
1.500000000000000000e+01 8.080357313156127930e-01 5.656800079345703125e+01 3.720399856567382812e+01 3.325500106811523438e+01
7.000000000000000000e+00 8.883928656578063965e-01 5.347499847412109375e+01 3.753900146484375000e+01 3.953599929809570312e+01
0.000000000000000000e+00 9.866071343421936035e-01 4.748099899291992188e+01 4.057199859619140625e+01 3.738899993896484375e+01
7.000000000000000000e+00 9.955357313156127930e-01 4.588000106811523438e+01 4.346300125122070312e+01 3.944699859619140625e+01
2.200000000000000000e+01 9.732142686843872070e-01 4.244400024414062500e+01 4.519200134277343750e+01 3.866500091552734375e+01
2.200000000000000000e+01 9.598214030265808105e-01 4.160599899291992188e+01 4.844900131225585938e+01 4.058599853515625000e+01
1.500000000000000000e+01 8.526785969734191895e-01 3.823699951171875000e+01 5.026399993896484375e+01 4.039199829101562500e+01
1.800000000000000000e+01 6.785714030265808105e-01 3.593500137329101562e+01 5.254800033569335938e+01 4.247999954223632812e+01
0.000000000000000000e+00 5.312500000000000000e-01 3.269699859619140625e+01 5.081100082397460938e+01 4.316400146484375000e+01
2.000000000000000000e+00 2.812500000000000000e-01 2.925300025939941406e+01 5.217200088500976562e+01 4.297299957275390625e+01
3.000000000000000000e+00 2.500000000000000000e-01 3.013299942016601562e+01 5.569400024414062500e+01 4.181900024414062500e+01
1.700000000000000000e+01 7.142857462167739868e-02 2.667200088500976562e+01 5.662300109863281250e+01 4.012599945068359375e+01
9.000000000000000000e+00 3.125000000000000000e-02 2.501399993896484375e+01 5.431900024414062500e+01 4.254899978637695312e+01
1.600000000000000000e+01 6.696428358554840088e-02 2.477400016784667969e+01 5.050099945068359375e+01 4.271799850463867188e+01
1.000000000000000000e+00 2.053571492433547974e-01 2.624300003051757812e+01 4.868199920654296875e+01 3.965700149536132812e+01
1.000000000000000000e+00 2.767857015132904053e-01 2.677799987792968750e+01 4.513499832153320312e+01 3.853799819946289062e+01
2.000000000000000000e+01 5.491071343421936035e-01 3.037199974060058594e+01 4.445199966430664062e+01 3.741099929809570312e+01
1.800000000000000000e+01 6.160714030265808105e-01 3.148299980163574219e+01 4.162699890136718750e+01 3.506600189208984375e+01
1.100000000000000000e+01 8.125000000000000000e-01 3.538199996948242188e+01 4.143000030517578125e+01 3.492300033569335938e+01
0.000000000000000000e+00 7.991071343421936035e-01 3.661399841308593750e+01 3.938199996948242188e+01 3.184799957275390625e+01
0.000000000000000000e+00 8.973214030265808105e-01 4.033599853515625000e+01 3.874900054931640625e+01 3.173299980163574219e+01
1.200000000000000000e+01 8.214285969734191895e-01 4.236199951171875000e+01 3.700799942016601562e+01 2.906900024414062500e+01
1.200000000000000000e+01 8.258928656578063965e-01 4.582699966430664062e+01 3.524599838256835938e+01 2.995700073242187500e+01
1.700000000000000000e+01 7.589285969734191895e-01 4.915599822998046875e+01 3.468600082397460938e+01 2.822200012207031250e+01
1.600000000000000000e+01 7.276785969734191895e-01 5.258200073242187500e+01 3.399900054931640625e+01 2.979199981689453125e+01
2.000000000000000000e+01 7.946428656578063965e-01 5.431999969482421875e+01 3.735900115966796875e+01 2.890299987792968750e+01
1.700000000000000000e+01 8.794642686843872070e-01 5.100299835205078125e+01 3.925000000000000000e+01 2.835199928283691406e+01
2.000000000000000000e+01 9.419642686843872070e-01 4.737300109863281250e+01 3.982199859619140625e+01 2.945199966430664062e+01
1.700000000000000000e+01 9.285714030265808105e-01 4.427399826049804688e+01 4.180899810791015625e+01 2.838899993896484375e+01
1.800000000000000000e+01 9.642857313156127930e-01 4.161800003051757812e+01 4.271699905395507812e+01 3.108499908447265625e+01
1.800000000000000000e+01 8.660714030265808105e-01 3.819100189208984375e+01 4.409400177001953125e+01 3.031100082397460938e+01
0.000000000000000000e+00 8.169642686843872070e-01 3.544300079345703125e+01 4.535300064086914062e+01 3.254899978637695312e+01
2.200000000000000000e+01 6.116071343421936035e-01 3.165999984741210938e+01 4.540499877929687500e+01 3.181200027465820312e+01
2.200000000000000000e+01 4.553571343421936035e-01 2.938100051879882812e+01 4.769200134277343750e+01 3.374700164794921875e+01
1.800000000000000000e+01 1.651785671710968018e-01 2.551399993896484375e+01 4.733900070190429688e+01 3.407899856567382812e+01
2.000000000000000000e+00 4.017857089638710022e-02 2.271599960327148438e+01 4.884299850463867188e+01 3.611500167846679688e+01
1.600000000000000000e+01 8.928571827709674835e-03 2.014999961853027344e+01 4.654600143432617188e+01 3.781900024414062500e+01
5.000000000000000000e+00 9.821428358554840088e-02 6.852400207519531250e+01 5.053699874877929688e+01 2.849500083923339844e+01
1.600000000000000000e+01 2.366071492433547974e-01 6.735399627685546875e+01 4.755599975585937500e+01 3.061199951171875000e+01
1.200000000000000000e+01 4.866071343421936035e-01 6.377099990844726562e+01 4.841899871826171875e+01 3.117700004577636719e+01
1.400000000000000000e+01 5.267857313156127930e-01 6.177199935913085938e+01 4.998799896240234375e+01 2.834700012207031250e+01
2.200000000000000000e+01 6.919642686843872070e-01 5.800600051879882812e+01 5.069599914550781250e+01 2.866699981689453125e+01
1.300000000000000000e+01 6.517857313156127930e-01 5.603799819946289062e+01 5.159700012207031250e+01 2.558200073242187500e+01
2.200000000000000000e+01 7.187500000000000000e-01 5.241099929809570312e+01 5.288199996948242188e+01 2.598500061035156250e+01
1.200000000000000000e+01 6.383928656578063965e-01 4.990800094604492188e+01 5.288700103759765625e+01 2.312400054931640625e+01
3.000000000000000000e+00 5.758928656578063965e-01 4.632400131225585938e+01 5.423300170898437500e+01 2.249900054931640625e+01
0.000000000000000000e+00 5.669642686843872070e-01 4.376499938964843750e+01 5.162799835205078125e+01 2.136100006103515625e+01
2.200000000000000000e+01 3.526785671710968018e-01 4.101800155639648438e+01 5.423799896240234375e+01 2.054700088500976562e+01
1.000000000000000000e+00 1.875000000000000000e-01 4.300799942016601562e+01 5.677000045776367188e+01 1.834700012207031250e+01
9.000000000000000000e+00 2.187500000000000000e-01 4.549599838256835938e+01 5.419699859619140625e+01 1.686100006103515625e+01
1.700000000000000000e+01 2.276785671710968018e-01 4.867699813842773438e+01 5.591099929809570312e+01 1.791500091552734375e+01
1.600000000000000000e+01 3.258928656578063965e-01 5.114300155639648438e+01 5.628499984741210938e+01 2.078199958801269531e+01
0.000000000000000000e+00 5.133928656578063965e-01 4.961899948120117188e+01 5.734600067138671875e+01 2.417700004577636719e+01
1.100000000000000000e+01 3.303571343421936035e-01 5.161000061035156250e+01 6.036600112915039062e+01 2.535499954223632812e+01
2.000000000000000000e+00 3.392857015132904053e-01 5.259899902343750000e+01 6.180400085449218750e+01 2.873600006103515625e+01
2.200000000000000000e+01 6.473214030265808105e-01 5.134299850463867188e+01 5.855599975585937500e+01 3.041099929809570312e+01
0.000000000000000000e+00 6.607142686843872070e-01 5.304999923706054688e+01 5.874000167846679688e+01 3.376499938964843750e+01
1.400000000000000000e+01 7.633928656578063965e-01 5.417300033569335938e+01 5.597399902343750000e+01 3.591699981689453125e+01
2.200000000000000000e+01 7.232142686843872070e-01 5.847700119018554688e+01 5.200799942016601562e+01 3.958499908447265625e+01
1.500000000000000000e+01 6.964285969734191895e-01 5.842300033569335938e+01 5.044699859619140625e+01 4.303200149536132812e+01
1.000000000000000000e+00 5.937500000000000000e-01 6.084600067138671875e+01 4.804700088500976562e+01 4.447700119018554688e+01
1.300000000000000000e+01 4.821428656578063965e-01 6.066600036621093750e+01 4.594699859619140625e+01 4.762699890136718750e+01
0.000000000000000000e+00 2.142857164144515991e-01 6.260300064086914062e+01 4.741199874877929688e+01 5.071799850463867188e+01
0.000000000000000000e+00 4.464285820722579956e-02 6.447100067138671875e+01 4.539899826049804688e+01 5.342399978637695312e+01
3.000000000000000000e+00 8.035714179277420044e-02 6.115200042724609375e+01 4.488700103759765625e+01 5.530699920654296875e+01
3.000000000000000000e+00 2.901785671710968018e-01 5.958000183105468750e+01 4.380699920654296875e+01 5.197800064086914062e+01
1.800000000000000000e+01 3.928571343421936035e-01 5.755400085449218750e+01 4.715200042724609375e+01 5.172100067138671875e+01
1.900000000000000000e+01 5.982142686843872070e-01 5.677099990844726562e+01 4.883499908447265625e+01 4.848600006103515625e+01
7.000000000000000000e+00 4.375000000000000000e-01 5.883700180053710938e+01 5.203300094604492188e+01 4.834400177001953125e+01
1.600000000000000000e+01 5.089285969734191895e-01 5.903099822998046875e+01 5.392599868774414062e+01 4.507400131225585938e+01
1.500000000000000000e+01 3.080357015132904053e-01 6.240399932861328125e+01 5.479199981689453125e+01 4.365000152587890625e+01
0.000000000000000000e+00 4.151785671710968018e-01 6.165599822998046875e+01 5.596900177001953125e+01 4.017599868774414062e+01
1.700000000000000000e+01 4.910714328289031982e-01 5.906600189208984375e+01 5.782799911499023438e+01 3.815299987792968750e+01
9.000000000000000000e+00 4.419642984867095947e-01 5.868099975585937500e+01 5.901499938964843750e+01 3.454899978637695312e+01
1.300000000000000000e+01 4.955357015132904053e-01 5.622100067138671875e+01 5.942100143432617188e+01 3.161300086975097656e+01
1.800000000000000000e+01 4.508928656578063965e-01 5.585599899291992188e+01 5.862400054931640625e+01 2.793099975585937500e+01
1.700000000000000000e+01 1.919642835855484009e-01 5.729199981689453125e+01 6.055899810791015625e+01 2.491300010681152344e+01
7.000000000000000000e+00 8.482142537832260132e-02 5.547100067138671875e+01 6.181499862670898438e+01 2.168600082397460938e+01
1.700000000000000000e+01 1.250000000000000000e-01 5.638100051879882812e+01 5.846200180053710938e+01 2.011599922180175781e+01
9.000000000000000000e+00 3.794642984867095947e-01 5.488899993896484375e+01 5.668199920654296875e+01 2.329299926757812500e+01
7.000000000000000000e+00 3.750000000000000000e-01 5.823300170898437500e+01 5.534299850463867188e+01 2.466500091552734375e+01
1.200000000000000000e+01 4.464285671710968018e-01 5.979299926757812500e+01 5.534099960327148438e+01 2.815299987792968750e+01
9.000000000000000000e+00 1.696428507566452026e-01 6.543099975585937500e+01 5.601599884033203125e+01 3.155200004577636719e+01
1.200000000000000000e+01 3.348214328289031982e-01 6.385599899291992188e+01 5.441799926757812500e+01 3.468299865722656250e+01
1.800000000000000000e+01 2.589285671710968018e-01 6.666300201416015625e+01 5.228499984741210938e+01 3.609899902343750000e+01
1.800000000000000000e+01 6.250000000000000000e-02 7.046900177001953125e+01 5.186199951171875000e+01 3.522299957275390625e+01
7.000000000000000000e+00 2.678571455180644989e-02 7.204399871826171875e+01 4.852999877929687500e+01 3.420500183105468750e+01
7.000000000000000000e+00 4.464285913854837418e-03 7.419300079345703125e+01 4.864199829101562500e+01 3.737200164794921875e+01
7.000000000000000000e+00 5.357142910361289978e-02 7.101200103759765625e+01 4.903200149536132812e+01 3.954499816894531250e+01
1.500000000000000000e+01 1.517857164144515991e-01 6.909799957275390625e+01 4.654100036621093750e+01 3.757099914550781250e+01
2.200000000000000000e+01 1.428571492433547974e-01 6.915399932861328125e+01 4.323099899291992188e+01 3.949800109863281250e+01
7.000000000000000000e+00 2.455357164144515991e-01 6.708899688720703125e+01 4.012099838256835938e+01 4.040900039672851562e+01
9.000000000000000000e+00 4.196428656578063965e-01 6.391500091552734375e+01 4.042699813842773438e+01 4.258499908447265625e+01
1.100000000000000000e+01 6.696428656578063965e-01 6.025600051879882812e+01 4.127799987792968750e+01 4.240000152587890625e+01
2.000000000000000000e+01 7.857142686843872070e-01 5.896500015258789062e+01 4.460599899291992188e+01 4.111600112915039062e+01
1.300000000000000000e+01 9.017857313156127930e-01 5.597200012207031250e+01 4.684899902343750000e+01 4.046799850463867188e+01
2.200000000000000000e+01 9.151785969734191895e-01 5.511000061035156250e+01 4.936299896240234375e+01 3.771300125122070312e+01
7.000000000000000000e+00 9.375000000000000000e-01 5.209500122070312500e+01 5.153599929809570312e+01 3.839300155639648438e+01
1.100000000000000000e+01 9.107142686843872070e-01 5.093700027465820312e+01 5.346599960327148438e+01 3.527399826049804688e+01
3.000000000000000000e+00 8.482142686843872070e-01 4.818500137329101562e+01 5.615299987792968750e+01 3.581100082397460938e+01
1.800000000000000000e+01 8.571428656578063965e-01 4.545999908447265625e+01 5.556000137329101562e+01 3.320700073242187500e+01
1.300000000000000000e+01 7.366071343421936035e-01 4.266400146484375000e+01 5.754600143432617188e+01 3.493899917602539062e+01
1.700000000000000000e+01 6.071428656578063965e-01 4.466199874877929688e+01 6.077500152587890625e+01 3.439099884033203125e+01
2.000000000000000000e+01 6.205357313156127930e-01 4.536800003051757812e+01 5.997000122070312500e+01 3.071100044250488281e+01
1.900000000000000000e+01 5.357142686843872070e-01 4.168899917602539062e+01 5.983000183105468750e+01 2.977599906921386719e+01
1.300000000000000000e+01 3.214285671710968018e-01 4.083399963378906250e+01 6.296900177001953125e+01 3.192900085449218750e+01
0.000000000000000000e+00 2.232142835855484009e-01 4.317399978637695312e+01 6.491200256347656250e+01 2.967000007629394531e+01
1.200000000000000000e+01 1.607142835855484009e-01 4.127899932861328125e+01 6.378400039672851562e+01 2.653700065612792969e+01
9.000000000000000000e+00 1.071428582072257996e-01 3.777000045776367188e+01 6.444899749755859375e+01 2.818000030517578125e+01
1.100000000000000000e+01 2.857142984867095947e-01 3.698300170898437500e+01 6.069100189208984375e+01 2.791600036621093750e+01
1.700000000000000000e+01 3.883928656578063965e-01 3.550099945068359375e+01 5.904700088500976562e+01 3.101899909973144531e+01
1.600000000000000000e+01 6.651785969734191895e-01 3.800299835205078125e+01 5.632799911499023438e+01 3.245199966430664062e+01
1.500000000000000000e+01 7.678571343421936035e-01 3.713499832153320312e+01 5.313800048828125000e+01 3.418399810791015625e+01
7.000000000000000000e+00 8.705357313156127930e-01 4.205899810791015625e+01 5.371400070190429688e+01 3.888000106811523438e+01
0.000000000000000000e+00 9.821428656578063965e-01 4.711199951171875000e+01 4.963899993896484375e+01 3.578200149536132812e+01
7.000000000000000000e+00 9.910714030265808105e-01 4.914799880981445312e+01 4.792200088500976562e+01 3.852299880981445312e+01
2.200000000000000000e+01 9.776785969734191895e-01 5.179600143432617188e+01 4.571900177001953125e+01 3.668899917602539062e+01
2.200000000000000000e+01 9.687500000000000000e-01 5.357199859619140625e+01 4.309600067138671875e+01 3.892800140380859375e+01
1.500000000000000000e+01 8.839285969734191895e-01 5.661399841308593750e+01 4.106600189208984375e+01 3.761999893188476562e+01
1.800000000000000000e+01 7.053571343421936035e-01 5.970199966430664062e+01 3.912799835205078125e+01 3.865499877929687500e+01
0.000000000000000000e+00 5.625000000000000000e-01 6.302399826049804688e+01 4.027199935913085938e+01 3.718999862670898438e+01
2.000000000000000000e+00 2.991071343421936035e-01 6.574800109863281250e+01 3.808300018310546875e+01 3.564400100708007812e+01
3.000000000000000000e+00 2.946428656578063965e-01 6.437300109863281250e+01 3.469200134277343750e+01 3.701800155639648438e+01
1.700000000000000000e+01 1.294642835855484009e-01 6.606400299072265625e+01 3.249800109863281250e+01 3.441799926757812500e+01
9.000000000000000000e+00 5.803571268916130066e-02 6.917199707031250000e+01 3.481299972534179688e+01 3.407600021362304688e+01
1.600000000000000000e+01 7.589285820722579956e-02 6.976699829101562500e+01 3.845800018310546875e+01 3.248600006103515625e+01
1.000000000000000000e+00 2.098214328289031982e-01 6.712400054931640625e+01 3.979299926757812500e+01 3.005400085449218750e+01
1.000000000000000000e+00 2.723214328289031982e-01 6.618099975585937500e+01 4.307099914550781250e+01 2.847599983215332031e+01
2.000000000000000000e+01 5.446428656578063965e-01 6.254600143432617188e+01 4.403900146484375000e+01 2.894400024414062500e+01
1.800000000000000000e+01 5.714285969734191895e-01 6.050699996948242188e+01 4.597700119018554688e+01 2.647299957275390625e+01
1.100000000000000000e+01 7.812500000000000000e-01 5.706600189208984375e+01 4.612500000000000000e+01 2.796199989318847656e+01
0.000000000000000000e+00 7.901785969734191895e-01 5.418399810791015625e+01 4.729199981689453125e+01 2.566600036621093750e+01
0.000000000000000000e+00 8.928571343421936035e-01 5.108599853515625000e+01 4.874499893188476562e+01 2.736800003051757812e+01
1.200000000000000000e+01 8.303571343421936035e-01 4.788499832153320312e+01 4.910800170898437500e+01 2.542499923706054688e+01
1.200000000000000000e+01 8.348214030265808105e-01 4.508000183105468750e+01 5.116099929809570312e+01 2.679999923706054688e+01
1.700000000000000000e+01 7.410714030265808105e-01 4.129100036621093750e+01 5.136399841308593750e+01 2.598600006103515625e+01
1.600000000000000000e+01 7.142857313156127930e-01 3.890299987792968750e+01 5.312599945068359375e+01 2.842799949645996094e+01
2.000000000000000000e+01 8.035714030265808105e-01 3.731800079345703125e+01 5.002600097656250000e+01 3.004800033569335938e+01
1.700000000000000000e+01 8.750000000000000000e-01 3.989899826049804688e+01 4.743199920654296875e+01 2.905500030517578125e+01
2.000000000000000000e+01 9.464285969734191895e-01 4.367399978637695312e+01 4.736999893188476562e+01 2.891399955749511719e+01
1.700000000000000000e+01 9.508928656578063965e-01 4.654499816894531250e+01 4.501800155639648438e+01 2.803100013732910156e+01
1.800000000000000000e+01 9.553571343421936035e-01 5.034500122070312500e+01 4.472700119018554688e+01 2.871699905395507812e+01
1.800000000000000000e+01 8.392857313156127930e-01 5.269300079345703125e+01 4.260300064086914062e+01 2.656900024414062500e+01
0.000000000000000000e+00 7.767857313156127930e-01 5.636299896240234375e+01 4.185400009155273438e+01 2.753899955749511719e+01
2.200000000000000000e+01 5.580357313156127930e-01 5.886700057983398438e+01 4.171900177001953125e+01 2.466500091552734375e+01
2.200000000000000000e+01 4.642857015132904053e-01 6.153099822998046875e+01 3.984700012207031250e+01 2.655699920654296875e+01
1.800000000000000000e+01 1.785714328289031982e-01 6.487100219726562500e+01 3.936899948120117188e+01 2.480100059509277344e+01
2.000000000000000000e+00 4.910714179277420044e-02 6.827200317382812500e+01 3.785900115966796875e+01 2.600200080871582031e+01
1.600000000000000000e+01 1.339285727590322495e-02 7.102700042724609375e+01 4.052700042724609375e+01 2.626700019836425781e+01
