1 1 14 0 0.0119760479041916 0 0 20.978 18.037 30.805
1 2 18 0 0.12574850299401197 0 0 22.058 20.453 33.516
1 3 7 0 0.24550898203592808 0 0 20.778 24.027 33.689
1 4 20 0 0.5269461077844311 0 0 22.884 26.733 35.321
1 5 13 0 0.7005988023952096 0 0 22.742 30.345 36.343
1 6 12 0 0.9041916167664671 0 0 26.173 31.849 35.683
1 7 22 0 0.9461077844311377 0 0 26.758 35.062 37.514
1 8 22 0 0.9820359281437125 0 0 29.148 37.765 36.158
1 9 22 0 0.9700598802395209 0 0 30.632 40.054 38.799
1 10 9 0 0.9341317365269461 0 0 33.238 42.688 38.109
1 11 0 0 0.8023952095808383 0 0 34.340 46.292 38.654
1 12 9 0 0.6167664670658684 0 0 33.779 49.175 36.287
1 13 9 0 0.5748502994011976 0 0 35.195 49.122 32.724
1 14 22 0 0.8203592814371258 0 0 36.536 45.575 32.665
1 15 9 0 0.8263473053892215 0 0 34.628 44.417 29.652
1 16 13 0 0.9281437125748503 0 0 32.229 42.507 31.858
1 17 17 0 0.8562874251497006 0 0 29.309 42.863 29.486
1 18 0 0 0.7844311377245509 0 0 31.577 42.515 26.554
1 19 12 0 0.8982035928143712 0 0 32.269 38.823 27.218
1 20 18 0 0.8502994011976048 0 0 28.573 38.119 26.999
1 21 11 0 0.6287425149700598 0 0 27.868 40.437 24.087
1 22 6 0 0.5568862275449102 0 0 30.651 39.008 22.000
1 23 12 0 0.6347305389221557 0 0 29.676 35.462 22.844
1 24 11 0 0.4850299401197605 0 0 25.995 36.039 22.111
1 25 6 0 0.221556886227545 0 0 25.423 38.717 19.471
1 26 2 0 0.19161676646706582 0 0 28.726 38.001 17.764
1 27 10 0 0.14970059880239517 0 0 29.562 41.695 17.608
1 28 15 0 0.20359281437125742 0 0 29.146 44.684 19.865
1 29 22 0 0.13173652694610782 0 0 26.244 46.963 20.510
1 30 3 0 0.02395209580838331 0 0 26.719 50.658 20.297
1 31 7 0 0.07784431137724557 0 0 25.713 51.508 23.821
1 32 20 0 0.281437125748503 0 0 25.766 49.469 26.984
1 33 3 0 0.2694610778443114 0 0 22.957 49.215 29.565
1 34 16 0 0.41916167664670656 0 0 23.079 47.969 33.120
1 35 18 0 0.49101796407185627 0 0 21.333 44.789 31.928
1 36 11 0 0.31137724550898194 0 0 18.463 44.776 34.380
1 37 7 0 0.15568862275449102 0 0 15.827 43.210 32.191
1 38 3 0 0.3053892215568862 0 0 17.766 41.133 29.691
1 39 17 0 0.5089820359281436 0 0 19.596 37.902 30.272
1 40 20 0 0.5209580838323353 0 0 20.991 35.564 27.639
1 41 1 0 0.4730538922155688 0 0 21.104 31.816 27.347
1 42 13 0 0.45508982035928147 0 0 23.572 29.637 25.467
1 43 6 0 0.27544910179640725 0 0 23.677 25.840 25.246
1 44 22 0 0.2574850299401197 0 0 27.007 24.130 24.551
1 45 22 0 0.11976047904191622 0 0 28.425 20.615 24.618
1 46 11 0 0.21556886227544902 0 0 31.279 20.787 27.120
1 47 3 0 0.08982035928143717 0 0 33.342 17.646 27.783
1 48 9 0 0.0 0 0 30.850 15.230 26.410
1 49 7 0 0.04790419161676651 0 0 27.948 16.860 28.295
1 50 18 0 0.06586826347305386 0 0 25.122 19.103 27.170
1 51 5 0 0.23952095808383234 0 0 24.887 21.992 29.559
1 52 12 0 0.3413173652694611 0 0 22.545 24.973 29.433
1 53 12 0 0.6047904191616766 0 0 23.960 28.271 30.523
1 54 3 0 0.6826347305389222 0 0 22.257 31.534 31.393
1 55 11 0 0.8622754491017964 0 0 24.319 34.677 31.913
1 56 12 0 0.8383233532934131 0 0 23.076 36.941 34.675
1 57 3 0 0.874251497005988 0 0 24.928 40.244 34.450
1 58 18 0 0.8323353293413174 0 0 25.099 41.832 37.937
1 59 0 0 0.5688622754491017 0 0 23.629 45.335 38.058
1 60 9 0 0.39520958083832336 0 0 24.218 48.149 40.461
1 61 6 0 0.3892215568862275 0 0 26.529 48.133 43.433
1 62 7 0 0.13772455089820357 0 0 24.394 49.757 46.111
1 63 7 0 0.053892215568862256 0 0 23.158 48.148 49.262
1 64 20 0 0.0059880239520957446 0 0 19.651 49.117 48.000
1 65 17 0 0.029940119760479056 0 0 18.002 48.820 44.569
1 66 0 0 0.19760479041916168 0 0 20.685 46.657 43.197
1 67 14 0 0.38323353293413165 0 0 20.479 43.059 42.221
1 68 1 0 0.5449101796407185 0 0 23.893 42.338 43.678
1 69 3 0 0.4011976047904191 0 0 23.284 40.233 46.796
1 70 6 0 0.35928143712574856 0 0 20.230 38.740 45.119
1 71 20 0 0.6407185628742516 0 0 22.480 37.423 42.324
1 72 14 0 0.6766467065868262 0 0 25.107 36.277 44.836
1 73 1 0 0.40718562874251496 0 0 22.512 34.068 46.470
1 74 18 0 0.4970059880239521 0 0 21.125 33.153 43.111
1 75 9 0 0.7365269461077844 0 0 24.413 32.075 41.482
1 76 7 0 0.6946107784431137 0 0 25.601 28.595 40.796
1 77 9 0 0.8802395209580838 0 0 28.970 29.993 39.793
1 78 15 0 0.9640718562874252 0 0 30.686 33.269 39.607
1 79 12 0 0.9940119760479041 0 0 32.685 34.670 36.707
1 80 5 0 0.9880239520958084 0 0 35.013 37.125 38.433
1 81 22 0 0.9760479041916168 0 0 36.491 39.643 36.002
1 82 15 0 0.8862275449101796 0 0 39.322 42.045 36.235
1 83 0 0 0.7485029940119761 0 0 41.087 43.992 33.490
1 84 11 0 0.5149700598802396 0 0 44.822 43.786 32.897
1 85 2 0 0.3173652694610779 0 0 45.079 47.511 32.480
1 86 2 0 0.37125748502994016 0 0 43.154 48.460 35.611
1 87 18 0 0.29940119760479034 0 0 44.755 47.683 38.954
1 88 13 0 0.3532934131736526 0 0 41.661 48.831 40.915
1 89 17 0 0.6646706586826348 0 0 39.562 46.164 39.302
1 90 15 0 0.652694610778443 0 0 42.059 43.462 40.182
1 91 7 0 0.4610778443113772 0 0 42.027 44.602 43.852
1 92 3 0 0.6227544910179641 0 0 38.317 44.370 43.732
1 93 11 0 0.7964071856287425 0 0 38.647 40.670 43.031
1 94 10 0 0.5508982035928144 0 0 39.016 40.463 46.778
1 95 10 0 0.5329341317365269 0 0 35.915 42.655 47.143
1 96 20 0 0.7784431137724551 0 0 33.735 40.347 45.133
1 97 1 0 0.7125748502994012 0 0 35.195 37.112 46.595
1 98 7 0 0.4491017964071856 0 0 34.540 38.022 50.235
1 99 6 0 0.5029940119760479 0 0 31.096 39.168 49.356
1 100 11 0 0.658682634730539 0 0 30.275 35.989 47.488
1 101 13 0 0.43113772455089827 0 0 31.720 33.854 50.271
1 102 1 0 0.17964071856287422 0 0 29.614 35.487 52.991
1 103 22 0 0.25149700598802394 0 0 26.348 35.575 51.185
1 104 13 0 0.28742514970059885 0 0 26.743 31.909 50.395
1 105 3 0 0.10778443113772451 0 0 28.504 30.756 53.517
1 106 17 0 0.16167664670658677 0 0 31.029 28.595 51.603
1 107 7 0 0.2934131736526946 0 0 34.514 28.748 50.160
1 108 3 0 0.3652694610778443 0 0 33.554 26.010 47.715
1 109 22 0 0.5868263473053892 0 0 31.655 28.531 45.562
1 110 16 0 0.7724550898203593 0 0 32.502 27.977 41.905
1 111 14 0 0.9101796407185628 0 0 34.750 30.696 40.527
1 112 22 0 0.9520958083832335 0 0 36.674 31.681 37.479
1 113 12 0 0.9401197604790419 0 0 39.160 34.538 37.481
1 114 22 0 0.9580838323353293 0 0 38.937 36.257 34.149
1 115 9 0 0.8682634730538922 0 0 41.778 38.574 33.272
1 116 2 0 0.844311377245509 0 0 40.081 40.570 30.536
1 117 13 0 0.6107784431137725 0 0 41.063 43.006 27.759
1 118 5 0 0.44311377245508976 0 0 44.366 41.513 26.625
1 119 3 0 0.20958083832335328 0 0 43.998 43.561 23.459
1 120 12 0 0.059880239520958 0 0 47.504 45.018 23.556
1 121 16 0 0.041916167664670656 0 0 50.516 43.719 25.477
1 122 17 0 0.017964071856287345 0 0 50.687 46.657 27.908
1 123 1 0 0.10179640718562877 0 0 49.906 45.776 31.489
1 124 18 0 0.09580838323353291 0 0 49.575 47.538 34.814
1 125 22 0 0.2335329341317366 0 0 48.549 44.245 36.501
1 126 3 0 0.11377245508982048 0 0 51.491 42.002 37.388
1 127 18 0 0.16766467065868274 0 0 50.903 38.578 35.911
1 128 13 0 0.08383233532934131 0 0 52.828 36.674 38.511
1 129 6 0 0.14371257485029942 0 0 50.830 38.542 41.129
1 130 0 0 0.437125748502994 0 0 47.550 37.596 39.400
1 131 6 0 0.34730538922155685 0 0 48.549 33.908 39.232
1 132 3 0 0.17365269461077848 0 0 49.162 34.038 42.886
1 133 12 0 0.4251497005988024 0 0 45.656 35.371 43.631
1 134 0 0 0.5808383233532934 0 0 43.951 32.768 41.447
1 135 1 0 0.3293413173652695 0 0 46.011 30.057 43.080
1 136 17 0 0.22754491017964074 0 0 45.316 31.269 46.577
1 137 20 0 0.47904191616766467 0 0 41.608 30.839 45.938
1 138 9 0 0.4131736526946108 0 0 42.602 27.907 43.757
1 139 11 0 0.688622754491018 0 0 40.629 28.854 40.689
1 140 16 0 0.7305389221556886 0 0 41.280 28.817 36.997
1 141 15 0 0.7604790419161677 0 0 42.884 31.852 35.532
1 142 11 0 0.8083832335329342 0 0 42.280 32.814 31.913
1 143 7 0 0.7065868263473054 0 0 43.272 35.784 29.802
1 144 18 0 0.7544910179640718 0 0 40.806 37.003 27.196
1 145 17 0 0.5988023952095809 0 0 39.877 39.880 24.882
1 146 0 0 0.592814371257485 0 0 36.465 40.781 23.568
1 147 13 0 0.33532934131736525 0 0 37.943 43.388 21.212
1 148 18 0 0.18562874251497008 0 0 39.963 40.971 19.198
1 149 1 0 0.3772455089820359 0 0 37.687 38.139 20.230
1 150 6 0 0.46706586826347307 0 0 39.975 35.759 22.024
1 151 9 0 0.6706586826347305 0 0 39.111 33.322 24.775
1 152 22 0 0.7904191616766467 0 0 35.584 34.563 25.011
1 153 3 0 0.7245508982035929 0 0 33.867 31.167 24.888
1 154 3 0 0.7425149700598803 0 0 36.512 29.394 26.959
1 155 0 0 0.9161676646706587 0 0 35.986 31.664 29.942
1 156 15 0 0.9221556886227544 0 0 32.392 30.589 30.554
1 157 20 0 0.7664670658682635 0 0 33.170 26.975 29.744
1 158 18 0 0.8143712574850299 0 0 35.886 26.914 32.426
1 159 12 0 0.8922155688622755 0 0 33.195 27.984 34.852
1 160 22 0 0.718562874251497 0 0 31.052 24.954 33.941
1 161 1 0 0.5389221556886228 0 0 33.996 22.619 34.529
1 162 7 0 0.6467065868263473 0 0 34.184 24.143 38.000
1 163 11 0 0.562874251497006 0 0 30.415 23.642 38.422
1 164 1 0 0.32335329341317365 0 0 30.938 20.029 37.498
1 165 13 0 0.26347305389221565 0 0 33.981 19.816 39.842
1 166 10 0 0.0718562874251496 0 0 33.869 17.326 42.690
1 167 13 0 0.03592814371257491 0 0 35.246 18.055 46.150
