1 1 14 0 0.0119760479041916 0 0 15.035 22.867 30.598
1 2 18 0 0.09580838323353291 0 0 17.729 23.739 33.168
1 3 7 0 0.221556886227545 0 0 17.636 27.290 34.594
1 4 20 0 0.5089820359281436 0 0 20.898 28.821 35.698
1 5 13 0 0.688622754491018 0 0 21.513 32.229 37.249
1 6 12 0 0.8982035928143712 0 0 24.795 33.769 36.011
1 7 22 0 0.9520958083832335 0 0 26.408 36.738 37.655
1 8 22 0 0.9820359281437125 0 0 28.578 39.107 35.744
1 9 22 0 0.9700598802395209 0 0 31.018 41.091 37.872
1 10 9 0 0.9281437125748503 0 0 33.537 43.831 37.026
1 11 0 0 0.8023952095808383 0 0 35.024 47.204 37.694
1 12 9 0 0.6107784431137725 0 0 34.205 50.491 36.004
1 13 9 0 0.5748502994011976 0 0 35.008 51.004 32.381
1 14 22 0 0.7784431137724551 0 0 35.866 47.534 31.091
1 15 9 0 0.8323353293413174 0 0 32.851 46.484 29.070
1 16 13 0 0.9341317365269461 0 0 31.111 44.532 31.855
1 17 17 0 0.8682634730538922 0 0 27.602 45.154 30.509
1 18 0 0 0.8203592814371258 0 0 28.937 45.034 26.922
1 19 12 0 0.9161676646706587 0 0 29.519 41.285 27.038
1 20 18 0 0.8862275449101796 0 0 25.897 40.636 28.044
1 21 11 0 0.6946107784431137 0 0 24.692 43.230 25.536
1 22 6 0 0.6167664670658684 0 0 26.489 41.698 22.638
1 23 12 0 0.6766467065868262 0 0 25.173 38.282 23.509
1 24 11 0 0.5149700598802396 0 0 21.650 39.462 23.893
1 25 6 0 0.3173652694610779 0 0 20.760 42.631 22.040
1 26 2 0 0.2694610778443114 0 0 23.460 42.182 19.345
1 27 10 0 0.17365269461077848 0 0 23.933 45.927 19.297
1 28 15 0 0.27544910179640725 0 0 25.227 48.444 21.832
1 29 22 0 0.14371257485029942 0 0 23.026 51.147 23.203
1 30 3 0 0.041916167664670656 0 0 23.621 54.870 22.922
1 31 7 0 0.0718562874251496 0 0 23.422 55.470 26.675
1 32 20 0 0.2574850299401197 0 0 23.946 52.676 29.235
1 33 3 0 0.2335329341317366 0 0 21.305 52.027 31.832
1 34 16 0 0.33532934131736525 0 0 22.489 51.608 35.400
1 35 18 0 0.4730538922155688 0 0 21.027 48.140 35.284
1 36 11 0 0.281437125748503 0 0 18.997 48.716 38.420
1 37 7 0 0.16167664670658677 0 0 15.941 47.484 36.577
1 38 3 0 0.31137724550898194 0 0 16.445 45.266 33.519
1 39 17 0 0.4970059880239521 0 0 17.452 41.614 33.388
1 40 20 0 0.5209580838323353 0 0 18.124 39.492 30.345
1 41 1 0 0.5029940119760479 0 0 18.008 35.812 29.455
1 42 13 0 0.43113772455089827 0 0 18.868 33.519 26.537
1 43 6 0 0.23952095808383234 0 0 18.299 29.937 25.994
1 44 22 0 0.24550898203592808 0 0 21.060 27.960 24.451
1 45 22 0 0.11976047904191622 0 0 21.991 24.347 23.949
1 46 11 0 0.21556886227544902 0 0 25.443 23.740 25.351
1 47 3 0 0.08383233532934131 0 0 27.134 20.393 24.897
1 48 9 0 0.0 0 0 23.846 18.685 24.413
1 49 7 0 0.053892215568862256 0 0 22.349 20.156 27.636
1 50 18 0 0.07784431137724557 0 0 19.597 22.729 27.287
1 51 5 0 0.26347305389221565 0 0 20.523 25.585 29.492
1 52 12 0 0.37125748502994016 0 0 18.676 28.756 30.381
1 53 12 0 0.6407185628742516 0 0 21.107 31.618 31.089
1 54 3 0 0.658682634730539 0 0 19.780 34.375 33.283
1 55 11 0 0.8562874251497006 0 0 22.397 37.093 33.267
1 56 12 0 0.8383233532934131 0 0 22.307 39.319 36.356
1 57 3 0 0.874251497005988 0 0 24.364 42.489 35.872
1 58 18 0 0.8502994011976048 0 0 26.094 43.396 39.074
1 59 0 0 0.6467065868263473 0 0 24.950 46.923 39.767
1 60 9 0 0.4491017964071856 0 0 26.158 49.275 42.455
1 61 6 0 0.39520958083832336 0 0 29.291 49.181 44.536
1 62 7 0 0.13772455089820357 0 0 27.940 50.386 47.840
1 63 7 0 0.059880239520958 0 0 26.123 48.862 50.799
1 64 20 0 0.02395209580838331 0 0 23.180 51.037 49.842
1 65 17 0 0.04790419161676651 0 0 21.213 51.495 46.691
1 66 0 0 0.22754491017964074 0 0 22.613 48.517 44.760
1 67 14 0 0.4011976047904191 0 0 21.728 45.028 43.615
1 68 1 0 0.5389221556886228 0 0 25.215 43.997 44.496
1 69 3 0 0.3892215568862275 0 0 24.673 41.648 47.417
1 70 6 0 0.3772455089820359 0 0 21.384 40.111 46.372
1 71 20 0 0.6287425149700598 0 0 22.821 39.322 42.912
1 72 14 0 0.718562874251497 0 0 26.084 37.878 44.186
1 73 1 0 0.46706586826347307 0 0 23.973 35.630 46.384
1 74 18 0 0.4850299401197605 0 0 21.320 34.498 43.809
1 75 9 0 0.7365269461077844 0 0 24.111 33.483 41.409
1 76 7 0 0.6646706586826348 0 0 25.296 30.009 40.898
1 77 9 0 0.8622754491017964 0 0 28.117 30.916 38.556
1 78 15 0 0.9640718562874252 0 0 30.252 33.902 38.078
1 79 12 0 0.9940119760479041 0 0 31.722 35.777 35.193
1 80 5 0 0.9880239520958084 0 0 34.710 38.095 35.968
1 81 22 0 0.9760479041916168 0 0 35.497 40.947 33.533
1 82 15 0 0.8802395209580838 0 0 38.540 43.167 33.258
1 83 0 0 0.7125748502994012 0 0 40.363 45.134 30.589
1 84 11 0 0.49101796407185627 0 0 43.977 44.690 29.552
1 85 2 0 0.25149700598802394 0 0 44.593 48.439 29.340
1 86 2 0 0.3652694610778443 0 0 43.565 49.065 32.992
1 87 18 0 0.2934131736526946 0 0 45.545 47.716 35.875
1 88 13 0 0.35928143712574856 0 0 42.979 48.822 38.466
1 89 17 0 0.652694610778443 0 0 40.282 46.572 37.112
1 90 15 0 0.5988023952095809 0 0 42.851 43.783 37.196
1 91 7 0 0.437125748502994 0 0 43.641 44.622 40.783
1 92 3 0 0.6047904191616766 0 0 39.908 44.551 41.489
1 93 11 0 0.7844311377245509 0 0 39.715 40.932 40.357
1 94 10 0 0.5508982035928144 0 0 40.936 39.986 43.786
1 95 10 0 0.5568862275449102 0 0 38.223 42.229 45.145
1 96 20 0 0.8143712574850299 0 0 35.496 40.534 43.153
1 97 1 0 0.7604790419161677 0 0 36.708 37.031 43.958
1 98 7 0 0.47904191616766467 0 0 36.792 37.743 47.700
1 99 6 0 0.5269461077844311 0 0 33.359 39.330 47.768
1 100 11 0 0.6706586826347305 0 0 32.055 36.199 46.029
1 101 13 0 0.44311377245508976 0 0 34.034 33.907 48.369
1 102 1 0 0.20359281437125742 0 0 32.613 35.481 51.526
1 103 22 0 0.3293413173652695 0 0 29.027 35.636 50.120
1 104 13 0 0.3532934131736526 0 0 28.873 32.046 48.881
1 105 3 0 0.12574850299401197 0 0 31.120 30.948 51.733
1 106 17 0 0.18562874251497008 0 0 33.228 28.799 49.478
1 107 7 0 0.3053892215568862 0 0 36.334 28.804 47.313
1 108 3 0 0.3413173652694611 0 0 34.885 26.228 44.935
1 109 22 0 0.592814371257485 0 0 32.889 28.948 43.274
1 110 16 0 0.7664670658682635 0 0 32.853 28.369 39.512
1 111 14 0 0.9101796407185628 0 0 34.203 31.433 37.823
1 112 22 0 0.9461077844311377 0 0 35.460 32.550 34.394
1 113 12 0 0.9401197604790419 0 0 37.981 35.417 33.992
1 114 22 0 0.9580838323353293 0 0 37.327 37.614 30.943
1 115 9 0 0.844311377245509 0 0 39.983 39.889 29.585
1 116 2 0 0.8263473053892215 0 0 38.038 42.265 27.388
1 117 13 0 0.5688622754491017 0 0 39.275 44.800 24.937
1 118 5 0 0.40718562874251496 0 0 41.956 42.742 23.288
1 119 3 0 0.17964071856287422 0 0 41.343 44.462 19.964
1 120 12 0 0.11377245508982048 0 0 43.914 46.889 21.408
1 121 16 0 0.017964071856287345 0 0 47.604 46.768 20.725
1 122 17 0 0.029940119760479056 0 0 49.326 47.061 24.012
1 123 1 0 0.10778443113772451 0 0 48.494 45.899 27.483
1 124 18 0 0.08982035928143717 0 0 49.231 47.334 30.931
1 125 22 0 0.20958083832335328 0 0 48.314 44.003 32.262
1 126 3 0 0.10179640718562877 0 0 50.933 41.453 31.206
1 127 18 0 0.13173652694610782 0 0 50.270 38.082 29.597
1 128 13 0 0.06586826347305386 0 0 52.234 36.222 32.237
1 129 6 0 0.14970059880239517 0 0 50.295 37.854 35.002
1 130 0 0 0.4251497005988024 0 0 47.000 36.907 33.345
1 131 6 0 0.28742514970059885 0 0 48.095 33.273 33.218
1 132 3 0 0.15568862275449102 0 0 49.392 33.385 36.759
1 133 12 0 0.41916167664670656 0 0 46.186 34.835 38.105
1 134 0 0 0.562874251497006 0 0 43.896 32.432 36.277
1 135 1 0 0.29940119760479034 0 0 45.977 29.478 37.299
1 136 17 0 0.19760479041916168 0 0 46.319 30.614 40.929
1 137 20 0 0.45508982035928147 0 0 42.555 30.647 41.301
1 138 9 0 0.4131736526946108 0 0 42.187 27.755 38.868
1 139 11 0 0.7005988023952096 0 0 39.682 29.627 36.826
1 140 16 0 0.7305389221556886 0 0 39.747 29.762 32.999
1 141 15 0 0.7724550898203593 0 0 41.022 32.814 31.197
1 142 11 0 0.7964071856287425 0 0 39.607 34.169 27.969
1 143 7 0 0.6826347305389222 0 0 40.540 37.030 25.662
1 144 18 0 0.7485029940119761 0 0 37.571 38.876 24.278
1 145 17 0 0.5868263473053892 0 0 36.600 42.034 22.475
1 146 0 0 0.6347305389221557 0 0 33.358 43.915 22.865
1 147 13 0 0.34730538922155685 0 0 34.159 46.434 20.102
1 148 18 0 0.19161676646706582 0 0 35.229 44.006 17.447
1 149 1 0 0.38323353293413165 0 0 32.576 41.534 18.396
1 150 6 0 0.4610778443113772 0 0 35.018 38.754 19.236
1 151 9 0 0.5808383233532934 0 0 34.353 35.647 21.238
1 152 22 0 0.7904191616766467 0 0 31.424 37.005 23.193
1 153 3 0 0.7065868263473054 0 0 29.739 33.670 23.004
1 154 3 0 0.7245508982035929 0 0 32.661 31.647 24.183
1 155 0 0 0.9221556886227544 0 0 32.819 33.448 27.540
1 156 15 0 0.9041916167664671 0 0 29.187 32.594 28.405
1 157 20 0 0.7544910179640718 0 0 29.608 28.940 27.376
1 158 18 0 0.8083832335329342 0 0 32.886 28.667 29.288
1 159 12 0 0.8922155688622755 0 0 31.309 29.534 32.613
1 160 22 0 0.7425149700598803 0 0 28.498 27.078 32.007
1 161 1 0 0.5449101796407185 0 0 31.188 24.471 31.389
1 162 7 0 0.6227544910179641 0 0 32.590 25.204 34.811
1 163 11 0 0.5329341317365269 0 0 29.107 24.638 36.288
1 164 1 0 0.32335329341317365 0 0 28.295 21.684 33.947
1 165 13 0 0.16766467065868274 0 0 31.065 19.504 35.174
1 166 10 0 0.03592814371257491 0 0 30.080 16.432 37.173
1 167 13 0 0.0059880239520957446 0 0 29.858 16.299 40.920
