1 1 14 0 0.0 0 0 13.845 25.209 28.638
1 2 18 0 0.09580838323353291 0 0 16.573 26.020 31.223
1 3 7 0 0.29940119760479034 0 0 17.544 29.408 32.579
1 4 20 0 0.5748502994011976 0 0 20.910 30.601 33.993
1 5 13 0 0.718562874251497 0 0 21.797 33.506 36.180
1 6 12 0 0.9101796407185628 0 0 25.445 34.208 35.326
1 7 22 0 0.9401197604790419 0 0 27.020 36.742 37.572
1 8 22 0 0.9820359281437125 0 0 29.893 38.844 36.260
1 9 22 0 0.9700598802395209 0 0 32.410 40.421 38.635
1 10 9 0 0.9281437125748503 0 0 35.741 42.161 38.015
1 11 0 0 0.7844311377245509 0 0 37.599 45.515 38.385
1 12 9 0 0.6107784431137725 0 0 37.575 48.579 36.210
1 13 9 0 0.5568862275449102 0 0 39.081 48.461 32.698
1 14 22 0 0.8143712574850299 0 0 38.929 44.654 32.550
1 15 9 0 0.8323353293413174 0 0 36.342 44.407 29.822
1 16 13 0 0.9341317365269461 0 0 33.701 43.186 32.287
1 17 17 0 0.844311377245509 0 0 30.870 44.745 30.396
1 18 0 0 0.7604790419161677 0 0 32.582 44.480 26.973
1 19 12 0 0.8982035928143712 0 0 32.743 40.706 27.182
1 20 18 0 0.8682634730538922 0 0 29.018 40.594 27.585
1 21 11 0 0.6407185628742516 0 0 28.469 42.905 24.693
1 22 6 0 0.6167664670658684 0 0 30.582 40.683 22.536
1 23 12 0 0.652694610778443 0 0 28.457 37.610 23.183
1 24 11 0 0.45508982035928147 0 0 25.408 39.344 21.954
1 25 6 0 0.25149700598802394 0 0 26.119 42.285 19.706
1 26 2 0 0.27544910179640725 0 0 29.433 41.149 18.382
1 27 10 0 0.16167664670658677 0 0 30.445 44.825 18.141
1 28 15 0 0.2335329341317366 0 0 31.315 47.287 20.950
1 29 22 0 0.12574850299401197 0 0 29.116 50.234 21.724
1 30 3 0 0.02395209580838331 0 0 30.493 53.785 21.419
1 31 7 0 0.06586826347305386 0 0 30.284 54.465 25.107
1 32 20 0 0.281437125748503 0 0 29.943 52.169 28.041
1 33 3 0 0.23952095808383234 0 0 27.170 52.458 30.512
1 34 16 0 0.3532934131736526 0 0 27.423 52.048 34.320
1 35 18 0 0.40718562874251496 0 0 24.574 49.614 33.729
1 36 11 0 0.21556886227544902 0 0 22.649 50.609 36.807
1 37 7 0 0.13772455089820357 0 0 19.220 49.529 35.602
1 38 3 0 0.22754491017964074 0 0 19.492 47.498 32.485
1 39 17 0 0.4610778443113772 0 0 20.077 43.845 32.461
1 40 20 0 0.5269461077844311 0 0 20.815 41.817 29.429
1 41 1 0 0.4970059880239521 0 0 19.872 38.332 28.276
1 42 13 0 0.4251497005988024 0 0 20.548 36.094 25.341
1 43 6 0 0.2694610778443114 0 0 19.642 32.664 24.324
1 44 22 0 0.32335329341317365 0 0 22.214 30.117 23.229
1 45 22 0 0.14371257485029942 0 0 22.439 26.451 22.670
1 46 11 0 0.24550898203592808 0 0 25.091 24.640 24.618
1 47 3 0 0.08982035928143717 0 0 25.697 20.920 24.202
1 48 9 0 0.0119760479041916 0 0 22.251 19.994 22.784
1 49 7 0 0.053892215568862256 0 0 20.394 22.262 25.260
1 50 18 0 0.07784431137724557 0 0 18.753 25.597 24.731
1 51 5 0 0.26347305389221565 0 0 19.811 27.833 27.545
1 52 12 0 0.34730538922155685 0 0 18.506 31.285 28.532
1 53 12 0 0.6287425149700598 0 0 21.308 33.250 30.046
1 54 3 0 0.6706586826347305 0 0 20.984 36.244 32.164
1 55 11 0 0.874251497005988 0 0 24.393 37.934 32.153
1 56 12 0 0.8622754491017964 0 0 24.540 39.933 35.283
1 57 3 0 0.8562874251497006 0 0 26.681 43.080 35.413
1 58 18 0 0.8383233532934131 0 0 27.840 43.714 38.945
1 59 0 0 0.5868263473053892 0 0 27.312 47.430 39.412
1 60 9 0 0.4011976047904191 0 0 28.476 49.156 42.592
1 61 6 0 0.47904191616766467 0 0 30.807 47.157 44.807
1 62 7 0 0.16766467065868274 0 0 29.463 48.808 47.915
1 63 7 0 0.0718562874251496 0 0 27.914 47.552 51.129
1 64 20 0 0.041916167664670656 0 0 24.423 48.726 50.147
1 65 17 0 0.04790419161676651 0 0 22.689 50.521 47.272
1 66 0 0 0.19760479041916168 0 0 24.365 48.205 44.892
1 67 14 0 0.4850299401197605 0 0 24.250 45.074 42.928
1 68 1 0 0.562874251497006 0 0 27.047 43.345 44.687
1 69 3 0 0.43113772455089827 0 0 25.730 41.202 47.506
1 70 6 0 0.3772455089820359 0 0 22.311 40.755 45.959
1 71 20 0 0.6467065868263473 0 0 23.921 39.420 42.786
1 72 14 0 0.658682634730539 0 0 26.243 37.299 44.902
1 73 1 0 0.41916167664670656 0 0 23.211 35.792 46.669
1 74 18 0 0.49101796407185627 0 0 21.184 35.397 43.430
1 75 9 0 0.7305389221556886 0 0 23.884 34.137 41.128
1 76 7 0 0.688622754491018 0 0 24.046 30.466 40.225
1 77 9 0 0.8802395209580838 0 0 27.410 30.857 38.793
1 78 15 0 0.9640718562874252 0 0 30.205 33.324 38.838
1 79 12 0 0.9940119760479041 0 0 32.410 34.847 36.234
1 80 5 0 0.9880239520958084 0 0 35.617 36.523 37.443
1 81 22 0 0.9760479041916168 0 0 37.129 38.947 34.969
1 82 15 0 0.8922155688622755 0 0 40.626 40.347 35.283
1 83 0 0 0.7245508982035929 0 0 43.000 41.776 32.748
1 84 11 0 0.5089820359281436 0 0 46.604 40.751 32.070
1 85 2 0 0.2934131736526946 0 0 48.061 44.225 32.235
1 86 2 0 0.35928143712574856 0 0 46.831 45.139 35.679
1 87 18 0 0.2574850299401197 0 0 48.418 43.201 38.554
1 88 13 0 0.3413173652694611 0 0 45.898 44.641 40.971
1 89 17 0 0.6347305389221557 0 0 43.049 43.298 38.916
1 90 15 0 0.6047904191616766 0 0 44.591 39.920 39.430
1 91 7 0 0.44311377245508976 0 0 44.818 40.510 43.137
1 92 3 0 0.592814371257485 0 0 41.215 41.651 43.496
1 93 11 0 0.7964071856287425 0 0 39.845 38.331 42.354
1 94 10 0 0.5688622754491017 0 0 40.517 37.064 45.785
1 95 10 0 0.5209580838323353 0 0 38.361 39.734 47.495
1 96 20 0 0.7664670658682635 0 0 35.540 39.019 45.044
1 97 1 0 0.7365269461077844 0 0 36.124 35.312 45.453
1 98 7 0 0.4730538922155688 0 0 35.929 35.483 49.179
1 99 6 0 0.5149700598802396 0 0 32.510 37.287 49.106
1 100 11 0 0.6646706586826348 0 0 31.024 34.738 46.633
1 101 13 0 0.46706586826347307 0 0 32.263 31.876 48.826
1 102 1 0 0.20359281437125742 0 0 30.873 33.345 51.957
1 103 22 0 0.3053892215568862 0 0 27.466 34.021 50.496
1 104 13 0 0.31137724550898194 0 0 27.220 30.403 49.376
1 105 3 0 0.10179640718562877 0 0 28.988 29.018 52.414
1 106 17 0 0.17964071856287422 0 0 31.002 26.790 50.088
1 107 7 0 0.33532934131736525 0 0 34.064 26.766 48.079
1 108 3 0 0.37125748502994016 0 0 32.332 24.557 45.489
1 109 22 0 0.5988023952095809 0 0 30.604 27.461 43.777
1 110 16 0 0.7784431137724551 0 0 30.639 27.313 40.019
1 111 14 0 0.9041916167664671 0 0 33.157 29.872 38.863
1 112 22 0 0.9520958083832335 0 0 35.207 30.759 35.819
1 113 12 0 0.9461077844311377 0 0 38.323 32.862 35.861
1 114 22 0 0.9580838323353293 0 0 38.518 35.060 32.819
1 115 9 0 0.8502994011976048 0 0 41.751 36.613 31.883
1 116 2 0 0.8203592814371258 0 0 41.259 39.415 29.348
1 117 13 0 0.5449101796407185 0 0 43.608 41.086 26.941
1 118 5 0 0.4491017964071856 0 0 45.478 37.893 26.266
1 119 3 0 0.19161676646706582 0 0 46.183 38.740 22.625
1 120 12 0 0.11976047904191622 0 0 48.423 41.478 23.783
1 121 16 0 0.0059880239520957446 0 0 52.117 41.643 23.048
1 122 17 0 0.017964071856287345 0 0 52.753 42.039 26.770
1 123 1 0 0.10778443113772451 0 0 51.486 40.890 30.118
1 124 18 0 0.08383233532934131 0 0 52.264 42.075 33.614
1 125 22 0 0.20958083832335328 0 0 50.356 39.262 35.422
1 126 3 0 0.11377245508982048 0 0 52.452 36.174 36.089
1 127 18 0 0.17365269461077848 0 0 51.016 33.062 34.448
1 128 13 0 0.059880239520958 0 0 52.446 30.427 36.787
1 129 6 0 0.13173652694610782 0 0 50.923 32.290 39.729
1 130 0 0 0.39520958083832336 0 0 47.594 32.359 37.980
1 131 6 0 0.3293413173652695 0 0 47.653 28.693 37.123
1 132 3 0 0.14970059880239517 0 0 48.546 27.981 40.725
1 133 12 0 0.3652694610778443 0 0 45.860 30.127 42.249
1 134 0 0 0.5508982035928144 0 0 43.100 28.854 40.049
1 135 1 0 0.3173652694610779 0 0 44.102 25.231 40.520
1 136 17 0 0.18562874251497008 0 0 44.071 25.924 44.238
1 137 20 0 0.437125748502994 0 0 40.508 27.225 43.956
1 138 9 0 0.38323353293413165 0 0 39.940 24.240 41.639
1 139 11 0 0.6766467065868262 0 0 38.266 26.456 38.976
1 140 16 0 0.7485029940119761 0 0 38.549 26.820 35.243
1 141 15 0 0.8023952095808383 0 0 40.687 29.544 33.669
1 142 11 0 0.8263473053892215 0 0 40.308 30.931 30.204
1 143 7 0 0.7065868263473054 0 0 42.603 33.363 28.477
1 144 18 0 0.7724550898203593 0 0 40.279 35.606 26.465
1 145 17 0 0.6227544910179641 0 0 40.243 38.544 24.116
1 146 0 0 0.6946107784431137 0 0 37.000 40.518 23.929
1 147 13 0 0.3892215568862275 0 0 38.824 42.733 21.390
1 148 18 0 0.221556886227545 0 0 39.938 40.035 18.900
1 149 1 0 0.4131736526946108 0 0 37.055 37.761 19.671
1 150 6 0 0.5029940119760479 0 0 38.770 34.892 21.311
1 151 9 0 0.6826347305389222 0 0 37.141 32.635 23.912
1 152 22 0 0.8083832335329342 0 0 34.106 34.993 24.464
1 153 3 0 0.7125748502994012 0 0 31.668 32.132 23.883
1 154 3 0 0.7425149700598803 0 0 33.862 29.618 25.728
1 155 0 0 0.9221556886227544 0 0 33.837 31.672 28.954
1 156 15 0 0.9161676646706587 0 0 30.100 31.673 29.340
1 157 20 0 0.7544910179640718 0 0 29.694 28.178 28.036
1 158 18 0 0.7904191616766467 0 0 32.265 26.800 30.516
1 159 12 0 0.8862275449101796 0 0 30.292 28.415 33.349
1 160 22 0 0.7005988023952096 0 0 27.306 26.255 32.430
1 161 1 0 0.5329341317365269 0 0 29.361 23.055 31.969
1 162 7 0 0.5808383233532934 0 0 30.616 23.507 35.465
1 163 11 0 0.5389221556886228 0 0 27.099 23.776 36.702
1 164 1 0 0.28742514970059885 0 0 25.710 20.878 34.798
1 165 13 0 0.15568862275449102 0 0 28.542 18.361 35.280
1 166 10 0 0.03592814371257491 0 0 28.367 15.431 37.688
1 167 13 0 0.029940119760479056 0 0 29.739 15.932 41.166
