1 1 14 0 0.0059880239520957446 0 0 49.670 33.289 16.557
1 2 18 0 0.0718562874251496 0 0 46.315 31.915 17.728
1 3 7 0 0.2934131736526946 0 0 43.997 34.374 19.364
1 4 20 0 0.5688622754491017 0 0 41.192 33.656 21.752
1 5 13 0 0.7065868263473054 0 0 38.295 36.151 22.156
1 6 12 0 0.9161676646706587 0 0 36.814 35.506 25.552
1 7 22 0 0.9580838323353293 0 0 33.567 36.915 26.945
1 8 22 0 0.9880239520958084 0 0 33.112 37.575 30.623
1 9 22 0 0.9700598802395209 0 0 29.392 37.369 31.314
1 10 9 0 0.9281437125748503 0 0 27.098 37.702 34.345
1 11 0 0 0.7724550898203593 0 0 24.768 39.895 36.391
1 12 9 0 0.6047904191616766 0 0 25.472 43.239 38.015
1 13 9 0 0.5748502994011976 0 0 27.945 43.324 40.868
1 14 22 0 0.8143712574850299 0 0 29.567 39.947 40.151
1 15 9 0 0.844311377245509 0 0 32.974 41.360 39.501
1 16 13 0 0.9341317365269461 0 0 33.508 40.842 35.808
1 17 17 0 0.8263473053892215 0 0 35.680 43.832 35.130
1 18 0 0 0.7544910179640718 0 0 37.745 43.217 38.303
1 19 12 0 0.8922155688622755 0 0 38.442 39.632 37.122
1 20 18 0 0.8682634730538922 0 0 39.804 40.813 33.829
1 21 11 0 0.6347305389221557 0 0 41.755 43.637 35.490
1 22 6 0 0.6107784431137725 0 0 43.374 41.060 37.782
1 23 12 0 0.658682634730539 0 0 44.599 39.164 34.710
1 24 11 0 0.5089820359281436 0 0 45.583 42.266 32.812
1 25 6 0 0.26347305389221565 0 0 47.504 44.208 35.421
1 26 2 0 0.28742514970059885 0 0 47.255 42.474 38.732
1 27 10 0 0.281437125748503 0 0 44.779 44.997 40.210
1 28 15 0 0.3413173652694611 0 0 41.307 45.493 41.713
1 29 22 0 0.31137724550898194 0 0 39.135 48.185 40.130
1 30 3 0 0.17365269461077848 0 0 36.145 49.664 41.838
1 31 7 0 0.11976047904191622 0 0 35.278 52.480 39.431
1 32 20 0 0.2335329341317366 0 0 32.890 51.524 36.621
1 33 3 0 0.21556886227544902 0 0 33.077 52.098 32.904
1 34 16 0 0.3173652694610779 0 0 31.078 50.602 30.098
1 35 18 0 0.47904191616766467 0 0 33.923 48.691 28.561
1 36 11 0 0.41916167664670656 0 0 32.382 48.012 25.155
1 37 7 0 0.13772455089820357 0 0 34.745 50.217 23.069
1 38 3 0 0.3053892215568862 0 0 37.574 49.114 25.315
1 39 17 0 0.5029940119760479 0 0 38.849 45.541 25.062
1 40 20 0 0.5209580838323353 0 0 41.929 44.253 26.782
1 41 1 0 0.46706586826347307 0 0 44.515 41.673 25.842
1 42 13 0 0.4011976047904191 0 0 47.243 39.498 27.113
1 43 6 0 0.14970059880239517 0 0 49.822 37.193 25.485
1 44 22 0 0.22754491017964074 0 0 50.219 34.107 27.684
1 45 22 0 0.08383233532934131 0 0 51.862 30.678 27.251
1 46 11 0 0.18562874251497008 0 0 49.492 27.924 28.261
1 47 3 0 0.053892215568862256 0 0 50.665 24.306 28.172
1 48 9 0 0.0 0 0 53.642 25.199 25.965
1 49 7 0 0.02395209580838331 0 0 51.280 26.880 23.413
1 50 18 0 0.03592814371257491 0 0 51.529 30.680 23.199
1 51 5 0 0.20958083832335328 0 0 48.091 32.362 22.936
1 52 12 0 0.29940119760479034 0 0 46.989 35.979 22.651
1 53 12 0 0.5868263473053892 0 0 43.870 36.147 24.861
1 54 3 0 0.652694610778443 0 0 41.357 38.922 24.112
1 55 11 0 0.8562874251497006 0 0 39.292 39.612 27.137
1 56 12 0 0.8622754491017964 0 0 35.874 41.055 26.734
1 57 3 0 0.8862275449101796 0 0 33.563 42.633 29.268
1 58 18 0 0.8323353293413174 0 0 29.807 42.974 29.336
1 59 0 0 0.6287425149700598 0 0 27.748 45.728 30.839
1 60 9 0 0.4610778443113772 0 0 24.135 46.251 31.844
1 61 6 0 0.40718562874251496 0 0 21.076 44.069 32.096
1 62 7 0 0.3652694610778443 0 0 19.952 42.390 28.879
1 63 7 0 0.11377245508982048 0 0 18.146 44.709 26.493
1 64 20 0 0.09580838323353291 0 0 17.573 41.818 24.100
1 65 17 0 0.04790419161676651 0 0 19.072 43.513 21.039
1 66 0 0 0.029940119760479056 0 0 20.818 42.478 17.892
1 67 14 0 0.10179640718562877 0 0 23.802 44.455 19.005
1 68 1 0 0.37125748502994016 0 0 24.290 42.522 22.247
1 69 3 0 0.34730538922155685 0 0 24.076 39.314 20.323
1 70 6 0 0.23952095808383234 0 0 26.591 40.473 17.693
1 71 20 0 0.49101796407185627 0 0 28.923 41.331 20.627
1 72 14 0 0.6766467065868262 0 0 28.108 37.987 22.268
1 73 1 0 0.5149700598802396 0 0 29.246 36.228 19.062
1 74 18 0 0.5568862275449102 0 0 32.720 37.633 19.425
1 75 9 0 0.7964071856287425 0 0 33.059 34.945 22.067
1 76 7 0 0.7305389221556886 0 0 34.810 31.674 21.473
1 77 9 0 0.8982035928143712 0 0 34.334 30.757 25.131
1 78 15 0 0.9640718562874252 0 0 32.326 32.241 27.938
1 79 12 0 0.9940119760479041 0 0 33.301 33.116 31.391
1 80 5 0 0.9820359281437125 0 0 30.050 32.807 33.214
1 81 22 0 0.9760479041916168 0 0 30.161 34.586 36.531
1 82 15 0 0.8802395209580838 0 0 28.018 34.681 39.611
1 83 0 0 0.7245508982035929 0 0 28.742 35.717 43.176
1 84 11 0 0.4850299401197605 0 0 28.109 33.709 46.246
1 85 2 0 0.2574850299401197 0 0 26.039 36.172 48.306
1 86 2 0 0.35928143712574856 0 0 23.883 37.075 45.329
1 87 18 0 0.2694610778443114 0 0 20.931 34.876 44.617
1 88 13 0 0.33532934131736525 0 0 19.812 36.442 41.436
1 89 17 0 0.6407185628742516 0 0 23.239 36.237 39.945
1 90 15 0 0.5988023952095809 0 0 23.218 32.553 40.544
1 91 7 0 0.43113772455089827 0 0 19.746 32.095 39.094
1 92 3 0 0.5808383233532934 0 0 20.675 33.911 35.871
1 93 11 0 0.7844311377245509 0 0 23.304 31.373 34.834
1 94 10 0 0.5508982035928144 0 0 20.713 29.369 33.029
1 95 10 0 0.5329341317365269 0 0 19.700 32.488 31.044
1 96 20 0 0.8023952095808383 0 0 23.241 33.370 30.105
1 97 1 0 0.7485029940119761 0 0 23.669 29.785 29.039
1 98 7 0 0.4730538922155688 0 0 20.435 29.941 27.078
1 99 6 0 0.5449101796407185 0 0 21.814 33.066 25.404
1 100 11 0 0.6826347305389222 0 0 25.102 31.415 24.376
1 101 13 0 0.44311377245508976 0 0 23.170 28.536 23.096
1 102 1 0 0.221556886227545 0 0 21.101 30.650 20.657
1 103 22 0 0.3532934131736526 0 0 23.935 32.898 19.693
1 104 13 0 0.3772455089820359 0 0 26.524 30.330 18.864
1 105 3 0 0.12574850299401197 0 0 23.875 27.850 17.615
1 106 17 0 0.16766467065868274 0 0 25.394 25.023 19.611
1 107 7 0 0.19760479041916168 0 0 24.381 22.888 22.658
1 108 3 0 0.39520958083832336 0 0 27.901 22.666 23.866
1 109 22 0 0.6227544910179641 0 0 30.091 25.793 23.873
1 110 16 0 0.8083832335329342 0 0 33.137 26.219 26.117
1 111 14 0 0.9221556886227544 0 0 32.253 28.043 29.353
1 112 22 0 0.9461077844311377 0 0 33.508 27.918 32.897
1 113 12 0 0.9401197604790419 0 0 31.547 28.627 35.993
1 114 22 0 0.9520958083832335 0 0 32.969 31.252 38.235
1 115 9 0 0.8383233532934131 0 0 31.671 31.525 41.781
1 116 2 0 0.8203592814371258 0 0 33.247 34.926 42.561
1 117 13 0 0.562874251497006 0 0 33.790 36.645 45.877
1 118 5 0 0.437125748502994 0 0 34.842 33.613 47.778
1 119 3 0 0.15568862275449102 0 0 36.898 35.549 50.317
1 120 12 0 0.08982035928143717 0 0 33.697 36.520 52.039
1 121 16 0 0.0119760479041916 0 0 33.551 34.488 55.237
1 122 17 0 0.017964071856287345 0 0 30.086 33.003 54.502
1 123 1 0 0.07784431137724557 0 0 27.964 32.521 51.471
1 124 18 0 0.059880239520958 0 0 24.338 32.087 50.693
1 125 22 0 0.20359281437125742 0 0 24.809 30.042 47.478
1 126 3 0 0.10778443113772451 0 0 25.150 26.322 48.207
1 127 18 0 0.17964071856287422 0 0 28.374 24.741 46.794
1 128 13 0 0.06586826347305386 0 0 26.431 21.538 46.390
1 129 6 0 0.13173652694610782 0 0 24.077 23.323 44.081
1 130 0 0 0.45508982035928147 0 0 26.943 25.009 42.336
1 131 6 0 0.3293413173652695 0 0 28.546 21.640 41.603
1 132 3 0 0.14371257485029942 0 0 25.280 20.048 40.670
1 133 12 0 0.4131736526946108 0 0 24.744 22.766 38.165
1 134 0 0 0.5389221556886228 0 0 28.267 22.328 36.962
1 135 1 0 0.27544910179640725 0 0 27.558 18.626 36.273
1 136 17 0 0.16167664670658677 0 0 24.139 19.187 34.827
1 137 20 0 0.4491017964071856 0 0 25.594 21.446 32.155
1 138 9 0 0.3892215568862275 0 0 28.778 19.463 32.031
1 139 11 0 0.6706586826347305 0 0 30.982 22.506 32.565
1 140 16 0 0.7425149700598803 0 0 33.755 23.322 35.064
1 141 15 0 0.7664670658682635 0 0 33.272 25.102 38.405
1 142 11 0 0.7904191616766467 0 0 36.044 27.211 39.910
1 143 7 0 0.688622754491018 0 0 35.927 29.173 43.127
1 144 18 0 0.7784431137724551 0 0 37.128 32.737 42.697
1 145 17 0 0.6167664670658684 0 0 38.289 35.785 44.440
1 146 0 0 0.6646706586826348 0 0 39.165 38.891 42.523
1 147 13 0 0.38323353293413165 0 0 39.955 40.626 45.710
1 148 18 0 0.25149700598802394 0 0 42.407 38.053 47.159
1 149 1 0 0.4251497005988024 0 0 43.729 37.084 43.789
1 150 6 0 0.4970059880239521 0 0 42.618 33.508 43.767
1 151 9 0 0.6946107784431137 0 0 41.262 31.396 40.959
1 152 22 0 0.8502994011976048 0 0 41.228 33.990 38.211
1 153 3 0 0.7365269461077844 0 0 44.196 32.627 36.245
1 154 3 0 0.7005988023952096 0 0 43.012 28.997 36.780
1 155 0 0 0.9041916167664671 0 0 39.439 29.719 35.621
1 156 15 0 0.9101796407185628 0 0 41.005 31.456 32.655
1 157 20 0 0.718562874251497 0 0 43.505 28.653 32.024
1 158 18 0 0.7604790419161677 0 0 40.735 26.079 32.338
1 159 12 0 0.874251497005988 0 0 38.789 28.079 29.789
1 160 22 0 0.7125748502994012 0 0 41.607 28.158 27.231
1 161 1 0 0.5269461077844311 0 0 41.883 24.380 27.681
1 162 7 0 0.6467065868263473 0 0 38.143 24.129 27.136
1 163 11 0 0.592814371257485 0 0 38.490 26.137 23.860
1 164 1 0 0.32335329341317365 0 0 41.223 23.759 22.930
1 165 13 0 0.24550898203592808 0 0 39.038 20.669 23.564
1 166 10 0 0.19161676646706582 0 0 36.620 21.574 20.817
1 167 13 0 0.041916167664670656 0 0 37.188 21.383 17.103
