5.000000000000000000e+00 1.071428582072257996e-01 2.551499938964843750e+01 3.860300064086914062e+01 4.229399871826171875e+01
1.600000000000000000e+01 2.321428507566452026e-01 2.677799987792968750e+01 4.219100189208984375e+01 4.177199935913085938e+01
1.200000000000000000e+01 4.866071343421936035e-01 3.037000083923339844e+01 4.115599822998046875e+01 4.112900161743164062e+01
1.400000000000000000e+01 5.178571343421936035e-01 3.138899993896484375e+01 3.835599899291992188e+01 3.867599868774414062e+01
2.200000000000000000e+01 7.053571343421936035e-01 3.502999877929687500e+01 3.776399993896484375e+01 3.762500000000000000e+01
1.300000000000000000e+01 6.830357313156127930e-01 3.587900161743164062e+01 3.566199874877929688e+01 3.456100082397460938e+01
2.200000000000000000e+01 7.500000000000000000e-01 3.930899810791015625e+01 3.441999816894531250e+01 3.365499877929687500e+01
1.200000000000000000e+01 6.651785969734191895e-01 4.014199829101562500e+01 3.297000122070312500e+01 3.019099998474121094e+01
3.000000000000000000e+00 6.250000000000000000e-01 4.327999877929687500e+01 3.125300025939941406e+01 2.895899963378906250e+01
0.000000000000000000e+00 5.669642686843872070e-01 4.481700134277343750e+01 3.228200149536132812e+01 2.560600090026855469e+01
2.200000000000000000e+01 3.616071343421936035e-01 4.713700103759765625e+01 2.922500038146972656e+01 2.528700065612792969e+01
1.000000000000000000e+00 2.008928507566452026e-01 4.440800094604492188e+01 2.660099983215332031e+01 2.502700042724609375e+01
9.000000000000000000e+00 2.589285671710968018e-01 4.167499923706054688e+01 2.907900047302246094e+01 2.385199928283691406e+01
1.700000000000000000e+01 2.678571343421936035e-01 3.940399932861328125e+01 2.819400024414062500e+01 2.671299934387207031e+01
1.600000000000000000e+01 3.482142984867095947e-01 3.808800125122070312e+01 2.910799980163574219e+01 3.020000076293945312e+01
0.000000000000000000e+00 5.223214030265808105e-01 4.072499847412109375e+01 2.932699966430664062e+01 3.286399841308593750e+01
1.100000000000000000e+01 3.437500000000000000e-01 4.026200103759765625e+01 2.686000061035156250e+01 3.572200012207031250e+01
2.000000000000000000e+00 3.750000000000000000e-01 4.128300094604492188e+01 2.718600082397460938e+01 3.940700149536132812e+01
2.200000000000000000e+01 6.517857313156127930e-01 4.258599853515625000e+01 3.069099998474121094e+01 3.912599945068359375e+01
0.000000000000000000e+00 6.562500000000000000e-01 4.272900009155273438e+01 3.195899963378906250e+01 4.274599838256835938e+01
1.400000000000000000e+01 7.633928656578063965e-01 4.189099884033203125e+01 3.549599838256835938e+01 4.370100021362304688e+01
2.200000000000000000e+01 7.232142686843872070e-01 3.886399841308593750e+01 4.079299926757812500e+01 4.646099853515625000e+01
1.500000000000000000e+01 6.875000000000000000e-01 3.992100143432617188e+01 4.356800079345703125e+01 4.890100097656250000e+01
1.000000000000000000e+00 5.848214030265808105e-01 3.779800033569335938e+01 4.671300125122070312e+01 4.950099945068359375e+01
1.300000000000000000e+01 5.133928656578063965e-01 3.893399810791015625e+01 5.000500106811523438e+01 5.096300125122070312e+01
0.000000000000000000e+00 2.410714328289031982e-01 3.768700027465820312e+01 5.046699905395507812e+01 5.449000167846679688e+01
0.000000000000000000e+00 7.589285820722579956e-02 3.694599914550781250e+01 5.369599914550781250e+01 5.640399932861328125e+01
3.000000000000000000e+00 9.375000000000000000e-02 4.057400131225585938e+01 5.478599929809570312e+01 5.695899963378906250e+01
3.000000000000000000e+00 3.080357015132904053e-01 4.159799957275390625e+01 5.381100082397460938e+01 5.350000000000000000e+01
1.800000000000000000e+01 3.392857015132904053e-01 4.344200134277343750e+01 5.060599899291992188e+01 5.457400131225585938e+01
1.900000000000000000e+01 5.401785969734191895e-01 4.258300018310546875e+01 4.742200088500976562e+01 5.265499877929687500e+01
7.000000000000000000e+00 3.839285671710968018e-01 3.997700119018554688e+01 4.501100158691406250e+01 5.388399887084960938e+01
1.600000000000000000e+01 4.196428656578063965e-01 3.976399993896484375e+01 4.129600143432617188e+01 5.301499938964843750e+01
1.500000000000000000e+01 3.883928656578063965e-01 3.633800125122070312e+01 4.102000045776367188e+01 5.131100082397460938e+01
0.000000000000000000e+00 4.062500000000000000e-01 3.590200042724609375e+01 3.777199935913085938e+01 4.941999816894531250e+01
1.700000000000000000e+01 5.000000000000000000e-01 3.798199844360351562e+01 3.509799957275390625e+01 4.775199890136718750e+01
9.000000000000000000e+00 3.973214328289031982e-01 3.797499847412109375e+01 3.176799964904785156e+01 4.598199844360351562e+01
1.300000000000000000e+01 4.821428656578063965e-01 3.923699951171875000e+01 3.034300041198730469e+01 4.278400039672851562e+01
1.800000000000000000e+01 4.776785671710968018e-01 3.774200057983398438e+01 3.000200080871582031e+01 3.913899993896484375e+01
1.700000000000000000e+01 2.187500000000000000e-01 3.515599822998046875e+01 2.735000038146972656e+01 3.821300125122070312e+01
7.000000000000000000e+00 1.205357164144515991e-01 3.559000015258789062e+01 2.518400001525878906e+01 3.497200012207031250e+01
1.700000000000000000e+01 1.562500000000000000e-01 3.351699829101562500e+01 2.773299980163574219e+01 3.291799926757812500e+01
9.000000000000000000e+00 4.553571343421936035e-01 3.602399826049804688e+01 3.051899909973144531e+01 3.392900085449218750e+01
7.000000000000000000e+00 4.508928656578063965e-01 3.361600112915039062e+01 3.247700119018554688e+01 3.620500183105468750e+01
1.200000000000000000e+01 4.464285671710968018e-01 3.379800033569335938e+01 3.279299926757812500e+01 3.992900085449218750e+01
9.000000000000000000e+00 1.116071417927742004e-01 2.851399993896484375e+01 3.412500000000000000e+01 4.438700103759765625e+01
1.200000000000000000e+01 2.946428656578063965e-01 3.129299926757812500e+01 3.665000152587890625e+01 4.545100021362304688e+01
1.800000000000000000e+01 1.607142835855484009e-01 2.902099990844726562e+01 3.898600006103515625e+01 4.741400146484375000e+01
1.800000000000000000e+01 4.017857089638710022e-02 2.562199974060058594e+01 4.046400070190429688e+01 4.819499969482421875e+01
7.000000000000000000e+00 3.125000000000000000e-02 2.431900024414062500e+01 4.393199920654296875e+01 4.725000000000000000e+01
7.000000000000000000e+00 4.464285913854837418e-03 2.377300071716308594e+01 4.521200180053710938e+01 5.085699844360351562e+01
7.000000000000000000e+00 4.910714179277420044e-02 2.739800071716308594e+01 4.406800079345703125e+01 5.146099853515625000e+01
1.500000000000000000e+01 1.741071492433547974e-01 2.873600006103515625e+01 4.561000061035156250e+01 4.812300109863281250e+01
2.200000000000000000e+01 1.250000000000000000e-01 2.890900039672851562e+01 4.907899856567382812e+01 4.945500183105468750e+01
7.000000000000000000e+00 2.232142835855484009e-01 3.016200065612792969e+01 5.206800079345703125e+01 4.726800155639648438e+01
9.000000000000000000e+00 4.375000000000000000e-01 3.397000122070312500e+01 5.280500030517578125e+01 4.698500061035156250e+01
1.100000000000000000e+01 6.741071343421936035e-01 3.727299880981445312e+01 5.145299911499023438e+01 4.576100158691406250e+01
2.000000000000000000e+01 7.589285969734191895e-01 3.772700119018554688e+01 4.767200088500976562e+01 4.528499984741210938e+01
1.300000000000000000e+01 8.883928656578063965e-01 4.090100097656250000e+01 4.572200012207031250e+01 4.433900070190429688e+01
2.200000000000000000e+01 9.151785969734191895e-01 4.117499923706054688e+01 4.226300048828125000e+01 4.309600067138671875e+01
7.000000000000000000e+00 9.330357313156127930e-01 4.443199920654296875e+01 4.029700088500976562e+01 4.323799896240234375e+01
1.100000000000000000e+01 9.241071343421936035e-01 4.458100128173828125e+01 3.734500122070312500e+01 4.090100097656250000e+01
3.000000000000000000e+00 8.258928656578063965e-01 4.698899841308593750e+01 3.456600189208984375e+01 4.170899963378906250e+01
1.800000000000000000e+01 8.571428656578063965e-01 4.817399978637695312e+01 3.392599868774414062e+01 3.796699905395507812e+01
1.300000000000000000e+01 7.544642686843872070e-01 5.177399826049804688e+01 3.265100097656250000e+01 3.856999969482421875e+01
1.700000000000000000e+01 5.937500000000000000e-01 5.049900054931640625e+01 2.974600028991699219e+01 4.069400024414062500e+01
2.000000000000000000e+01 6.071428656578063965e-01 4.817300033569335938e+01 2.889900016784667969e+01 3.759099960327148438e+01
1.900000000000000000e+01 5.625000000000000000e-01 5.120199966430664062e+01 2.877099990844726562e+01 3.521200180053710938e+01
1.300000000000000000e+01 3.660714328289031982e-01 5.374800109863281250e+01 2.709099960327148438e+01 3.755099868774414062e+01
0.000000000000000000e+00 2.098214328289031982e-01 5.178699874877929688e+01 2.388199996948242188e+01 3.769400024414062500e+01
1.200000000000000000e+01 1.785714328289031982e-01 5.164599990844726562e+01 2.368099975585937500e+01 3.388399887084960938e+01
9.000000000000000000e+00 1.160714253783226013e-01 5.554000091552734375e+01 2.362299919128417969e+01 3.409199905395507812e+01
1.100000000000000000e+01 3.125000000000000000e-01 5.582600021362304688e+01 2.735400009155273438e+01 3.293600082397460938e+01
1.700000000000000000e+01 4.732142984867095947e-01 5.773799896240234375e+01 3.031200027465820312e+01 3.438999938964843750e+01
1.600000000000000000e+01 6.919642686843872070e-01 5.555300140380859375e+01 3.345800018310546875e+01 3.352000045776367188e+01
1.500000000000000000e+01 7.857142686843872070e-01 5.666699981689453125e+01 3.704399871826171875e+01 3.350899887084960938e+01
7.000000000000000000e+00 8.705357313156127930e-01 5.466799926757812500e+01 3.792499923706054688e+01 3.976499938964843750e+01
0.000000000000000000e+00 9.776785969734191895e-01 4.803900146484375000e+01 4.042399978637695312e+01 3.879800033569335938e+01
7.000000000000000000e+00 9.910714030265808105e-01 4.628799819946289062e+01 4.330699920654296875e+01 4.054999923706054688e+01
2.200000000000000000e+01 9.821428656578063965e-01 4.323300170898437500e+01 4.532400131225585938e+01 3.925299835205078125e+01
2.200000000000000000e+01 9.598214030265808105e-01 4.165999984741210938e+01 4.844400024414062500e+01 4.104100036621093750e+01
1.500000000000000000e+01 8.616071343421936035e-01 3.827399826049804688e+01 5.011399841308593750e+01 4.042200088500976562e+01
1.800000000000000000e+01 6.785714030265808105e-01 3.524000167846679688e+01 5.217800140380859375e+01 4.152399826049804688e+01
0.000000000000000000e+00 5.446428656578063965e-01 3.213399887084960938e+01 5.035100173950195312e+01 4.270100021362304688e+01
2.000000000000000000e+00 2.633928656578063965e-01 2.854299926757812500e+01 5.191699981689453125e+01 4.270700073242187500e+01
3.000000000000000000e+00 2.276785671710968018e-01 2.917600059509277344e+01 5.543500137329101562e+01 4.124700164794921875e+01
1.700000000000000000e+01 8.035714179277420044e-02 2.629000091552734375e+01 5.688899993896484375e+01 3.927600097656250000e+01
9.000000000000000000e+00 2.678571455180644989e-02 2.404199981689453125e+01 5.484500122070312500e+01 4.148099899291992188e+01
1.600000000000000000e+01 4.464285820722579956e-02 2.345999908447265625e+01 5.112900161743164062e+01 4.168999862670898438e+01
1.000000000000000000e+00 1.517857164144515991e-01 2.538999938964843750e+01 4.896300125122070312e+01 3.938299942016601562e+01
1.000000000000000000e+00 2.767857015132904053e-01 2.663100051879882812e+01 4.541299819946289062e+01 3.894800186157226562e+01
2.000000000000000000e+01 5.267857313156127930e-01 2.991699981689453125e+01 4.436800003051757812e+01 3.746300125122070312e+01
1.800000000000000000e+01 6.160714030265808105e-01 3.147299957275390625e+01 4.167399978637695312e+01 3.518600082397460938e+01
1.100000000000000000e+01 7.991071343421936035e-01 3.528499984741210938e+01 4.154399871826171875e+01 3.476399993896484375e+01
0.000000000000000000e+00 7.901785969734191895e-01 3.672200012207031250e+01 3.943199920654296875e+01 3.189900016784667969e+01
0.000000000000000000e+00 8.928571343421936035e-01 4.053599929809570312e+01 3.886700057983398438e+01 3.170199966430664062e+01
1.200000000000000000e+01 8.526785969734191895e-01 4.281700134277343750e+01 3.699300003051757812e+01 2.946400070190429688e+01
1.200000000000000000e+01 8.392857313156127930e-01 4.613499832153320312e+01 3.524300003051757812e+01 3.027899932861328125e+01
1.700000000000000000e+01 7.455357313156127930e-01 4.931100082397460938e+01 3.416600036621093750e+01 2.832200050354003906e+01
1.600000000000000000e+01 7.276785969734191895e-01 5.272600173950195312e+01 3.392599868774414062e+01 3.008200073242187500e+01
2.000000000000000000e+01 7.946428656578063965e-01 5.409000015258789062e+01 3.736100006103515625e+01 2.903499984741210938e+01
1.700000000000000000e+01 9.017857313156127930e-01 5.073899841308593750e+01 3.910599899291992188e+01 2.885899925231933594e+01
2.000000000000000000e+01 9.642857313156127930e-01 4.729399871826171875e+01 3.990100097656250000e+01 3.024099922180175781e+01
1.700000000000000000e+01 9.464285969734191895e-01 4.432799911499023438e+01 4.173899841308593750e+01 2.872100067138671875e+01
1.800000000000000000e+01 9.419642686843872070e-01 4.100699996948242188e+01 4.257199859619140625e+01 3.046800041198730469e+01
1.800000000000000000e+01 8.303571343421936035e-01 3.769599914550781250e+01 4.411600112915039062e+01 2.938400077819824219e+01
0.000000000000000000e+00 8.035714030265808105e-01 3.532600021362304688e+01 4.512300109863281250e+01 3.225000000000000000e+01
2.200000000000000000e+01 5.892857313156127930e-01 3.151199913024902344e+01 4.542699813842773438e+01 3.157500076293945312e+01
2.200000000000000000e+01 4.642857015132904053e-01 2.912800025939941406e+01 4.768299865722656250e+01 3.373099899291992188e+01
1.800000000000000000e+01 1.964285671710968018e-01 2.553899955749511719e+01 4.643999862670898438e+01 3.414799880981445312e+01
2.000000000000000000e+00 5.803571268916130066e-02 2.261400032043457031e+01 4.843899917602539062e+01 3.546099853515625000e+01
1.600000000000000000e+01 8.928571827709674835e-03 2.031900024414062500e+01 4.616899871826171875e+01 3.758100128173828125e+01
5.000000000000000000e+00 1.428571492433547974e-01 6.777100372314453125e+01 5.069100189208984375e+01 2.822299957275390625e+01
1.600000000000000000e+01 2.723214328289031982e-01 6.716100311279296875e+01 4.816099929809570312e+01 3.100399971008300781e+01
1.200000000000000000e+01 5.312500000000000000e-01 6.347700119018554688e+01 4.906900024414062500e+01 3.152599906921386719e+01
1.400000000000000000e+01 5.535714030265808105e-01 6.154999923706054688e+01 5.091500091552734375e+01 2.879400062561035156e+01
2.200000000000000000e+01 7.008928656578063965e-01 5.778400039672851562e+01 5.145199966430664062e+01 2.866099929809570312e+01
1.300000000000000000e+01 6.607142686843872070e-01 5.564300155639648438e+01 5.251699829101562500e+01 2.570499992370605469e+01
2.200000000000000000e+01 7.098214030265808105e-01 5.204100036621093750e+01 5.372299957275390625e+01 2.603100013732910156e+01
1.200000000000000000e+01 6.473214030265808105e-01 4.932400131225585938e+01 5.348199844360351562e+01 2.334300041198730469e+01
3.000000000000000000e+00 6.294642686843872070e-01 4.548799896240234375e+01 5.417800140380859375e+01 2.313299942016601562e+01
0.000000000000000000e+00 5.803571343421936035e-01 4.311600112915039062e+01 5.157899856567382812e+01 2.165900039672851562e+01
2.200000000000000000e+01 4.285714328289031982e-01 3.987099838256835938e+01 5.367399978637695312e+01 2.119700050354003906e+01
1.000000000000000000e+00 2.366071492433547974e-01 4.154700088500976562e+01 5.638000106811523438e+01 1.894799995422363281e+01
9.000000000000000000e+00 2.857142984867095947e-01 4.478400039672851562e+01 5.429299926757812500e+01 1.820299911499023438e+01
1.700000000000000000e+01 2.812500000000000000e-01 4.692200088500976562e+01 5.717200088500976562e+01 1.952300071716308594e+01
1.600000000000000000e+01 3.258928656578063965e-01 5.036899948120117188e+01 5.750500106811523438e+01 2.096100044250488281e+01
0.000000000000000000e+00 4.910714328289031982e-01 5.014599990844726562e+01 5.852999877929687500e+01 2.467300033569335938e+01
1.100000000000000000e+01 2.901785671710968018e-01 5.233399963378906250e+01 6.156200027465820312e+01 2.546199989318847656e+01
2.000000000000000000e+00 3.169642984867095947e-01 5.294699859619140625e+01 6.284099960327148438e+01 2.917900085449218750e+01
2.200000000000000000e+01 6.205357313156127930e-01 5.152000045776367188e+01 5.976499938964843750e+01 3.091900062561035156e+01
0.000000000000000000e+00 6.383928656578063965e-01 5.325500106811523438e+01 5.955799865722656250e+01 3.429800033569335938e+01
1.400000000000000000e+01 7.366071343421936035e-01 5.488100051879882812e+01 5.647999954223632812e+01 3.595500183105468750e+01
2.200000000000000000e+01 7.142857313156127930e-01 5.881800079345703125e+01 5.244100189208984375e+01 3.969599914550781250e+01
1.500000000000000000e+01 6.964285969734191895e-01 5.859099960327148438e+01 5.069800186157226562e+01 4.318399810791015625e+01
1.000000000000000000e+00 5.982142686843872070e-01 6.124599838256835938e+01 4.802000045776367188e+01 4.398400115966796875e+01
1.300000000000000000e+01 5.491071343421936035e-01 6.089099884033203125e+01 4.530199813842773438e+01 4.663600158691406250e+01
0.000000000000000000e+00 2.500000000000000000e-01 6.384500122070312500e+01 4.512599945068359375e+01 4.921900177001953125e+01
0.000000000000000000e+00 1.026785746216773987e-01 6.554000091552734375e+01 4.198500061035156250e+01 5.068799972534179688e+01
3.000000000000000000e+00 8.928571641445159912e-02 6.321099853515625000e+01 4.176300048828125000e+01 5.372299957275390625e+01
3.000000000000000000e+00 3.035714328289031982e-01 6.017200088500976562e+01 4.196200180053710938e+01 5.137200164794921875e+01
1.800000000000000000e+01 3.348214328289031982e-01 5.921300125122070312e+01 4.568500137329101562e+01 5.180699920654296875e+01
1.900000000000000000e+01 5.357142686843872070e-01 5.853099822998046875e+01 4.819900131225585938e+01 4.890499877929687500e+01
7.000000000000000000e+00 3.794642984867095947e-01 6.101499938964843750e+01 5.110800170898437500e+01 4.801800155639648438e+01
1.600000000000000000e+01 4.017857015132904053e-01 6.084899902343750000e+01 5.415900039672851562e+01 4.566699981689453125e+01
1.500000000000000000e+01 3.705357015132904053e-01 6.308499908447265625e+01 5.373699951171875000e+01 4.265399932861328125e+01
0.000000000000000000e+00 4.419642984867095947e-01 6.225400161743164062e+01 5.578300094604492188e+01 3.948799896240234375e+01
1.700000000000000000e+01 4.687500000000000000e-01 5.993799972534179688e+01 5.823099899291992188e+01 3.785400009155273438e+01
9.000000000000000000e+00 4.241071343421936035e-01 5.897900009155273438e+01 5.967599868774414062e+01 3.456399917602539062e+01
1.300000000000000000e+01 4.598214328289031982e-01 5.632799911499023438e+01 6.064799880981445312e+01 3.211500167846679688e+01
1.800000000000000000e+01 4.330357015132904053e-01 5.606800079345703125e+01 5.970000076293945312e+01 2.839599990844726562e+01
1.700000000000000000e+01 1.696428507566452026e-01 5.790299987792968750e+01 6.119699859619140625e+01 2.535899925231933594e+01
7.000000000000000000e+00 8.482142537832260132e-02 5.642300033569335938e+01 6.215900039672851562e+01 2.179800033569335938e+01
1.700000000000000000e+01 1.294642835855484009e-01 5.675299835205078125e+01 5.868899917602539062e+01 2.032999992370605469e+01
9.000000000000000000e+00 3.571428656578063965e-01 5.484899902343750000e+01 5.734999847412109375e+01 2.337299919128417969e+01
7.000000000000000000e+00 3.928571343421936035e-01 5.799300003051757812e+01 5.560200119018554688e+01 2.456200027465820312e+01
1.200000000000000000e+01 4.151785671710968018e-01 5.987699890136718750e+01 5.621500015258789062e+01 2.779299926757812500e+01
9.000000000000000000e+00 1.339285671710968018e-01 6.612200164794921875e+01 5.682300186157226562e+01 3.100600051879882812e+01
1.200000000000000000e+01 3.214285671710968018e-01 6.426100158691406250e+01 5.513399887084960938e+01 3.386000061035156250e+01
1.800000000000000000e+01 1.830357164144515991e-01 6.749099731445312500e+01 5.359899902343750000e+01 3.520700073242187500e+01
1.800000000000000000e+01 3.571428731083869934e-02 7.122100067138671875e+01 5.333700180053710938e+01 3.490000152587890625e+01
7.000000000000000000e+00 2.232142910361289978e-02 7.262500000000000000e+01 4.989500045776367188e+01 3.416899871826171875e+01
7.000000000000000000e+00 0.000000000000000000e+00 7.448699951171875000e+01 5.022200012207031250e+01 3.756499862670898438e+01
7.000000000000000000e+00 5.357142910361289978e-02 7.130100250244140625e+01 5.022700119018554688e+01 3.978400039672851562e+01
1.500000000000000000e+01 1.473214328289031982e-01 6.951399993896484375e+01 4.744400024414062500e+01 3.816199874877929688e+01
2.200000000000000000e+01 9.821428358554840088e-02 7.041699981689453125e+01 4.463199996948242188e+01 4.050000000000000000e+01
7.000000000000000000e+00 1.919642835855484009e-01 6.829299926757812500e+01 4.155699920654296875e+01 4.127399826049804688e+01
9.000000000000000000e+00 3.526785671710968018e-01 6.491300201416015625e+01 4.158300018310546875e+01 4.305199813842773438e+01
1.100000000000000000e+01 6.428571343421936035e-01 6.126699829101562500e+01 4.211600112915039062e+01 4.223600006103515625e+01
2.000000000000000000e+01 7.321428656578063965e-01 6.033499908447265625e+01 4.529399871826171875e+01 4.047999954223632812e+01
1.300000000000000000e+01 8.839285969734191895e-01 5.695800018310546875e+01 4.693899917602539062e+01 3.943799972534179688e+01
2.200000000000000000e+01 9.107142686843872070e-01 5.602099990844726562e+01 4.986600112915039062e+01 3.730400085449218750e+01
7.000000000000000000e+00 9.285714030265808105e-01 5.293700027465820312e+01 5.195000076293945312e+01 3.793999862670898438e+01
1.100000000000000000e+01 9.196428656578063965e-01 5.113899993896484375e+01 5.366600036621093750e+01 3.508499908447265625e+01
3.000000000000000000e+00 8.214285969734191895e-01 4.917100143432617188e+01 5.686899948120117188e+01 3.578499984741210938e+01
1.800000000000000000e+01 8.750000000000000000e-01 4.649300003051757812e+01 5.556100082397460938e+01 3.324100112915039062e+01
1.300000000000000000e+01 7.723214030265808105e-01 4.356900024414062500e+01 5.764099884033203125e+01 3.468199920654296875e+01
1.700000000000000000e+01 6.116071343421936035e-01 4.529399871826171875e+01 6.103900146484375000e+01 3.404000091552734375e+01
2.000000000000000000e+01 5.758928656578063965e-01 4.526100158691406250e+01 6.049399948120117188e+01 3.039399909973144531e+01
1.900000000000000000e+01 5.580357313156127930e-01 4.148099899291992188e+01 5.991299819946289062e+01 3.000499916076660156e+01
1.300000000000000000e+01 4.107142984867095947e-01 4.117599868774414062e+01 6.267300033569335938e+01 3.277600097656250000e+01
0.000000000000000000e+00 2.455357164144515991e-01 4.284500122070312500e+01 6.512599945068359375e+01 3.038299942016601562e+01
1.200000000000000000e+01 1.651785671710968018e-01 4.038100051879882812e+01 6.437400054931640625e+01 2.755299949645996094e+01
9.000000000000000000e+00 1.383928507566452026e-01 3.720299911499023438e+01 6.452799987792968750e+01 2.986599922180175781e+01
1.100000000000000000e+01 3.303571343421936035e-01 3.694699859619140625e+01 6.073199844360351562e+01 2.977300071716308594e+01
1.700000000000000000e+01 5.044642686843872070e-01 3.618000030517578125e+01 5.860900115966796875e+01 3.285699844360351562e+01
1.600000000000000000e+01 7.187500000000000000e-01 3.794800186157226562e+01 5.512099838256835938e+01 3.293999862670898438e+01
1.500000000000000000e+01 7.812500000000000000e-01 3.661999893188476562e+01 5.204999923706054688e+01 3.482099914550781250e+01
7.000000000000000000e+00 9.062500000000000000e-01 4.186299896240234375e+01 5.335400009155273438e+01 3.840000152587890625e+01
0.000000000000000000e+00 9.866071343421936035e-01 4.776200103759765625e+01 5.006900024414062500e+01 3.576800155639648438e+01
7.000000000000000000e+00 9.955357313156127930e-01 5.049399948120117188e+01 4.823400115966796875e+01 3.753499984741210938e+01
2.200000000000000000e+01 9.732142686843872070e-01 5.272900009155273438e+01 4.540999984741210938e+01 3.618799972534179688e+01
2.200000000000000000e+01 9.553571343421936035e-01 5.489699935913085938e+01 4.340599822998046875e+01 3.863899993896484375e+01
1.500000000000000000e+01 8.437500000000000000e-01 5.799399948120117188e+01 4.125999832153320312e+01 3.750999832153320312e+01
1.800000000000000000e+01 6.696428656578063965e-01 6.125999832153320312e+01 3.961899948120117188e+01 3.865700149536132812e+01
0.000000000000000000e+00 5.089285969734191895e-01 6.448799896240234375e+01 4.134099960327148438e+01 3.747800064086914062e+01
2.000000000000000000e+00 2.544642984867095947e-01 6.754599761962890625e+01 3.945299911499023438e+01 3.628200149536132812e+01
3.000000000000000000e+00 2.053571492433547974e-01 6.694799804687500000e+01 3.592300033569335938e+01 3.753900146484375000e+01
1.700000000000000000e+01 6.696428358554840088e-02 6.916799926757812500e+01 3.390200042724609375e+01 3.507600021362304688e+01
9.000000000000000000e+00 1.785714365541934967e-02 7.174199676513671875e+01 3.660599899291992188e+01 3.438800048828125000e+01
1.600000000000000000e+01 7.142857462167739868e-02 7.087300109863281250e+01 4.025400161743164062e+01 3.328099822998046875e+01
1.000000000000000000e+00 1.875000000000000000e-01 6.808999633789062500e+01 4.085599899291992188e+01 3.073500061035156250e+01
1.000000000000000000e+00 2.991071343421936035e-01 6.630200195312500000e+01 4.396099853515625000e+01 2.942900085449218750e+01
2.000000000000000000e+01 5.714285969734191895e-01 6.259799957275390625e+01 4.463100051879882812e+01 2.974099922180175781e+01
1.800000000000000000e+01 6.339285969734191895e-01 6.032699966430664062e+01 4.650699996948242188e+01 2.736100006103515625e+01
1.100000000000000000e+01 8.169642686843872070e-01 5.659000015258789062e+01 4.692699813842773438e+01 2.850600051879882812e+01
0.000000000000000000e+00 8.125000000000000000e-01 5.381900024414062500e+01 4.810800170898437500e+01 2.613199996948242188e+01
0.000000000000000000e+00 8.973214030265808105e-01 5.063199996948242188e+01 4.958900070190429688e+01 2.774200057983398438e+01
1.200000000000000000e+01 8.482142686843872070e-01 4.750199890136718750e+01 4.964400100708007812e+01 2.568000030517578125e+01
1.200000000000000000e+01 8.348214030265808105e-01 4.485300064086914062e+01 5.191600036621093750e+01 2.703199958801269531e+01
1.700000000000000000e+01 7.678571343421936035e-01 4.106200027465820312e+01 5.201100158691406250e+01 2.679800033569335938e+01
1.600000000000000000e+01 7.410714030265808105e-01 3.847100067138671875e+01 5.320000076293945312e+01 2.944099998474121094e+01
2.000000000000000000e+01 7.767857313156127930e-01 3.689400100708007812e+01 4.986899948120117188e+01 3.010400009155273438e+01
1.700000000000000000e+01 8.660714030265808105e-01 3.958800125122070312e+01 4.752799987792968750e+01 2.868300056457519531e+01
2.000000000000000000e+01 9.375000000000000000e-01 4.338000106811523438e+01 4.746500015258789062e+01 2.859199905395507812e+01
1.700000000000000000e+01 9.508928656578063965e-01 4.618500137329101562e+01 4.532300186157226562e+01 2.760000038146972656e+01
1.800000000000000000e+01 9.687500000000000000e-01 4.968299865722656250e+01 4.488399887084960938e+01 2.892600059509277344e+01
1.800000000000000000e+01 8.794642686843872070e-01 5.256499862670898438e+01 4.301699829101562500e+01 2.727899932861328125e+01
0.000000000000000000e+00 8.080357313156127930e-01 5.624900054931640625e+01 4.279399871826171875e+01 2.780800056457519531e+01
2.200000000000000000e+01 6.026785969734191895e-01 5.921599960327148438e+01 4.203499984741210938e+01 2.558399963378906250e+01
2.200000000000000000e+01 4.955357015132904053e-01 6.212699890136718750e+01 4.041899871826171875e+01 2.746400070190429688e+01
1.800000000000000000e+01 2.142857164144515991e-01 6.544100189208984375e+01 4.040299987792968750e+01 2.562199974060058594e+01
2.000000000000000000e+00 6.250000000000000000e-02 6.916799926757812500e+01 3.991199874877929688e+01 2.607799911499023438e+01
1.600000000000000000e+01 1.339285727590322495e-02 7.176499938964843750e+01 4.271300125122070312e+01 2.666399955749511719e+01
