1 1 14 0 0.017964071856287345 0 0 47.525 49.653 23.976
1 2 18 0 0.11377245508982048 0 0 44.502 47.374 24.108
1 3 7 0 0.3053892215568862 0 0 42.176 48.055 26.965
1 4 20 0 0.5808383233532934 0 0 40.185 45.178 28.460
1 5 13 0 0.7245508982035929 0 0 37.477 45.646 31.079
1 6 12 0 0.9161676646706587 0 0 37.506 42.376 32.955
1 7 22 0 0.9580838323353293 0 0 34.660 41.919 35.373
1 8 22 0 0.9820359281437125 0 0 35.059 39.607 38.377
1 9 22 0 0.9700598802395209 0 0 31.700 37.899 38.719
1 10 9 0 0.9461077844311377 0 0 30.479 35.726 41.593
1 11 0 0 0.8023952095808383 0 0 28.835 35.815 44.932
1 12 9 0 0.658682634730539 0 0 30.163 36.869 48.292
1 13 9 0 0.592814371257485 0 0 32.727 34.583 49.929
1 14 22 0 0.8263473053892215 0 0 34.682 33.543 46.820
1 15 9 0 0.8383233532934131 0 0 37.562 35.983 47.011
1 16 13 0 0.9341317365269461 0 0 36.802 38.227 44.048
1 17 17 0 0.8203592814371258 0 0 38.483 41.130 45.686
1 18 0 0 0.7544910179640718 0 0 41.314 38.871 46.780
1 19 12 0 0.8802395209580838 0 0 42.284 37.846 43.306
1 20 18 0 0.8622754491017964 0 0 42.113 41.428 42.144
1 21 11 0 0.6107784431137725 0 0 44.344 42.781 44.915
1 22 6 0 0.5688622754491017 0 0 46.735 39.973 44.376
1 23 12 0 0.6407185628742516 0 0 47.188 41.004 40.813
1 24 11 0 0.5089820359281436 0 0 47.339 44.747 41.480
1 25 6 0 0.22754491017964074 0 0 49.565 45.058 44.494
1 26 2 0 0.21556886227544902 0 0 50.651 41.675 45.711
1 27 10 0 0.17365269461077848 0 0 48.726 41.186 48.953
1 28 15 0 0.3413173652694611 0 0 45.704 39.343 50.298
1 29 22 0 0.35928143712574856 0 0 42.810 41.515 51.242
1 30 3 0 0.14970059880239517 0 0 40.856 40.897 54.383
1 31 7 0 0.10778443113772451 0 0 38.599 43.865 54.756
1 32 20 0 0.23952095808383234 0 0 35.672 44.817 52.692
1 33 3 0 0.221556886227545 0 0 34.626 47.739 50.626
1 34 16 0 0.3532934131736526 0 0 31.803 47.837 48.109
1 35 18 0 0.4730538922155688 0 0 34.287 48.811 45.413
1 36 11 0 0.2934131736526946 0 0 32.319 51.567 43.700
1 37 7 0 0.12574850299401197 0 0 34.395 54.522 42.560
1 38 3 0 0.2335329341317366 0 0 37.775 52.849 42.937
1 39 17 0 0.3173652694610779 0 0 39.917 52.316 39.874
1 40 20 0 0.5149700598802396 0 0 42.021 49.308 39.179
1 41 1 0 0.45508982035928147 0 0 44.305 49.188 36.224
1 42 13 0 0.437125748502994 0 0 47.214 46.970 35.378
1 43 6 0 0.16766467065868274 0 0 49.668 46.903 32.480
1 44 22 0 0.25149700598802394 0 0 50.798 43.399 31.734
1 45 22 0 0.10179640718562877 0 0 52.542 41.690 28.898
1 46 11 0 0.281437125748503 0 0 50.422 38.677 28.155
1 47 3 0 0.07784431137724557 0 0 51.715 36.474 25.328
1 48 9 0 0.0 0 0 54.275 38.984 24.128
1 49 7 0 0.02395209580838331 0 0 51.644 41.654 23.767
1 50 18 0 0.059880239520958 0 0 51.067 44.559 26.100
1 51 5 0 0.24550898203592808 0 0 47.574 44.956 27.442
1 52 12 0 0.34730538922155685 0 0 45.958 47.189 30.023
1 53 12 0 0.6287425149700598 0 0 43.523 45.144 32.182
1 54 3 0 0.6766467065868262 0 0 40.884 47.219 33.929
1 55 11 0 0.8502994011976048 0 0 39.814 45.107 36.782
1 56 12 0 0.8682634730538922 0 0 36.222 45.346 37.969
1 57 3 0 0.874251497005988 0 0 34.522 44.106 41.079
1 58 18 0 0.844311377245509 0 0 30.877 43.302 41.641
1 59 0 0 0.6227544910179641 0 0 28.473 43.733 44.588
1 60 9 0 0.39520958083832336 0 0 24.802 43.937 45.590
1 61 6 0 0.28742514970059885 0 0 21.834 41.614 45.000
1 62 7 0 0.27544910179640725 0 0 20.278 41.525 41.620
1 63 7 0 0.053892215568862256 0 0 17.283 43.773 41.747
1 64 20 0 0.04790419161676651 0 0 16.915 44.213 37.911
1 65 17 0 0.03592814371257491 0 0 18.386 47.602 37.120
1 66 0 0 0.029940119760479056 0 0 19.400 49.022 33.802
1 67 14 0 0.09580838323353291 0 0 22.621 50.241 35.322
1 68 1 0 0.33532934131736525 0 0 23.408 46.817 36.615
1 69 3 0 0.3293413173652695 0 0 22.991 45.506 33.117
1 70 6 0 0.2574850299401197 0 0 25.086 48.329 31.610
1 71 20 0 0.5329341317365269 0 0 27.954 47.375 33.942
1 72 14 0 0.688622754491018 0 0 28.006 43.846 32.532
1 73 1 0 0.49101796407185627 0 0 27.504 44.957 28.914
1 74 18 0 0.4970059880239521 0 0 30.541 47.216 29.056
1 75 9 0 0.7485029940119761 0 0 32.319 44.154 30.376
1 76 7 0 0.7125748502994012 0 0 34.688 42.830 27.808
1 77 9 0 0.8862275449101796 0 0 35.082 39.440 29.447
1 78 15 0 0.9640718562874252 0 0 33.728 37.708 32.519
1 79 12 0 0.9940119760479041 0 0 35.919 36.062 35.065
1 80 5 0 0.9880239520958084 0 0 33.371 33.847 36.734
1 81 22 0 0.9760479041916168 0 0 34.541 33.059 40.223
1 82 15 0 0.8982035928143712 0 0 33.168 30.360 42.478
1 83 0 0 0.7664670658682635 0 0 34.888 28.529 45.236
1 84 11 0 0.5209580838323353 0 0 35.135 24.933 46.246
1 85 2 0 0.31137724550898194 0 0 34.231 25.187 49.867
1 86 2 0 0.4251497005988024 0 0 31.055 26.950 48.983
1 87 18 0 0.29940119760479034 0 0 28.243 25.070 47.356
1 88 13 0 0.37125748502994016 0 0 25.931 28.103 47.252
1 89 17 0 0.6467065868263473 0 0 28.522 30.183 45.398
1 90 15 0 0.6347305389221557 0 0 28.648 27.460 42.721
1 91 7 0 0.46706586826347307 0 0 24.926 27.132 42.305
1 92 3 0 0.5868263473053892 0 0 24.841 30.882 41.853
1 93 11 0 0.7784431137724551 0 0 27.002 30.469 38.696
1 94 10 0 0.5449101796407185 0 0 23.890 29.695 36.804
1 95 10 0 0.5389221556886228 0 0 22.424 32.944 38.209
1 96 20 0 0.7844311377245509 0 0 25.324 35.120 37.060
1 97 1 0 0.718562874251497 0 0 25.532 33.341 33.749
1 98 7 0 0.47904191616766467 0 0 21.857 33.666 33.137
1 99 6 0 0.5269461077844311 0 0 22.189 37.404 33.654
1 100 11 0 0.6826347305389222 0 0 25.172 37.401 31.346
1 101 13 0 0.4491017964071856 0 0 23.372 35.610 28.485
1 102 1 0 0.20958083832335328 0 0 20.477 37.957 29.009
1 103 22 0 0.32335329341317365 0 0 22.463 41.240 28.912
1 104 13 0 0.38323353293413165 0 0 24.950 40.200 26.248
1 105 3 0 0.11976047904191622 0 0 22.336 38.530 24.134
1 106 17 0 0.19161676646706582 0 0 24.780 35.792 23.459
1 107 7 0 0.3892215568862275 0 0 26.177 32.640 25.021
1 108 3 0 0.40718562874251496 0 0 29.531 32.787 23.191
1 109 22 0 0.5988023952095809 0 0 30.885 35.599 25.306
1 110 16 0 0.7964071856287425 0 0 34.310 35.596 26.814
1 111 14 0 0.9041916167664671 0 0 34.244 33.624 30.024
1 112 22 0 0.9401197604790419 0 0 36.165 31.274 32.250
1 113 12 0 0.9281437125748503 0 0 35.018 29.185 35.200
1 114 22 0 0.9520958083832335 0 0 37.408 30.036 38.079
1 115 9 0 0.8562874251497006 0 0 37.365 27.774 41.069
1 116 2 0 0.8323353293413174 0 0 38.977 29.580 43.951
1 117 13 0 0.562874251497006 0 0 39.837 28.267 47.414
1 118 5 0 0.4850299401197605 0 0 41.542 25.282 45.895
1 119 3 0 0.17964071856287422 0 0 44.361 24.950 48.447
1 120 12 0 0.08383233532934131 0 0 41.872 23.141 50.669
1 121 16 0 0.0119760479041916 0 0 42.022 19.379 50.371
1 122 17 0 0.0059880239520957446 0 0 38.450 18.631 51.276
1 123 1 0 0.0718562874251496 0 0 36.338 19.480 48.263
1 124 18 0 0.06586826347305386 0 0 32.763 20.168 49.234
1 125 22 0 0.20359281437125742 0 0 32.066 21.063 45.607
1 126 3 0 0.13173652694610782 0 0 32.918 18.294 43.107
1 127 18 0 0.2694610778443114 0 0 35.511 19.301 40.516
1 128 13 0 0.08982035928143717 0 0 34.207 16.761 37.992
1 129 6 0 0.15568862275449102 0 0 30.882 18.642 37.936
1 130 0 0 0.5029940119760479 0 0 32.814 21.838 37.430
1 131 6 0 0.3652694610778443 0 0 34.617 20.152 34.566
1 132 3 0 0.14371257485029942 0 0 31.531 18.789 32.886
1 133 12 0 0.43113772455089827 0 0 30.021 22.277 33.308
1 134 0 0 0.5508982035928144 0 0 32.879 24.041 31.605
1 135 1 0 0.26347305389221565 0 0 32.856 21.550 28.719
1 136 17 0 0.16167664670658677 0 0 29.215 21.911 28.146
1 137 20 0 0.44311377245508976 0 0 29.618 25.606 27.860
1 138 9 0 0.4131736526946108 0 0 32.937 25.541 25.973
1 139 11 0 0.6646706586826348 0 0 35.068 27.484 28.431
1 140 16 0 0.7005988023952096 0 0 38.221 26.778 30.272
1 141 15 0 0.7425149700598803 0 0 38.461 25.758 33.882
1 142 11 0 0.8143712574850299 0 0 40.965 27.274 36.296
1 143 7 0 0.7065868263473054 0 0 41.518 26.040 39.823
1 144 18 0 0.7604790419161677 0 0 43.011 28.856 41.887
1 145 17 0 0.6047904191616766 0 0 43.955 29.791 45.430
1 146 0 0 0.6706586826347305 0 0 44.327 33.468 46.227
1 147 13 0 0.4011976047904191 0 0 45.424 32.688 49.740
1 148 18 0 0.19760479041916168 0 0 48.446 30.586 48.805
1 149 1 0 0.41916167664670656 0 0 48.917 32.658 45.716
1 150 6 0 0.4610778443113772 0 0 48.397 29.691 43.445
1 151 9 0 0.6167664670658684 0 0 47.279 30.236 39.853
1 152 22 0 0.7904191616766467 0 0 46.130 33.781 40.212
1 153 3 0 0.6946107784431137 0 0 47.986 34.884 37.139
1 154 3 0 0.7305389221556886 0 0 46.414 32.160 35.055
1 155 0 0 0.9221556886227544 0 0 42.794 33.091 35.803
1 156 15 0 0.9101796407185628 0 0 43.255 36.569 34.494
1 157 20 0 0.7724550898203593 0 0 45.533 35.422 31.711
1 158 18 0 0.8083832335329342 0 0 43.189 32.672 30.633
1 159 12 0 0.8922155688622755 0 0 40.372 35.183 30.207
1 160 22 0 0.7365269461077844 0 0 42.560 37.515 28.179
1 161 1 0 0.5568862275449102 0 0 43.428 34.524 26.076
1 162 7 0 0.652694610778443 0 0 39.706 34.015 25.496
1 163 11 0 0.5748502994011976 0 0 38.950 37.567 24.409
1 164 1 0 0.3772455089820359 0 0 41.880 37.365 22.083
1 165 13 0 0.18562874251497008 0 0 40.841 34.258 20.169
1 166 10 0 0.13772455089820357 0 0 37.703 35.830 18.693
1 167 13 0 0.041916167664670656 0 0 37.040 38.875 16.586
