5.000000000000000000e+00 1.071428582072257996e-01 2.540699958801269531e+01 3.862400054931640625e+01 4.171400070190429688e+01
1.600000000000000000e+01 2.455357164144515991e-01 2.683699989318847656e+01 4.215800094604492188e+01 4.106900024414062500e+01
1.200000000000000000e+01 4.955357015132904053e-01 3.033600044250488281e+01 4.091299819946289062e+01 4.063399887084960938e+01
1.400000000000000000e+01 5.178571343421936035e-01 3.109000015258789062e+01 3.823199844360351562e+01 3.803499984741210938e+01
2.200000000000000000e+01 6.964285969734191895e-01 3.487699890136718750e+01 3.751800155639648438e+01 3.731700134277343750e+01
1.300000000000000000e+01 6.562500000000000000e-01 3.578400039672851562e+01 3.524700164794921875e+01 3.434999847412109375e+01
2.200000000000000000e+01 7.232142686843872070e-01 3.939099884033203125e+01 3.389500045776367188e+01 3.376499938964843750e+01
1.200000000000000000e+01 6.651785969734191895e-01 4.046200180053710938e+01 3.284500122070312500e+01 3.027000045776367188e+01
3.000000000000000000e+00 6.160714030265808105e-01 4.364400100708007812e+01 3.117600059509277344e+01 2.884300041198730469e+01
0.000000000000000000e+00 5.848214030265808105e-01 4.506299972534179688e+01 3.248300170898437500e+01 2.561499977111816406e+01
2.200000000000000000e+01 3.482142984867095947e-01 4.717599868774414062e+01 2.941300010681152344e+01 2.484300041198730469e+01
1.000000000000000000e+00 2.008928507566452026e-01 4.436399841308593750e+01 2.675699996948242188e+01 2.472200012207031250e+01
9.000000000000000000e+00 2.589285671710968018e-01 4.165100097656250000e+01 2.925600051879882812e+01 2.354500007629394531e+01
1.700000000000000000e+01 2.812500000000000000e-01 3.970800018310546875e+01 2.822599983215332031e+01 2.661499977111816406e+01
1.600000000000000000e+01 3.660714328289031982e-01 3.868600082397460938e+01 2.892700004577636719e+01 3.021500015258789062e+01
0.000000000000000000e+00 5.446428656578063965e-01 4.137799835205078125e+01 2.924699974060058594e+01 3.290999984741210938e+01
1.100000000000000000e+01 3.303571343421936035e-01 4.044900131225585938e+01 2.672900009155273438e+01 3.571699905395507812e+01
2.000000000000000000e+00 3.526785671710968018e-01 4.149200057983398438e+01 2.691799926757812500e+01 3.940200042724609375e+01
2.200000000000000000e+01 6.517857313156127930e-01 4.267599868774414062e+01 3.060400009155273438e+01 3.922700119018554688e+01
0.000000000000000000e+00 6.607142686843872070e-01 4.259999847412109375e+01 3.218399810791015625e+01 4.275799942016601562e+01
1.400000000000000000e+01 7.589285969734191895e-01 4.127000045776367188e+01 3.573699951171875000e+01 4.331600189208984375e+01
2.200000000000000000e+01 7.098214030265808105e-01 3.843500137329101562e+01 4.093700027465820312e+01 4.662699890136718750e+01
1.500000000000000000e+01 6.785714030265808105e-01 3.935599899291992188e+01 4.390100097656250000e+01 4.891600036621093750e+01
1.000000000000000000e+00 5.580357313156127930e-01 3.744300079345703125e+01 4.709299850463867188e+01 4.992599868774414062e+01
1.300000000000000000e+01 4.776785671710968018e-01 3.869300079345703125e+01 5.013299942016601562e+01 5.155899810791015625e+01
0.000000000000000000e+00 2.142857164144515991e-01 3.847100067138671875e+01 5.063899993896484375e+01 5.531399917602539062e+01
0.000000000000000000e+00 6.696428358554840088e-02 3.775199890136718750e+01 5.387699890136718750e+01 5.706299972534179688e+01
3.000000000000000000e+00 8.482142537832260132e-02 4.134400177001953125e+01 5.479999923706054688e+01 5.744699859619140625e+01
3.000000000000000000e+00 2.946428656578063965e-01 4.172900009155273438e+01 5.400999832153320312e+01 5.370100021362304688e+01
1.800000000000000000e+01 3.571428656578063965e-01 4.338899993896484375e+01 5.061000061035156250e+01 5.433399963378906250e+01
1.900000000000000000e+01 5.491071343421936035e-01 4.249499893188476562e+01 4.745500183105468750e+01 5.252999877929687500e+01
7.000000000000000000e+00 3.392857015132904053e-01 3.995500183105468750e+01 4.521300125122070312e+01 5.434600067138671875e+01
1.600000000000000000e+01 4.464285671710968018e-01 3.967800140380859375e+01 4.150999832153320312e+01 5.293399810791015625e+01
1.500000000000000000e+01 3.705357015132904053e-01 3.615200042724609375e+01 4.115800094604492188e+01 5.137200164794921875e+01
0.000000000000000000e+00 4.107142984867095947e-01 3.565100097656250000e+01 3.788499832153320312e+01 4.939099884033203125e+01
1.700000000000000000e+01 5.000000000000000000e-01 3.762500000000000000e+01 3.511299896240234375e+01 4.756999969482421875e+01
9.000000000000000000e+00 4.062500000000000000e-01 3.781700134277343750e+01 3.176000022888183594e+01 4.591199874877929688e+01
1.300000000000000000e+01 4.642857015132904053e-01 3.928499984741210938e+01 2.995899963378906250e+01 4.291999816894531250e+01
1.800000000000000000e+01 4.553571343421936035e-01 3.767800140380859375e+01 2.955299949645996094e+01 3.934799957275390625e+01
1.700000000000000000e+01 2.053571492433547974e-01 3.540999984741210938e+01 2.685300064086914062e+01 3.804299926757812500e+01
7.000000000000000000e+00 1.026785746216773987e-01 3.596799850463867188e+01 2.460700035095214844e+01 3.494800186157226562e+01
1.700000000000000000e+01 1.383928507566452026e-01 3.414300155639648438e+01 2.709399986267089844e+01 3.270100021362304688e+01
9.000000000000000000e+00 4.285714328289031982e-01 3.631200027465820312e+01 2.994899940490722656e+01 3.401200103759765625e+01
7.000000000000000000e+00 3.973214328289031982e-01 3.368299865722656250e+01 3.169000053405761719e+01 3.630899810791015625e+01
1.200000000000000000e+01 4.151785671710968018e-01 3.366500091552734375e+01 3.240999984741210938e+01 4.002500152587890625e+01
9.000000000000000000e+00 1.116071417927742004e-01 2.841300010681152344e+01 3.380699920654296875e+01 4.428499984741210938e+01
1.200000000000000000e+01 2.857142984867095947e-01 3.118799972534179688e+01 3.622800064086914062e+01 4.537799835205078125e+01
1.800000000000000000e+01 1.562500000000000000e-01 2.878300094604492188e+01 3.892499923706054688e+01 4.704299926757812500e+01
1.800000000000000000e+01 4.464285820722579956e-02 2.514100074768066406e+01 4.017800140380859375e+01 4.748799896240234375e+01
7.000000000000000000e+00 2.678571455180644989e-02 2.392600059509277344e+01 4.362900161743164062e+01 4.626399993896484375e+01
7.000000000000000000e+00 4.464285913854837418e-03 2.306699943542480469e+01 4.489199829101562500e+01 4.965399932861328125e+01
7.000000000000000000e+00 3.125000000000000000e-02 2.664399909973144531e+01 4.416400146484375000e+01 5.107099914550781250e+01
1.500000000000000000e+01 1.651785671710968018e-01 2.839900016784667969e+01 4.571200180053710938e+01 4.796799850463867188e+01
2.200000000000000000e+01 1.160714253783226013e-01 2.821199989318847656e+01 4.942200088500976562e+01 4.899599838256835938e+01
7.000000000000000000e+00 1.785714328289031982e-01 2.972500038146972656e+01 5.254100036621093750e+01 4.730300140380859375e+01
9.000000000000000000e+00 3.794642984867095947e-01 3.358599853515625000e+01 5.247700119018554688e+01 4.741099929809570312e+01
1.100000000000000000e+01 6.428571343421936035e-01 3.690800094604492188e+01 5.177399826049804688e+01 4.592699813842773438e+01
2.000000000000000000e+01 7.366071343421936035e-01 3.764300155639648438e+01 4.798099899291992188e+01 4.552500152587890625e+01
1.300000000000000000e+01 8.750000000000000000e-01 4.076499938964843750e+01 4.608800125122070312e+01 4.458700180053710938e+01
2.200000000000000000e+01 9.107142686843872070e-01 4.093799972534179688e+01 4.251200103759765625e+01 4.316899871826171875e+01
7.000000000000000000e+00 9.285714030265808105e-01 4.420000076293945312e+01 4.043299865722656250e+01 4.339799880981445312e+01
1.100000000000000000e+01 9.196428656578063965e-01 4.441299819946289062e+01 3.737900161743164062e+01 4.112699890136718750e+01
3.000000000000000000e+00 8.214285969734191895e-01 4.696099853515625000e+01 3.461299896240234375e+01 4.175400161743164062e+01
1.800000000000000000e+01 8.660714030265808105e-01 4.807799911499023438e+01 3.454600143432617188e+01 3.808900070190429688e+01
1.300000000000000000e+01 7.767857313156127930e-01 5.168500137329101562e+01 3.334400177001953125e+01 3.858000183105468750e+01
1.700000000000000000e+01 6.339285969734191895e-01 5.071099853515625000e+01 3.032299995422363281e+01 4.058800125122070312e+01
2.000000000000000000e+01 6.071428656578063965e-01 4.847200012207031250e+01 2.900000000000000000e+01 3.785800170898437500e+01
1.900000000000000000e+01 6.026785969734191895e-01 5.129499816894531250e+01 2.939900016784667969e+01 3.530400085449218750e+01
1.300000000000000000e+01 4.732142984867095947e-01 5.387300109863281250e+01 2.810899925231933594e+01 3.775199890136718750e+01
0.000000000000000000e+00 2.767857015132904053e-01 5.188299942016601562e+01 2.490800094604492188e+01 3.824700164794921875e+01
1.200000000000000000e+01 2.232142835855484009e-01 5.169900131225585938e+01 2.412500000000000000e+01 3.445399856567382812e+01
9.000000000000000000e+00 1.428571492433547974e-01 5.558399963378906250e+01 2.434799957275390625e+01 3.466099929809570312e+01
1.100000000000000000e+01 3.348214328289031982e-01 5.627399826049804688e+01 2.798500061035156250e+01 3.325699996948242188e+01
1.700000000000000000e+01 4.910714328289031982e-01 5.811500167846679688e+01 3.085000038146972656e+01 3.508499908447265625e+01
1.600000000000000000e+01 7.008928656578063965e-01 5.584899902343750000e+01 3.372299957275390625e+01 3.368700027465820312e+01
1.500000000000000000e+01 7.901785969734191895e-01 5.693099975585937500e+01 3.739599990844726562e+01 3.318099975585937500e+01
7.000000000000000000e+00 8.794642686843872070e-01 5.443399810791015625e+01 3.798400115966796875e+01 3.934999847412109375e+01
0.000000000000000000e+00 9.866071343421936035e-01 4.786899948120117188e+01 4.082400131225585938e+01 3.842300033569335938e+01
7.000000000000000000e+00 9.821428656578063965e-01 4.597000122070312500e+01 4.331100082397460938e+01 4.061899948120117188e+01
2.200000000000000000e+01 9.776785969734191895e-01 4.308499908447265625e+01 4.563899993896484375e+01 3.960200119018554688e+01
2.200000000000000000e+01 9.598214030265808105e-01 4.166199874877929688e+01 4.864899826049804688e+01 4.122499847412109375e+01
1.500000000000000000e+01 8.482142686843872070e-01 3.831399917602539062e+01 5.029299926757812500e+01 4.058800125122070312e+01
1.800000000000000000e+01 6.830357313156127930e-01 3.545800018310546875e+01 5.244599914550781250e+01 4.182699966430664062e+01
0.000000000000000000e+00 5.357142686843872070e-01 3.204600143432617188e+01 5.060400009155273438e+01 4.258700180053710938e+01
2.000000000000000000e+00 2.633928656578063965e-01 2.854400062561035156e+01 5.213899993896484375e+01 4.265499877929687500e+01
3.000000000000000000e+00 2.500000000000000000e-01 2.954999923706054688e+01 5.553799819946289062e+01 4.100600051879882812e+01
1.700000000000000000e+01 7.589285820722579956e-02 2.637999916076660156e+01 5.700699996948242188e+01 3.945299911499023438e+01
9.000000000000000000e+00 4.017857089638710022e-02 2.455400085449218750e+01 5.472100067138671875e+01 4.199000167846679688e+01
1.600000000000000000e+01 8.035714179277420044e-02 2.446699905395507812e+01 5.084700012207031250e+01 4.187099838256835938e+01
1.000000000000000000e+00 2.098214328289031982e-01 2.593700027465820312e+01 4.890599822998046875e+01 3.894800186157226562e+01
1.000000000000000000e+00 2.901785671710968018e-01 2.690900039672851562e+01 4.523600006103515625e+01 3.843399810791015625e+01
2.000000000000000000e+01 5.669642686843872070e-01 3.040600013732910156e+01 4.446500015258789062e+01 3.701900100708007812e+01
1.800000000000000000e+01 5.982142686843872070e-01 3.140999984741210938e+01 4.146799850463867188e+01 3.481700134277343750e+01
1.100000000000000000e+01 7.946428656578063965e-01 3.520199966430664062e+01 4.125999832153320312e+01 3.452500152587890625e+01
0.000000000000000000e+00 7.723214030265808105e-01 3.666999816894531250e+01 3.912500000000000000e+01 3.180800056457519531e+01
0.000000000000000000e+00 8.928571343421936035e-01 4.041099929809570312e+01 3.844900131225585938e+01 3.255400085449218750e+01
1.200000000000000000e+01 8.437500000000000000e-01 4.272100067138671875e+01 3.688000106811523438e+01 3.002799987792968750e+01
1.200000000000000000e+01 8.571428656578063965e-01 4.611100006103515625e+01 3.543399810791015625e+01 3.090900039672851562e+01
1.700000000000000000e+01 7.812500000000000000e-01 4.916799926757812500e+01 3.500000000000000000e+01 2.860499954223632812e+01
1.600000000000000000e+01 7.276785969734191895e-01 5.246900177001953125e+01 3.381499862670898438e+01 3.031599998474121094e+01
2.000000000000000000e+01 8.035714030265808105e-01 5.397100067138671875e+01 3.719900131225585938e+01 2.904800033569335938e+01
1.700000000000000000e+01 9.151785969734191895e-01 5.075799942016601562e+01 3.946200180053710938e+01 2.913400077819824219e+01
2.000000000000000000e+01 9.642857313156127930e-01 4.735400009155273438e+01 3.974800109863281250e+01 3.055100059509277344e+01
1.700000000000000000e+01 9.508928656578063965e-01 4.435400009155273438e+01 4.162300109863281250e+01 2.915600013732910156e+01
1.800000000000000000e+01 9.464285969734191895e-01 4.109799957275390625e+01 4.247000122070312500e+01 3.101099967956542969e+01
1.800000000000000000e+01 8.526785969734191895e-01 3.776100158691406250e+01 4.412200164794921875e+01 3.036300086975097656e+01
0.000000000000000000e+00 7.678571343421936035e-01 3.486100006103515625e+01 4.525600051879882812e+01 3.249499893188476562e+01
2.200000000000000000e+01 5.714285969734191895e-01 3.111300086975097656e+01 4.522100067138671875e+01 3.139100074768066406e+01
2.200000000000000000e+01 4.375000000000000000e-01 2.886800003051757812e+01 4.758700180053710938e+01 3.337200164794921875e+01
1.800000000000000000e+01 1.607142835855484009e-01 2.514200019836425781e+01 4.660499954223632812e+01 3.380500030517578125e+01
2.000000000000000000e+00 5.357142910361289978e-02 2.235700035095214844e+01 4.865200042724609375e+01 3.537900161743164062e+01
1.600000000000000000e+01 8.928571827709674835e-03 1.992900085449218750e+01 4.652299880981445312e+01 3.753900146484375000e+01
5.000000000000000000e+00 1.250000000000000000e-01 6.761100006103515625e+01 5.146300125122070312e+01 2.765299987792968750e+01
1.600000000000000000e+01 2.276785671710968018e-01 6.760900115966796875e+01 4.834199905395507812e+01 3.013899993896484375e+01
1.200000000000000000e+01 5.044642686843872070e-01 6.401000213623046875e+01 4.888700103759765625e+01 3.136899948120117188e+01
1.400000000000000000e+01 5.535714030265808105e-01 6.173400115966796875e+01 5.066600036621093750e+01 2.898200035095214844e+01
2.200000000000000000e+01 7.053571343421936035e-01 5.794400024414062500e+01 5.126300048828125000e+01 2.902599906921386719e+01
1.300000000000000000e+01 6.875000000000000000e-01 5.556399917602539062e+01 5.244900131225585938e+01 2.622200012207031250e+01
2.200000000000000000e+01 7.410714030265808105e-01 5.188999938964843750e+01 5.355899810791015625e+01 2.653000068664550781e+01
1.200000000000000000e+01 6.741071343421936035e-01 4.925699996948242188e+01 5.348400115966796875e+01 2.374600028991699219e+01
3.000000000000000000e+00 6.116071343421936035e-01 4.584099960327148438e+01 5.495399856567382812e+01 2.339399909973144531e+01
0.000000000000000000e+00 5.892857313156127930e-01 4.308900070190429688e+01 5.254899978637695312e+01 2.210899925231933594e+01
2.200000000000000000e+01 3.750000000000000000e-01 4.045700073242187500e+01 5.520700073242187500e+01 2.138800048828125000e+01
1.000000000000000000e+00 2.187500000000000000e-01 4.239400100708007812e+01 5.739500045776367188e+01 1.916200065612792969e+01
9.000000000000000000e+00 3.035714328289031982e-01 4.475099945068359375e+01 5.437500000000000000e+01 1.839599990844726562e+01
1.700000000000000000e+01 2.678571343421936035e-01 4.787599945068359375e+01 5.658200073242187500e+01 1.872999954223632812e+01
1.600000000000000000e+01 3.616071343421936035e-01 5.066999816894531250e+01 5.681700134277343750e+01 2.127700042724609375e+01
0.000000000000000000e+00 5.223214030265808105e-01 4.980300140380859375e+01 5.822999954223632812e+01 2.470400047302246094e+01
1.100000000000000000e+01 3.080357015132904053e-01 5.195500183105468750e+01 6.145000076293945312e+01 2.549200057983398438e+01
2.000000000000000000e+00 3.258928656578063965e-01 5.277000045776367188e+01 6.265000152587890625e+01 2.912700080871582031e+01
2.200000000000000000e+01 6.294642686843872070e-01 5.141199874877929688e+01 5.952000045776367188e+01 3.085700035095214844e+01
0.000000000000000000e+00 6.383928656578063965e-01 5.319599914550781250e+01 5.952000045776367188e+01 3.420399856567382812e+01
1.400000000000000000e+01 7.500000000000000000e-01 5.454199981689453125e+01 5.644800186157226562e+01 3.586999893188476562e+01
2.200000000000000000e+01 7.187500000000000000e-01 5.907300186157226562e+01 5.204299926757812500e+01 3.883900070190429688e+01
1.500000000000000000e+01 6.919642686843872070e-01 5.937699890136718750e+01 5.049100112915039062e+01 4.230400085449218750e+01
1.000000000000000000e+00 5.803571343421936035e-01 6.180899810791015625e+01 4.787099838256835938e+01 4.368799972534179688e+01
1.300000000000000000e+01 5.089285969734191895e-01 6.153099822998046875e+01 4.550199890136718750e+01 4.670199966430664062e+01
0.000000000000000000e+00 2.321428507566452026e-01 6.401100158691406250e+01 4.569300079345703125e+01 4.955899810791015625e+01
0.000000000000000000e+00 7.142857462167739868e-02 6.580799865722656250e+01 4.306200027465820312e+01 5.172900009155273438e+01
3.000000000000000000e+00 8.928571641445159912e-02 6.290800094604492188e+01 4.292399978637695312e+01 5.430500030517578125e+01
3.000000000000000000e+00 2.991071343421936035e-01 6.031600189208984375e+01 4.286100006103515625e+01 5.150799942016601562e+01
1.800000000000000000e+01 3.169642984867095947e-01 5.964599990844726562e+01 4.664899826049804688e+01 5.173099899291992188e+01
1.900000000000000000e+01 5.401785969734191895e-01 5.882899856567382812e+01 4.865700149536132812e+01 4.856700134277343750e+01
7.000000000000000000e+00 3.883928656578063965e-01 6.125099945068359375e+01 5.137099838256835938e+01 4.757400131225585938e+01
1.600000000000000000e+01 3.839285671710968018e-01 6.146799850463867188e+01 5.426200103759765625e+01 4.511100006103515625e+01
1.500000000000000000e+01 3.437500000000000000e-01 6.373899841308593750e+01 5.354100036621093750e+01 4.217699813842773438e+01
0.000000000000000000e+00 4.196428656578063965e-01 6.280099868774414062e+01 5.554700088500976562e+01 3.907600021362304688e+01
1.700000000000000000e+01 4.866071343421936035e-01 6.020600128173828125e+01 5.770800018310546875e+01 3.736899948120117188e+01
9.000000000000000000e+00 3.928571343421936035e-01 5.912099838256835938e+01 5.995399856567382812e+01 3.463700103759765625e+01
1.300000000000000000e+01 4.821428656578063965e-01 5.625000000000000000e+01 6.037900161743164062e+01 3.203699874877929688e+01
1.800000000000000000e+01 4.598214328289031982e-01 5.585699844360351562e+01 5.943299865722656250e+01 2.837800025939941406e+01
1.700000000000000000e+01 1.875000000000000000e-01 5.747700119018554688e+01 6.131999969482421875e+01 2.542600059509277344e+01
7.000000000000000000e+00 9.821428358554840088e-02 5.587099838256835938e+01 6.202799987792968750e+01 2.208900070190429688e+01
1.700000000000000000e+01 1.517857164144515991e-01 5.640499877929687500e+01 5.841899871826171875e+01 2.081800079345703125e+01
9.000000000000000000e+00 4.419642984867095947e-01 5.459400177001953125e+01 5.718099975585937500e+01 2.390299987792968750e+01
7.000000000000000000e+00 4.330357015132904053e-01 5.800799942016601562e+01 5.589699935913085938e+01 2.522800064086914062e+01
1.200000000000000000e+01 4.508928656578063965e-01 5.968600082397460938e+01 5.653499984741210938e+01 2.857699966430664062e+01
9.000000000000000000e+00 1.294642835855484009e-01 6.627500152587890625e+01 5.676499938964843750e+01 3.098500061035156250e+01
1.200000000000000000e+01 3.125000000000000000e-01 6.457800292968750000e+01 5.481399917602539062e+01 3.382500076293945312e+01
1.800000000000000000e+01 1.696428507566452026e-01 6.789299774169921875e+01 5.309999847412109375e+01 3.507099914550781250e+01
1.800000000000000000e+01 2.232142910361289978e-02 7.161299896240234375e+01 5.268399810791015625e+01 3.450099945068359375e+01
7.000000000000000000e+00 1.785714365541934967e-02 7.286000061035156250e+01 4.910200119018554688e+01 3.424800109863281250e+01
7.000000000000000000e+00 0.000000000000000000e+00 7.461299896240234375e+01 4.911899948120117188e+01 3.769300079345703125e+01
7.000000000000000000e+00 5.803571268916130066e-02 7.147100067138671875e+01 4.965700149536132812e+01 3.974200057983398438e+01
1.500000000000000000e+01 1.830357164144515991e-01 6.905500030517578125e+01 4.724900054931640625e+01 3.791600036621093750e+01
2.200000000000000000e+01 1.205357164144515991e-01 6.993599700927734375e+01 4.433599853515625000e+01 4.034299850463867188e+01
7.000000000000000000e+00 1.964285671710968018e-01 6.815699768066406250e+01 4.103300094604492188e+01 4.090999984741210938e+01
9.000000000000000000e+00 4.017857015132904053e-01 6.476000213623046875e+01 4.100799942016601562e+01 4.244499969482421875e+01
1.100000000000000000e+01 6.473214030265808105e-01 6.118099975585937500e+01 4.199100112915039062e+01 4.242100143432617188e+01
2.000000000000000000e+01 7.321428656578063965e-01 6.029600143432617188e+01 4.527600097656250000e+01 4.050299835205078125e+01
1.300000000000000000e+01 8.839285969734191895e-01 5.693000030517578125e+01 4.685200119018554688e+01 3.968899917602539062e+01
2.200000000000000000e+01 9.062500000000000000e-01 5.584700012207031250e+01 4.958599853515625000e+01 3.724599838256835938e+01
7.000000000000000000e+00 9.330357313156127930e-01 5.283200073242187500e+01 5.175199890136718750e+01 3.818899917602539062e+01
1.100000000000000000e+01 9.241071343421936035e-01 5.107199859619140625e+01 5.359899902343750000e+01 3.521099853515625000e+01
3.000000000000000000e+00 8.303571343421936035e-01 4.889599990844726562e+01 5.653799819946289062e+01 3.631499862670898438e+01
1.800000000000000000e+01 8.705357313156127930e-01 4.627799987792968750e+01 5.553599929809570312e+01 3.371699905395507812e+01
1.300000000000000000e+01 7.633928656578063965e-01 4.326800155639648438e+01 5.754199981689453125e+01 3.515800094604492188e+01
1.700000000000000000e+01 6.250000000000000000e-01 4.496200180053710938e+01 6.091299819946289062e+01 3.480599975585937500e+01
2.000000000000000000e+01 5.758928656578063965e-01 4.538199996948242188e+01 6.083399963378906250e+01 3.098100090026855469e+01
1.900000000000000000e+01 5.625000000000000000e-01 4.177500152587890625e+01 5.994900131225585938e+01 3.026700019836425781e+01
1.300000000000000000e+01 4.241071343421936035e-01 4.062599945068359375e+01 6.243500137329101562e+01 3.294100189208984375e+01
0.000000000000000000e+00 2.410714328289031982e-01 4.230199813842773438e+01 6.522499847412109375e+01 3.104800033569335938e+01
1.200000000000000000e+01 1.919642835855484009e-01 4.038800048828125000e+01 6.425299835205078125e+01 2.784399986267089844e+01
9.000000000000000000e+00 1.339285671710968018e-01 3.704800033569335938e+01 6.457900238037109375e+01 2.968300056457519531e+01
1.100000000000000000e+01 3.214285671710968018e-01 3.666999816894531250e+01 6.073099899291992188e+01 2.977300071716308594e+01
1.700000000000000000e+01 5.133928656578063965e-01 3.593799972534179688e+01 5.835100173950195312e+01 3.277000045776367188e+01
1.600000000000000000e+01 7.142857313156127930e-01 3.799599838256835938e+01 5.514699935913085938e+01 3.297800064086914062e+01
1.500000000000000000e+01 7.857142686843872070e-01 3.664799880981445312e+01 5.215100097656250000e+01 3.511299896240234375e+01
7.000000000000000000e+00 8.973214030265808105e-01 4.191600036621093750e+01 5.321099853515625000e+01 3.812799835205078125e+01
0.000000000000000000e+00 9.910714030265808105e-01 4.761800003051757812e+01 4.981299972534179688e+01 3.557899856567382812e+01
7.000000000000000000e+00 9.955357313156127930e-01 5.042200088500976562e+01 4.784600067138671875e+01 3.718399810791015625e+01
2.200000000000000000e+01 9.732142686843872070e-01 5.316199874877929688e+01 4.549100112915039062e+01 3.610200119018554688e+01
2.200000000000000000e+01 9.553571343421936035e-01 5.490299987792968750e+01 4.343899917602539062e+01 3.891500091552734375e+01
1.500000000000000000e+01 8.348214030265808105e-01 5.793700027465820312e+01 4.137099838256835938e+01 3.784400177001953125e+01
1.800000000000000000e+01 6.696428656578063965e-01 6.118399810791015625e+01 3.963499832153320312e+01 3.878099822998046875e+01
0.000000000000000000e+00 5.267857313156127930e-01 6.420700073242187500e+01 4.088399887084960938e+01 3.688000106811523438e+01
2.000000000000000000e+00 2.544642984867095947e-01 6.739499664306640625e+01 3.904700088500976562e+01 3.627199935913085938e+01
3.000000000000000000e+00 2.366071492433547974e-01 6.631600189208984375e+01 3.552500152587890625e+01 3.739799880981445312e+01
1.700000000000000000e+01 9.375000000000000000e-02 6.828600311279296875e+01 3.381700134277343750e+01 3.461000061035156250e+01
9.000000000000000000e+00 3.571428731083869934e-02 7.097200012207031250e+01 3.647000122070312500e+01 3.472200012207031250e+01
1.600000000000000000e+01 6.250000000000000000e-02 7.097499847412109375e+01 3.982099914550781250e+01 3.267800140380859375e+01
1.000000000000000000e+00 1.473214328289031982e-01 6.830899810791015625e+01 4.069499969482421875e+01 3.008099937438964844e+01
1.000000000000000000e+00 2.723214328289031982e-01 6.675800323486328125e+01 4.396200180053710938e+01 2.886199951171875000e+01
2.000000000000000000e+01 5.312500000000000000e-01 6.308800125122070312e+01 4.443199920654296875e+01 2.914399909973144531e+01
1.800000000000000000e+01 6.205357313156127930e-01 6.038000106811523438e+01 4.610100173950195312e+01 2.694899940490722656e+01
1.100000000000000000e+01 8.125000000000000000e-01 5.687300109863281250e+01 4.688399887084960938e+01 2.844700050354003906e+01
0.000000000000000000e+00 8.169642686843872070e-01 5.379600143432617188e+01 4.818500137329101562e+01 2.660199928283691406e+01
0.000000000000000000e+00 9.017857313156127930e-01 5.023699951171875000e+01 4.885800170898437500e+01 2.762400054931640625e+01
1.200000000000000000e+01 8.258928656578063965e-01 4.736899948120117188e+01 4.955400085449218750e+01 2.529100036621093750e+01
1.200000000000000000e+01 8.392857313156127930e-01 4.465399932861328125e+01 5.154999923706054688e+01 2.710400009155273438e+01
1.700000000000000000e+01 7.544642686843872070e-01 4.081800079345703125e+01 5.193500137329101562e+01 2.668700027465820312e+01
1.600000000000000000e+01 7.455357313156127930e-01 3.842100143432617188e+01 5.308399963378906250e+01 2.954100036621093750e+01
2.000000000000000000e+01 7.991071343421936035e-01 3.682600021362304688e+01 4.963399887084960938e+01 3.048999977111816406e+01
1.700000000000000000e+01 8.616071343421936035e-01 3.953200149536132812e+01 4.754800033569335938e+01 2.878300094604492188e+01
2.000000000000000000e+01 9.419642686843872070e-01 4.331200027465820312e+01 4.732899856567382812e+01 2.885400009155273438e+01
1.700000000000000000e+01 9.375000000000000000e-01 4.602999877929687500e+01 4.501100158691406250e+01 2.748800086975097656e+01
1.800000000000000000e+01 9.687500000000000000e-01 4.956800079345703125e+01 4.500099945068359375e+01 2.904500007629394531e+01
1.800000000000000000e+01 8.883928656578063965e-01 5.251399993896484375e+01 4.300899887084960938e+01 2.771400070190429688e+01
0.000000000000000000e+00 8.080357313156127930e-01 5.627700042724609375e+01 4.253200149536132812e+01 2.782999992370605469e+01
2.200000000000000000e+01 5.937500000000000000e-01 5.935699844360351562e+01 4.154100036621093750e+01 2.568600082397460938e+01
2.200000000000000000e+01 4.687500000000000000e-01 6.249200057983398438e+01 4.019599914550781250e+01 2.729199981689453125e+01
1.800000000000000000e+01 1.741071492433547974e-01 6.556900024414062500e+01 4.032899856567382812e+01 2.491600036621093750e+01
2.000000000000000000e+00 4.910714179277420044e-02 6.936799621582031250e+01 4.004399871826171875e+01 2.515299987792968750e+01
1.600000000000000000e+01 1.339285727590322495e-02 7.160600280761718750e+01 4.315200042724609375e+01 2.570199966430664062e+01
