1 1 14 0 0.02395209580838331 0 0 14.197 28.531 42.184
1 2 18 0 0.11976047904191622 0 0 17.419 30.468 42.782
1 3 7 0 0.25149700598802394 0 0 19.057 32.538 40.075
1 4 20 0 0.5748502994011976 0 0 22.762 33.109 39.715
1 5 13 0 0.7305389221556886 0 0 24.687 35.233 37.260
1 6 12 0 0.9221556886227544 0 0 27.851 33.330 36.373
1 7 22 0 0.9580838323353293 0 0 30.630 35.265 34.800
1 8 22 0 0.9880239520958084 0 0 33.034 33.517 32.543
1 9 22 0 0.9700598802395209 0 0 36.313 35.342 32.261
1 10 9 0 0.9341317365269461 0 0 39.031 34.586 29.812
1 11 0 0 0.8143712574850299 0 0 41.870 35.834 27.723
1 12 9 0 0.6347305389221557 0 0 41.564 35.208 24.019
1 13 9 0 0.562874251497006 0 0 42.723 31.823 22.866
1 14 22 0 0.7904191616766467 0 0 41.526 29.521 25.571
1 15 9 0 0.7784431137724551 0 0 38.163 29.079 23.881
1 16 13 0 0.9281437125748503 0 0 36.221 30.272 26.865
1 17 17 0 0.8622754491017964 0 0 32.842 30.272 25.245
1 18 0 0 0.7964071856287425 0 0 33.364 26.620 24.356
1 19 12 0 0.8982035928143712 0 0 32.898 25.456 27.970
1 20 18 0 0.8862275449101796 0 0 29.695 27.423 28.322
1 21 11 0 0.6706586826347305 0 0 28.254 26.010 25.092
1 22 6 0 0.5988023952095809 0 0 29.089 22.455 26.160
1 23 12 0 0.652694610778443 0 0 26.818 22.941 29.178
1 24 11 0 0.5449101796407185 0 0 24.188 25.116 27.591
1 25 6 0 0.32335329341317365 0 0 23.736 23.676 24.193
1 26 2 0 0.2335329341317366 0 0 25.664 20.416 23.954
1 27 10 0 0.15568862275449102 0 0 27.364 21.002 20.618
1 28 15 0 0.221556886227545 0 0 29.544 23.757 19.143
1 29 22 0 0.13772455089820357 0 0 27.938 26.273 16.886
1 30 3 0 0.03592814371257491 0 0 29.449 27.157 13.544
1 31 7 0 0.0718562874251496 0 0 30.258 30.826 14.348
1 32 20 0 0.20958083832335328 0 0 32.636 32.498 16.844
1 33 3 0 0.26347305389221565 0 0 31.297 35.620 18.244
1 34 16 0 0.4011976047904191 0 0 32.327 38.330 20.648
1 35 18 0 0.49101796407185627 0 0 29.122 37.757 22.601
1 36 11 0 0.31137724550898194 0 0 27.841 41.306 23.210
1 37 7 0 0.14970059880239517 0 0 24.095 40.611 23.021
1 38 3 0 0.3173652694610779 0 0 23.403 37.050 23.862
1 39 17 0 0.4251497005988024 0 0 22.193 35.851 27.171
1 40 20 0 0.5149700598802396 0 0 22.164 32.211 28.085
1 41 1 0 0.47904191616766467 0 0 20.448 30.236 30.843
1 42 13 0 0.37125748502994016 0 0 19.553 26.789 32.043
1 43 6 0 0.24550898203592808 0 0 18.758 25.063 35.341
1 44 22 0 0.3772455089820359 0 0 21.403 22.747 36.768
1 45 22 0 0.18562874251497008 0 0 21.109 20.654 39.887
1 46 11 0 0.28742514970059885 0 0 23.881 21.039 42.405
1 47 3 0 0.10179640718562877 0 0 23.884 19.130 45.652
1 48 9 0 0.029940119760479056 0 0 20.154 18.775 45.750
1 49 7 0 0.053892215568862256 0 0 19.419 22.367 44.924
1 50 18 0 0.07784431137724557 0 0 17.892 23.360 41.604
1 51 5 0 0.281437125748503 0 0 19.889 26.343 40.486
1 52 12 0 0.3413173652694611 0 0 19.003 28.550 37.545
1 53 12 0 0.6107784431137725 0 0 22.216 29.686 35.918
1 54 3 0 0.6167664670658684 0 0 22.237 32.881 33.921
1 55 11 0 0.8383233532934131 0 0 25.719 32.491 32.349
1 56 12 0 0.844311377245509 0 0 27.466 35.750 31.359
1 57 3 0 0.8922155688622755 0 0 30.266 35.598 28.885
1 58 18 0 0.8502994011976048 0 0 32.548 38.539 29.589
1 59 0 0 0.6467065868263473 0 0 32.858 40.640 26.440
1 60 9 0 0.40718562874251496 0 0 34.767 43.830 25.483
1 61 6 0 0.29940119760479034 0 0 38.263 45.081 25.762
1 62 7 0 0.08982035928143717 0 0 36.937 48.622 25.265
1 63 7 0 0.041916167664670656 0 0 36.614 51.237 27.993
1 64 20 0 0.0 0 0 33.974 53.001 25.934
1 65 17 0 0.0059880239520957446 0 0 30.778 51.614 24.510
1 66 0 0 0.11377245508982048 0 0 31.178 48.412 26.329
1 67 14 0 0.2934131736526946 0 0 29.712 45.939 28.743
1 68 1 0 0.5029940119760479 0 0 33.117 44.669 30.016
1 69 3 0 0.41916167664670656 0 0 32.815 46.181 33.485
1 70 6 0 0.38323353293413165 0 0 29.085 45.719 33.629
1 71 20 0 0.6646706586826348 0 0 29.707 41.983 33.539
1 72 14 0 0.6826347305389222 0 0 31.994 42.431 36.458
1 73 1 0 0.45508982035928147 0 0 29.378 44.245 38.391
1 74 18 0 0.5089820359281436 0 0 26.473 42.015 37.460
1 75 9 0 0.7604790419161677 0 0 28.165 38.741 38.429
1 76 7 0 0.6946107784431137 0 0 27.329 36.628 41.412
1 77 9 0 0.8682634730538922 0 0 30.166 34.218 40.701
1 78 15 0 0.9640718562874252 0 0 33.373 34.321 38.646
1 79 12 0 0.9940119760479041 0 0 34.917 31.617 36.422
1 80 5 0 0.9820359281437125 0 0 38.414 32.460 35.077
1 81 22 0 0.9760479041916168 0 0 39.598 30.181 32.338
1 82 15 0 0.874251497005988 0 0 43.017 29.557 30.805
1 83 0 0 0.7245508982035929 0 0 44.561 26.839 28.740
1 84 11 0 0.4970059880239521 0 0 47.603 24.926 29.419
1 85 2 0 0.23952095808383234 0 0 49.331 25.254 26.117
1 86 2 0 0.3652694610778443 0 0 49.249 29.052 26.519
1 87 18 0 0.2574850299401197 0 0 51.382 30.706 29.189
1 88 13 0 0.34730538922155685 0 0 50.040 34.115 28.211
1 89 17 0 0.6407185628742516 0 0 46.584 33.019 29.213
1 90 15 0 0.592814371257485 0 0 48.092 31.766 32.451
1 91 7 0 0.43113772455089827 0 0 49.848 35.139 33.050
1 92 3 0 0.5808383233532934 0 0 46.905 37.344 33.414
1 93 11 0 0.7664670658682635 0 0 44.952 35.568 36.214
1 94 10 0 0.5329341317365269 0 0 46.229 38.281 38.634
1 95 10 0 0.5209580838323353 0 0 44.844 40.957 36.317
1 96 20 0 0.7844311377245509 0 0 41.380 39.509 36.202
1 97 1 0 0.7125748502994012 0 0 41.610 38.796 39.896
1 98 7 0 0.44311377245508976 0 0 42.519 42.434 40.793
1 99 6 0 0.5269461077844311 0 0 39.485 43.522 38.773
1 100 11 0 0.688622754491018 0 0 37.206 40.982 40.459
1 101 13 0 0.4730538922155688 0 0 38.495 41.732 43.941
1 102 1 0 0.21556886227544902 0 0 38.139 45.502 43.382
1 103 22 0 0.3293413173652695 0 0 34.689 45.613 41.811
1 104 13 0 0.3532934131736526 0 0 33.449 43.398 44.694
1 105 3 0 0.13173652694610782 0 0 35.584 45.018 47.328
1 106 17 0 0.17964071856287422 0 0 36.729 41.742 48.688
1 107 7 0 0.2694610778443114 0 0 39.104 38.813 48.698
1 108 3 0 0.33532934131736525 0 0 36.497 36.360 49.820
1 109 22 0 0.5868263473053892 0 0 34.837 36.278 46.463
1 110 16 0 0.7724550898203593 0 0 33.710 33.058 44.929
1 111 14 0 0.9041916167664671 0 0 36.174 32.400 42.156
1 112 22 0 0.9461077844311377 0 0 37.197 29.191 40.460
1 113 12 0 0.9401197604790419 0 0 40.205 28.576 38.192
1 114 22 0 0.9520958083832335 0 0 39.535 26.402 35.132
1 115 9 0 0.8562874251497006 0 0 42.192 25.034 32.955
1 116 2 0 0.8323353293413174 0 0 41.407 24.174 29.402
1 117 13 0 0.5389221556886228 0 0 43.027 21.537 27.136
1 118 5 0 0.437125748502994 0 0 44.252 19.287 29.886
1 119 3 0 0.17365269461077848 0 0 43.715 16.047 27.981
1 120 12 0 0.09580838323353291 0 0 46.765 16.998 25.906
1 121 16 0 0.0119760479041916 0 0 49.923 14.964 26.548
1 122 17 0 0.017964071856287345 0 0 52.208 17.954 26.921
1 123 1 0 0.08383233532934131 0 0 51.680 21.276 28.453
1 124 18 0 0.06586826347305386 0 0 53.758 24.381 28.898
1 125 22 0 0.19161676646706582 0 0 51.832 25.474 31.977
1 126 3 0 0.12574850299401197 0 0 52.943 23.467 35.032
1 127 18 0 0.19760479041916168 0 0 50.201 22.162 37.320
1 128 13 0 0.10778443113772451 0 0 52.163 23.112 40.444
1 129 6 0 0.16167664670658677 0 0 52.219 26.737 39.375
1 130 0 0 0.4850299401197605 0 0 48.478 26.559 38.707
1 131 6 0 0.35928143712574856 0 0 48.095 25.205 42.181
1 132 3 0 0.14371257485029942 0 0 50.464 27.639 43.916
1 133 12 0 0.4131736526946108 0 0 48.449 30.391 42.138
1 134 0 0 0.5688622754491017 0 0 45.206 28.713 43.088
1 135 1 0 0.27544910179640725 0 0 46.279 28.317 46.732
1 136 17 0 0.20359281437125742 0 0 47.392 31.948 46.870
1 137 20 0 0.4610778443113772 0 0 43.987 33.289 46.159
1 138 9 0 0.39520958083832336 0 0 42.526 30.407 48.175
1 139 11 0 0.658682634730539 0 0 40.505 29.175 45.218
1 140 16 0 0.7065868263473054 0 0 40.076 25.760 43.662
1 141 15 0 0.8023952095808383 0 0 41.527 24.816 40.345
1 142 11 0 0.8263473053892215 0 0 39.853 22.319 38.010
1 143 7 0 0.7005988023952096 0 0 41.374 20.718 34.922
1 144 18 0 0.7544910179640718 0 0 39.091 20.506 31.994
1 145 17 0 0.6047904191616766 0 0 39.284 20.069 28.290
1 146 0 0 0.6766467065868262 0 0 36.481 21.647 26.242
1 147 13 0 0.3892215568862275 0 0 36.301 19.561 23.078
1 148 18 0 0.22754491017964074 0 0 36.231 16.234 24.814
1 149 1 0 0.4491017964071856 0 0 33.773 17.181 27.460
1 150 6 0 0.46706586826347307 0 0 35.749 16.209 30.499
1 151 9 0 0.6227544910179641 0 0 34.756 17.902 33.718
1 152 22 0 0.8083832335329342 0 0 32.746 20.626 32.094
1 153 3 0 0.7485029940119761 0 0 29.669 20.638 34.265
1 154 3 0 0.7365269461077844 0 0 31.846 20.126 37.355
1 155 0 0 0.9161676646706587 0 0 33.678 23.407 36.768
1 156 15 0 0.9101796407185628 0 0 30.349 25.078 37.292
1 157 20 0 0.7425149700598803 0 0 29.313 22.826 40.247
1 158 18 0 0.8203592814371258 0 0 32.572 23.876 41.841
1 159 12 0 0.8802395209580838 0 0 31.454 27.504 41.362
1 160 22 0 0.718562874251497 0 0 27.976 26.919 42.767
1 161 1 0 0.5508982035928144 0 0 29.579 25.053 45.644
1 162 7 0 0.6287425149700598 0 0 31.777 28.076 46.375
1 163 11 0 0.5568862275449102 0 0 28.645 30.314 46.452
1 164 1 0 0.3053892215568862 0 0 26.780 27.837 48.596
1 165 13 0 0.16766467065868274 0 0 29.355 27.801 51.391
1 166 10 0 0.059880239520958 0 0 30.555 30.155 54.204
1 167 13 0 0.04790419161676651 0 0 33.843 31.633 55.086
