5.000000000000000000e+00 1.116071417927742004e-01 2.611700057983398438e+01 3.830899810791015625e+01 4.201399993896484375e+01
1.600000000000000000e+01 2.544642984867095947e-01 2.689500045776367188e+01 4.198300170898437500e+01 4.089799880981445312e+01
1.200000000000000000e+01 5.089285969734191895e-01 3.051799964904785156e+01 4.112900161743164062e+01 4.051200103759765625e+01
1.400000000000000000e+01 5.178571343421936035e-01 3.098399925231933594e+01 3.836700057983398438e+01 3.814099884033203125e+01
2.200000000000000000e+01 6.964285969734191895e-01 3.462200164794921875e+01 3.758300018310546875e+01 3.734099960327148438e+01
1.300000000000000000e+01 6.562500000000000000e-01 3.541899871826171875e+01 3.534299850463867188e+01 3.426900100708007812e+01
2.200000000000000000e+01 7.366071343421936035e-01 3.909500122070312500e+01 3.419400024414062500e+01 3.371699905395507812e+01
1.200000000000000000e+01 6.875000000000000000e-01 4.036899948120117188e+01 3.323199844360351562e+01 3.026199913024902344e+01
3.000000000000000000e+00 6.383928656578063965e-01 4.359099960327148438e+01 3.146999931335449219e+01 2.916300010681152344e+01
0.000000000000000000e+00 6.205357313156127930e-01 4.534799957275390625e+01 3.298300170898437500e+01 2.612100028991699219e+01
2.200000000000000000e+01 4.598214328289031982e-01 4.783399963378906250e+01 3.006699943542480469e+01 2.548500061035156250e+01
1.000000000000000000e+00 2.633928656578063965e-01 4.495600128173828125e+01 2.758399963378906250e+01 2.499099922180175781e+01
9.000000000000000000e+00 3.348214328289031982e-01 4.246200180053710938e+01 3.038800048828125000e+01 2.424900054931640625e+01
1.700000000000000000e+01 2.857142984867095947e-01 3.971200180053710938e+01 2.897299957275390625e+01 2.631399917602539062e+01
1.600000000000000000e+01 4.017857015132904053e-01 3.847399902343750000e+01 2.957299995422363281e+01 2.992700004577636719e+01
0.000000000000000000e+00 5.446428656578063965e-01 4.102899932861328125e+01 2.932900047302246094e+01 3.277500152587890625e+01
1.100000000000000000e+01 3.526785671710968018e-01 4.027199935913085938e+01 2.708499908447265625e+01 3.575299835205078125e+01
2.000000000000000000e+00 3.571428656578063965e-01 4.116400146484375000e+01 2.713199996948242188e+01 3.945000076293945312e+01
2.200000000000000000e+01 6.517857313156127930e-01 4.240999984741210938e+01 3.074200057983398438e+01 3.947299957275390625e+01
0.000000000000000000e+00 6.607142686843872070e-01 4.264699935913085938e+01 3.207400131225585938e+01 4.304299926757812500e+01
1.400000000000000000e+01 7.544642686843872070e-01 4.163700103759765625e+01 3.569699859619140625e+01 4.379199981689453125e+01
2.200000000000000000e+01 7.142857313156127930e-01 3.898400115966796875e+01 4.103799819946289062e+01 4.694800186157226562e+01
1.500000000000000000e+01 6.785714030265808105e-01 3.963299942016601562e+01 4.395299911499023438e+01 4.921200180053710938e+01
1.000000000000000000e+00 5.625000000000000000e-01 3.759400177001953125e+01 4.710599899291992188e+01 5.003699874877929688e+01
1.300000000000000000e+01 4.508928656578063965e-01 3.876499938964843750e+01 5.022900009155273438e+01 5.199800109863281250e+01
0.000000000000000000e+00 1.651785671710968018e-01 3.806999969482421875e+01 5.075099945068359375e+01 5.581100082397460938e+01
0.000000000000000000e+00 5.357142910361289978e-02 3.770999908447265625e+01 5.388999938964843750e+01 5.807400131225585938e+01
3.000000000000000000e+00 8.035714179277420044e-02 4.140299987792968750e+01 5.491099929809570312e+01 5.783000183105468750e+01
3.000000000000000000e+00 2.767857015132904053e-01 4.166400146484375000e+01 5.398400115966796875e+01 5.400500106811523438e+01
1.800000000000000000e+01 2.991071343421936035e-01 4.328799819946289062e+01 5.073099899291992188e+01 5.491899871826171875e+01
1.900000000000000000e+01 5.267857313156127930e-01 4.225400161743164062e+01 4.759199905395507812e+01 5.284000015258789062e+01
7.000000000000000000e+00 3.169642984867095947e-01 3.979600143432617188e+01 4.506499862670898438e+01 5.449800109863281250e+01
1.600000000000000000e+01 3.750000000000000000e-01 3.935200119018554688e+01 4.151200103759765625e+01 5.328599929809570312e+01
1.500000000000000000e+01 3.839285671710968018e-01 3.610800170898437500e+01 4.160400009155273438e+01 5.122800064086914062e+01
0.000000000000000000e+00 4.375000000000000000e-01 3.558300018310546875e+01 3.839099884033203125e+01 4.924700164794921875e+01
1.700000000000000000e+01 5.000000000000000000e-01 3.762599945068359375e+01 3.539099884033203125e+01 4.796699905395507812e+01
9.000000000000000000e+00 4.062500000000000000e-01 3.787400054931640625e+01 3.206600189208984375e+01 4.610900115966796875e+01
1.300000000000000000e+01 4.955357015132904053e-01 3.907899856567382812e+01 3.037400054931640625e+01 4.283700180053710938e+01
1.800000000000000000e+01 4.687500000000000000e-01 3.755699920654296875e+01 2.977899932861328125e+01 3.935699844360351562e+01
1.700000000000000000e+01 2.008928507566452026e-01 3.518099975585937500e+01 2.701700019836425781e+01 3.826100158691406250e+01
7.000000000000000000e+00 1.071428582072257996e-01 3.588299942016601562e+01 2.467499923706054688e+01 3.523199844360351562e+01
1.700000000000000000e+01 1.517857164144515991e-01 3.392599868774414062e+01 2.708799934387207031e+01 3.299599838256835938e+01
9.000000000000000000e+00 4.151785671710968018e-01 3.611999893188476562e+01 3.002400016784667969e+01 3.429199981689453125e+01
7.000000000000000000e+00 4.241071343421936035e-01 3.360800170898437500e+01 3.213800048828125000e+01 3.623699951171875000e+01
1.200000000000000000e+01 4.553571343421936035e-01 3.406200027465820312e+01 3.256800079345703125e+01 3.992300033569335938e+01
9.000000000000000000e+00 1.562500000000000000e-01 2.938699913024902344e+01 3.413800048828125000e+01 4.454600143432617188e+01
1.200000000000000000e+01 3.214285671710968018e-01 3.195400047302246094e+01 3.681100082397460938e+01 4.537900161743164062e+01
1.800000000000000000e+01 2.142857164144515991e-01 2.933799934387207031e+01 3.924100112915039062e+01 4.699499893188476562e+01
1.800000000000000000e+01 6.696428358554840088e-02 2.545199966430664062e+01 4.011399841308593750e+01 4.720800018310546875e+01
7.000000000000000000e+00 3.125000000000000000e-02 2.359300041198730469e+01 4.320399856567382812e+01 4.596400070190429688e+01
7.000000000000000000e+00 4.464285913854837418e-03 2.296199989318847656e+01 4.508300018310546875e+01 4.926599884033203125e+01
7.000000000000000000e+00 5.803571268916130066e-02 2.648100090026855469e+01 4.392900085449218750e+01 5.027899932861328125e+01
1.500000000000000000e+01 1.875000000000000000e-01 2.831200027465820312e+01 4.542599868774414062e+01 4.728599929809570312e+01
2.200000000000000000e+01 1.250000000000000000e-01 2.846500015258789062e+01 4.902899932861328125e+01 4.856600189208984375e+01
7.000000000000000000e+00 2.053571492433547974e-01 2.971500015258789062e+01 5.225699996948242188e+01 4.695800018310546875e+01
9.000000000000000000e+00 3.794642984867095947e-01 3.352099990844726562e+01 5.265999984741210938e+01 4.722900009155273438e+01
1.100000000000000000e+01 6.294642686843872070e-01 3.682899856567382812e+01 5.155400085449218750e+01 4.619699859619140625e+01
2.000000000000000000e+01 7.455357313156127930e-01 3.754399871826171875e+01 4.788399887084960938e+01 4.541899871826171875e+01
1.300000000000000000e+01 8.839285969734191895e-01 4.069499969482421875e+01 4.584500122070312500e+01 4.462599945068359375e+01
2.200000000000000000e+01 9.151785969734191895e-01 4.097000122070312500e+01 4.232799911499023438e+01 4.317699813842773438e+01
7.000000000000000000e+00 9.330357313156127930e-01 4.423300170898437500e+01 4.051100158691406250e+01 4.352700042724609375e+01
1.100000000000000000e+01 9.196428656578063965e-01 4.445000076293945312e+01 3.755199813842773438e+01 4.114300155639648438e+01
3.000000000000000000e+00 8.214285969734191895e-01 4.701900100708007812e+01 3.474200057983398438e+01 4.170000076293945312e+01
1.800000000000000000e+01 8.705357313156127930e-01 4.786999893188476562e+01 3.450600051879882812e+01 3.798899841308593750e+01
1.300000000000000000e+01 7.812500000000000000e-01 5.146599960327148438e+01 3.321900177001953125e+01 3.836999893188476562e+01
1.700000000000000000e+01 6.160714030265808105e-01 5.053599929809570312e+01 2.999099922180175781e+01 4.023600006103515625e+01
2.000000000000000000e+01 6.071428656578063965e-01 4.813600158691406250e+01 2.906999969482421875e+01 3.743399810791015625e+01
1.900000000000000000e+01 5.758928656578063965e-01 5.125000000000000000e+01 2.887400054931640625e+01 3.509199905395507812e+01
1.300000000000000000e+01 3.928571343421936035e-01 5.345500183105468750e+01 2.722800064086914062e+01 3.771300125122070312e+01
0.000000000000000000e+00 2.589285671710968018e-01 5.079999923706054688e+01 2.454400062561035156e+01 3.805300140380859375e+01
1.200000000000000000e+01 1.964285671710968018e-01 5.139699935913085938e+01 2.374399948120117188e+01 3.432899856567382812e+01
9.000000000000000000e+00 1.428571492433547974e-01 5.518299865722656250e+01 2.392700004577636719e+01 3.524700164794921875e+01
1.100000000000000000e+01 2.946428656578063965e-01 5.549499893188476562e+01 2.713899993896484375e+01 3.314599990844726562e+01
1.700000000000000000e+01 4.866071343421936035e-01 5.743600082397460938e+01 3.023200035095214844e+01 3.434700012207031250e+01
1.600000000000000000e+01 7.053571343421936035e-01 5.530199813842773438e+01 3.337200164794921875e+01 3.360499954223632812e+01
1.500000000000000000e+01 8.080357313156127930e-01 5.646799850463867188e+01 3.704299926757812500e+01 3.343899917602539062e+01
7.000000000000000000e+00 8.660714030265808105e-01 5.467800140380859375e+01 3.791999816894531250e+01 3.939400100708007812e+01
0.000000000000000000e+00 9.821428656578063965e-01 4.837400054931640625e+01 4.074599838256835938e+01 3.870600128173828125e+01
7.000000000000000000e+00 9.866071343421936035e-01 4.620000076293945312e+01 4.322999954223632812e+01 4.072700119018554688e+01
2.200000000000000000e+01 9.776785969734191895e-01 4.329800033569335938e+01 4.558100128173828125e+01 3.983000183105468750e+01
2.200000000000000000e+01 9.508928656578063965e-01 4.168500137329101562e+01 4.866799926757812500e+01 4.143799972534179688e+01
1.500000000000000000e+01 8.482142686843872070e-01 3.832400131225585938e+01 5.033399963378906250e+01 4.064300155639648438e+01
1.800000000000000000e+01 6.830357313156127930e-01 3.526200103759765625e+01 5.238199996948242188e+01 4.164300155639648438e+01
0.000000000000000000e+00 5.535714030265808105e-01 3.200999832153320312e+01 5.037900161743164062e+01 4.203400039672851562e+01
2.000000000000000000e+00 2.723214328289031982e-01 2.848100090026855469e+01 5.185499954223632812e+01 4.191600036621093750e+01
3.000000000000000000e+00 2.410714328289031982e-01 2.903100013732910156e+01 5.514500045776367188e+01 4.034600067138671875e+01
1.700000000000000000e+01 7.142857462167739868e-02 2.564299964904785156e+01 5.675999832153320312e+01 3.944800186157226562e+01
9.000000000000000000e+00 1.785714365541934967e-02 2.345999908447265625e+01 5.448300170898437500e+01 4.177799987792968750e+01
1.600000000000000000e+01 7.589285820722579956e-02 2.395199966430664062e+01 5.051399993896484375e+01 4.211100006103515625e+01
1.000000000000000000e+00 1.741071492433547974e-01 2.545999908447265625e+01 4.841299819946289062e+01 3.912799835205078125e+01
1.000000000000000000e+00 2.366071492433547974e-01 2.607600021362304688e+01 4.490000152587890625e+01 3.804000091552734375e+01
2.000000000000000000e+01 5.044642686843872070e-01 2.939299964904785156e+01 4.390999984741210938e+01 3.629700088500976562e+01
1.800000000000000000e+01 5.491071343421936035e-01 3.063599967956542969e+01 4.102999877929687500e+01 3.410900115966796875e+01
1.100000000000000000e+01 7.500000000000000000e-01 3.447999954223632812e+01 4.140299987792968750e+01 3.434600067138671875e+01
0.000000000000000000e+00 7.767857313156127930e-01 3.655699920654296875e+01 3.922299957275390625e+01 3.201300048828125000e+01
0.000000000000000000e+00 8.973214030265808105e-01 4.029199981689453125e+01 3.861000061035156250e+01 3.241099929809570312e+01
1.200000000000000000e+01 8.571428656578063965e-01 4.282500076293945312e+01 3.713999938964843750e+01 3.012999916076660156e+01
1.200000000000000000e+01 8.526785969734191895e-01 4.600999832153320312e+01 3.536500167846679688e+01 3.122500038146972656e+01
1.700000000000000000e+01 7.857142686843872070e-01 4.923400115966796875e+01 3.441799926757812500e+01 2.948399925231933594e+01
1.600000000000000000e+01 7.187500000000000000e-01 5.307699966430664062e+01 3.374900054931640625e+01 3.041500091552734375e+01
2.000000000000000000e+01 8.125000000000000000e-01 5.382400131225585938e+01 3.728099822998046875e+01 2.896199989318847656e+01
1.700000000000000000e+01 9.107142686843872070e-01 5.058900070190429688e+01 3.928599929809570312e+01 2.887500000000000000e+01
2.000000000000000000e+01 9.687500000000000000e-01 4.728200149536132812e+01 3.989899826049804688e+01 3.055200004577636719e+01
1.700000000000000000e+01 9.598214030265808105e-01 4.427299880981445312e+01 4.200199890136718750e+01 2.952099990844726562e+01
1.800000000000000000e+01 9.419642686843872070e-01 4.090700149536132812e+01 4.274700164794921875e+01 3.104700088500976562e+01
1.800000000000000000e+01 8.348214030265808105e-01 3.762300109863281250e+01 4.432400131225585938e+01 2.999799919128417969e+01
0.000000000000000000e+00 7.723214030265808105e-01 3.470299911499023438e+01 4.553599929809570312e+01 3.206299972534179688e+01
2.200000000000000000e+01 5.714285969734191895e-01 3.104199981689453125e+01 4.510499954223632812e+01 3.117799949645996094e+01
2.200000000000000000e+01 3.705357015132904053e-01 2.840299987792968750e+01 4.715499877929687500e+01 3.291999816894531250e+01
1.800000000000000000e+01 1.339285671710968018e-01 2.469099998474121094e+01 4.644100189208984375e+01 3.346699905395507812e+01
2.000000000000000000e+00 4.910714179277420044e-02 2.194000053405761719e+01 4.817399978637695312e+01 3.544499969482421875e+01
1.600000000000000000e+01 8.928571827709674835e-03 2.010300064086914062e+01 4.582400131225585938e+01 3.794499969482421875e+01
5.000000000000000000e+00 1.160714253783226013e-01 6.743699645996093750e+01 5.120100021362304688e+01 2.730200004577636719e+01
1.600000000000000000e+01 2.187500000000000000e-01 6.770899963378906250e+01 4.824599838256835938e+01 2.986899948120117188e+01
1.200000000000000000e+01 4.910714328289031982e-01 6.419300079345703125e+01 4.885300064086914062e+01 3.107799911499023438e+01
1.400000000000000000e+01 5.401785969734191895e-01 6.180799865722656250e+01 5.042800140380859375e+01 2.853700065612792969e+01
2.200000000000000000e+01 7.008928656578063965e-01 5.805699920654296875e+01 5.118199920654296875e+01 2.864399909973144531e+01
1.300000000000000000e+01 6.696428656578063965e-01 5.580899810791015625e+01 5.210200119018554688e+01 2.564500045776367188e+01
2.200000000000000000e+01 7.321428656578063965e-01 5.226399993896484375e+01 5.340499877929687500e+01 2.628000068664550781e+01
1.200000000000000000e+01 6.741071343421936035e-01 4.940200042724609375e+01 5.346300125122070312e+01 2.373699951171875000e+01
3.000000000000000000e+00 6.339285969734191895e-01 4.570500183105468750e+01 5.456399917602539062e+01 2.364399909973144531e+01
0.000000000000000000e+00 6.026785969734191895e-01 4.336600112915039062e+01 5.212400054931640625e+01 2.199900054931640625e+01
2.200000000000000000e+01 4.419642984867095947e-01 4.059299850463867188e+01 5.462400054931640625e+01 2.147699928283691406e+01
1.000000000000000000e+00 2.232142835855484009e-01 4.233100128173828125e+01 5.710599899291992188e+01 1.923699951171875000e+01
9.000000000000000000e+00 2.812500000000000000e-01 4.487099838256835938e+01 5.441500091552734375e+01 1.822699928283691406e+01
1.700000000000000000e+01 2.901785671710968018e-01 4.790599822998046875e+01 5.637799835205078125e+01 1.927499961853027344e+01
1.600000000000000000e+01 3.660714328289031982e-01 5.107099914550781250e+01 5.686199951171875000e+01 2.147500038146972656e+01
0.000000000000000000e+00 5.312500000000000000e-01 4.986399841308593750e+01 5.822700119018554688e+01 2.488199996948242188e+01
1.100000000000000000e+01 3.035714328289031982e-01 5.176100158691406250e+01 6.150899887084960938e+01 2.580100059509277344e+01
2.000000000000000000e+00 3.392857015132904053e-01 5.242100143432617188e+01 6.261800003051757812e+01 2.941200065612792969e+01
2.200000000000000000e+01 6.428571343421936035e-01 5.134000015258789062e+01 5.933200073242187500e+01 3.113100051879882812e+01
0.000000000000000000e+00 6.473214030265808105e-01 5.331900024414062500e+01 5.928499984741210938e+01 3.447800064086914062e+01
1.400000000000000000e+01 7.633928656578063965e-01 5.466799926757812500e+01 5.603200149536132812e+01 3.600000000000000000e+01
2.200000000000000000e+01 7.098214030265808105e-01 5.909799957275390625e+01 5.247499847412109375e+01 3.920000076293945312e+01
1.500000000000000000e+01 6.919642686843872070e-01 5.931900024414062500e+01 5.061500167846679688e+01 4.254100036621093750e+01
1.000000000000000000e+00 5.937500000000000000e-01 6.134400177001953125e+01 4.769100189208984375e+01 4.398500061035156250e+01
1.300000000000000000e+01 5.669642686843872070e-01 6.066600036621093750e+01 4.497000122070312500e+01 4.650799942016601562e+01
0.000000000000000000e+00 2.678571343421936035e-01 6.329800033569335938e+01 4.533499908447265625e+01 4.928599929809570312e+01
0.000000000000000000e+00 1.026785746216773987e-01 6.497200012207031250e+01 4.273600006103515625e+01 5.149100112915039062e+01
3.000000000000000000e+00 8.928571641445159912e-02 6.229100036621093750e+01 4.292300033569335938e+01 5.434899902343750000e+01
3.000000000000000000e+00 3.080357015132904053e-01 5.955699920654296875e+01 4.279499816894531250e+01 5.151100158691406250e+01
1.800000000000000000e+01 3.303571343421936035e-01 5.871300125122070312e+01 4.652700042724609375e+01 5.193199920654296875e+01
1.900000000000000000e+01 5.580357313156127930e-01 5.836899948120117188e+01 4.841500091552734375e+01 4.861500167846679688e+01
7.000000000000000000e+00 4.196428656578063965e-01 6.101499938964843750e+01 5.095999908447265625e+01 4.755699920654296875e+01
1.600000000000000000e+01 4.732142984867095947e-01 6.092399978637695312e+01 5.372100067138671875e+01 4.488600158691406250e+01
1.500000000000000000e+01 3.482142984867095947e-01 6.354600143432617188e+01 5.375500106811523438e+01 4.202299880981445312e+01
0.000000000000000000e+00 3.616071343421936035e-01 6.284899902343750000e+01 5.593500137329101562e+01 3.914500045776367188e+01
1.700000000000000000e+01 4.821428656578063965e-01 6.006900024414062500e+01 5.810900115966796875e+01 3.770399856567382812e+01
9.000000000000000000e+00 3.883928656578063965e-01 5.904100036621093750e+01 5.990800094604492188e+01 3.453499984741210938e+01
1.300000000000000000e+01 4.776785671710968018e-01 5.623500061035156250e+01 6.053400039672851562e+01 3.203200149536132812e+01
1.800000000000000000e+01 4.642857015132904053e-01 5.591699981689453125e+01 5.941699981689453125e+01 2.841200065612792969e+01
1.700000000000000000e+01 1.919642835855484009e-01 5.763600158691406250e+01 6.099200057983398438e+01 2.536000061035156250e+01
7.000000000000000000e+00 9.821428358554840088e-02 5.592200088500976562e+01 6.187900161743164062e+01 2.212299919128417969e+01
1.700000000000000000e+01 1.607142835855484009e-01 5.640700149536132812e+01 5.845999908447265625e+01 2.061899948120117188e+01
9.000000000000000000e+00 4.285714328289031982e-01 5.475099945068359375e+01 5.714500045776367188e+01 2.386599922180175781e+01
7.000000000000000000e+00 4.330357015132904053e-01 5.800999832153320312e+01 5.545399856567382812e+01 2.483399963378906250e+01
1.200000000000000000e+01 4.107142984867095947e-01 5.993399810791015625e+01 5.630099868774414062e+01 2.794899940490722656e+01
9.000000000000000000e+00 1.205357164144515991e-01 6.633499908447265625e+01 5.625899887084960938e+01 3.029800033569335938e+01
1.200000000000000000e+01 3.125000000000000000e-01 6.440200042724609375e+01 5.443000030517578125e+01 3.307400131225585938e+01
1.800000000000000000e+01 1.830357164144515991e-01 6.763500213623046875e+01 5.307500076293945312e+01 3.461399841308593750e+01
1.800000000000000000e+01 4.017857089638710022e-02 7.143599700927734375e+01 5.288999938964843750e+01 3.418700027465820312e+01
7.000000000000000000e+00 2.232142910361289978e-02 7.293000030517578125e+01 4.924800109863281250e+01 3.391899871826171875e+01
7.000000000000000000e+00 0.000000000000000000e+00 7.470899963378906250e+01 4.977099990844726562e+01 3.718199920654296875e+01
7.000000000000000000e+00 4.464285820722579956e-02 7.191500091552734375e+01 5.044400024414062500e+01 3.956800079345703125e+01
1.500000000000000000e+01 1.294642835855484009e-01 6.980100250244140625e+01 4.783300018310546875e+01 3.768700027465820312e+01
2.200000000000000000e+01 9.375000000000000000e-02 7.053700256347656250e+01 4.483200073242187500e+01 3.992200088500976562e+01
7.000000000000000000e+00 1.785714328289031982e-01 6.862500000000000000e+01 4.159400177001953125e+01 4.069400024414062500e+01
9.000000000000000000e+00 3.437500000000000000e-01 6.536000061035156250e+01 4.185800170898437500e+01 4.245600128173828125e+01
1.100000000000000000e+01 6.250000000000000000e-01 6.164300155639648438e+01 4.224300003051757812e+01 4.215200042724609375e+01
2.000000000000000000e+01 7.276785969734191895e-01 6.051900100708007812e+01 4.550500106811523438e+01 4.048199844360351562e+01
1.300000000000000000e+01 8.794642686843872070e-01 5.725199890136718750e+01 4.694499969482421875e+01 3.947900009155273438e+01
2.200000000000000000e+01 9.017857313156127930e-01 5.600400161743164062e+01 4.978400039672851562e+01 3.719800186157226562e+01
7.000000000000000000e+00 9.285714030265808105e-01 5.307300186157226562e+01 5.182600021362304688e+01 3.865299987792968750e+01
1.100000000000000000e+01 9.241071343421936035e-01 5.112099838256835938e+01 5.350400161743164062e+01 3.589400100708007812e+01
3.000000000000000000e+00 8.258928656578063965e-01 4.895899963378906250e+01 5.667300033569335938e+01 3.639400100708007812e+01
1.800000000000000000e+01 8.616071343421936035e-01 4.622200012207031250e+01 5.570600128173828125e+01 3.393000030517578125e+01
1.300000000000000000e+01 7.678571343421936035e-01 4.312699890136718750e+01 5.761600112915039062e+01 3.525899887084960938e+01
1.700000000000000000e+01 6.116071343421936035e-01 4.508300018310546875e+01 6.098199844360351562e+01 3.509799957275390625e+01
2.000000000000000000e+01 5.982142686843872070e-01 4.542800140380859375e+01 6.052399826049804688e+01 3.123600006103515625e+01
1.900000000000000000e+01 5.803571343421936035e-01 4.165100097656250000e+01 5.976100158691406250e+01 3.069599914550781250e+01
1.300000000000000000e+01 3.973214328289031982e-01 4.070299911499023438e+01 6.258900070190429688e+01 3.319200134277343750e+01
0.000000000000000000e+00 2.455357164144515991e-01 4.268199920654296875e+01 6.514800262451171875e+01 3.113199996948242188e+01
1.200000000000000000e+01 2.098214328289031982e-01 4.057199859619140625e+01 6.414299774169921875e+01 2.808900070190429688e+01
9.000000000000000000e+00 1.383928507566452026e-01 3.731100082397460938e+01 6.454599761962890625e+01 2.995299911499023438e+01
1.100000000000000000e+01 3.258928656578063965e-01 3.689400100708007812e+01 6.066099929809570312e+01 3.017099952697753906e+01
1.700000000000000000e+01 5.223214030265808105e-01 3.603599929809570312e+01 5.845800018310546875e+01 3.327799987792968750e+01
1.600000000000000000e+01 7.232142686843872070e-01 3.775600051879882812e+01 5.497600173950195312e+01 3.327999877929687500e+01
1.500000000000000000e+01 7.946428656578063965e-01 3.664400100708007812e+01 5.208200073242187500e+01 3.542699813842773438e+01
7.000000000000000000e+00 8.928571343421936035e-01 4.212900161743164062e+01 5.358900070190429688e+01 3.881999969482421875e+01
0.000000000000000000e+00 9.910714030265808105e-01 4.754499816894531250e+01 4.982500076293945312e+01 3.597499847412109375e+01
7.000000000000000000e+00 9.955357313156127930e-01 5.063999938964843750e+01 4.793600082397460938e+01 3.741899871826171875e+01
2.200000000000000000e+01 9.732142686843872070e-01 5.318799972534179688e+01 4.541299819946289062e+01 3.600699996948242188e+01
2.200000000000000000e+01 9.464285969734191895e-01 5.509799957275390625e+01 4.338199996948242188e+01 3.876800155639648438e+01
1.500000000000000000e+01 8.303571343421936035e-01 5.816400146484375000e+01 4.150500106811523438e+01 3.752099990844726562e+01
1.800000000000000000e+01 6.651785969734191895e-01 6.151599884033203125e+01 3.980599975585937500e+01 3.844900131225585938e+01
0.000000000000000000e+00 5.133928656578063965e-01 6.452100372314453125e+01 4.134400177001953125e+01 3.667499923706054688e+01
2.000000000000000000e+00 2.321428507566452026e-01 6.776200103759765625e+01 3.948899841308593750e+01 3.565800094604492188e+01
3.000000000000000000e+00 2.276785671710968018e-01 6.657199859619140625e+01 3.617399978637695312e+01 3.686100006103515625e+01
1.700000000000000000e+01 8.482142537832260132e-02 6.874900054931640625e+01 3.401599884033203125e+01 3.450099945068359375e+01
9.000000000000000000e+00 2.678571455180644989e-02 7.152500152587890625e+01 3.665900039672851562e+01 3.434000015258789062e+01
1.600000000000000000e+01 6.250000000000000000e-02 7.141699981689453125e+01 3.990299987792968750e+01 3.235300064086914062e+01
1.000000000000000000e+00 1.473214328289031982e-01 6.854100036621093750e+01 4.063100051879882812e+01 3.005100059509277344e+01
1.000000000000000000e+00 2.500000000000000000e-01 6.691699981689453125e+01 4.379899978637695312e+01 2.869499969482421875e+01
2.000000000000000000e+01 5.357142686843872070e-01 6.319800186157226562e+01 4.442300033569335938e+01 2.912100028991699219e+01
1.800000000000000000e+01 5.892857313156127930e-01 6.053499984741210938e+01 4.597399902343750000e+01 2.674200057983398438e+01
1.100000000000000000e+01 7.991071343421936035e-01 5.714899826049804688e+01 4.662799835205078125e+01 2.844199943542480469e+01
0.000000000000000000e+00 8.169642686843872070e-01 5.425400161743164062e+01 4.772700119018554688e+01 2.617600059509277344e+01
0.000000000000000000e+00 9.062500000000000000e-01 5.081800079345703125e+01 4.877600097656250000e+01 2.763500022888183594e+01
1.200000000000000000e+01 8.392857313156127930e-01 4.764099884033203125e+01 4.973099899291992188e+01 2.573500061035156250e+01
1.200000000000000000e+01 8.437500000000000000e-01 4.474800109863281250e+01 5.168600082397460938e+01 2.729599952697753906e+01
1.700000000000000000e+01 7.589285969734191895e-01 4.097000122070312500e+01 5.210599899291992188e+01 2.681699943542480469e+01
1.600000000000000000e+01 7.410714030265808105e-01 3.861199951171875000e+01 5.356499862670898438e+01 2.950900077819824219e+01
2.000000000000000000e+01 8.035714030265808105e-01 3.712500000000000000e+01 5.011399841308593750e+01 3.045599937438964844e+01
1.700000000000000000e+01 8.883928656578063965e-01 3.989199829101562500e+01 4.788000106811523438e+01 2.899600028991699219e+01
2.000000000000000000e+01 9.553571343421936035e-01 4.369900131225585938e+01 4.756900024414062500e+01 2.897699928283691406e+01
1.700000000000000000e+01 9.375000000000000000e-01 4.638700103759765625e+01 4.515200042724609375e+01 2.761499977111816406e+01
1.800000000000000000e+01 9.642857313156127930e-01 4.999000167846679688e+01 4.495199966430664062e+01 2.886300086975097656e+01
1.800000000000000000e+01 8.750000000000000000e-01 5.256999969482421875e+01 4.280899810791015625e+01 2.715299987792968750e+01
0.000000000000000000e+00 7.901785969734191895e-01 5.615499877929687500e+01 4.208399963378906250e+01 2.763999938964843750e+01
2.200000000000000000e+01 5.848214030265808105e-01 5.934099960327148438e+01 4.109099960327148438e+01 2.584099960327148438e+01
2.200000000000000000e+01 4.464285671710968018e-01 6.278499984741210938e+01 4.009099960327148438e+01 2.719599914550781250e+01
1.800000000000000000e+01 1.696428507566452026e-01 6.594699859619140625e+01 4.035699844360351562e+01 2.492200088500976562e+01
2.000000000000000000e+00 3.571428731083869934e-02 6.958699798583984375e+01 3.957799911499023438e+01 2.515699958801269531e+01
1.600000000000000000e+01 1.339285727590322495e-02 7.211699676513671875e+01 4.243199920654296875e+01 2.583900070190429688e+01
