1 1 14 0 0.017964071856287345 0 0 18.654 42.276 46.103
1 2 18 0 0.13173652694610782 0 0 22.248 41.135 46.240
1 3 7 0 0.281437125748503 0 0 24.848 43.582 44.862
1 4 20 0 0.562874251497006 0 0 28.059 42.199 43.473
1 5 13 0 0.7125748502994012 0 0 31.180 43.771 42.109
1 6 12 0 0.9101796407185628 0 0 32.420 41.196 39.621
1 7 22 0 0.9580838323353293 0 0 35.925 41.523 38.278
1 8 22 0 0.9880239520958084 0 0 37.014 40.163 34.925
1 9 22 0 0.9700598802395209 0 0 40.727 39.824 34.246
1 10 9 0 0.9221556886227544 0 0 42.474 38.844 31.060
1 11 0 0 0.7544910179640718 0 0 44.562 39.963 28.132
1 12 9 0 0.6107784431137725 0 0 43.231 41.233 24.893
1 13 9 0 0.5568862275449102 0 0 42.397 38.278 22.679
1 14 22 0 0.8143712574850299 0 0 40.546 35.971 25.037
1 15 9 0 0.8323353293413174 0 0 37.076 37.564 24.759
1 16 13 0 0.9341317365269461 0 0 37.399 39.374 28.027
1 17 17 0 0.8562874251497006 0 0 34.908 42.063 27.197
1 18 0 0 0.7904191616766467 0 0 33.090 39.690 24.966
1 19 12 0 0.8982035928143712 0 0 31.520 37.630 27.663
1 20 18 0 0.8682634730538922 0 0 30.425 40.810 29.437
1 21 11 0 0.6706586826347305 0 0 29.018 42.483 26.395
1 22 6 0 0.5748502994011976 0 0 27.016 39.430 25.381
1 23 12 0 0.6467065868263473 0 0 25.365 39.242 28.799
1 24 11 0 0.5149700598802396 0 0 24.665 42.949 29.343
1 25 6 0 0.31137724550898194 0 0 24.118 44.192 25.812
1 26 2 0 0.25149700598802394 0 0 22.869 40.884 24.413
1 27 10 0 0.14371257485029942 0 0 24.203 41.515 21.007
1 28 15 0 0.14970059880239517 0 0 27.427 42.107 19.121
1 29 22 0 0.11377245508982048 0 0 29.347 45.367 18.878
1 30 3 0 0.0119760479041916 0 0 31.163 47.256 16.168
1 31 7 0 0.059880239520958 0 0 33.751 48.865 18.383
1 32 20 0 0.27544910179640725 0 0 35.175 47.832 21.762
1 33 3 0 0.221556886227545 0 0 36.238 50.634 24.026
1 34 16 0 0.33532934131736525 0 0 39.104 50.577 26.431
1 35 18 0 0.4610778443113772 0 0 36.549 50.407 29.143
1 36 11 0 0.24550898203592808 0 0 37.373 53.413 31.199
1 37 7 0 0.08982035928143717 0 0 34.515 55.778 30.711
1 38 3 0 0.20359281437125742 0 0 31.767 53.641 32.075
1 39 17 0 0.46706586826347307 0 0 31.155 50.456 34.007
1 40 20 0 0.5029940119760479 0 0 28.153 48.476 32.933
1 41 1 0 0.4491017964071856 0 0 25.470 46.903 35.044
1 42 13 0 0.3532934131736526 0 0 22.231 44.924 34.804
1 43 6 0 0.23952095808383234 0 0 20.288 42.905 37.330
1 44 22 0 0.3053892215568862 0 0 19.767 39.230 36.777
1 45 22 0 0.16766467065868274 0 0 18.319 36.160 38.416
1 46 11 0 0.3652694610778443 0 0 21.003 33.758 39.624
1 47 3 0 0.13772455089820357 0 0 19.629 30.603 41.218
1 48 9 0 0.02395209580838331 0 0 16.286 32.028 42.262
1 49 7 0 0.053892215568862256 0 0 17.618 35.425 43.343
1 50 18 0 0.09580838323353291 0 0 17.939 38.809 41.660
1 51 5 0 0.3293413173652695 0 0 21.551 40.043 41.659
1 52 12 0 0.34730538922155685 0 0 22.701 43.458 40.490
1 53 12 0 0.6167664670658684 0 0 25.969 42.731 38.790
1 54 3 0 0.6646706586826348 0 0 28.564 45.397 38.394
1 55 11 0 0.8622754491017964 0 0 31.098 43.968 36.041
1 56 12 0 0.8502994011976048 0 0 34.470 45.541 36.406
1 57 3 0 0.8862275449101796 0 0 36.162 44.975 33.058
1 58 18 0 0.844311377245509 0 0 39.792 45.200 34.054
1 59 0 0 0.592814371257485 0 0 41.326 48.327 32.484
1 60 9 0 0.4970059880239521 0 0 45.028 47.835 31.889
1 61 6 0 0.45508982035928147 0 0 47.928 45.655 32.921
1 62 7 0 0.17365269461077848 0 0 50.100 48.336 34.455
1 63 7 0 0.07784431137724557 0 0 51.729 48.626 37.820
1 64 20 0 0.0 0 0 50.867 52.287 38.222
1 65 17 0 0.0059880239520957446 0 0 48.285 54.539 36.588
1 66 0 0 0.19161676646706582 0 0 46.062 51.578 35.817
1 67 14 0 0.4131736526946108 0 0 43.158 49.897 37.520
1 68 1 0 0.5808383233532934 0 0 44.340 46.302 37.737
1 69 3 0 0.44311377245508976 0 0 45.135 46.372 41.407
1 70 6 0 0.38323353293413165 0 0 42.471 48.927 42.155
1 71 20 0 0.6287425149700598 0 0 39.739 46.721 40.755
1 72 14 0 0.6766467065868262 0 0 41.266 43.981 42.799
1 73 1 0 0.40718562874251496 0 0 40.499 46.021 45.935
1 74 18 0 0.49101796407185627 0 0 36.939 46.771 44.857
1 75 9 0 0.7305389221556886 0 0 36.066 43.343 43.560
1 76 7 0 0.6946107784431137 0 0 33.956 40.815 45.291
1 77 9 0 0.874251497005988 0 0 34.929 37.928 43.026
1 78 15 0 0.9640718562874252 0 0 37.212 37.112 40.162
1 79 12 0 0.9940119760479041 0 0 36.307 35.731 36.746
1 80 5 0 0.9820359281437125 0 0 39.591 34.489 35.364
1 81 22 0 0.9760479041916168 0 0 39.650 34.222 31.660
1 82 15 0 0.8802395209580838 0 0 41.808 32.264 29.228
1 83 0 0 0.7245508982035929 0 0 41.386 31.182 25.620
1 84 11 0 0.5209580838323353 0 0 41.770 27.472 25.174
1 85 2 0 0.29940119760479034 0 0 43.827 28.035 21.966
1 86 2 0 0.3772455089820359 0 0 46.319 30.216 23.770
1 87 18 0 0.2574850299401197 0 0 48.904 28.467 25.992
1 88 13 0 0.35928143712574856 0 0 50.111 31.753 27.409
1 89 17 0 0.652694610778443 0 0 46.690 32.932 28.553
1 90 15 0 0.6047904191616766 0 0 46.471 29.756 30.621
1 91 7 0 0.4730538922155688 0 0 49.699 30.772 32.275
1 92 3 0 0.6407185628742516 0 0 48.478 34.282 32.902
1 93 11 0 0.7964071856287425 0 0 45.993 32.787 35.349
1 94 10 0 0.5329341317365269 0 0 48.788 32.172 37.846
1 95 10 0 0.5269461077844311 0 0 49.720 35.793 37.562
1 96 20 0 0.7844311377245509 0 0 46.219 36.989 38.148
1 97 1 0 0.7065868263473054 0 0 45.810 34.490 40.991
1 98 7 0 0.437125748502994 0 0 48.854 35.737 42.791
1 99 6 0 0.5089820359281436 0 0 47.849 39.354 42.215
1 100 11 0 0.6347305389221557 0 0 44.409 38.687 43.729
1 101 13 0 0.39520958083832336 0 0 46.097 36.816 46.625
1 102 1 0 0.19760479041916168 0 0 48.348 39.841 47.287
1 103 22 0 0.2694610778443114 0 0 45.628 42.485 47.463
1 104 13 0 0.3173652694610779 0 0 42.841 40.537 49.313
1 105 3 0 0.10778443113772451 0 0 45.451 38.733 51.387
1 106 17 0 0.15568862275449102 0 0 43.460 35.504 51.519
1 107 7 0 0.26347305389221565 0 0 43.516 32.257 49.483
1 108 3 0 0.2934131736526946 0 0 39.832 31.837 50.327
1 109 22 0 0.5508982035928144 0 0 38.920 34.353 47.599
1 110 16 0 0.7425149700598803 0 0 36.063 33.560 45.227
1 111 14 0 0.9041916167664671 0 0 37.253 32.852 41.751
1 112 22 0 0.9461077844311377 0 0 36.230 31.022 38.585
1 113 12 0 0.9401197604790419 0 0 38.246 29.774 35.628
1 114 22 0 0.9520958083832335 0 0 36.694 30.464 32.198
1 115 9 0 0.8383233532934131 0 0 37.944 28.729 29.034
1 116 2 0 0.8263473053892215 0 0 36.822 30.987 26.234
1 117 13 0 0.5688622754491017 0 0 36.846 30.736 22.482
1 118 5 0 0.43113772455089827 0 0 35.292 27.221 22.413
1 119 3 0 0.17964071856287422 0 0 34.224 27.389 18.716
1 120 12 0 0.04790419161676651 0 0 36.294 24.356 17.683
1 121 16 0 0.029940119760479056 0 0 37.103 20.991 19.263
1 122 17 0 0.03592814371257491 0 0 40.660 22.143 18.795
1 123 1 0 0.12574850299401197 0 0 42.427 23.370 21.883
1 124 18 0 0.08383233532934131 0 0 46.039 23.775 22.716
1 125 22 0 0.2335329341317366 0 0 45.298 23.831 26.352
1 126 3 0 0.10179640718562877 0 0 44.612 20.207 27.342
1 127 18 0 0.18562874251497008 0 0 41.518 19.724 29.405
1 128 13 0 0.06586826347305386 0 0 43.113 17.446 31.924
1 129 6 0 0.11976047904191622 0 0 45.911 19.891 32.780
1 130 0 0 0.4011976047904191 0 0 43.284 22.634 32.795
1 131 6 0 0.3413173652694611 0 0 41.229 20.716 35.318
1 132 3 0 0.16167664670658677 0 0 44.371 20.212 37.282
1 133 12 0 0.4251497005988024 0 0 44.861 24.000 37.255
1 134 0 0 0.5449101796407185 0 0 41.230 24.328 38.293
1 135 1 0 0.28742514970059885 0 0 41.753 21.843 41.111
1 136 17 0 0.22754491017964074 0 0 44.871 23.446 42.540
1 137 20 0 0.4850299401197605 0 0 42.873 26.590 43.221
1 138 9 0 0.41916167664670656 0 0 39.631 24.660 43.805
1 139 11 0 0.7005988023952096 0 0 37.997 26.759 41.047
1 140 16 0 0.7365269461077844 0 0 35.414 25.903 38.531
1 141 15 0 0.7604790419161677 0 0 36.604 25.390 35.072
1 142 11 0 0.8023952095808383 0 0 33.946 26.399 32.507
1 143 7 0 0.688622754491018 0 0 34.137 26.150 28.729
1 144 18 0 0.7485029940119761 0 0 32.757 29.094 26.854
1 145 17 0 0.5988023952095809 0 0 32.270 30.803 23.593
1 146 0 0 0.6227544910179641 0 0 31.046 34.373 23.122
1 147 13 0 0.37125748502994016 0 0 30.932 34.071 19.331
1 148 18 0 0.20958083832335328 0 0 28.841 30.929 19.280
1 149 1 0 0.3892215568862275 0 0 27.042 31.881 22.415
1 150 6 0 0.47904191616766467 0 0 27.641 29.117 24.869
1 151 9 0 0.6826347305389222 0 0 28.462 29.460 28.498
1 152 22 0 0.8083832335329342 0 0 28.378 33.218 28.357
1 153 3 0 0.7724550898203593 0 0 26.050 33.716 31.265
1 154 3 0 0.7664670658682635 0 0 26.992 30.555 33.122
1 155 0 0 0.9281437125748503 0 0 30.402 32.023 33.856
1 156 15 0 0.9161676646706587 0 0 28.896 34.865 35.856
1 157 20 0 0.7784431137724551 0 0 26.408 32.638 37.639
1 158 18 0 0.8203592814371258 0 0 29.083 30.294 38.836
1 159 12 0 0.8922155688622755 0 0 31.034 33.113 40.371
1 160 22 0 0.718562874251497 0 0 27.924 34.031 42.412
1 161 1 0 0.5389221556886228 0 0 27.742 30.392 43.402
1 162 7 0 0.658682634730539 0 0 31.407 30.649 44.491
1 163 11 0 0.5868263473053892 0 0 30.890 33.957 46.258
1 164 1 0 0.32335329341317365 0 0 28.248 32.921 48.760
1 165 13 0 0.21556886227544902 0 0 29.881 29.563 49.493
1 166 10 0 0.0718562874251496 0 0 31.719 28.827 52.673
1 167 13 0 0.041916167664670656 0 0 34.560 26.407 52.530
