5.000000000000000000e+00 1.071428582072257996e-01 2.544400024414062500e+01 3.884999847412109375e+01 4.219400024414062500e+01
1.600000000000000000e+01 2.187500000000000000e-01 2.654500007629394531e+01 4.226900100708007812e+01 4.086000061035156250e+01
1.200000000000000000e+01 4.821428656578063965e-01 3.015999984741210938e+01 4.101499938964843750e+01 4.055899810791015625e+01
1.400000000000000000e+01 5.044642686843872070e-01 3.099900054931640625e+01 3.821500015258789062e+01 3.823699951171875000e+01
2.200000000000000000e+01 6.919642686843872070e-01 3.457699966430664062e+01 3.743399810791015625e+01 3.722000122070312500e+01
1.300000000000000000e+01 6.517857313156127930e-01 3.537500000000000000e+01 3.524499893188476562e+01 3.418000030517578125e+01
2.200000000000000000e+01 7.276785969734191895e-01 3.908200073242187500e+01 3.421599960327148438e+01 3.387900161743164062e+01
1.200000000000000000e+01 6.875000000000000000e-01 4.048699951171875000e+01 3.304199981689453125e+01 3.050099945068359375e+01
3.000000000000000000e+00 6.473214030265808105e-01 4.378400039672851562e+01 3.139599990844726562e+01 2.952099990844726562e+01
0.000000000000000000e+00 6.294642686843872070e-01 4.536800003051757812e+01 3.284899902343750000e+01 2.632600021362304688e+01
2.200000000000000000e+01 4.464285671710968018e-01 4.762799835205078125e+01 2.981500053405761719e+01 2.555699920654296875e+01
1.000000000000000000e+00 2.678571343421936035e-01 4.491099929809570312e+01 2.720700073242187500e+01 2.542900085449218750e+01
9.000000000000000000e+00 3.169642984867095947e-01 4.244100189208984375e+01 3.005999946594238281e+01 2.430200004577636719e+01
1.700000000000000000e+01 2.857142984867095947e-01 3.990900039672851562e+01 2.870299911499023438e+01 2.675499916076660156e+01
1.600000000000000000e+01 3.750000000000000000e-01 3.839500045776367188e+01 2.937500000000000000e+01 3.018700027465820312e+01
0.000000000000000000e+00 5.267857313156127930e-01 4.073699951171875000e+01 2.914200019836425781e+01 3.318199920654296875e+01
1.100000000000000000e+01 3.303571343421936035e-01 3.979000091552734375e+01 2.684799957275390625e+01 3.614799880981445312e+01
2.000000000000000000e+00 3.348214328289031982e-01 4.110900115966796875e+01 2.670000076293945312e+01 3.970500183105468750e+01
2.200000000000000000e+01 6.339285969734191895e-01 4.269900131225585938e+01 3.032999992370605469e+01 3.942699813842773438e+01
0.000000000000000000e+00 6.428571343421936035e-01 4.276699829101562500e+01 3.172999954223632812e+01 4.304100036621093750e+01
1.400000000000000000e+01 7.589285969734191895e-01 4.161399841308593750e+01 3.540000152587890625e+01 4.328699874877929688e+01
2.200000000000000000e+01 7.187500000000000000e-01 3.895500183105468750e+01 4.077899932861328125e+01 4.657500076293945312e+01
1.500000000000000000e+01 6.964285969734191895e-01 3.978599929809570312e+01 4.362500000000000000e+01 4.892399978637695312e+01
1.000000000000000000e+00 5.803571343421936035e-01 3.773699951171875000e+01 4.671599960327148438e+01 4.981399917602539062e+01
1.300000000000000000e+01 5.133928656578063965e-01 3.896799850463867188e+01 5.011100006103515625e+01 5.104100036621093750e+01
0.000000000000000000e+00 2.366071492433547974e-01 3.854600143432617188e+01 5.063199996948242188e+01 5.479499816894531250e+01
0.000000000000000000e+00 7.589285820722579956e-02 3.861299896240234375e+01 5.358599853515625000e+01 5.744800186157226562e+01
3.000000000000000000e+00 1.026785746216773987e-01 4.212500000000000000e+01 5.513000106811523438e+01 5.682799911499023438e+01
3.000000000000000000e+00 3.258928656578063965e-01 4.228400039672851562e+01 5.366799926757812500e+01 5.326800155639648438e+01
1.800000000000000000e+01 3.437500000000000000e-01 4.375199890136718750e+01 5.034600067138671875e+01 5.443600082397460938e+01
1.900000000000000000e+01 5.535714030265808105e-01 4.257099914550781250e+01 4.735499954223632812e+01 5.249800109863281250e+01
7.000000000000000000e+00 3.392857015132904053e-01 4.029100036621093750e+01 4.488999938964843750e+01 5.427399826049804688e+01
1.600000000000000000e+01 3.973214328289031982e-01 3.938800048828125000e+01 4.148099899291992188e+01 5.302000045776367188e+01
1.500000000000000000e+01 3.660714328289031982e-01 3.606800079345703125e+01 4.144200134277343750e+01 5.117200088500976562e+01
0.000000000000000000e+00 4.017857015132904053e-01 3.568000030517578125e+01 3.806000137329101562e+01 4.939799880981445312e+01
1.700000000000000000e+01 5.089285969734191895e-01 3.796599960327148438e+01 3.543700027465820312e+01 4.780400085449218750e+01
9.000000000000000000e+00 4.285714328289031982e-01 3.779399871826171875e+01 3.211100006103515625e+01 4.590000152587890625e+01
1.300000000000000000e+01 4.553571343421936035e-01 3.906100082397460938e+01 2.990699958801269531e+01 4.312400054931640625e+01
1.800000000000000000e+01 4.508928656578063965e-01 3.754800033569335938e+01 2.955800056457519531e+01 3.958200073242187500e+01
1.700000000000000000e+01 2.008928507566452026e-01 3.489799880981445312e+01 2.720499992370605469e+01 3.828599929809570312e+01
7.000000000000000000e+00 8.482142537832260132e-02 3.477600097656250000e+01 2.485400009155273438e+01 3.530599975585937500e+01
1.700000000000000000e+01 1.428571492433547974e-01 3.332799911499023438e+01 2.757799911499023438e+01 3.306700134277343750e+01
9.000000000000000000e+00 4.062500000000000000e-01 3.604000091552734375e+01 2.996100044250488281e+01 3.458900070190429688e+01
7.000000000000000000e+00 4.196428656578063965e-01 3.361000061035156250e+01 3.206399917602539062e+01 3.663000106811523438e+01
1.200000000000000000e+01 3.928571343421936035e-01 3.358200073242187500e+01 3.268000030517578125e+01 4.039599990844726562e+01
9.000000000000000000e+00 1.250000000000000000e-01 2.954999923706054688e+01 3.384500122070312500e+01 4.538700103759765625e+01
1.200000000000000000e+01 3.080357015132904053e-01 3.170700073242187500e+01 3.696699905395507812e+01 4.550000000000000000e+01
1.800000000000000000e+01 2.053571492433547974e-01 2.903000068664550781e+01 3.942499923706054688e+01 4.663499832153320312e+01
1.800000000000000000e+01 5.803571268916130066e-02 2.521899986267089844e+01 4.004100036621093750e+01 4.663800048828125000e+01
7.000000000000000000e+00 2.232142910361289978e-02 2.343300056457519531e+01 4.339599990844726562e+01 4.581700134277343750e+01
7.000000000000000000e+00 4.464285913854837418e-03 2.271999931335449219e+01 4.500299835205078125e+01 4.925500106811523438e+01
7.000000000000000000e+00 3.125000000000000000e-02 2.619199943542480469e+01 4.412900161743164062e+01 5.057500076293945312e+01
1.500000000000000000e+01 1.607142835855484009e-01 2.784300041198730469e+01 4.550899887084960938e+01 4.744900131225585938e+01
2.200000000000000000e+01 1.160714253783226013e-01 2.814800071716308594e+01 4.924599838256835938e+01 4.867399978637695312e+01
7.000000000000000000e+00 1.964285671710968018e-01 2.975399971008300781e+01 5.237699890136718750e+01 4.710400009155273438e+01
9.000000000000000000e+00 4.107142984867095947e-01 3.354399871826171875e+01 5.200199890136718750e+01 4.721599960327148438e+01
1.100000000000000000e+01 6.651785969734191895e-01 3.689400100708007812e+01 5.116299819946289062e+01 4.576100158691406250e+01
2.000000000000000000e+01 7.455357313156127930e-01 3.760900115966796875e+01 4.756700134277343750e+01 4.522200012207031250e+01
1.300000000000000000e+01 8.883928656578063965e-01 4.082899856567382812e+01 4.573799896240234375e+01 4.446300125122070312e+01
2.200000000000000000e+01 9.107142686843872070e-01 4.081399917602539062e+01 4.218899917602539062e+01 4.284099960327148438e+01
7.000000000000000000e+00 9.330357313156127930e-01 4.402899932861328125e+01 4.038299942016601562e+01 4.310499954223632812e+01
1.100000000000000000e+01 9.017857313156127930e-01 4.408900070190429688e+01 3.724100112915039062e+01 4.099200057983398438e+01
3.000000000000000000e+00 8.258928656578063965e-01 4.698500061035156250e+01 3.477600097656250000e+01 4.180199813842773438e+01
1.800000000000000000e+01 8.571428656578063965e-01 4.806600189208984375e+01 3.427700042724609375e+01 3.809600067138671875e+01
1.300000000000000000e+01 7.723214030265808105e-01 5.150699996948242188e+01 3.317599868774414062e+01 3.882899856567382812e+01
1.700000000000000000e+01 6.071428656578063965e-01 5.068700027465820312e+01 2.991099929809570312e+01 4.062799835205078125e+01
2.000000000000000000e+01 6.026785969734191895e-01 4.833599853515625000e+01 2.895999908447265625e+01 3.787599945068359375e+01
1.900000000000000000e+01 5.848214030265808105e-01 5.148300170898437500e+01 2.911599922180175781e+01 3.548199844360351562e+01
1.300000000000000000e+01 3.794642984867095947e-01 5.376599884033203125e+01 2.737500000000000000e+01 3.806200027465820312e+01
0.000000000000000000e+00 2.455357164144515991e-01 5.134600067138671875e+01 2.436899948120117188e+01 3.816199874877929688e+01
1.200000000000000000e+01 2.142857164144515991e-01 5.145600128173828125e+01 2.414500045776367188e+01 3.436600112915039062e+01
9.000000000000000000e+00 1.741071492433547974e-01 5.526499938964843750e+01 2.453400039672851562e+01 3.440000152587890625e+01
1.100000000000000000e+01 3.526785671710968018e-01 5.569100189208984375e+01 2.822699928283691406e+01 3.332400131225585938e+01
1.700000000000000000e+01 5.223214030265808105e-01 5.765100097656250000e+01 3.107699966430664062e+01 3.492699813842773438e+01
1.600000000000000000e+01 7.142857313156127930e-01 5.562799835205078125e+01 3.404000091552734375e+01 3.370000076293945312e+01
1.500000000000000000e+01 8.169642686843872070e-01 5.655400085449218750e+01 3.771099853515625000e+01 3.334999847412109375e+01
7.000000000000000000e+00 8.705357313156127930e-01 5.462300109863281250e+01 3.788499832153320312e+01 3.952500152587890625e+01
0.000000000000000000e+00 9.821428656578063965e-01 4.816799926757812500e+01 4.071300125122070312e+01 3.866600036621093750e+01
7.000000000000000000e+00 9.776785969734191895e-01 4.621099853515625000e+01 4.314099884033203125e+01 4.086600112915039062e+01
2.200000000000000000e+01 9.866071343421936035e-01 4.346200180053710938e+01 4.545500183105468750e+01 3.954800033569335938e+01
2.200000000000000000e+01 9.508928656578063965e-01 4.147800064086914062e+01 4.839199829101562500e+01 4.109400177001953125e+01
1.500000000000000000e+01 8.437500000000000000e-01 3.806700134277343750e+01 5.004999923706054688e+01 4.015399932861328125e+01
1.800000000000000000e+01 6.830357313156127930e-01 3.524100112915039062e+01 5.239899826049804688e+01 4.164599990844726562e+01
0.000000000000000000e+00 5.580357313156127930e-01 3.208100128173828125e+01 5.034600067138671875e+01 4.214699935913085938e+01
2.000000000000000000e+00 2.812500000000000000e-01 2.861199951171875000e+01 5.188800048828125000e+01 4.233200073242187500e+01
3.000000000000000000e+00 2.232142835855484009e-01 2.894499969482421875e+01 5.525500106811523438e+01 4.069300079345703125e+01
1.700000000000000000e+01 6.696428358554840088e-02 2.567700004577636719e+01 5.679100036621093750e+01 3.992800140380859375e+01
9.000000000000000000e+00 1.785714365541934967e-02 2.373699951171875000e+01 5.411600112915039062e+01 4.184899902343750000e+01
1.600000000000000000e+01 6.250000000000000000e-02 2.361499977111816406e+01 5.025400161743164062e+01 4.185300064086914062e+01
1.000000000000000000e+00 1.383928507566452026e-01 2.505100059509277344e+01 4.854700088500976562e+01 3.884700012207031250e+01
1.000000000000000000e+00 2.276785671710968018e-01 2.598399925231933594e+01 4.499800109863281250e+01 3.789699935913085938e+01
2.000000000000000000e+01 5.000000000000000000e-01 2.943700027465820312e+01 4.427299880981445312e+01 3.657699966430664062e+01
1.800000000000000000e+01 5.669642686843872070e-01 3.090699958801269531e+01 4.135300064086914062e+01 3.470800018310546875e+01
1.100000000000000000e+01 7.633928656578063965e-01 3.474300003051757812e+01 4.121200180053710938e+01 3.457199859619140625e+01
0.000000000000000000e+00 7.812500000000000000e-01 3.664300155639648438e+01 3.922399902343750000e+01 3.195199966430664062e+01
0.000000000000000000e+00 8.973214030265808105e-01 4.034199905395507812e+01 3.867900085449218750e+01 3.277799987792968750e+01
1.200000000000000000e+01 8.660714030265808105e-01 4.275799942016601562e+01 3.709500122070312500e+01 3.018199920654296875e+01
1.200000000000000000e+01 8.526785969734191895e-01 4.580599975585937500e+01 3.525600051879882812e+01 3.141799926757812500e+01
1.700000000000000000e+01 8.125000000000000000e-01 4.890900039672851562e+01 3.484600067138671875e+01 2.950900077819824219e+01
1.600000000000000000e+01 7.500000000000000000e-01 5.259899902343750000e+01 3.424800109863281250e+01 3.042799949645996094e+01
2.000000000000000000e+01 8.035714030265808105e-01 5.411500167846679688e+01 3.754100036621093750e+01 2.913899993896484375e+01
1.700000000000000000e+01 9.196428656578063965e-01 5.079499816894531250e+01 3.946099853515625000e+01 2.926700019836425781e+01
2.000000000000000000e+01 9.687500000000000000e-01 4.744499969482421875e+01 4.011100006103515625e+01 3.084600067138671875e+01
1.700000000000000000e+01 9.553571343421936035e-01 4.437599945068359375e+01 4.180400085449218750e+01 2.953800010681152344e+01
1.800000000000000000e+01 9.598214030265808105e-01 4.127199935913085938e+01 4.293299865722656250e+01 3.142300033569335938e+01
1.800000000000000000e+01 8.482142686843872070e-01 3.789099884033203125e+01 4.409799957275390625e+01 3.030100059509277344e+01
0.000000000000000000e+00 7.767857313156127930e-01 3.492699813842773438e+01 4.543099975585937500e+01 3.238000106811523438e+01
2.200000000000000000e+01 5.714285969734191895e-01 3.124099922180175781e+01 4.510200119018554688e+01 3.127799987792968750e+01
2.200000000000000000e+01 4.419642984867095947e-01 2.897500038146972656e+01 4.746599960327148438e+01 3.321799850463867188e+01
1.800000000000000000e+01 1.517857164144515991e-01 2.506599998474121094e+01 4.703799819946289062e+01 3.322100067138671875e+01
2.000000000000000000e+00 4.910714179277420044e-02 2.228000068664550781e+01 4.875799942016601562e+01 3.508300018310546875e+01
1.600000000000000000e+01 8.928571827709674835e-03 2.013699913024902344e+01 4.616299819946289062e+01 3.705599975585937500e+01
5.000000000000000000e+00 1.205357164144515991e-01 6.773899841308593750e+01 5.130799865722656250e+01 2.810899925231933594e+01
1.600000000000000000e+01 2.098214328289031982e-01 6.777500152587890625e+01 4.844900131225585938e+01 3.061000061035156250e+01
1.200000000000000000e+01 4.866071343421936035e-01 6.407499694824218750e+01 4.914199829101562500e+01 3.139599990844726562e+01
1.400000000000000000e+01 5.491071343421936035e-01 6.165999984741210938e+01 5.084000015258789062e+01 2.896699905395507812e+01
2.200000000000000000e+01 7.008928656578063965e-01 5.791099929809570312e+01 5.131499862670898438e+01 2.872200012207031250e+01
1.300000000000000000e+01 6.696428656578063965e-01 5.583000183105468750e+01 5.227600097656250000e+01 2.574699974060058594e+01
2.200000000000000000e+01 7.321428656578063965e-01 5.222299957275390625e+01 5.335800170898437500e+01 2.634300041198730469e+01
1.200000000000000000e+01 6.785714030265808105e-01 4.962300109863281250e+01 5.314400100708007812e+01 2.362400054931640625e+01
3.000000000000000000e+00 6.116071343421936035e-01 4.611600112915039062e+01 5.440200042724609375e+01 2.312599945068359375e+01
0.000000000000000000e+00 5.937500000000000000e-01 4.350899887084960938e+01 5.206600189208984375e+01 2.183300018310546875e+01
2.200000000000000000e+01 3.839285671710968018e-01 4.079399871826171875e+01 5.461500167846679688e+01 2.105999946594238281e+01
1.000000000000000000e+00 2.410714328289031982e-01 4.297700119018554688e+01 5.707400131225585938e+01 1.914599990844726562e+01
9.000000000000000000e+00 2.723214328289031982e-01 4.506100082397460938e+01 5.438299942016601562e+01 1.750200080871582031e+01
1.700000000000000000e+01 2.767857015132904053e-01 4.831600189208984375e+01 5.600699996948242188e+01 1.850600051879882812e+01
1.600000000000000000e+01 3.705357015132904053e-01 5.097399902343750000e+01 5.621200180053710938e+01 2.120499992370605469e+01
0.000000000000000000e+00 5.312500000000000000e-01 4.995399856567382812e+01 5.780199813842773438e+01 2.451399993896484375e+01
1.100000000000000000e+01 3.125000000000000000e-01 5.199200057983398438e+01 6.088299942016601562e+01 2.519599914550781250e+01
2.000000000000000000e+00 3.214285671710968018e-01 5.274399948120117188e+01 6.250999832153320312e+01 2.865999984741210938e+01
2.200000000000000000e+01 6.250000000000000000e-01 5.136999893188476562e+01 5.945500183105468750e+01 3.053100013732910156e+01
0.000000000000000000e+00 6.383928656578063965e-01 5.319100189208984375e+01 5.948699951171875000e+01 3.387200164794921875e+01
1.400000000000000000e+01 7.410714030265808105e-01 5.462900161743164062e+01 5.638499832153320312e+01 3.569300079345703125e+01
2.200000000000000000e+01 7.053571343421936035e-01 5.902299880981445312e+01 5.265999984741210938e+01 3.925000000000000000e+01
1.500000000000000000e+01 6.741071343421936035e-01 5.960200119018554688e+01 5.092300033569335938e+01 4.268000030517578125e+01
1.000000000000000000e+00 5.758928656578063965e-01 6.191799926757812500e+01 4.804999923706054688e+01 4.356900024414062500e+01
1.300000000000000000e+01 5.446428656578063965e-01 6.133300018310546875e+01 4.537099838256835938e+01 4.636700057983398438e+01
0.000000000000000000e+00 2.500000000000000000e-01 6.409799957275390625e+01 4.545399856567382812e+01 4.900400161743164062e+01
0.000000000000000000e+00 8.928571641445159912e-02 6.573300170898437500e+01 4.241600036621093750e+01 5.086700057983398438e+01
3.000000000000000000e+00 8.035714179277420044e-02 6.314099884033203125e+01 4.236500167846679688e+01 5.381999969482421875e+01
3.000000000000000000e+00 2.901785671710968018e-01 6.051300048828125000e+01 4.247499847412109375e+01 5.102199935913085938e+01
1.800000000000000000e+01 3.035714328289031982e-01 5.983800125122070312e+01 4.628599929809570312e+01 5.148899841308593750e+01
1.900000000000000000e+01 5.357142686843872070e-01 5.879399871826171875e+01 4.884700012207031250e+01 4.871799850463867188e+01
7.000000000000000000e+00 3.482142984867095947e-01 6.122999954223632812e+01 5.162300109863281250e+01 4.769400024414062500e+01
1.600000000000000000e+01 4.375000000000000000e-01 6.062400054931640625e+01 5.446099853515625000e+01 4.525600051879882812e+01
1.500000000000000000e+01 3.571428656578063965e-01 6.319800186157226562e+01 5.353099822998046875e+01 4.237099838256835938e+01
0.000000000000000000e+00 4.151785671710968018e-01 6.247700119018554688e+01 5.575600051879882812e+01 3.933000183105468750e+01
1.700000000000000000e+01 4.955357015132904053e-01 5.968999862670898438e+01 5.784700012207031250e+01 3.772900009155273438e+01
9.000000000000000000e+00 3.883928656578063965e-01 5.875799942016601562e+01 6.013100051879882812e+01 3.481100082397460938e+01
1.300000000000000000e+01 4.776785671710968018e-01 5.619100189208984375e+01 6.054199981689453125e+01 3.199099922180175781e+01
1.800000000000000000e+01 4.642857015132904053e-01 5.597000122070312500e+01 5.936100006103515625e+01 2.826799964904785156e+01
1.700000000000000000e+01 1.919642835855484009e-01 5.752000045776367188e+01 6.089500045776367188e+01 2.504400062561035156e+01
7.000000000000000000e+00 9.821428358554840088e-02 5.587300109863281250e+01 6.157500076293945312e+01 2.177499961853027344e+01
1.700000000000000000e+01 1.651785671710968018e-01 5.643000030517578125e+01 5.799300003051757812e+01 2.056200027465820312e+01
9.000000000000000000e+00 4.732142984867095947e-01 5.463800048828125000e+01 5.653099822998046875e+01 2.386499977111816406e+01
7.000000000000000000e+00 4.241071343421936035e-01 5.812400054931640625e+01 5.562500000000000000e+01 2.503599929809570312e+01
1.200000000000000000e+01 4.687500000000000000e-01 5.952899932861328125e+01 5.653099822998046875e+01 2.848900032043457031e+01
9.000000000000000000e+00 1.294642835855484009e-01 6.587500000000000000e+01 5.719300079345703125e+01 3.135400009155273438e+01
1.200000000000000000e+01 2.991071343421936035e-01 6.446199798583984375e+01 5.502299880981445312e+01 3.408599853515625000e+01
1.800000000000000000e+01 1.785714328289031982e-01 6.770999908447265625e+01 5.333900070190429688e+01 3.540900039672851562e+01
1.800000000000000000e+01 4.017857089638710022e-02 7.140399932861328125e+01 5.272700119018554688e+01 3.520899963378906250e+01
7.000000000000000000e+00 2.678571455180644989e-02 7.249099731445312500e+01 4.895899963378906250e+01 3.476499938964843750e+01
7.000000000000000000e+00 0.000000000000000000e+00 7.472000122070312500e+01 4.927299880981445312e+01 3.785400009155273438e+01
7.000000000000000000e+00 4.464285820722579956e-02 7.177300262451171875e+01 4.985300064086914062e+01 4.014699935913085938e+01
1.500000000000000000e+01 1.473214328289031982e-01 6.948899841308593750e+01 4.723899841308593750e+01 3.830899810791015625e+01
2.200000000000000000e+01 1.116071417927742004e-01 7.013200378417968750e+01 4.391500091552734375e+01 4.011800003051757812e+01
7.000000000000000000e+00 1.830357164144515991e-01 6.825299835205078125e+01 4.069699859619140625e+01 4.078400039672851562e+01
9.000000000000000000e+00 3.616071343421936035e-01 6.470600128173828125e+01 4.087799835205078125e+01 4.245000076293945312e+01
1.100000000000000000e+01 6.562500000000000000e-01 6.121099853515625000e+01 4.234099960327148438e+01 4.212500000000000000e+01
2.000000000000000000e+01 7.232142686843872070e-01 6.041500091552734375e+01 4.576399993896484375e+01 4.052700042724609375e+01
1.300000000000000000e+01 8.839285969734191895e-01 5.707899856567382812e+01 4.712300109863281250e+01 3.965800094604492188e+01
2.200000000000000000e+01 8.928571343421936035e-01 5.609799957275390625e+01 4.987400054931640625e+01 3.706999969482421875e+01
7.000000000000000000e+00 9.285714030265808105e-01 5.296400070190429688e+01 5.179899978637695312e+01 3.815200042724609375e+01
1.100000000000000000e+01 9.241071343421936035e-01 5.136700057983398438e+01 5.373600006103515625e+01 3.528099822998046875e+01
3.000000000000000000e+00 8.214285969734191895e-01 4.908499908447265625e+01 5.677700042724609375e+01 3.599100112915039062e+01
1.800000000000000000e+01 8.794642686843872070e-01 4.613999938964843750e+01 5.556900024414062500e+01 3.383300018310546875e+01
1.300000000000000000e+01 7.678571343421936035e-01 4.347600173950195312e+01 5.760599899291992188e+01 3.575199890136718750e+01
1.700000000000000000e+01 6.160714030265808105e-01 4.511500167846679688e+01 6.100899887084960938e+01 3.533900070190429688e+01
2.000000000000000000e+01 6.205357313156127930e-01 4.525699996948242188e+01 6.026300048828125000e+01 3.148500061035156250e+01
1.900000000000000000e+01 5.625000000000000000e-01 4.154700088500976562e+01 6.006000137329101562e+01 3.076099967956542969e+01
1.300000000000000000e+01 4.330357015132904053e-01 4.080699920654296875e+01 6.250299835205078125e+01 3.350199890136718750e+01
0.000000000000000000e+00 2.321428507566452026e-01 4.257699966430664062e+01 6.534400177001953125e+01 3.156900024414062500e+01
1.200000000000000000e+01 1.875000000000000000e-01 4.033900070190429688e+01 6.445700073242187500e+01 2.845100021362304688e+01
9.000000000000000000e+00 1.339285671710968018e-01 3.725400161743164062e+01 6.463200378417968750e+01 3.067600059509277344e+01
1.100000000000000000e+01 2.946428656578063965e-01 3.629000091552734375e+01 6.106800079345703125e+01 3.095000076293945312e+01
1.700000000000000000e+01 4.910714328289031982e-01 3.592599868774414062e+01 5.883700180053710938e+01 3.411999893188476562e+01
1.600000000000000000e+01 7.098214030265808105e-01 3.788000106811523438e+01 5.552999877929687500e+01 3.331399917602539062e+01
1.500000000000000000e+01 7.991071343421936035e-01 3.684099960327148438e+01 5.228200149536132812e+01 3.504299926757812500e+01
7.000000000000000000e+00 9.062500000000000000e-01 4.239199829101562500e+01 5.327600097656250000e+01 3.817100143432617188e+01
0.000000000000000000e+00 9.910714030265808105e-01 4.797299957275390625e+01 4.983800125122070312e+01 3.539099884033203125e+01
7.000000000000000000e+00 9.955357313156127930e-01 5.063600158691406250e+01 4.802099990844726562e+01 3.750999832153320312e+01
2.200000000000000000e+01 9.732142686843872070e-01 5.331700134277343750e+01 4.567599868774414062e+01 3.594699859619140625e+01
2.200000000000000000e+01 9.464285969734191895e-01 5.513100051879882812e+01 4.360900115966796875e+01 3.860800170898437500e+01
1.500000000000000000e+01 8.348214030265808105e-01 5.813199996948242188e+01 4.148300170898437500e+01 3.762500000000000000e+01
1.800000000000000000e+01 6.607142686843872070e-01 6.136800003051757812e+01 3.969100189208984375e+01 3.870700073242187500e+01
0.000000000000000000e+00 5.178571343421936035e-01 6.443699645996093750e+01 4.114699935913085938e+01 3.684799957275390625e+01
2.000000000000000000e+00 2.544642984867095947e-01 6.754199981689453125e+01 3.917900085449218750e+01 3.558300018310546875e+01
3.000000000000000000e+00 2.589285671710968018e-01 6.609600067138671875e+01 3.568299865722656250e+01 3.641099929809570312e+01
1.700000000000000000e+01 9.375000000000000000e-02 6.791500091552734375e+01 3.382899856567382812e+01 3.360100173950195312e+01
9.000000000000000000e+00 5.357142910361289978e-02 7.062100219726562500e+01 3.641699981689453125e+01 3.377199935913085938e+01
1.600000000000000000e+01 7.142857462167739868e-02 7.100800323486328125e+01 4.001800155639648438e+01 3.227999877929687500e+01
1.000000000000000000e+00 1.562500000000000000e-01 6.831500244140625000e+01 4.105300140380859375e+01 2.971800041198730469e+01
1.000000000000000000e+00 2.633928656578063965e-01 6.689499664306640625e+01 4.433300018310546875e+01 2.868000030517578125e+01
2.000000000000000000e+01 5.401785969734191895e-01 6.316500091552734375e+01 4.473600006103515625e+01 2.918099975585937500e+01
1.800000000000000000e+01 5.982142686843872070e-01 6.059400177001953125e+01 4.631200027465820312e+01 2.694199943542480469e+01
1.100000000000000000e+01 7.857142686843872070e-01 5.704800033569335938e+01 4.674100112915039062e+01 2.810700035095214844e+01
0.000000000000000000e+00 8.080357313156127930e-01 5.400099945068359375e+01 4.786600112915039062e+01 2.614900016784667969e+01
0.000000000000000000e+00 9.151785969734191895e-01 5.052799987792968750e+01 4.868799972534179688e+01 2.783200073242187500e+01
1.200000000000000000e+01 8.303571343421936035e-01 4.754999923706054688e+01 4.951800155639648438e+01 2.545599937438964844e+01
1.200000000000000000e+01 8.392857313156127930e-01 4.488600158691406250e+01 5.161600112915039062e+01 2.704100036621093750e+01
1.700000000000000000e+01 7.544642686843872070e-01 4.110300064086914062e+01 5.217699813842773438e+01 2.664500045776367188e+01
1.600000000000000000e+01 7.366071343421936035e-01 3.855300140380859375e+01 5.318500137329101562e+01 2.938100051879882812e+01
2.000000000000000000e+01 7.901785969734191895e-01 3.689899826049804688e+01 4.974800109863281250e+01 3.022299957275390625e+01
1.700000000000000000e+01 8.616071343421936035e-01 3.969400024414062500e+01 4.759500122070312500e+01 2.859199905395507812e+01
2.000000000000000000e+01 9.375000000000000000e-01 4.346200180053710938e+01 4.739199829101562500e+01 2.877899932861328125e+01
1.700000000000000000e+01 9.419642686843872070e-01 4.612200164794921875e+01 4.487599945068359375e+01 2.768899917602539062e+01
1.800000000000000000e+01 9.642857313156127930e-01 4.979299926757812500e+01 4.483000183105468750e+01 2.881200027465820312e+01
1.800000000000000000e+01 8.750000000000000000e-01 5.247200012207031250e+01 4.270399856567382812e+01 2.704599952697753906e+01
0.000000000000000000e+00 7.946428656578063965e-01 5.628900146484375000e+01 4.249800109863281250e+01 2.759000015258789062e+01
2.200000000000000000e+01 5.892857313156127930e-01 5.932699966430664062e+01 4.152000045776367188e+01 2.557299995422363281e+01
2.200000000000000000e+01 4.598214328289031982e-01 6.263100051879882812e+01 4.030300140380859375e+01 2.700399971008300781e+01
1.800000000000000000e+01 1.696428507566452026e-01 6.577700042724609375e+01 4.099800109863281250e+01 2.476000022888183594e+01
2.000000000000000000e+00 3.571428731083869934e-02 6.967299652099609375e+01 4.050799942016601562e+01 2.504599952697753906e+01
1.600000000000000000e+01 1.339285727590322495e-02 7.146800231933593750e+01 4.390499877929687500e+01 2.543799972534179688e+01
