1 1 14 0 0.0119760479041916 0 0 34.870 22.233 14.495
1 2 18 0 0.11377245508982048 0 0 32.709 23.522 17.239
1 3 7 0 0.33532934131736525 0 0 33.063 27.134 18.343
1 4 20 0 0.592814371257485 0 0 32.031 28.677 21.644
1 5 13 0 0.7305389221556886 0 0 32.165 32.369 22.300
1 6 12 0 0.9161676646706587 0 0 33.270 32.725 25.867
1 7 22 0 0.9580838323353293 0 0 33.113 36.219 27.293
1 8 22 0 0.9880239520958084 0 0 35.217 37.182 30.211
1 9 22 0 0.9700598802395209 0 0 33.277 39.531 32.461
1 10 9 0 0.9221556886227544 0 0 34.144 41.456 35.618
1 11 0 0 0.7784431137724551 0 0 35.718 44.606 37.011
1 12 9 0 0.6467065868263473 0 0 39.199 45.855 36.155
1 13 9 0 0.6047904191616766 0 0 42.140 44.357 37.985
1 14 22 0 0.8263473053892215 0 0 40.623 40.864 38.155
1 15 9 0 0.8323353293413174 0 0 43.187 39.375 35.814
1 16 13 0 0.9281437125748503 0 0 40.887 39.207 32.776
1 17 17 0 0.8203592814371258 0 0 43.454 39.024 30.038
1 18 0 0 0.7425149700598803 0 0 45.952 37.052 32.164
1 19 12 0 0.8982035928143712 0 0 43.475 34.215 32.647
1 20 18 0 0.8802395209580838 0 0 42.767 34.052 28.909
1 21 11 0 0.658682634730539 0 0 46.450 34.187 28.005
1 22 6 0 0.6347305389221557 0 0 47.184 31.310 30.307
1 23 12 0 0.6826347305389222 0 0 44.764 29.145 28.465
1 24 11 0 0.5329341317365269 0 0 45.903 29.917 25.000
1 25 6 0 0.281437125748503 0 0 49.618 30.007 25.281
1 26 2 0 0.2934131736526946 0 0 50.482 28.683 28.710
1 27 10 0 0.19161676646706582 0 0 52.353 31.725 29.875
1 28 15 0 0.34730538922155685 0 0 51.549 34.640 32.117
1 29 22 0 0.28742514970059885 0 0 51.585 38.117 30.606
1 30 3 0 0.13173652694610782 0 0 52.913 41.114 32.650
1 31 7 0 0.07784431137724557 0 0 51.965 44.349 30.846
1 32 20 0 0.20958083832335328 0 0 48.475 45.579 30.054
1 33 3 0 0.20359281437125742 0 0 47.100 45.941 26.601
1 34 16 0 0.3173652694610779 0 0 43.582 46.947 25.765
1 35 18 0 0.4491017964071856 0 0 42.672 43.916 23.615
1 36 11 0 0.26347305389221565 0 0 40.391 45.635 21.087
1 37 7 0 0.08982035928143717 0 0 41.971 44.637 17.824
1 38 3 0 0.221556886227545 0 0 41.609 40.898 18.009
1 39 17 0 0.5149700598802396 0 0 40.096 38.092 19.975
1 40 20 0 0.5209580838323353 0 0 42.174 34.981 20.609
1 41 1 0 0.45508982035928147 0 0 41.719 31.359 19.765
1 42 13 0 0.4131736526946108 0 0 42.919 28.077 21.244
1 43 6 0 0.18562874251497008 0 0 41.972 24.819 19.761
1 44 22 0 0.2574850299401197 0 0 41.601 22.436 22.644
1 45 22 0 0.14371257485029942 0 0 40.169 19.051 23.609
1 46 11 0 0.3053892215568862 0 0 37.525 19.317 26.279
1 47 3 0 0.10778443113772451 0 0 36.639 15.881 27.694
1 48 9 0 0.0059880239520957446 0 0 38.002 13.833 24.776
1 49 7 0 0.029940119760479056 0 0 36.526 15.960 22.063
1 50 18 0 0.04790419161676651 0 0 38.149 18.608 19.938
1 51 5 0 0.19760479041916168 0 0 36.852 22.163 20.388
1 52 12 0 0.3413173652694611 0 0 37.717 25.673 19.301
1 53 12 0 0.6287425149700598 0 0 37.607 28.177 22.153
1 54 3 0 0.652694610778443 0 0 37.140 31.720 21.072
1 55 11 0 0.8622754491017964 0 0 37.813 33.898 24.086
1 56 12 0 0.8562874251497006 0 0 36.665 37.488 24.272
1 57 3 0 0.8682634730538922 0 0 37.906 40.176 26.632
1 58 18 0 0.8383233532934131 0 0 36.262 43.102 28.388
1 59 0 0 0.6167664670658684 0 0 37.488 46.551 29.128
1 60 9 0 0.41916167664670656 0 0 36.092 49.796 30.417
1 61 6 0 0.39520958083832336 0 0 32.815 50.527 32.154
1 62 7 0 0.29940119760479034 0 0 29.236 50.360 31.197
1 63 7 0 0.053892215568862256 0 0 27.433 53.351 29.720
1 64 20 0 0.059880239520958 0 0 24.650 51.270 28.165
1 65 17 0 0.03592814371257491 0 0 25.435 51.452 24.512
1 66 0 0 0.041916167664670656 0 0 24.027 48.789 22.174
1 67 14 0 0.08383233532934131 0 0 27.410 47.849 20.860
1 68 1 0 0.3892215568862275 0 0 28.542 46.476 24.200
1 69 3 0 0.3652694610778443 0 0 25.271 44.551 24.581
1 70 6 0 0.24550898203592808 0 0 25.708 42.983 21.168
1 71 20 0 0.5029940119760479 0 0 29.276 42.071 22.017
1 72 14 0 0.6706586826347305 0 0 27.865 40.332 25.116
1 73 1 0 0.49101796407185627 0 0 25.003 38.849 23.191
1 74 18 0 0.5089820359281436 0 0 27.560 37.195 20.964
1 75 9 0 0.7604790419161677 0 0 28.583 35.308 24.089
1 76 7 0 0.7065868263473054 0 0 27.597 31.704 24.624
1 77 9 0 0.8922155688622755 0 0 28.956 31.370 28.102
1 78 15 0 0.9640718562874252 0 0 29.984 33.990 30.557
1 79 12 0 0.9940119760479041 0 0 32.990 33.824 32.765
1 80 5 0 0.9820359281437125 0 0 32.334 36.324 35.532
1 81 22 0 0.9760479041916168 0 0 35.510 37.101 37.383
1 82 15 0 0.874251497005988 0 0 36.299 38.677 40.722
1 83 0 0 0.7125748502994012 0 0 39.567 39.058 42.629
1 84 11 0 0.5269461077844311 0 0 40.017 37.579 46.016
1 85 2 0 0.27544910179640725 0 0 41.869 40.650 47.429
1 86 2 0 0.37125748502994016 0 0 39.097 43.002 46.302
1 87 18 0 0.25149700598802394 0 0 35.772 42.961 48.054
1 88 13 0 0.31137724550898194 0 0 34.303 45.499 45.608
1 89 17 0 0.5988023952095809 0 0 35.067 43.268 42.736
1 90 15 0 0.5868263473053892 0 0 32.934 40.640 44.489
1 91 7 0 0.4251497005988024 0 0 30.000 42.966 44.919
1 92 3 0 0.5688622754491017 0 0 30.052 43.926 41.291
1 93 11 0 0.7844311377245509 0 0 29.567 40.292 40.169
1 94 10 0 0.562874251497006 0 0 25.885 40.920 40.741
1 95 10 0 0.4970059880239521 0 0 25.578 44.040 38.548
1 96 20 0 0.7485029940119761 0 0 27.566 42.182 35.962
1 97 1 0 0.718562874251497 0 0 25.172 39.186 36.319
1 98 7 0 0.47904191616766467 0 0 22.246 41.562 35.949
1 99 6 0 0.5389221556886228 0 0 23.645 42.633 32.590
1 100 11 0 0.6646706586826348 0 0 23.741 39.020 31.502
1 101 13 0 0.44311377245508976 0 0 20.237 38.488 32.771
1 102 1 0 0.21556886227544902 0 0 19.209 41.630 30.935
1 103 22 0 0.3532934131736526 0 0 20.951 40.956 27.687
1 104 13 0 0.3293413173652695 0 0 19.768 37.391 27.239
1 105 3 0 0.12574850299401197 0 0 16.481 37.797 29.185
1 106 17 0 0.17365269461077848 0 0 17.308 34.530 30.959
1 107 7 0 0.38323353293413165 0 0 18.975 32.705 33.745
1 108 3 0 0.35928143712574856 0 0 19.588 29.438 31.927
1 109 22 0 0.5748502994011976 0 0 22.541 31.143 30.247
1 110 16 0 0.7904191616766467 0 0 25.901 29.585 30.986
1 111 14 0 0.9041916167664671 0 0 27.734 31.366 33.755
1 112 22 0 0.9461077844311377 0 0 30.713 30.241 35.804
1 113 12 0 0.9401197604790419 0 0 32.025 32.278 38.688
1 114 22 0 0.9520958083832335 0 0 35.779 32.815 39.071
1 115 9 0 0.8502994011976048 0 0 37.713 34.012 42.083
1 116 2 0 0.844311377245509 0 0 41.012 35.168 40.560
1 117 13 0 0.5808383233532934 0 0 44.376 35.842 42.307
1 118 5 0 0.4610778443113772 0 0 44.739 32.839 44.509
1 119 3 0 0.17964071856287422 0 0 48.547 32.717 44.652
1 120 12 0 0.10179640718562877 0 0 48.380 35.561 47.177
1 121 16 0 0.017964071856287345 0 0 48.482 34.004 50.628
1 122 17 0 0.02395209580838331 0 0 45.743 36.201 52.089
1 123 1 0 0.11976047904191622 0 0 42.337 37.218 50.739
1 124 18 0 0.06586826347305386 0 0 39.785 39.810 51.651
1 125 22 0 0.2335329341317366 0 0 37.095 37.795 49.958
1 126 3 0 0.13772455089820357 0 0 36.300 34.694 51.870
1 127 18 0 0.23952095808383234 0 0 36.010 31.317 50.037
1 128 13 0 0.0718562874251496 0 0 32.878 30.811 52.172
1 129 6 0 0.14970059880239517 0 0 30.866 33.894 51.132
1 130 0 0 0.46706586826347307 0 0 31.911 33.149 47.570
1 131 6 0 0.3772455089820359 0 0 30.385 29.675 47.764
1 132 3 0 0.16167664670658677 0 0 27.044 31.026 49.113
1 133 12 0 0.4011976047904191 0 0 26.964 33.580 46.344
1 134 0 0 0.5449101796407185 0 0 27.468 30.610 43.997
1 135 1 0 0.22754491017964074 0 0 24.597 28.752 45.648
1 136 17 0 0.16766467065868274 0 0 22.335 31.837 45.270
1 137 20 0 0.4850299401197605 0 0 23.186 32.334 41.591
1 138 9 0 0.40718562874251496 0 0 22.974 28.646 40.914
1 139 11 0 0.6407185628742516 0 0 26.311 28.174 39.214
1 140 16 0 0.688622754491018 0 0 29.648 26.496 39.768
1 141 15 0 0.7664670658682635 0 0 32.251 28.423 41.742
1 142 11 0 0.8143712574850299 0 0 35.793 27.990 40.477
1 143 7 0 0.7245508982035929 0 0 38.945 29.216 42.217
1 144 18 0 0.8023952095808383 0 0 41.691 30.355 39.982
1 145 17 0 0.6227544910179641 0 0 45.270 31.172 40.076
1 146 0 0 0.6946107784431137 0 0 46.140 32.661 36.712
1 147 13 0 0.43113772455089827 0 0 49.902 32.664 37.138
1 148 18 0 0.2694610778443114 0 0 50.357 29.210 38.621
1 149 1 0 0.437125748502994 0 0 48.073 26.900 36.606
1 150 6 0 0.4730538922155688 0 0 45.620 25.997 39.344
1 151 9 0 0.6766467065868262 0 0 41.945 26.194 38.338
1 152 22 0 0.8083832335329342 0 0 42.811 27.976 35.047
1 153 3 0 0.7365269461077844 0 0 41.835 25.541 32.304
1 154 3 0 0.7724550898203593 0 0 39.098 24.368 34.594
1 155 0 0 0.9341317365269461 0 0 37.139 27.633 34.520
1 156 15 0 0.9101796407185628 0 0 36.873 27.404 30.772
1 157 20 0 0.7544910179640718 0 0 36.170 23.707 30.722
1 158 18 0 0.7964071856287425 0 0 33.439 24.082 33.243
1 159 12 0 0.8862275449101796 0 0 31.936 26.797 31.148
1 160 22 0 0.7005988023952096 0 0 31.911 24.385 28.241
1 161 1 0 0.5508982035928144 0 0 30.158 21.754 30.337
1 162 7 0 0.6107784431137725 0 0 27.416 24.282 31.062
1 163 11 0 0.5568862275449102 0 0 26.644 25.283 27.512
1 164 1 0 0.32335329341317365 0 0 26.917 21.739 26.139
1 165 13 0 0.15568862275449102 0 0 24.224 20.172 28.248
1 166 10 0 0.09580838323353291 0 0 21.440 22.226 26.632
1 167 13 0 0.0 0 0 19.318 21.101 23.683
