5.000000000000000000e+00 1.071428582072257996e-01 2.523800086975097656e+01 3.849599838256835938e+01 4.144300079345703125e+01
1.600000000000000000e+01 2.187500000000000000e-01 2.657999992370605469e+01 4.204000091552734375e+01 4.136100006103515625e+01
1.200000000000000000e+01 4.910714328289031982e-01 3.032900047302246094e+01 4.114500045776367188e+01 4.105699920654296875e+01
1.400000000000000000e+01 5.357142686843872070e-01 3.134600067138671875e+01 3.858900070190429688e+01 3.831299972534179688e+01
2.200000000000000000e+01 7.053571343421936035e-01 3.489199829101562500e+01 3.761299896240234375e+01 3.742599868774414062e+01
1.300000000000000000e+01 6.785714030265808105e-01 3.588700103759765625e+01 3.534299850463867188e+01 3.458399963378906250e+01
2.200000000000000000e+01 7.366071343421936035e-01 3.945000076293945312e+01 3.413700103759765625e+01 3.363600158691406250e+01
1.200000000000000000e+01 6.741071343421936035e-01 4.033100128173828125e+01 3.272600173950195312e+01 3.018600082397460938e+01
3.000000000000000000e+00 6.250000000000000000e-01 4.357600021362304688e+01 3.109300041198730469e+01 2.920700073242187500e+01
0.000000000000000000e+00 5.937500000000000000e-01 4.498199844360351562e+01 3.252399826049804688e+01 2.589500045776367188e+01
2.200000000000000000e+01 4.508928656578063965e-01 4.749800109863281250e+01 2.963999938964843750e+01 2.570599937438964844e+01
1.000000000000000000e+00 2.544642984867095947e-01 4.497600173950195312e+01 2.675699996948242188e+01 2.577499961853027344e+01
9.000000000000000000e+00 2.857142984867095947e-01 4.219499969482421875e+01 2.890900039672851562e+01 2.427300071716308594e+01
1.700000000000000000e+01 2.589285671710968018e-01 3.948500061035156250e+01 2.778499984741210938e+01 2.689500045776367188e+01
1.600000000000000000e+01 3.616071343421936035e-01 3.842399978637695312e+01 2.871100044250488281e+01 3.047400093078613281e+01
0.000000000000000000e+00 5.267857313156127930e-01 4.118500137329101562e+01 2.872400093078613281e+01 3.326399993896484375e+01
1.100000000000000000e+01 3.169642984867095947e-01 3.993899917602539062e+01 2.665099906921386719e+01 3.616899871826171875e+01
2.000000000000000000e+00 3.437500000000000000e-01 4.029100036621093750e+01 2.706900024414062500e+01 3.988199996948242188e+01
2.200000000000000000e+01 6.339285969734191895e-01 4.215999984741210938e+01 3.033600044250488281e+01 3.929899978637695312e+01
0.000000000000000000e+00 6.562500000000000000e-01 4.226399993896484375e+01 3.205099868774414062e+01 4.263299942016601562e+01
1.400000000000000000e+01 7.589285969734191895e-01 4.125799942016601562e+01 3.563000106811523438e+01 4.342200088500976562e+01
2.200000000000000000e+01 7.187500000000000000e-01 3.883200073242187500e+01 4.103499984741210938e+01 4.668299865722656250e+01
1.500000000000000000e+01 6.830357313156127930e-01 3.976200103759765625e+01 4.404299926757812500e+01 4.883000183105468750e+01
1.000000000000000000e+00 5.803571343421936035e-01 3.807699966430664062e+01 4.740100097656250000e+01 4.948500061035156250e+01
1.300000000000000000e+01 5.000000000000000000e-01 3.916799926757812500e+01 5.064199829101562500e+01 5.106399917602539062e+01
0.000000000000000000e+00 2.142857164144515991e-01 3.828900146484375000e+01 5.127999877929687500e+01 5.470999908447265625e+01
0.000000000000000000e+00 8.928571641445159912e-02 3.795299911499023438e+01 5.495800018310546875e+01 5.567399978637695312e+01
3.000000000000000000e+00 6.696428358554840088e-02 4.153499984741210938e+01 5.552199935913085938e+01 5.721699905395507812e+01
3.000000000000000000e+00 2.812500000000000000e-01 4.273699951171875000e+01 5.478499984741210938e+01 5.363199996948242188e+01
1.800000000000000000e+01 3.705357015132904053e-01 4.365900039672851562e+01 5.104299926757812500e+01 5.397700119018554688e+01
1.900000000000000000e+01 5.491071343421936035e-01 4.269300079345703125e+01 4.787599945068359375e+01 5.206000137329101562e+01
7.000000000000000000e+00 3.660714328289031982e-01 4.043600082397460938e+01 4.559500122070312500e+01 5.412699890136718750e+01
1.600000000000000000e+01 3.973214328289031982e-01 3.959199905395507812e+01 4.197000122070312500e+01 5.327500152587890625e+01
1.500000000000000000e+01 3.794642984867095947e-01 3.613399887084960938e+01 4.181999969482421875e+01 5.140800094604492188e+01
0.000000000000000000e+00 3.750000000000000000e-01 3.574900054931640625e+01 3.823799896240234375e+01 4.990299987792968750e+01
1.700000000000000000e+01 5.044642686843872070e-01 3.803599929809570312e+01 3.567399978637695312e+01 4.813700103759765625e+01
9.000000000000000000e+00 4.553571343421936035e-01 3.764300155639648438e+01 3.255400085449218750e+01 4.596799850463867188e+01
1.300000000000000000e+01 4.955357015132904053e-01 3.857300186157226562e+01 3.071800041198730469e+01 4.275199890136718750e+01
1.800000000000000000e+01 4.732142984867095947e-01 3.713999938964843750e+01 3.008799934387207031e+01 3.923300170898437500e+01
1.700000000000000000e+01 2.053571492433547974e-01 3.465299987792968750e+01 2.737599945068359375e+01 3.880799865722656250e+01
7.000000000000000000e+00 9.821428358554840088e-02 3.486299896240234375e+01 2.468000030517578125e+01 3.601800155639648438e+01
1.700000000000000000e+01 1.339285671710968018e-01 3.345700073242187500e+01 2.721299934387207031e+01 3.339699935913085938e+01
9.000000000000000000e+00 4.151785671710968018e-01 3.611899948120117188e+01 2.984900093078613281e+01 3.441099929809570312e+01
7.000000000000000000e+00 4.464285671710968018e-01 3.373199844360351562e+01 3.220399856567382812e+01 3.630400085449218750e+01
1.200000000000000000e+01 4.285714328289031982e-01 3.325199890136718750e+01 3.301399993896484375e+01 4.000099945068359375e+01
9.000000000000000000e+00 1.428571492433547974e-01 2.953899955749511719e+01 3.399599838256835938e+01 4.477399826049804688e+01
1.200000000000000000e+01 3.035714328289031982e-01 3.175300025939941406e+01 3.689199829101562500e+01 4.591299819946289062e+01
1.800000000000000000e+01 1.875000000000000000e-01 2.917900085449218750e+01 3.931200027465820312e+01 4.721900177001953125e+01
1.800000000000000000e+01 5.357142910361289978e-02 2.546100044250488281e+01 4.016199874877929688e+01 4.756000137329101562e+01
7.000000000000000000e+00 1.785714365541934967e-02 2.354299926757812500e+01 4.327500152587890625e+01 4.629800033569335938e+01
7.000000000000000000e+00 4.464285913854837418e-03 2.300799942016601562e+01 4.522800064086914062e+01 4.949300003051757812e+01
7.000000000000000000e+00 2.678571455180644989e-02 2.637299919128417969e+01 4.412400054931640625e+01 5.107099914550781250e+01
1.500000000000000000e+01 1.250000000000000000e-01 2.779999923706054688e+01 4.595700073242187500e+01 4.810599899291992188e+01
2.200000000000000000e+01 1.116071417927742004e-01 2.836100006103515625e+01 4.967499923706054688e+01 4.891899871826171875e+01
7.000000000000000000e+00 1.919642835855484009e-01 2.998800086975097656e+01 5.267100143432617188e+01 4.718600082397460938e+01
9.000000000000000000e+00 3.526785671710968018e-01 3.379499816894531250e+01 5.298799896240234375e+01 4.756200027465820312e+01
1.100000000000000000e+01 6.428571343421936035e-01 3.717300033569335938e+01 5.173400115966796875e+01 4.614500045776367188e+01
2.000000000000000000e+01 7.276785969734191895e-01 3.755899810791015625e+01 4.810699844360351562e+01 4.514899826049804688e+01
1.300000000000000000e+01 8.794642686843872070e-01 4.015800094604492188e+01 4.582500076293945312e+01 4.364899826049804688e+01
2.200000000000000000e+01 9.151785969734191895e-01 4.039599990844726562e+01 4.227299880981445312e+01 4.236999893188476562e+01
7.000000000000000000e+00 9.330357313156127930e-01 4.368700027465820312e+01 4.041299819946289062e+01 4.292800140380859375e+01
1.100000000000000000e+01 9.196428656578063965e-01 4.412799835205078125e+01 3.736500167846679688e+01 4.089500045776367188e+01
3.000000000000000000e+00 8.258928656578063965e-01 4.694499969482421875e+01 3.490000152587890625e+01 4.165299987792968750e+01
1.800000000000000000e+01 8.705357313156127930e-01 4.789699935913085938e+01 3.432899856567382812e+01 3.795399856567382812e+01
1.300000000000000000e+01 7.723214030265808105e-01 5.136100006103515625e+01 3.322700119018554688e+01 3.914599990844726562e+01
1.700000000000000000e+01 6.160714030265808105e-01 5.016099929809570312e+01 3.015800094604492188e+01 4.102700042724609375e+01
2.000000000000000000e+01 6.205357313156127930e-01 4.810800170898437500e+01 2.920400047302246094e+01 3.791199874877929688e+01
1.900000000000000000e+01 5.982142686843872070e-01 5.115499877929687500e+01 2.925200080871582031e+01 3.557699966430664062e+01
1.300000000000000000e+01 4.330357015132904053e-01 5.347700119018554688e+01 2.749200057983398438e+01 3.826300048828125000e+01
0.000000000000000000e+00 2.633928656578063965e-01 5.100299835205078125e+01 2.462999916076660156e+01 3.858599853515625000e+01
1.200000000000000000e+01 2.276785671710968018e-01 5.136199951171875000e+01 2.404700088500976562e+01 3.484099960327148438e+01
9.000000000000000000e+00 1.562500000000000000e-01 5.523199844360351562e+01 2.420599937438964844e+01 3.533200073242187500e+01
1.100000000000000000e+01 3.303571343421936035e-01 5.581600189208984375e+01 2.760700035095214844e+01 3.370600128173828125e+01
1.700000000000000000e+01 5.089285969734191895e-01 5.763199996948242188e+01 3.070199966430664062e+01 3.511000061035156250e+01
1.600000000000000000e+01 7.142857313156127930e-01 5.548300170898437500e+01 3.371699905395507812e+01 3.415700149536132812e+01
1.500000000000000000e+01 7.946428656578063965e-01 5.685499954223632812e+01 3.723099899291992188e+01 3.360100173950195312e+01
7.000000000000000000e+00 9.017857313156127930e-01 5.356200027465820312e+01 3.836999893188476562e+01 3.973600006103515625e+01
0.000000000000000000e+00 9.866071343421936035e-01 4.684000015258789062e+01 4.024300003051757812e+01 3.746599960327148438e+01
7.000000000000000000e+00 9.910714030265808105e-01 4.531399917602539062e+01 4.293899917602539062e+01 3.977299880981445312e+01
2.200000000000000000e+01 9.776785969734191895e-01 4.265100097656250000e+01 4.552799987792968750e+01 3.867100143432617188e+01
2.200000000000000000e+01 9.375000000000000000e-01 4.129499816894531250e+01 4.865800094604492188e+01 4.069900131225585938e+01
1.500000000000000000e+01 8.348214030265808105e-01 3.788100051879882812e+01 5.029899978637695312e+01 4.010800170898437500e+01
1.800000000000000000e+01 6.607142686843872070e-01 3.520899963378906250e+01 5.261899948120117188e+01 4.169800186157226562e+01
0.000000000000000000e+00 5.178571343421936035e-01 3.178700065612792969e+01 5.102199935913085938e+01 4.211399841308593750e+01
2.000000000000000000e+00 2.410714328289031982e-01 2.804000091552734375e+01 5.214300155639648438e+01 4.226100158691406250e+01
3.000000000000000000e+00 1.830357164144515991e-01 2.883600044250488281e+01 5.580699920654296875e+01 4.165499877929687500e+01
1.700000000000000000e+01 8.482142537832260132e-02 2.645000076293945312e+01 5.655699920654296875e+01 3.875899887084960938e+01
9.000000000000000000e+00 4.017857089638710022e-02 2.399300003051757812e+01 5.424800109863281250e+01 4.060300064086914062e+01
1.600000000000000000e+01 6.250000000000000000e-02 2.387999916076660156e+01 5.040399932861328125e+01 4.103200149536132812e+01
1.000000000000000000e+00 1.517857164144515991e-01 2.505800056457519531e+01 4.818700027465820312e+01 3.813600158691406250e+01
1.000000000000000000e+00 2.767857015132904053e-01 2.662299919128417969e+01 4.471900177001953125e+01 3.792699813842773438e+01
2.000000000000000000e+01 5.446428656578063965e-01 3.024900054931640625e+01 4.432600021362304688e+01 3.687500000000000000e+01
1.800000000000000000e+01 6.116071343421936035e-01 3.165600013732910156e+01 4.149000167846679688e+01 3.486399841308593750e+01
1.100000000000000000e+01 8.169642686843872070e-01 3.543899917602539062e+01 4.159099960327148438e+01 3.467599868774414062e+01
0.000000000000000000e+00 8.035714030265808105e-01 3.681499862670898438e+01 3.923400115966796875e+01 3.195000076293945312e+01
0.000000000000000000e+00 8.928571343421936035e-01 4.053400039672851562e+01 3.858499908447265625e+01 3.204399871826171875e+01
1.200000000000000000e+01 8.482142686843872070e-01 4.276599884033203125e+01 3.676699829101562500e+01 2.969700050354003906e+01
1.200000000000000000e+01 8.437500000000000000e-01 4.591299819946289062e+01 3.493099975585937500e+01 3.103800010681152344e+01
1.700000000000000000e+01 7.812500000000000000e-01 4.911700057983398438e+01 3.450899887084960938e+01 2.908699989318847656e+01
1.600000000000000000e+01 7.321428656578063965e-01 5.278099822998046875e+01 3.406200027465820312e+01 3.037400054931640625e+01
2.000000000000000000e+01 8.125000000000000000e-01 5.403400039672851562e+01 3.751200103759765625e+01 2.918600082397460938e+01
1.700000000000000000e+01 9.062500000000000000e-01 5.071099853515625000e+01 3.934500122070312500e+01 2.882699966430664062e+01
2.000000000000000000e+01 9.687500000000000000e-01 4.746599960327148438e+01 4.007099914550781250e+01 3.070999908447265625e+01
1.700000000000000000e+01 9.464285969734191895e-01 4.432699966430664062e+01 4.172700119018554688e+01 2.929599952697753906e+01
1.800000000000000000e+01 9.598214030265808105e-01 4.145800018310546875e+01 4.264899826049804688e+01 3.158699989318847656e+01
1.800000000000000000e+01 8.750000000000000000e-01 3.829700088500976562e+01 4.414400100708007812e+01 3.027199935913085938e+01
0.000000000000000000e+00 8.080357313156127930e-01 3.530699920654296875e+01 4.549100112915039062e+01 3.224300003051757812e+01
2.200000000000000000e+01 6.071428656578063965e-01 3.176899909973144531e+01 4.486800003051757812e+01 3.127700042724609375e+01
2.200000000000000000e+01 4.419642984867095947e-01 2.891699981689453125e+01 4.666799926757812500e+01 3.292499923706054688e+01
1.800000000000000000e+01 1.651785671710968018e-01 2.519400024414062500e+01 4.607500076293945312e+01 3.274900054931640625e+01
2.000000000000000000e+00 4.464285820722579956e-02 2.196400070190429688e+01 4.709500122070312500e+01 3.455599975585937500e+01
1.600000000000000000e+01 1.339285727590322495e-02 2.084499931335449219e+01 4.479100036621093750e+01 3.738999938964843750e+01
5.000000000000000000e+00 1.294642835855484009e-01 6.721700286865234375e+01 4.872299957275390625e+01 2.642600059509277344e+01
1.600000000000000000e+01 2.232142835855484009e-01 6.753800201416015625e+01 4.728599929809570312e+01 2.994400024414062500e+01
1.200000000000000000e+01 4.776785671710968018e-01 6.411799621582031250e+01 4.832300186157226562e+01 3.071999931335449219e+01
1.400000000000000000e+01 5.312500000000000000e-01 6.165599822998046875e+01 5.008499908447265625e+01 2.838100051879882812e+01
2.200000000000000000e+01 7.008928656578063965e-01 5.798699951171875000e+01 5.080899810791015625e+01 2.869700050354003906e+01
1.300000000000000000e+01 6.651785969734191895e-01 5.581000137329101562e+01 5.214899826049804688e+01 2.583200073242187500e+01
2.200000000000000000e+01 7.232142686843872070e-01 5.230599975585937500e+01 5.345399856567382812e+01 2.623500061035156250e+01
1.200000000000000000e+01 6.517857313156127930e-01 4.958200073242187500e+01 5.335599899291992188e+01 2.347299957275390625e+01
3.000000000000000000e+00 6.294642686843872070e-01 4.587500000000000000e+01 5.443799972534179688e+01 2.345899963378906250e+01
0.000000000000000000e+00 5.580357313156127930e-01 4.320700073242187500e+01 5.242900085449218750e+01 2.165900039672851562e+01
2.200000000000000000e+01 4.017857015132904053e-01 4.059199905395507812e+01 5.509600067138671875e+01 2.144899940490722656e+01
1.000000000000000000e+00 2.008928507566452026e-01 4.231000137329101562e+01 5.728499984741210938e+01 1.881100082397460938e+01
9.000000000000000000e+00 2.678571343421936035e-01 4.458499908447265625e+01 5.428400039672851562e+01 1.781800079345703125e+01
1.700000000000000000e+01 2.723214328289031982e-01 4.774000167846679688e+01 5.602000045776367188e+01 1.870199966430664062e+01
1.600000000000000000e+01 3.258928656578063965e-01 5.089899826049804688e+01 5.685400009155273438e+01 2.092700004577636719e+01
0.000000000000000000e+00 5.133928656578063965e-01 4.983100128173828125e+01 5.801100158691406250e+01 2.440299987792968750e+01
1.100000000000000000e+01 3.080357015132904053e-01 5.161000061035156250e+01 6.113100051879882812e+01 2.541799926757812500e+01
2.000000000000000000e+00 3.392857015132904053e-01 5.274700164794921875e+01 6.228400039672851562e+01 2.894799995422363281e+01
2.200000000000000000e+01 6.383928656578063965e-01 5.157899856567382812e+01 5.908700180053710938e+01 3.082999992370605469e+01
0.000000000000000000e+00 6.473214030265808105e-01 5.338100051879882812e+01 5.913700103759765625e+01 3.428400039672851562e+01
1.400000000000000000e+01 7.544642686843872070e-01 5.467100143432617188e+01 5.602399826049804688e+01 3.595600128173828125e+01
2.200000000000000000e+01 7.098214030265808105e-01 5.896300125122070312e+01 5.226100158691406250e+01 3.921300125122070312e+01
1.500000000000000000e+01 6.875000000000000000e-01 5.935800170898437500e+01 5.028300094604492188e+01 4.238499832153320312e+01
1.000000000000000000e+00 5.758928656578063965e-01 6.171500015258789062e+01 4.747299957275390625e+01 4.347000122070312500e+01
1.300000000000000000e+01 5.223214030265808105e-01 6.128900146484375000e+01 4.517100143432617188e+01 4.648300170898437500e+01
0.000000000000000000e+00 2.366071492433547974e-01 6.414199829101562500e+01 4.533800125122070312e+01 4.897800064086914062e+01
0.000000000000000000e+00 8.035714179277420044e-02 6.579499816894531250e+01 4.260100173950195312e+01 5.115000152587890625e+01
3.000000000000000000e+00 1.026785746216773987e-01 6.279199981689453125e+01 4.229499816894531250e+01 5.344800186157226562e+01
3.000000000000000000e+00 3.125000000000000000e-01 6.037099838256835938e+01 4.229800033569335938e+01 5.053200149536132812e+01
1.800000000000000000e+01 3.571428656578063965e-01 5.906399917602539062e+01 4.584000015258789062e+01 5.126800155639648438e+01
1.900000000000000000e+01 5.401785969734191895e-01 5.881900024414062500e+01 4.825999832153320312e+01 4.820100021362304688e+01
7.000000000000000000e+00 3.482142984867095947e-01 6.134299850463867188e+01 5.113499832153320312e+01 4.777999877929687500e+01
1.600000000000000000e+01 3.928571343421936035e-01 6.107400131225585938e+01 5.417599868774414062e+01 4.535800170898437500e+01
1.500000000000000000e+01 3.214285671710968018e-01 6.352099990844726562e+01 5.384799957275390625e+01 4.244200134277343750e+01
0.000000000000000000e+00 3.883928656578063965e-01 6.266600036621093750e+01 5.564799880981445312e+01 3.927600097656250000e+01
1.700000000000000000e+01 4.821428656578063965e-01 5.981900024414062500e+01 5.764099884033203125e+01 3.750400161743164062e+01
9.000000000000000000e+00 4.062500000000000000e-01 5.872299957275390625e+01 5.978400039672851562e+01 3.449300003051757812e+01
1.300000000000000000e+01 4.642857015132904053e-01 5.655799865722656250e+01 6.009299850463867188e+01 3.152499961853027344e+01
1.800000000000000000e+01 4.375000000000000000e-01 5.609700012207031250e+01 5.913999938964843750e+01 2.789299964904785156e+01
1.700000000000000000e+01 1.785714328289031982e-01 5.708700180053710938e+01 6.111199951171875000e+01 2.474699974060058594e+01
7.000000000000000000e+00 9.375000000000000000e-02 5.507300186157226562e+01 6.210400009155273438e+01 2.163500022888183594e+01
1.700000000000000000e+01 1.383928507566452026e-01 5.606499862670898438e+01 5.856700134277343750e+01 2.048399925231933594e+01
9.000000000000000000e+00 4.107142984867095947e-01 5.452899932861328125e+01 5.698199844360351562e+01 2.357200050354003906e+01
7.000000000000000000e+00 4.241071343421936035e-01 5.782600021362304688e+01 5.568700027465820312e+01 2.502799987792968750e+01
1.200000000000000000e+01 4.687500000000000000e-01 5.984000015258789062e+01 5.559299850463867188e+01 2.832099914550781250e+01
9.000000000000000000e+00 1.160714253783226013e-01 6.656900024414062500e+01 5.585499954223632812e+01 3.074300003051757812e+01
1.200000000000000000e+01 2.901785671710968018e-01 6.519000244140625000e+01 5.457500076293945312e+01 3.408800125122070312e+01
1.800000000000000000e+01 1.696428507566452026e-01 6.806999969482421875e+01 5.220500183105468750e+01 3.482300186157226562e+01
1.800000000000000000e+01 4.910714179277420044e-02 7.138400268554687500e+01 5.087099838256835938e+01 3.333300018310546875e+01
7.000000000000000000e+00 2.232142910361289978e-02 7.248799896240234375e+01 4.727399826049804688e+01 3.267200088500976562e+01
7.000000000000000000e+00 0.000000000000000000e+00 7.486399841308593750e+01 4.741699981689453125e+01 3.559000015258789062e+01
7.000000000000000000e+00 3.571428731083869934e-02 7.215299987792968750e+01 4.870100021362304688e+01 3.791500091552734375e+01
1.500000000000000000e+01 1.607142835855484009e-01 6.936799621582031250e+01 4.643399810791015625e+01 3.673199844360351562e+01
2.200000000000000000e+01 1.205357164144515991e-01 6.979199981689453125e+01 4.313499832153320312e+01 3.865900039672851562e+01
7.000000000000000000e+00 2.455357164144515991e-01 6.747100067138671875e+01 4.024800109863281250e+01 3.967399978637695312e+01
9.000000000000000000e+00 4.196428656578063965e-01 6.452899932861328125e+01 4.096099853515625000e+01 4.191999816894531250e+01
1.100000000000000000e+01 6.696428656578063965e-01 6.074700164794921875e+01 4.188700103759765625e+01 4.213999938964843750e+01
2.000000000000000000e+01 7.410714030265808105e-01 5.982099914550781250e+01 4.524499893188476562e+01 4.050299835205078125e+01
1.300000000000000000e+01 8.839285969734191895e-01 5.637799835205078125e+01 4.705899810791015625e+01 4.015900039672851562e+01
2.200000000000000000e+01 9.107142686843872070e-01 5.549000167846679688e+01 4.978599929809570312e+01 3.761100006103515625e+01
7.000000000000000000e+00 9.285714030265808105e-01 5.249200057983398438e+01 5.169800186157226562e+01 3.852399826049804688e+01
1.100000000000000000e+01 9.241071343421936035e-01 5.108100128173828125e+01 5.349399948120117188e+01 3.545299911499023438e+01
3.000000000000000000e+00 8.214285969734191895e-01 4.888499832153320312e+01 5.670899963378906250e+01 3.609899902343750000e+01
1.800000000000000000e+01 8.660714030265808105e-01 4.615200042724609375e+01 5.550299835205078125e+01 3.357699966430664062e+01
1.300000000000000000e+01 7.455357313156127930e-01 4.345299911499023438e+01 5.782699966430664062e+01 3.512799835205078125e+01
1.700000000000000000e+01 5.892857313156127930e-01 4.545700073242187500e+01 6.110599899291992188e+01 3.488199996948242188e+01
2.000000000000000000e+01 5.848214030265808105e-01 4.574200057983398438e+01 6.043799972534179688e+01 3.119599914550781250e+01
1.900000000000000000e+01 5.669642686843872070e-01 4.210499954223632812e+01 5.984099960327148438e+01 3.063699913024902344e+01
1.300000000000000000e+01 3.839285671710968018e-01 4.117100143432617188e+01 6.287200164794921875e+01 3.297100067138671875e+01
0.000000000000000000e+00 2.321428507566452026e-01 4.294900131225585938e+01 6.518499755859375000e+01 3.053599929809570312e+01
1.200000000000000000e+01 2.098214328289031982e-01 4.095899963378906250e+01 6.388899993896484375e+01 2.748500061035156250e+01
9.000000000000000000e+00 1.473214328289031982e-01 3.794100189208984375e+01 6.443900299072265625e+01 2.984900093078613281e+01
1.100000000000000000e+01 3.348214328289031982e-01 3.717100143432617188e+01 6.075199890136718750e+01 3.027700042724609375e+01
1.700000000000000000e+01 4.866071343421936035e-01 3.656600189208984375e+01 5.927600097656250000e+01 3.368700027465820312e+01
1.600000000000000000e+01 6.964285969734191895e-01 3.760900115966796875e+01 5.560900115966796875e+01 3.341099929809570312e+01
1.500000000000000000e+01 7.633928656578063965e-01 3.635599899291992188e+01 5.252199935913085938e+01 3.509099960327148438e+01
7.000000000000000000e+00 8.616071343421936035e-01 4.145500183105468750e+01 5.389400100708007812e+01 3.865100097656250000e+01
0.000000000000000000e+00 9.821428656578063965e-01 4.722700119018554688e+01 5.005500030517578125e+01 3.637699890136718750e+01
7.000000000000000000e+00 9.955357313156127930e-01 4.988499832153320312e+01 4.789300155639648438e+01 3.779499816894531250e+01
2.200000000000000000e+01 9.732142686843872070e-01 5.243500137329101562e+01 4.550400161743164062e+01 3.608399963378906250e+01
2.200000000000000000e+01 9.553571343421936035e-01 5.452799987792968750e+01 4.353200149536132812e+01 3.863700103759765625e+01
1.500000000000000000e+01 8.571428656578063965e-01 5.729999923706054688e+01 4.119900131225585938e+01 3.761000061035156250e+01
1.800000000000000000e+01 6.919642686843872070e-01 6.044100189208984375e+01 3.942599868774414062e+01 3.869599914550781250e+01
0.000000000000000000e+00 5.625000000000000000e-01 6.327000045776367188e+01 4.072299957275390625e+01 3.660699844360351562e+01
2.000000000000000000e+00 2.991071343421936035e-01 6.641999816894531250e+01 3.902299880981445312e+01 3.526699829101562500e+01
3.000000000000000000e+00 2.500000000000000000e-01 6.600599670410156250e+01 3.564699935913085938e+01 3.716600036621093750e+01
1.700000000000000000e+01 7.142857462167739868e-02 6.840599822998046875e+01 3.334000015258789062e+01 3.500000000000000000e+01
9.000000000000000000e+00 3.125000000000000000e-02 7.089399719238281250e+01 3.615999984741210938e+01 3.430400085449218750e+01
1.600000000000000000e+01 7.589285820722579956e-02 7.045300292968750000e+01 3.955899810791015625e+01 3.260900115966796875e+01
1.000000000000000000e+00 1.964285671710968018e-01 6.754799652099609375e+01 4.014899826049804688e+01 3.013599967956542969e+01
1.000000000000000000e+00 2.946428656578063965e-01 6.600900268554687500e+01 4.308300018310546875e+01 2.825000000000000000e+01
2.000000000000000000e+01 5.535714030265808105e-01 6.235800170898437500e+01 4.389899826049804688e+01 2.899900054931640625e+01
1.800000000000000000e+01 6.026785969734191895e-01 6.014199829101562500e+01 4.559099960327148438e+01 2.641900062561035156e+01
1.100000000000000000e+01 7.857142686843872070e-01 5.672200012207031250e+01 4.644800186157226562e+01 2.786499977111816406e+01
0.000000000000000000e+00 7.991071343421936035e-01 5.372999954223632812e+01 4.768000030517578125e+01 2.573100090026855469e+01
0.000000000000000000e+00 8.973214030265808105e-01 5.074300003051757812e+01 4.903400039672851562e+01 2.777300071716308594e+01
1.200000000000000000e+01 8.392857313156127930e-01 4.754899978637695312e+01 4.969900131225585938e+01 2.570899963378906250e+01
1.200000000000000000e+01 8.303571343421936035e-01 4.504399871826171875e+01 5.202600097656250000e+01 2.731999969482421875e+01
1.700000000000000000e+01 7.678571343421936035e-01 4.127500152587890625e+01 5.199599838256835938e+01 2.703499984741210938e+01
1.600000000000000000e+01 7.500000000000000000e-01 3.895500183105468750e+01 5.347200012207031250e+01 2.976399993896484375e+01
2.000000000000000000e+01 7.901785969734191895e-01 3.705799865722656250e+01 5.003799819946289062e+01 3.033099937438964844e+01
1.700000000000000000e+01 8.883928656578063965e-01 4.007400131225585938e+01 4.782099914550781250e+01 2.929899978637695312e+01
2.000000000000000000e+01 9.642857313156127930e-01 4.376499938964843750e+01 4.750400161743164062e+01 2.989399909973144531e+01
1.700000000000000000e+01 9.419642686843872070e-01 4.621699905395507812e+01 4.537300109863281250e+01 2.803000068664550781e+01
1.800000000000000000e+01 9.508928656578063965e-01 4.986800003051757812e+01 4.480899810791015625e+01 2.857900047302246094e+01
1.800000000000000000e+01 8.526785969734191895e-01 5.218000030517578125e+01 4.266099929809570312e+01 2.664599990844726562e+01
0.000000000000000000e+00 7.767857313156127930e-01 5.592200088500976562e+01 4.196300125122070312e+01 2.734399986267089844e+01
2.200000000000000000e+01 5.714285969734191895e-01 5.874300003051757812e+01 4.070399856567382812e+01 2.510300064086914062e+01
2.200000000000000000e+01 4.598214328289031982e-01 6.189799880981445312e+01 3.934199905395507812e+01 2.660000038146972656e+01
1.800000000000000000e+01 1.741071492433547974e-01 6.530100250244140625e+01 3.914300155639648438e+01 2.479899978637695312e+01
2.000000000000000000e+00 5.803571268916130066e-02 6.877300262451171875e+01 3.798799896240234375e+01 2.578000068664550781e+01
1.600000000000000000e+01 8.928571827709674835e-03 7.166600036621093750e+01 4.044300079345703125e+01 2.583799934387207031e+01
