1 1 14 0 0.02395209580838331 0 0 45.675 21.744 24.350
1 2 18 0 0.11377245508982048 0 0 42.431 22.583 26.097
1 3 7 0 0.28742514970059885 0 0 40.996 25.731 24.664
1 4 20 0 0.5568862275449102 0 0 38.311 27.445 26.589
1 5 13 0 0.7065868263473054 0 0 36.175 30.374 25.435
1 6 12 0 0.9161676646706587 0 0 35.915 32.905 28.228
1 7 22 0 0.9580838323353293 0 0 33.502 35.909 28.157
1 8 22 0 0.9820359281437125 0 0 34.099 38.958 30.278
1 9 22 0 0.9700598802395209 0 0 30.793 40.494 31.073
1 10 9 0 0.9341317365269461 0 0 29.792 43.391 33.264
1 11 0 0 0.7904191616766467 0 0 28.757 47.077 32.970
1 12 9 0 0.6107784431137725 0 0 30.158 50.306 31.642
1 13 9 0 0.6047904191616766 0 0 33.212 51.224 33.648
1 14 22 0 0.8263473053892215 0 0 33.970 48.000 35.419
1 15 9 0 0.8383233532934131 0 0 37.188 47.420 33.490
1 16 13 0 0.9281437125748503 0 0 36.376 44.521 31.275
1 17 17 0 0.8323353293413174 0 0 39.346 45.123 28.980
1 18 0 0 0.7724550898203593 0 0 41.663 46.129 31.743
1 19 12 0 0.8922155688622755 0 0 41.816 42.726 33.413
1 20 18 0 0.8682634730538922 0 0 42.319 40.931 30.068
1 21 11 0 0.6347305389221557 0 0 45.148 42.956 28.529
1 22 6 0 0.5688622754491017 0 0 47.054 42.717 31.758
1 23 12 0 0.6467065868263473 0 0 47.088 38.928 31.437
1 24 11 0 0.49101796407185627 0 0 48.152 39.083 27.841
1 25 6 0 0.19161676646706582 0 0 51.190 41.246 28.088
1 26 2 0 0.21556886227544902 0 0 51.286 43.292 31.294
1 27 10 0 0.16766467065868274 0 0 50.049 46.447 29.728
1 28 15 0 0.3173652694610779 0 0 47.057 48.651 30.740
1 29 22 0 0.34730538922155685 0 0 44.535 49.790 28.188
1 30 3 0 0.20359281437125742 0 0 42.663 53.067 28.774
1 31 7 0 0.12574850299401197 0 0 40.893 54.116 25.589
1 32 20 0 0.27544910179640725 0 0 37.772 52.211 24.605
1 33 3 0 0.25149700598802394 0 0 37.866 49.949 21.568
1 34 16 0 0.38323353293413165 0 0 35.179 47.446 20.885
1 35 18 0 0.5209580838323353 0 0 37.231 44.264 20.949
1 36 11 0 0.43113772455089827 0 0 34.754 42.308 18.949
1 37 7 0 0.14970059880239517 0 0 36.648 41.513 15.796
1 38 3 0 0.24550898203592808 0 0 39.967 41.643 17.671
1 39 17 0 0.3772455089820359 0 0 41.154 38.465 19.328
1 40 20 0 0.5149700598802396 0 0 43.373 37.729 22.276
1 41 1 0 0.46706586826347307 0 0 44.732 34.380 23.472
1 42 13 0 0.47904191616766467 0 0 46.772 33.566 26.581
1 43 6 0 0.221556886227545 0 0 48.828 30.418 27.063
1 44 22 0 0.26347305389221565 0 0 49.369 29.853 30.733
1 45 22 0 0.11976047904191622 0 0 49.933 26.863 32.892
1 46 11 0 0.2694610778443114 0 0 46.948 26.297 35.124
1 47 3 0 0.08383233532934131 0 0 47.395 23.831 37.983
1 48 9 0 0.0119760479041916 0 0 49.963 21.615 36.312
1 49 7 0 0.029940119760479056 0 0 48.730 21.859 32.745
1 50 18 0 0.04790419161676651 0 0 49.175 24.224 29.898
1 51 5 0 0.2335329341317366 0 0 45.923 25.845 28.705
1 52 12 0 0.3532934131736526 0 0 44.922 28.306 26.077
1 53 12 0 0.658682634730539 0 0 42.417 30.813 27.219
1 54 3 0 0.6706586826347305 0 0 40.378 32.409 24.505
1 55 11 0 0.8502994011976048 0 0 39.322 35.624 26.182
1 56 12 0 0.8562874251497006 0 0 36.249 37.461 24.750
1 57 3 0 0.874251497005988 0 0 35.224 41.038 25.484
1 58 18 0 0.8143712574850299 0 0 31.845 42.737 25.496
1 59 0 0 0.5748502994011976 0 0 30.834 45.823 23.693
1 60 9 0 0.4251497005988024 0 0 28.003 48.296 24.119
1 61 6 0 0.37125748502994016 0 0 24.694 48.037 25.957
1 62 7 0 0.3413173652694611 0 0 22.273 45.112 25.674
1 63 7 0 0.06586826347305386 0 0 19.704 45.834 22.929
1 64 20 0 0.053892215568862256 0 0 17.998 42.472 22.954
1 65 17 0 0.041916167664670656 0 0 19.248 41.008 19.681
1 66 0 0 0.03592814371257491 0 0 19.875 37.527 18.450
1 67 14 0 0.07784431137724557 0 0 23.586 38.148 17.628
1 68 1 0 0.35928143712574856 0 0 24.562 38.913 21.171
1 69 3 0 0.3053892215568862 0 0 22.713 35.930 22.563
1 70 6 0 0.19760479041916168 0 0 24.471 33.756 20.030
1 71 20 0 0.4850299401197605 0 0 27.839 35.250 20.988
1 72 14 0 0.6646706586826348 0 0 27.161 34.378 24.624
1 73 1 0 0.4610778443113772 0 0 26.219 30.808 23.776
1 74 18 0 0.4730538922155688 0 0 29.553 30.627 21.966
1 75 9 0 0.7245508982035929 0 0 30.949 31.399 25.410
1 76 7 0 0.718562874251497 0 0 31.224 28.782 28.012
1 77 9 0 0.8862275449101796 0 0 33.186 30.349 30.744
1 78 15 0 0.9640718562874252 0 0 31.904 33.530 32.282
1 79 12 0 0.9940119760479041 0 0 33.757 36.154 34.216
1 80 5 0 0.9880239520958084 0 0 31.295 38.494 35.846
1 81 22 0 0.9760479041916168 0 0 32.965 41.814 36.579
1 82 15 0 0.8982035928143712 0 0 31.533 44.467 38.838
1 83 0 0 0.7544910179640718 0 0 33.336 47.501 40.286
1 84 11 0 0.5329341317365269 0 0 33.312 48.102 44.031
1 85 2 0 0.281437125748503 0 0 33.019 51.935 43.602
1 86 2 0 0.3652694610778443 0 0 29.909 51.801 41.495
1 87 18 0 0.2934131736526946 0 0 26.906 50.075 42.995
1 88 13 0 0.3293413173652695 0 0 24.955 50.310 39.727
1 89 17 0 0.6407185628742516 0 0 27.327 47.871 38.126
1 90 15 0 0.652694610778443 0 0 26.672 45.349 40.871
1 91 7 0 0.45508982035928147 0 0 22.991 45.669 40.276
1 92 3 0 0.5868263473053892 0 0 23.627 45.162 36.584
1 93 11 0 0.8083832335329342 0 0 25.683 42.035 37.304
1 94 10 0 0.592814371257485 0 0 22.448 40.374 38.519
1 95 10 0 0.5269461077844311 0 0 20.814 41.504 35.307
1 96 20 0 0.7664670658682635 0 0 23.798 40.025 33.459
1 97 1 0 0.7425149700598803 0 0 23.365 36.812 35.377
1 98 7 0 0.5029940119760479 0 0 19.775 36.816 34.239
1 99 6 0 0.5508982035928144 0 0 21.089 37.187 30.700
1 100 11 0 0.688622754491018 0 0 23.375 34.285 31.219
1 101 13 0 0.437125748502994 0 0 20.428 32.145 32.286
1 102 1 0 0.20958083832335328 0 0 18.217 33.242 29.408
1 103 22 0 0.32335329341317365 0 0 20.809 32.513 26.815
1 104 13 0 0.3892215568862275 0 0 22.420 29.393 28.366
1 105 3 0 0.13772455089820357 0 0 19.364 27.819 29.979
1 106 17 0 0.23952095808383234 0 0 21.210 26.904 33.140
1 107 7 0 0.4011976047904191 0 0 22.534 28.189 36.424
1 108 3 0 0.41916167664670656 0 0 25.451 25.708 36.461
1 109 22 0 0.6227544910179641 0 0 27.593 27.208 33.730
1 110 16 0 0.7964071856287425 0 0 31.013 28.295 35.034
1 111 14 0 0.9101796407185628 0 0 30.705 31.757 36.588
1 112 22 0 0.9461077844311377 0 0 33.216 33.599 38.649
1 113 12 0 0.9401197604790419 0 0 32.252 36.748 40.421
1 114 22 0 0.9520958083832335 0 0 34.832 39.464 40.202
1 115 9 0 0.8622754491017964 0 0 35.189 42.746 42.017
1 116 2 0 0.844311377245509 0 0 37.494 44.969 40.091
1 117 13 0 0.5808383233532934 0 0 38.912 48.082 41.652
1 118 5 0 0.5089820359281436 0 0 39.346 46.601 45.109
1 119 3 0 0.17365269461077848 0 0 42.147 48.624 46.527
1 120 12 0 0.08982035928143717 0 0 40.346 51.996 46.674
1 121 16 0 0.0059880239520957446 0 0 39.699 53.363 50.165
1 122 17 0 0.017964071856287345 0 0 35.908 53.764 49.882
1 123 1 0 0.10778443113772451 0 0 33.812 51.022 48.418
1 124 18 0 0.0718562874251496 0 0 30.172 51.857 47.799
1 125 22 0 0.22754491017964074 0 0 29.563 48.112 47.596
1 126 3 0 0.10179640718562877 0 0 29.858 46.324 50.949
1 127 18 0 0.17964071856287422 0 0 32.044 43.297 50.958
1 128 13 0 0.059880239520958 0 0 29.569 41.592 53.295
1 129 6 0 0.13173652694610782 0 0 26.861 42.090 50.768
1 130 0 0 0.4491017964071856 0 0 28.983 41.040 47.864
1 131 6 0 0.33532934131736525 0 0 30.111 37.980 49.806
1 132 3 0 0.14371257485029942 0 0 26.537 37.123 50.751
1 133 12 0 0.39520958083832336 0 0 25.645 37.356 47.048
1 134 0 0 0.5449101796407185 0 0 28.507 35.102 46.197
1 135 1 0 0.2574850299401197 0 0 27.137 32.521 48.570
1 136 17 0 0.18562874251497008 0 0 23.653 33.064 47.201
1 137 20 0 0.44311377245508976 0 0 24.533 31.986 43.632
1 138 9 0 0.4131736526946108 0 0 27.254 29.745 45.052
1 139 11 0 0.6766467065868262 0 0 30.046 30.941 42.926
1 140 16 0 0.7305389221556886 0 0 33.501 32.231 43.714
1 141 15 0 0.7844311377245509 0 0 34.146 35.889 44.405
1 142 11 0 0.8203592814371258 0 0 37.470 37.514 43.484
1 143 7 0 0.7005988023952096 0 0 38.707 40.914 44.665
1 144 18 0 0.7604790419161677 0 0 41.014 42.289 42.039
1 145 17 0 0.6167664670658684 0 0 42.872 45.505 41.015
1 146 0 0 0.6287425149700598 0 0 44.524 45.547 37.621
1 147 13 0 0.31137724550898194 0 0 47.449 47.873 38.035
1 148 18 0 0.16167664670658677 0 0 49.038 46.276 41.129
1 149 1 0 0.40718562874251496 0 0 48.491 42.856 39.703
1 150 6 0 0.4970059880239521 0 0 46.254 41.657 42.532
1 151 9 0 0.6826347305389222 0 0 43.958 38.675 41.846
1 152 22 0 0.8023952095808383 0 0 44.015 39.394 38.131
1 153 3 0 0.7125748502994012 0 0 45.532 35.999 37.317
1 154 3 0 0.7365269461077844 0 0 43.453 34.310 40.039
1 155 0 0 0.9221556886227544 0 0 40.282 35.440 38.435
1 156 15 0 0.9041916167664671 0 0 41.078 33.576 35.243
1 157 20 0 0.7485029940119761 0 0 42.459 30.574 37.097
1 158 18 0 0.7784431137724551 0 0 39.507 30.341 39.343
1 159 12 0 0.8802395209580838 0 0 37.199 30.190 36.313
1 160 22 0 0.6946107784431137 0 0 39.072 27.200 34.870
1 161 1 0 0.5389221556886228 0 0 38.931 25.496 38.198
1 162 7 0 0.5988023952095809 0 0 35.110 25.649 37.903
1 163 11 0 0.562874251497006 0 0 35.177 24.663 34.248
1 164 1 0 0.29940119760479034 0 0 37.273 21.639 35.006
1 165 13 0 0.15568862275449102 0 0 34.447 20.110 36.966
1 166 10 0 0.09580838323353291 0 0 32.705 18.777 33.832
1 167 13 0 0.0 0 0 31.624 15.180 33.411
