1 1 14 0 0.029940119760479056 0 0 26.252 55.884 31.942
1 2 18 0 0.11976047904191622 0 0 26.182 53.748 35.087
1 3 7 0 0.3053892215568862 0 0 29.051 51.407 34.418
1 4 20 0 0.5688622754491017 0 0 29.729 48.152 36.178
1 5 13 0 0.7425149700598803 0 0 32.493 45.584 35.515
1 6 12 0 0.9221556886227544 0 0 31.309 42.047 36.051
1 7 22 0 0.9580838323353293 0 0 33.940 39.391 36.378
1 8 22 0 0.9820359281437125 0 0 33.222 35.850 35.481
1 9 22 0 0.9700598802395209 0 0 34.982 33.132 37.535
1 10 9 0 0.9281437125748503 0 0 34.430 29.477 37.034
1 11 0 0 0.7784431137724551 0 0 36.114 26.109 36.758
1 12 9 0 0.592814371257485 0 0 36.283 24.299 33.436
1 13 9 0 0.5868263473053892 0 0 33.211 23.524 31.443
1 14 22 0 0.8203592814371258 0 0 30.693 25.330 33.692
1 15 9 0 0.8323353293413174 0 0 29.343 27.404 30.814
1 16 13 0 0.9401197604790419 0 0 31.107 30.500 31.908
1 17 17 0 0.844311377245509 0 0 31.618 31.786 28.404
1 18 0 0 0.7664670658682635 0 0 28.248 30.419 27.248
1 19 12 0 0.8862275449101796 0 0 26.160 32.680 29.440
1 20 18 0 0.8682634730538922 0 0 28.020 35.824 28.330
1 21 11 0 0.6467065868263473 0 0 27.713 34.618 24.739
1 22 6 0 0.5808383233532934 0 0 23.939 34.303 25.134
1 23 12 0 0.6826347305389222 0 0 23.654 37.657 26.935
1 24 11 0 0.5209580838323353 0 0 25.790 39.401 24.384
1 25 6 0 0.27544910179640725 0 0 25.458 37.676 21.023
1 26 2 0 0.24550898203592808 0 0 21.838 36.519 21.605
1 27 10 0 0.17964071856287422 0 0 23.210 33.426 20.031
1 28 15 0 0.2335329341317366 0 0 25.992 30.881 20.299
1 29 22 0 0.14970059880239517 0 0 29.328 31.132 18.563
1 30 3 0 0.053892215568862256 0 0 31.166 28.250 16.864
1 31 7 0 0.06586826347305386 0 0 34.377 30.065 17.711
1 32 20 0 0.14371257485029942 0 0 36.628 28.906 20.471
1 33 3 0 0.19760479041916168 0 0 38.895 31.417 22.190
1 34 16 0 0.3413173652694611 0 0 40.650 31.447 25.594
1 35 18 0 0.4730538922155688 0 0 39.253 34.951 25.837
1 36 11 0 0.2934131736526946 0 0 42.514 36.744 26.511
1 37 7 0 0.17365269461077848 0 0 41.705 39.614 24.193
1 38 3 0 0.3173652694610779 0 0 38.426 41.249 24.467
1 39 17 0 0.4970059880239521 0 0 35.957 42.594 26.865
1 40 20 0 0.5329341317365269 0 0 32.249 42.634 25.972
1 41 1 0 0.4850299401197605 0 0 29.694 45.178 26.812
1 42 13 0 0.4251497005988024 0 0 25.989 45.563 26.938
1 43 6 0 0.21556886227544902 0 0 23.445 48.412 27.424
1 44 22 0 0.26347305389221565 0 0 20.626 47.326 29.577
1 45 22 0 0.13772455089820357 0 0 17.438 48.325 31.354
1 46 11 0 0.2574850299401197 0 0 17.790 47.341 34.963
1 47 3 0 0.08383233532934131 0 0 14.700 48.074 37.050
1 48 9 0 0.0119760479041916 0 0 13.690 51.010 34.813
1 49 7 0 0.03592814371257491 0 0 17.140 52.529 34.786
1 50 18 0 0.0718562874251496 0 0 19.463 51.950 31.928
1 51 5 0 0.23952095808383234 0 0 22.845 50.542 32.997
1 52 12 0 0.32335329341317365 0 0 26.080 49.739 31.109
1 53 12 0 0.6167664670658684 0 0 27.695 46.396 31.909
1 54 3 0 0.6766467065868262 0 0 31.152 45.261 30.959
1 55 11 0 0.8622754491017964 0 0 31.524 41.539 31.304
1 56 12 0 0.8562874251497006 0 0 34.937 40.044 31.741
1 57 3 0 0.8922155688622755 0 0 35.848 36.399 31.303
1 58 18 0 0.8383233532934131 0 0 38.532 35.101 33.682
1 59 0 0 0.5988023952095809 0 0 41.368 33.504 31.848
1 60 9 0 0.41916167664670656 0 0 44.119 31.494 33.545
1 61 6 0 0.3772455089820359 0 0 44.960 29.981 36.868
1 62 7 0 0.10778443113772451 0 0 48.709 30.531 37.332
1 63 7 0 0.059880239520958 0 0 50.446 33.117 39.352
1 64 20 0 0.0 0 0 53.157 34.075 36.844
1 65 17 0 0.0059880239520957446 0 0 52.580 35.831 33.463
1 66 0 0 0.10179640718562877 0 0 48.855 36.118 33.741
1 67 14 0 0.28742514970059885 0 0 45.885 38.445 34.228
1 68 1 0 0.5089820359281436 0 0 43.693 36.472 36.674
1 69 3 0 0.46706586826347307 0 0 43.836 38.947 39.547
1 70 6 0 0.38323353293413165 0 0 44.036 41.817 37.036
1 71 20 0 0.652694610778443 0 0 40.416 41.189 36.155
1 72 14 0 0.7005988023952096 0 0 39.439 40.961 39.768
1 73 1 0 0.43113772455089827 0 0 41.138 44.309 40.390
1 74 18 0 0.49101796407185627 0 0 38.812 46.099 37.987
1 75 9 0 0.7485029940119761 0 0 35.739 44.048 38.783
1 76 7 0 0.688622754491018 0 0 32.972 45.734 40.634
1 77 9 0 0.874251497005988 0 0 31.052 42.572 41.261
1 78 15 0 0.9640718562874252 0 0 31.833 38.812 40.753
1 79 12 0 0.9940119760479041 0 0 29.727 36.224 38.930
1 80 5 0 0.9880239520958084 0 0 30.543 32.867 40.348
1 81 22 0 0.9760479041916168 0 0 29.673 29.922 38.225
1 82 15 0 0.8802395209580838 0 0 29.601 26.167 38.833
1 83 0 0 0.718562874251497 0 0 27.712 23.328 37.217
1 84 11 0 0.5029940119760479 0 0 25.184 21.388 39.262
1 85 2 0 0.2694610778443114 0 0 26.544 18.116 37.968
1 86 2 0 0.35928143712574856 0 0 30.163 18.742 38.819
1 87 18 0 0.281437125748503 0 0 31.075 18.793 42.478
1 88 13 0 0.3652694610778443 0 0 34.507 20.133 41.704
1 89 17 0 0.6646706586826348 0 0 33.147 23.366 40.297
1 90 15 0 0.6227544910179641 0 0 31.055 23.724 43.445
1 91 7 0 0.45508982035928147 0 0 34.020 23.185 45.738
1 92 3 0 0.6047904191616766 0 0 36.003 25.641 43.715
1 93 11 0 0.7964071856287425 0 0 33.659 28.420 44.753
1 94 10 0 0.5389221556886228 0 0 35.644 28.521 47.965
1 95 10 0 0.5269461077844311 0 0 38.796 28.793 45.990
1 96 20 0 0.7904191616766467 0 0 37.464 31.672 43.962
1 97 1 0 0.7065868263473054 0 0 36.024 33.407 46.998
1 98 7 0 0.437125748502994 0 0 39.467 33.087 48.649
1 99 6 0 0.5149700598802396 0 0 41.058 34.485 45.515
1 100 11 0 0.658682634730539 0 0 38.706 37.436 45.273
1 101 13 0 0.4011976047904191 0 0 39.218 37.929 49.035
1 102 1 0 0.221556886227545 0 0 42.971 38.052 48.460
1 103 22 0 0.33532934131736525 0 0 42.562 40.459 45.580
1 104 13 0 0.3293413173652695 0 0 40.036 42.859 47.098
1 105 3 0 0.13173652694610782 0 0 41.201 42.298 50.655
1 106 17 0 0.19161676646706582 0 0 37.560 41.968 51.648
1 107 7 0 0.37125748502994016 0 0 34.806 39.252 51.787
1 108 3 0 0.39520958083832336 0 0 31.676 41.324 51.496
1 109 22 0 0.5748502994011976 0 0 32.247 42.409 47.885
1 110 16 0 0.7724550898203593 0 0 29.340 41.887 45.499
1 111 14 0 0.9041916167664671 0 0 29.064 38.337 44.448
1 112 22 0 0.9461077844311377 0 0 26.317 36.114 43.143
1 113 12 0 0.9341317365269461 0 0 26.258 32.320 42.882
1 114 22 0 0.9520958083832335 0 0 25.245 30.669 39.591
1 115 9 0 0.8502994011976048 0 0 24.623 27.027 39.086
1 116 2 0 0.8263473053892215 0 0 24.511 26.427 35.354
1 117 13 0 0.5568862275449102 0 0 23.377 23.383 33.398
1 118 5 0 0.4610778443113772 0 0 20.342 23.131 35.627
1 119 3 0 0.20359281437125742 0 0 17.954 21.874 32.913
1 120 12 0 0.09580838323353291 0 0 19.306 18.332 33.483
1 121 16 0 0.017964071856287345 0 0 17.253 15.966 35.541
1 122 17 0 0.02395209580838331 0 0 20.090 14.671 37.705
1 123 1 0 0.11377245508982048 0 0 22.546 16.815 39.648
1 124 18 0 0.08982035928143717 0 0 25.495 16.014 41.916
1 125 22 0 0.25149700598802394 0 0 25.678 19.212 43.892
1 126 3 0 0.12574850299401197 0 0 22.580 19.089 45.999
1 127 18 0 0.16766467065868274 0 0 19.988 21.795 45.951
1 128 13 0 0.07784431137724557 0 0 19.945 22.317 49.663
1 129 6 0 0.15568862275449102 0 0 23.793 22.132 49.705
1 130 0 0 0.44311377245508976 0 0 24.118 24.794 47.052
1 131 6 0 0.3532934131736526 0 0 21.675 26.938 48.975
1 132 3 0 0.18562874251497008 0 0 23.661 26.458 52.175
1 133 12 0 0.4131736526946108 0 0 26.811 27.693 50.532
1 134 0 0 0.562874251497006 0 0 25.209 30.730 49.160
1 135 1 0 0.31137724550898194 0 0 23.647 31.355 52.520
1 136 17 0 0.22754491017964074 0 0 26.899 31.074 54.337
1 137 20 0 0.4491017964071856 0 0 28.563 33.749 52.209
1 138 9 0 0.3892215568862275 0 0 25.353 35.832 52.471
1 139 11 0 0.6347305389221557 0 0 24.543 35.910 48.760
1 140 16 0 0.6946107784431137 0 0 21.845 35.275 46.219
1 141 15 0 0.7544910179640718 0 0 21.678 31.952 44.374
1 142 11 0 0.8083832335329342 0 0 20.442 31.434 40.808
1 143 7 0 0.7125748502994012 0 0 19.996 28.400 38.567
1 144 18 0 0.7604790419161677 0 0 20.527 28.958 34.850
1 145 17 0 0.6107784431137725 0 0 20.909 27.137 31.603
1 146 0 0 0.6407185628742516 0 0 22.621 28.745 28.605
1 147 13 0 0.34730538922155685 0 0 21.336 26.195 26.143
1 148 18 0 0.20958083832335328 0 0 17.666 27.038 26.466
1 149 1 0 0.40718562874251496 0 0 18.279 30.579 27.537
1 150 6 0 0.47904191616766467 0 0 16.993 30.242 30.990
1 151 9 0 0.6706586826347305 0 0 17.982 32.811 33.565
1 152 22 0 0.8023952095808383 0 0 20.807 34.420 31.562
1 153 3 0 0.7305389221556886 0 0 19.984 38.052 32.012
1 154 3 0 0.7365269461077844 0 0 18.640 37.168 35.534
1 155 0 0 0.9101796407185628 0 0 21.971 35.989 36.702
1 156 15 0 0.9161676646706587 0 0 23.705 39.093 35.345
1 157 20 0 0.7844311377245509 0 0 21.130 41.527 36.639
1 158 18 0 0.8143712574850299 0 0 21.028 39.800 40.001
1 159 12 0 0.8982035928143712 0 0 24.686 40.747 40.453
1 160 22 0 0.7245508982035929 0 0 23.845 44.400 39.696
1 161 1 0 0.5449101796407185 0 0 21.037 44.279 42.249
1 162 7 0 0.6287425149700598 0 0 23.623 43.179 44.749
1 163 11 0 0.5508982035928144 0 0 25.832 46.089 43.870
1 164 1 0 0.29940119760479034 0 0 23.007 48.556 44.329
1 165 13 0 0.16167664670658677 0 0 21.891 47.837 47.851
1 166 10 0 0.04790419161676651 0 0 22.525 49.810 50.930
1 167 13 0 0.041916167664670656 0 0 23.968 47.736 53.687
