5.000000000000000000e+00 1.071428582072257996e-01 2.543099975585937500e+01 3.765399932861328125e+01 4.152199935913085938e+01
1.600000000000000000e+01 2.187500000000000000e-01 2.644899940490722656e+01 4.136999893188476562e+01 4.105099868774414062e+01
1.200000000000000000e+01 4.955357015132904053e-01 3.026199913024902344e+01 4.103400039672851562e+01 4.102399826049804688e+01
1.400000000000000000e+01 5.357142686843872070e-01 3.113699913024902344e+01 3.845999908447265625e+01 3.834299850463867188e+01
2.200000000000000000e+01 6.964285969734191895e-01 3.482400131225585938e+01 3.747299957275390625e+01 3.782400131225585938e+01
1.300000000000000000e+01 6.875000000000000000e-01 3.565599822998046875e+01 3.571699905395507812e+01 3.455199813842773438e+01
2.200000000000000000e+01 7.500000000000000000e-01 3.922700119018554688e+01 3.424300003051757812e+01 3.400799942016601562e+01
1.200000000000000000e+01 7.053571343421936035e-01 4.048400115966796875e+01 3.336100006103515625e+01 3.059900093078613281e+01
3.000000000000000000e+00 6.517857313156127930e-01 4.360900115966796875e+01 3.138599967956542969e+01 2.937700080871582031e+01
0.000000000000000000e+00 6.383928656578063965e-01 4.458900070190429688e+01 3.310599899291992188e+01 2.616600036621093750e+01
2.200000000000000000e+01 4.866071343421936035e-01 4.708000183105468750e+01 3.062299919128417969e+01 2.486800003051757812e+01
1.000000000000000000e+00 2.723214328289031982e-01 4.510300064086914062e+01 2.736199951171875000e+01 2.523699951171875000e+01
9.000000000000000000e+00 3.035714328289031982e-01 4.222299957275390625e+01 2.951899909973144531e+01 2.428899955749511719e+01
1.700000000000000000e+01 3.125000000000000000e-01 3.974100112915039062e+01 2.875300025939941406e+01 2.697999954223632812e+01
1.600000000000000000e+01 4.330357015132904053e-01 3.826100158691406250e+01 2.964800071716308594e+01 3.037400054931640625e+01
0.000000000000000000e+00 5.535714030265808105e-01 4.075099945068359375e+01 2.937899971008300781e+01 3.338100051879882812e+01
1.100000000000000000e+01 3.214285671710968018e-01 3.952600097656250000e+01 2.667300033569335938e+01 3.565999984741210938e+01
2.000000000000000000e+00 3.348214328289031982e-01 4.050600051879882812e+01 2.689299964904785156e+01 3.948500061035156250e+01
2.200000000000000000e+01 6.250000000000000000e-01 4.205899810791015625e+01 3.035600090026855469e+01 3.943500137329101562e+01
0.000000000000000000e+00 6.428571343421936035e-01 4.148199844360351562e+01 3.202199935913085938e+01 4.278599929809570312e+01
1.400000000000000000e+01 7.410714030265808105e-01 4.095299911499023438e+01 3.562900161743164062e+01 4.390800094604492188e+01
2.200000000000000000e+01 7.187500000000000000e-01 3.850099945068359375e+01 4.118500137329101562e+01 4.675699996948242188e+01
1.500000000000000000e+01 6.741071343421936035e-01 3.930400085449218750e+01 4.409000015258789062e+01 4.902700042724609375e+01
1.000000000000000000e+00 5.803571343421936035e-01 3.758200073242187500e+01 4.744599914550781250e+01 4.949599838256835938e+01
1.300000000000000000e+01 4.687500000000000000e-01 3.835900115966796875e+01 5.085499954223632812e+01 5.104299926757812500e+01
0.000000000000000000e+00 1.964285671710968018e-01 3.760300064086914062e+01 5.117699813842773438e+01 5.479700088500976562e+01
0.000000000000000000e+00 6.250000000000000000e-02 3.684500122070312500e+01 5.463899993896484375e+01 5.659199905395507812e+01
3.000000000000000000e+00 6.696428358554840088e-02 4.037099838256835938e+01 5.567800140380859375e+01 5.748500061035156250e+01
3.000000000000000000e+00 2.544642984867095947e-01 4.143700027465820312e+01 5.501800155639648438e+01 5.381000137329101562e+01
1.800000000000000000e+01 3.169642984867095947e-01 4.298500061035156250e+01 5.152500152587890625e+01 5.444699859619140625e+01
1.900000000000000000e+01 5.267857313156127930e-01 4.221799850463867188e+01 4.842800140380859375e+01 5.248699951171875000e+01
7.000000000000000000e+00 3.437500000000000000e-01 4.006700134277343750e+01 4.565900039672851562e+01 5.428900146484375000e+01
1.600000000000000000e+01 4.285714328289031982e-01 3.917900085449218750e+01 4.224599838256835938e+01 5.281399917602539062e+01
1.500000000000000000e+01 3.750000000000000000e-01 3.567800140380859375e+01 4.210900115966796875e+01 5.126399993896484375e+01
0.000000000000000000e+00 4.151785671710968018e-01 3.521500015258789062e+01 3.876200103759765625e+01 4.947000122070312500e+01
1.700000000000000000e+01 4.776785671710968018e-01 3.712400054931640625e+01 3.556999969482421875e+01 4.814500045776367188e+01
9.000000000000000000e+00 4.062500000000000000e-01 3.694100189208984375e+01 3.240999984741210938e+01 4.603099822998046875e+01
1.300000000000000000e+01 4.821428656578063965e-01 3.801100158691406250e+01 3.066699981689453125e+01 4.284099960327148438e+01
1.800000000000000000e+01 4.419642984867095947e-01 3.667499923706054688e+01 2.996599960327148438e+01 3.934600067138671875e+01
1.700000000000000000e+01 1.785714328289031982e-01 3.392499923706054688e+01 2.739200019836425781e+01 3.845600128173828125e+01
7.000000000000000000e+00 9.375000000000000000e-02 3.376499938964843750e+01 2.515299987792968750e+01 3.529000091552734375e+01
1.700000000000000000e+01 1.517857164144515991e-01 3.263199996948242188e+01 2.813100051879882812e+01 3.294699859619140625e+01
9.000000000000000000e+00 4.241071343421936035e-01 3.568600082397460938e+01 3.007900047302246094e+01 3.426100158691406250e+01
7.000000000000000000e+00 4.375000000000000000e-01 3.360800170898437500e+01 3.222800064086914062e+01 3.648799896240234375e+01
1.200000000000000000e+01 3.883928656578063965e-01 3.290900039672851562e+01 3.296200180053710938e+01 4.006999969482421875e+01
9.000000000000000000e+00 1.473214328289031982e-01 2.923100090026855469e+01 3.393799972534179688e+01 4.478799819946289062e+01
1.200000000000000000e+01 2.901785671710968018e-01 3.138599967956542969e+01 3.696599960327148438e+01 4.604999923706054688e+01
1.800000000000000000e+01 1.562500000000000000e-01 2.862100028991699219e+01 3.924900054931640625e+01 4.739199829101562500e+01
1.800000000000000000e+01 4.464285820722579956e-02 2.480500030517578125e+01 3.976900100708007812e+01 4.700600051879882812e+01
7.000000000000000000e+00 2.232142910361289978e-02 2.287400054931640625e+01 4.287300109863281250e+01 4.577600097656250000e+01
7.000000000000000000e+00 0.000000000000000000e+00 2.175900077819824219e+01 4.480099868774414062e+01 4.905899810791015625e+01
7.000000000000000000e+00 1.785714365541934967e-02 2.515200042724609375e+01 4.402299880981445312e+01 5.078400039672851562e+01
1.500000000000000000e+01 1.205357164144515991e-01 2.715500068664550781e+01 4.525999832153320312e+01 4.777399826049804688e+01
2.200000000000000000e+01 1.116071417927742004e-01 2.785099983215332031e+01 4.895000076293945312e+01 4.850000000000000000e+01
7.000000000000000000e+00 2.008928507566452026e-01 2.950000000000000000e+01 5.195800018310546875e+01 4.689500045776367188e+01
9.000000000000000000e+00 3.571428656578063965e-01 3.324499893188476562e+01 5.236399841308593750e+01 4.750000000000000000e+01
1.100000000000000000e+01 6.205357313156127930e-01 3.666500091552734375e+01 5.179299926757812500e+01 4.584500122070312500e+01
2.000000000000000000e+01 7.366071343421936035e-01 3.734999847412109375e+01 4.811800003051757812e+01 4.528099822998046875e+01
1.300000000000000000e+01 8.750000000000000000e-01 4.009799957275390625e+01 4.582799911499023438e+01 4.388899993896484375e+01
2.200000000000000000e+01 9.017857313156127930e-01 4.028699874877929688e+01 4.215200042724609375e+01 4.272100067138671875e+01
7.000000000000000000e+00 9.285714030265808105e-01 4.356800079345703125e+01 4.021099853515625000e+01 4.322900009155273438e+01
1.100000000000000000e+01 9.196428656578063965e-01 4.395600128173828125e+01 3.720600128173828125e+01 4.103300094604492188e+01
3.000000000000000000e+00 8.214285969734191895e-01 4.660599899291992188e+01 3.453499984741210938e+01 4.157400131225585938e+01
1.800000000000000000e+01 8.437500000000000000e-01 4.808800125122070312e+01 3.393299865722656250e+01 3.806600189208984375e+01
1.300000000000000000e+01 7.544642686843872070e-01 5.147000122070312500e+01 3.274100112915039062e+01 3.926699829101562500e+01
1.700000000000000000e+01 5.937500000000000000e-01 5.006499862670898438e+01 2.959900093078613281e+01 4.093199920654296875e+01
2.000000000000000000e+01 5.982142686843872070e-01 4.796099853515625000e+01 2.870599937438964844e+01 3.782899856567382812e+01
1.900000000000000000e+01 5.848214030265808105e-01 5.111899948120117188e+01 2.882799911499023438e+01 3.559600067138671875e+01
1.300000000000000000e+01 3.928571343421936035e-01 5.333800125122070312e+01 2.712199974060058594e+01 3.835699844360351562e+01
0.000000000000000000e+00 2.455357164144515991e-01 5.083300018310546875e+01 2.421899986267089844e+01 3.868399810791015625e+01
1.200000000000000000e+01 2.142857164144515991e-01 5.129199981689453125e+01 2.376799964904785156e+01 3.484700012207031250e+01
9.000000000000000000e+00 1.741071492433547974e-01 5.518199920654296875e+01 2.423699951171875000e+01 3.535699844360351562e+01
1.100000000000000000e+01 3.526785671710968018e-01 5.590100097656250000e+01 2.771599960327148438e+01 3.398500061035156250e+01
1.700000000000000000e+01 5.000000000000000000e-01 5.792300033569335938e+01 3.060499954223632812e+01 3.533700180053710938e+01
1.600000000000000000e+01 7.142857313156127930e-01 5.581999969482421875e+01 3.368999862670898438e+01 3.442599868774414062e+01
1.500000000000000000e+01 7.991071343421936035e-01 5.660400009155273438e+01 3.745600128173828125e+01 3.375400161743164062e+01
7.000000000000000000e+00 8.883928656578063965e-01 5.376800155639648438e+01 3.831499862670898438e+01 3.983200073242187500e+01
0.000000000000000000e+00 9.866071343421936035e-01 4.688000106811523438e+01 3.997800064086914062e+01 3.781000137329101562e+01
7.000000000000000000e+00 9.955357313156127930e-01 4.510200119018554688e+01 4.287099838256835938e+01 3.956600189208984375e+01
2.200000000000000000e+01 9.821428656578063965e-01 4.253200149536132812e+01 4.580599975585937500e+01 3.893199920654296875e+01
2.200000000000000000e+01 9.375000000000000000e-01 4.129100036621093750e+01 4.875400161743164062e+01 4.102000045776367188e+01
1.500000000000000000e+01 8.303571343421936035e-01 3.790399932861328125e+01 5.046799850463867188e+01 4.042100143432617188e+01
1.800000000000000000e+01 6.562500000000000000e-01 3.495899963378906250e+01 5.250699996948242188e+01 4.183200073242187500e+01
0.000000000000000000e+00 5.312500000000000000e-01 3.175300025939941406e+01 5.060400009155273438e+01 4.213299942016601562e+01
2.000000000000000000e+00 2.589285671710968018e-01 2.811800003051757812e+01 5.153400039672851562e+01 4.210499954223632812e+01
3.000000000000000000e+00 2.053571492433547974e-01 2.876199913024902344e+01 5.509899902343750000e+01 4.150799942016601562e+01
1.700000000000000000e+01 7.142857462167739868e-02 2.544300079345703125e+01 5.639199829101562500e+01 4.008900070190429688e+01
9.000000000000000000e+00 3.125000000000000000e-02 2.347900009155273438e+01 5.349200057983398438e+01 4.158300018310546875e+01
1.600000000000000000e+01 5.357142910361289978e-02 2.278199958801269531e+01 4.984600067138671875e+01 4.090599822998046875e+01
1.000000000000000000e+00 1.607142835855484009e-01 2.506200027465820312e+01 4.813299942016601562e+01 3.849800109863281250e+01
1.000000000000000000e+00 2.678571343421936035e-01 2.641099929809570312e+01 4.458200073242187500e+01 3.777899932861328125e+01
2.000000000000000000e+01 5.491071343421936035e-01 3.009700012207031250e+01 4.424499893188476562e+01 3.707400131225585938e+01
1.800000000000000000e+01 6.339285969734191895e-01 3.178000068664550781e+01 4.157899856567382812e+01 3.493000030517578125e+01
1.100000000000000000e+01 8.080357313156127930e-01 3.552999877929687500e+01 4.161600112915039062e+01 3.543299865722656250e+01
0.000000000000000000e+00 8.258928656578063965e-01 3.733399963378906250e+01 3.959000015258789062e+01 3.256499862670898438e+01
0.000000000000000000e+00 9.330357313156127930e-01 4.102000045776367188e+01 3.860699844360351562e+01 3.329299926757812500e+01
1.200000000000000000e+01 8.794642686843872070e-01 4.306600189208984375e+01 3.747499847412109375e+01 3.014900016784667969e+01
1.200000000000000000e+01 8.571428656578063965e-01 4.613199996948242188e+01 3.540499877929687500e+01 3.107099914550781250e+01
1.700000000000000000e+01 7.857142686843872070e-01 4.941899871826171875e+01 3.444699859619140625e+01 2.926199913024902344e+01
1.600000000000000000e+01 7.232142686843872070e-01 5.305899810791015625e+01 3.376200103759765625e+01 3.041099929809570312e+01
2.000000000000000000e+01 7.901785969734191895e-01 5.439300155639648438e+01 3.723199844360351562e+01 2.909700012207031250e+01
1.700000000000000000e+01 9.151785969734191895e-01 5.099200057983398438e+01 3.908700180053710938e+01 2.920899963378906250e+01
2.000000000000000000e+01 9.598214030265808105e-01 4.784600067138671875e+01 3.985499954223632812e+01 3.116600036621093750e+01
1.700000000000000000e+01 9.642857313156127930e-01 4.473500061035156250e+01 4.204100036621093750e+01 3.020899963378906250e+01
1.800000000000000000e+01 9.687500000000000000e-01 4.179700088500976562e+01 4.320100021362304688e+01 3.230099868774414062e+01
1.800000000000000000e+01 8.973214030265808105e-01 3.851300048828125000e+01 4.435400009155273438e+01 3.094899940490722656e+01
0.000000000000000000e+00 8.035714030265808105e-01 3.531000137329101562e+01 4.546799850463867188e+01 3.280500030517578125e+01
2.200000000000000000e+01 6.116071343421936035e-01 3.193600082397460938e+01 4.501499938964843750e+01 3.106599998474121094e+01
2.200000000000000000e+01 5.089285969734191895e-01 2.950300025939941406e+01 4.698099899291992188e+01 3.340100097656250000e+01
1.800000000000000000e+01 2.321428507566452026e-01 2.597500038146972656e+01 4.570299911499023438e+01 3.271099853515625000e+01
2.000000000000000000e+00 7.589285820722579956e-02 2.250900077819824219e+01 4.646799850463867188e+01 3.405799865722656250e+01
1.600000000000000000e+01 1.339285727590322495e-02 2.052599906921386719e+01 4.434099960327148438e+01 3.673300170898437500e+01
5.000000000000000000e+00 1.383928507566452026e-01 6.740699768066406250e+01 4.865900039672851562e+01 2.622500038146972656e+01
1.600000000000000000e+01 2.232142835855484009e-01 6.760099792480468750e+01 4.719599914550781250e+01 2.969099998474121094e+01
1.200000000000000000e+01 4.910714328289031982e-01 6.399000167846679688e+01 4.837200164794921875e+01 3.052400016784667969e+01
1.400000000000000000e+01 5.223214030265808105e-01 6.179499816894531250e+01 5.013700103759765625e+01 2.789800071716308594e+01
2.200000000000000000e+01 6.919642686843872070e-01 5.800299835205078125e+01 5.076599884033203125e+01 2.830599975585937500e+01
1.300000000000000000e+01 6.651785969734191895e-01 5.582400131225585938e+01 5.183700180053710938e+01 2.535799980163574219e+01
2.200000000000000000e+01 7.321428656578063965e-01 5.226100158691406250e+01 5.296500015258789062e+01 2.605400085449218750e+01
1.200000000000000000e+01 6.696428656578063965e-01 4.950699996948242188e+01 5.306299972534179688e+01 2.335099983215332031e+01
3.000000000000000000e+00 6.473214030265808105e-01 4.577999877929687500e+01 5.381999969482421875e+01 2.332200050354003906e+01
0.000000000000000000e+00 5.892857313156127930e-01 4.299200057983398438e+01 5.178499984741210938e+01 2.164599990844726562e+01
2.200000000000000000e+01 4.508928656578063965e-01 4.082600021362304688e+01 5.493399810791015625e+01 2.181999969482421875e+01
1.000000000000000000e+00 2.500000000000000000e-01 4.273099899291992188e+01 5.687799835205078125e+01 1.908099937438964844e+01
9.000000000000000000e+00 2.946428656578063965e-01 4.475699996948242188e+01 5.373300170898437500e+01 1.800099945068359375e+01
1.700000000000000000e+01 2.857142984867095947e-01 4.812500000000000000e+01 5.544100189208984375e+01 1.840699958801269531e+01
1.600000000000000000e+01 4.017857015132904053e-01 5.086600112915039062e+01 5.583599853515625000e+01 2.092600059509277344e+01
0.000000000000000000e+00 5.178571343421936035e-01 5.009600067138671875e+01 5.761299896240234375e+01 2.417900085449218750e+01
1.100000000000000000e+01 2.991071343421936035e-01 5.185400009155273438e+01 6.082600021362304688e+01 2.471299934387207031e+01
2.000000000000000000e+00 3.392857015132904053e-01 5.284199905395507812e+01 6.193000030517578125e+01 2.819599914550781250e+01
2.200000000000000000e+01 6.294642686843872070e-01 5.175400161743164062e+01 5.892800140380859375e+01 3.026199913024902344e+01
0.000000000000000000e+00 6.160714030265808105e-01 5.380599975585937500e+01 5.919499969482421875e+01 3.347100067138671875e+01
1.400000000000000000e+01 7.276785969734191895e-01 5.498699951171875000e+01 5.633499908447265625e+01 3.559700012207031250e+01
2.200000000000000000e+01 7.098214030265808105e-01 5.924800109863281250e+01 5.235300064086914062e+01 3.892800140380859375e+01
1.500000000000000000e+01 6.785714030265808105e-01 5.971300125122070312e+01 5.049800109863281250e+01 4.220100021362304688e+01
1.000000000000000000e+00 5.625000000000000000e-01 6.213199996948242188e+01 4.784500122070312500e+01 4.350699996948242188e+01
1.300000000000000000e+01 5.044642686843872070e-01 6.184000015258789062e+01 4.521200180053710938e+01 4.643199920654296875e+01
0.000000000000000000e+00 2.098214328289031982e-01 6.418699645996093750e+01 4.561100006103515625e+01 4.944300079345703125e+01
0.000000000000000000e+00 8.928571641445159912e-02 6.570200347900390625e+01 4.266999816894531250e+01 5.141799926757812500e+01
3.000000000000000000e+00 9.821428358554840088e-02 6.281200027465820312e+01 4.256700134277343750e+01 5.395500183105468750e+01
3.000000000000000000e+00 3.080357015132904053e-01 6.050400161743164062e+01 4.270999908447265625e+01 5.086299896240234375e+01
1.800000000000000000e+01 3.303571343421936035e-01 5.958300018310546875e+01 4.637099838256835938e+01 5.117900085449218750e+01
1.900000000000000000e+01 5.446428656578063965e-01 5.884099960327148438e+01 4.855199813842773438e+01 4.805500030517578125e+01
7.000000000000000000e+00 3.616071343421936035e-01 6.162200164794921875e+01 5.120399856567382812e+01 4.739799880981445312e+01
1.600000000000000000e+01 3.839285671710968018e-01 6.143099975585937500e+01 5.404999923706054688e+01 4.482300186157226562e+01
1.500000000000000000e+01 3.482142984867095947e-01 6.381600189208984375e+01 5.317499923706054688e+01 4.200699996948242188e+01
0.000000000000000000e+00 3.660714328289031982e-01 6.317200088500976562e+01 5.536399841308593750e+01 3.883700180053710938e+01
1.700000000000000000e+01 4.642857015132904053e-01 6.042499923706054688e+01 5.754800033569335938e+01 3.735900115966796875e+01
9.000000000000000000e+00 4.196428656578063965e-01 5.951699829101562500e+01 5.919499969482421875e+01 3.407500076293945312e+01
1.300000000000000000e+01 4.598214328289031982e-01 5.702500152587890625e+01 5.970100021362304688e+01 3.134199905395507812e+01
1.800000000000000000e+01 4.732142984867095947e-01 5.621400070190429688e+01 5.854499816894531250e+01 2.779999923706054688e+01
1.700000000000000000e+01 1.919642835855484009e-01 5.758499908447265625e+01 6.077600097656250000e+01 2.494300079345703125e+01
7.000000000000000000e+00 1.026785746216773987e-01 5.582199859619140625e+01 6.184099960327148438e+01 2.159499931335449219e+01
1.700000000000000000e+01 1.294642835855484009e-01 5.646699905395507812e+01 5.841199874877929688e+01 2.000200080871582031e+01
9.000000000000000000e+00 3.705357015132904053e-01 5.494400024414062500e+01 5.698899841308593750e+01 2.324300003051757812e+01
7.000000000000000000e+00 3.794642984867095947e-01 5.820500183105468750e+01 5.551499938964843750e+01 2.446999931335449219e+01
1.200000000000000000e+01 4.464285671710968018e-01 5.990499877929687500e+01 5.558100128173828125e+01 2.784499931335449219e+01
9.000000000000000000e+00 1.250000000000000000e-01 6.650399780273437500e+01 5.608800125122070312e+01 3.017700004577636719e+01
1.200000000000000000e+01 2.812500000000000000e-01 6.524400329589843750e+01 5.461700057983398438e+01 3.345299911499023438e+01
1.800000000000000000e+01 1.428571492433547974e-01 6.845500183105468750e+01 5.288299942016601562e+01 3.428699874877929688e+01
1.800000000000000000e+01 3.571428731083869934e-02 7.181400299072265625e+01 5.136999893188476562e+01 3.300699996948242188e+01
7.000000000000000000e+00 2.678571455180644989e-02 7.262100219726562500e+01 4.770399856567382812e+01 3.226499938964843750e+01
7.000000000000000000e+00 4.464285913854837418e-03 7.498699951171875000e+01 4.700799942016601562e+01 3.527600097656250000e+01
7.000000000000000000e+00 4.017857089638710022e-02 7.247399902343750000e+01 4.869300079345703125e+01 3.771699905395507812e+01
1.500000000000000000e+01 1.651785671710968018e-01 6.944200134277343750e+01 4.666500091552734375e+01 3.654299926757812500e+01
2.200000000000000000e+01 1.160714253783226013e-01 7.015699768066406250e+01 4.356000137329101562e+01 3.872399902343750000e+01
7.000000000000000000e+00 2.366071492433547974e-01 6.787000274658203125e+01 4.070000076293945312e+01 3.946799850463867188e+01
9.000000000000000000e+00 3.973214328289031982e-01 6.497100067138671875e+01 4.168299865722656250e+01 4.184400177001953125e+01
1.100000000000000000e+01 6.607142686843872070e-01 6.123400115966796875e+01 4.234000015258789062e+01 4.175500106811523438e+01
2.000000000000000000e+01 7.455357313156127930e-01 6.005500030517578125e+01 4.551100158691406250e+01 4.011100006103515625e+01
1.300000000000000000e+01 8.660714030265808105e-01 5.679800033569335938e+01 4.740499877929687500e+01 3.982099914550781250e+01
2.200000000000000000e+01 8.928571343421936035e-01 5.585400009155273438e+01 4.986700057983398438e+01 3.728400039672851562e+01
7.000000000000000000e+00 9.241071343421936035e-01 5.295800018310546875e+01 5.202000045776367188e+01 3.854600143432617188e+01
1.100000000000000000e+01 9.062500000000000000e-01 5.154299926757812500e+01 5.385800170898437500e+01 3.538199996948242188e+01
3.000000000000000000e+00 8.125000000000000000e-01 4.928599929809570312e+01 5.682099914550781250e+01 3.588199996948242188e+01
1.800000000000000000e+01 8.482142686843872070e-01 4.653200149536132812e+01 5.580799865722656250e+01 3.338800048828125000e+01
1.300000000000000000e+01 7.589285969734191895e-01 4.382400131225585938e+01 5.778599929809570312e+01 3.521799850463867188e+01
1.700000000000000000e+01 6.071428656578063965e-01 4.574300003051757812e+01 6.101100158691406250e+01 3.473300170898437500e+01
2.000000000000000000e+01 6.026785969734191895e-01 4.586800003051757812e+01 6.022000122070312500e+01 3.088599967956542969e+01
1.900000000000000000e+01 5.758928656578063965e-01 4.204000091552734375e+01 5.997499847412109375e+01 3.079000091552734375e+01
1.300000000000000000e+01 4.107142984867095947e-01 4.116099929809570312e+01 6.278799819946289062e+01 3.340000152587890625e+01
0.000000000000000000e+00 2.410714328289031982e-01 4.299599838256835938e+01 6.524900054931640625e+01 3.098500061035156250e+01
1.200000000000000000e+01 1.696428507566452026e-01 4.006800079345703125e+01 6.471700286865234375e+01 2.859600067138671875e+01
9.000000000000000000e+00 1.339285671710968018e-01 3.736600112915039062e+01 6.507299804687500000e+01 3.134700012207031250e+01
1.100000000000000000e+01 3.258928656578063965e-01 3.704199981689453125e+01 6.132600021362304688e+01 3.188999938964843750e+01
1.700000000000000000e+01 5.133928656578063965e-01 3.703900146484375000e+01 5.942499923706054688e+01 3.508000183105468750e+01
1.600000000000000000e+01 7.008928656578063965e-01 3.787099838256835938e+01 5.588800048828125000e+01 3.391299819946289062e+01
1.500000000000000000e+01 7.678571343421936035e-01 3.658499908447265625e+01 5.277199935913085938e+01 3.566600036621093750e+01
7.000000000000000000e+00 8.705357313156127930e-01 4.164500045776367188e+01 5.368999862670898438e+01 3.868399810791015625e+01
0.000000000000000000e+00 9.732142686843872070e-01 4.775000000000000000e+01 5.062799835205078125e+01 3.612500000000000000e+01
7.000000000000000000e+00 9.910714030265808105e-01 5.031100082397460938e+01 4.825999832153320312e+01 3.772200012207031250e+01
2.200000000000000000e+01 9.776785969734191895e-01 5.273899841308593750e+01 4.579600143432617188e+01 3.606700134277343750e+01
2.200000000000000000e+01 9.464285969734191895e-01 5.460300064086914062e+01 4.367900085449218750e+01 3.869599914550781250e+01
1.500000000000000000e+01 8.526785969734191895e-01 5.746699905395507812e+01 4.136000061035156250e+01 3.795999908447265625e+01
1.800000000000000000e+01 6.830357313156127930e-01 6.071900177001953125e+01 3.960499954223632812e+01 3.890800094604492188e+01
0.000000000000000000e+00 5.580357313156127930e-01 6.358900070190429688e+01 4.049200057983398438e+01 3.644400024414062500e+01
2.000000000000000000e+00 2.767857015132904053e-01 6.703700256347656250e+01 3.928200149536132812e+01 3.521799850463867188e+01
3.000000000000000000e+00 2.276785671710968018e-01 6.656199645996093750e+01 3.584400177001953125e+01 3.701100158691406250e+01
1.700000000000000000e+01 8.482142537832260132e-02 6.856099700927734375e+01 3.365700149536132812e+01 3.447900009155273438e+01
9.000000000000000000e+00 4.910714179277420044e-02 7.098100280761718750e+01 3.658200073242187500e+01 3.401300048828125000e+01
1.600000000000000000e+01 8.035714179277420044e-02 7.075099945068359375e+01 3.992499923706054688e+01 3.208499908447265625e+01
1.000000000000000000e+00 1.875000000000000000e-01 6.775900268554687500e+01 4.032099914550781250e+01 2.971800041198730469e+01
1.000000000000000000e+00 2.633928656578063965e-01 6.623100280761718750e+01 4.315100097656250000e+01 2.771100044250488281e+01
2.000000000000000000e+01 5.401785969734191895e-01 6.259500122070312500e+01 4.403400039672851562e+01 2.871999931335449219e+01
1.800000000000000000e+01 5.669642686843872070e-01 6.055899810791015625e+01 4.572499847412109375e+01 2.605299949645996094e+01
1.100000000000000000e+01 7.723214030265808105e-01 5.712200164794921875e+01 4.647700119018554688e+01 2.773500061035156250e+01
0.000000000000000000e+00 7.946428656578063965e-01 5.406800079345703125e+01 4.753900146484375000e+01 2.576700019836425781e+01
0.000000000000000000e+00 8.839285969734191895e-01 5.066400146484375000e+01 4.837900161743164062e+01 2.704899978637695312e+01
1.200000000000000000e+01 8.392857313156127930e-01 4.734299850463867188e+01 4.930500030517578125e+01 2.543499946594238281e+01
1.200000000000000000e+01 8.348214030265808105e-01 4.505199813842773438e+01 5.190900039672851562e+01 2.714200019836425781e+01
1.700000000000000000e+01 7.812500000000000000e-01 4.126300048828125000e+01 5.250699996948242188e+01 2.751399993896484375e+01
1.600000000000000000e+01 7.633928656578063965e-01 3.884400177001953125e+01 5.350199890136718750e+01 3.037199974060058594e+01
2.000000000000000000e+01 8.169642686843872070e-01 3.752500152587890625e+01 5.007899856567382812e+01 3.097699928283691406e+01
1.700000000000000000e+01 9.107142686843872070e-01 4.022200012207031250e+01 4.779100036621093750e+01 2.963100051879882812e+01
2.000000000000000000e+01 9.553571343421936035e-01 4.401300048828125000e+01 4.747299957275390625e+01 2.991200065612792969e+01
1.700000000000000000e+01 9.419642686843872070e-01 4.629100036621093750e+01 4.510200119018554688e+01 2.787500000000000000e+01
1.800000000000000000e+01 9.508928656578063965e-01 5.006000137329101562e+01 4.466999816894531250e+01 2.865399932861328125e+01
1.800000000000000000e+01 8.616071343421936035e-01 5.283300018310546875e+01 4.249200057983398438e+01 2.731999969482421875e+01
0.000000000000000000e+00 7.767857313156127930e-01 5.648500061035156250e+01 4.187900161743164062e+01 2.744799995422363281e+01
2.200000000000000000e+01 5.714285969734191895e-01 5.880899810791015625e+01 4.119599914550781250e+01 2.465900039672851562e+01
2.200000000000000000e+01 4.553571343421936035e-01 6.189099884033203125e+01 3.973300170898437500e+01 2.637599945068359375e+01
1.800000000000000000e+01 1.830357164144515991e-01 6.515899658203125000e+01 3.928599929809570312e+01 2.458300018310546875e+01
2.000000000000000000e+00 5.803571268916130066e-02 6.852999877929687500e+01 3.773799896240234375e+01 2.491200065612792969e+01
1.600000000000000000e+01 8.928571827709674835e-03 7.189099884033203125e+01 3.958700180053710938e+01 2.590099906921386719e+01
