1 1 14 0 0.0059880239520957446 0 0 45.924 19.235 30.040
1 2 18 0 0.07784431137724557 0 0 42.409 20.312 30.943
1 3 7 0 0.281437125748503 0 0 42.137 23.910 29.927
1 4 20 0 0.5748502994011976 0 0 39.627 26.386 31.176
1 5 13 0 0.7365269461077844 0 0 39.069 29.564 29.204
1 6 12 0 0.9161676646706587 0 0 38.082 32.228 31.653
1 7 22 0 0.9520958083832335 0 0 36.773 35.656 30.850
1 8 22 0 0.9880239520958084 0 0 36.934 38.192 33.670
1 9 22 0 0.9700598802395209 0 0 34.138 40.620 32.763
1 10 9 0 0.9341317365269461 0 0 32.796 43.956 34.106
1 11 0 0 0.7784431137724551 0 0 32.458 47.673 33.612
1 12 9 0 0.7005988023952096 0 0 35.947 49.042 33.792
1 13 9 0 0.5988023952095809 0 0 37.366 50.290 37.022
1 14 22 0 0.8263473053892215 0 0 36.395 47.279 39.121
1 15 9 0 0.8323353293413174 0 0 39.989 46.032 39.244
1 16 13 0 0.9401197604790419 0 0 39.851 43.096 36.872
1 17 17 0 0.8203592814371258 0 0 43.546 43.205 35.982
1 18 0 0 0.7485029940119761 0 0 44.436 43.514 39.665
1 19 12 0 0.8802395209580838 0 0 42.240 40.560 40.575
1 20 18 0 0.874251497005988 0 0 43.722 38.485 37.782
1 21 11 0 0.652694610778443 0 0 47.306 39.470 38.436
1 22 6 0 0.6227544910179641 0 0 46.594 38.748 42.134
1 23 12 0 0.7065868263473054 0 0 45.692 35.169 41.180
1 24 11 0 0.5449101796407185 0 0 48.501 34.646 38.729
1 25 6 0 0.2934131736526946 0 0 51.198 36.139 40.743
1 26 2 0 0.28742514970059885 0 0 50.235 37.965 43.887
1 27 10 0 0.23952095808383234 0 0 50.823 41.595 43.056
1 28 15 0 0.3293413173652695 0 0 48.565 44.607 42.965
1 29 22 0 0.3532934131736526 0 0 48.655 46.355 39.653
1 30 3 0 0.14970059880239517 0 0 48.611 50.082 39.215
1 31 7 0 0.10179640718562877 0 0 49.427 50.846 35.597
1 32 20 0 0.19760479041916168 0 0 47.063 50.136 32.814
1 33 3 0 0.21556886227544902 0 0 47.741 47.933 29.855
1 34 16 0 0.3652694610778443 0 0 44.983 46.685 27.511
1 35 18 0 0.47904191616766467 0 0 46.196 43.090 28.045
1 36 11 0 0.3772455089820359 0 0 45.461 41.252 24.833
1 37 7 0 0.11377245508982048 0 0 48.911 40.455 23.411
1 38 3 0 0.17964071856287422 0 0 49.850 38.747 26.665
1 39 17 0 0.35928143712574856 0 0 48.505 35.320 27.526
1 40 20 0 0.4970059880239521 0 0 48.202 34.533 31.178
1 41 1 0 0.4610778443113772 0 0 48.120 30.892 32.322
1 42 13 0 0.4251497005988024 0 0 48.055 29.172 35.677
1 43 6 0 0.16167664670658677 0 0 48.709 25.457 36.263
1 44 22 0 0.17365269461077848 0 0 47.018 24.388 39.411
1 45 22 0 0.08982035928143717 0 0 45.273 21.586 41.299
1 46 11 0 0.221556886227545 0 0 41.682 22.344 42.158
1 47 3 0 0.06586826347305386 0 0 39.849 19.850 44.362
1 48 9 0 0.0 0 0 42.306 17.126 43.548
1 49 7 0 0.02395209580838331 0 0 41.940 17.638 39.815
1 50 18 0 0.041916167664670656 0 0 44.814 19.325 37.973
1 51 5 0 0.16766467065868274 0 0 43.964 21.943 35.336
1 52 12 0 0.32335329341317365 0 0 45.153 25.028 33.454
1 53 12 0 0.6047904191616766 0 0 43.566 28.433 33.783
1 54 3 0 0.6287425149700598 0 0 43.898 30.564 30.677
1 55 11 0 0.8502994011976048 0 0 42.493 33.837 31.824
1 56 12 0 0.844311377245509 0 0 41.589 36.699 29.506
1 57 3 0 0.8682634730538922 0 0 41.318 40.364 30.348
1 58 18 0 0.8383233532934131 0 0 38.572 42.591 29.012
1 59 0 0 0.6407185628742516 0 0 39.247 46.212 28.371
1 60 9 0 0.4850299401197605 0 0 37.252 49.108 27.277
1 61 6 0 0.43113772455089827 0 0 33.646 49.841 27.268
1 62 7 0 0.38323353293413165 0 0 31.468 47.860 24.844
1 63 7 0 0.08383233532934131 0 0 31.116 49.256 21.391
1 64 20 0 0.04790419161676651 0 0 29.773 46.593 19.164
1 65 17 0 0.03592814371257491 0 0 32.864 45.299 17.414
1 66 0 0 0.029940119760479056 0 0 33.426 41.934 15.905
1 67 14 0 0.12574850299401197 0 0 36.557 40.814 17.783
1 68 1 0 0.4011976047904191 0 0 35.162 41.461 21.213
1 69 3 0 0.33532934131736525 0 0 32.465 39.016 20.514
1 70 6 0 0.2694610778443114 0 0 35.051 36.336 19.719
1 71 20 0 0.5389221556886228 0 0 36.945 37.270 22.881
1 72 14 0 0.6946107784431137 0 0 33.735 36.798 24.889
1 73 1 0 0.5089820359281436 0 0 33.061 33.585 23.076
1 74 18 0 0.5568862275449102 0 0 36.499 32.361 24.150
1 75 9 0 0.8143712574850299 0 0 35.241 32.221 27.753
1 76 7 0 0.7245508982035929 0 0 33.703 28.983 28.967
1 77 9 0 0.8862275449101796 0 0 33.504 30.409 32.368
1 78 15 0 0.9640718562874252 0 0 32.678 33.961 33.300
1 79 12 0 0.9940119760479041 0 0 33.782 35.975 36.294
1 80 5 0 0.9820359281437125 0 0 31.381 38.895 36.548
1 81 22 0 0.9760479041916168 0 0 33.165 41.626 38.374
1 82 15 0 0.8922155688622755 0 0 31.820 44.701 40.047
1 83 0 0 0.7425149700598803 0 0 32.893 47.085 42.802
1 84 11 0 0.5029940119760479 0 0 30.842 47.532 45.973
1 85 2 0 0.27544910179640725 0 0 31.795 51.231 46.065
1 86 2 0 0.37125748502994016 0 0 30.190 51.614 42.704
1 87 18 0 0.26347305389221565 0 0 26.467 51.391 42.117
1 88 13 0 0.34730538922155685 0 0 26.884 51.634 38.315
1 89 17 0 0.6347305389221557 0 0 29.140 48.655 38.009
1 90 15 0 0.6167664670658684 0 0 26.491 46.473 39.557
1 91 7 0 0.45508982035928147 0 0 23.784 47.818 37.247
1 92 3 0 0.5808383233532934 0 0 25.929 46.859 34.286
1 93 11 0 0.8023952095808383 0 0 26.257 43.189 35.367
1 94 10 0 0.5508982035928144 0 0 22.870 42.821 33.805
1 95 10 0 0.5209580838323353 0 0 24.290 44.285 30.613
1 96 20 0 0.7724550898203593 0 0 27.113 41.779 30.650
1 97 1 0 0.7305389221556886 0 0 24.862 38.802 31.351
1 98 7 0 0.4730538922155688 0 0 22.835 39.711 28.348
1 99 6 0 0.5149700598802396 0 0 25.914 40.061 26.193
1 100 11 0 0.6646706586826348 0 0 27.095 36.693 27.546
1 101 13 0 0.437125748502994 0 0 23.743 35.230 26.589
1 102 1 0 0.20958083832335328 0 0 23.977 36.559 23.074
1 103 22 0 0.3413173652694611 0 0 27.505 35.545 22.299
1 104 13 0 0.40718562874251496 0 0 27.466 32.214 23.995
1 105 3 0 0.13772455089820357 0 0 24.012 31.010 22.863
1 106 17 0 0.19161676646706582 0 0 22.863 30.050 26.422
1 107 7 0 0.3053892215568862 0 0 21.495 31.423 29.642
1 108 3 0 0.3892215568862275 0 0 22.931 28.708 31.847
1 109 22 0 0.5868263473053892 0 0 26.537 29.515 31.119
1 110 16 0 0.7844311377245509 0 0 28.987 29.431 34.047
1 111 14 0 0.9101796407185628 0 0 28.918 32.784 35.842
1 112 22 0 0.9461077844311377 0 0 30.322 33.711 39.293
1 113 12 0 0.9281437125748503 0 0 29.218 37.087 40.697
1 114 22 0 0.9580838323353293 0 0 32.398 38.578 42.110
1 115 9 0 0.8622754491017964 0 0 32.303 41.619 44.390
1 116 2 0 0.8562874251497006 0 0 35.704 43.226 44.238
1 117 13 0 0.592814371257485 0 0 37.155 46.056 46.299
1 118 5 0 0.49101796407185627 0 0 35.525 45.002 49.547
1 119 3 0 0.20359281437125742 0 0 38.400 46.257 51.630
1 120 12 0 0.10778443113772451 0 0 36.709 49.661 51.802
1 121 16 0 0.0119760479041916 0 0 34.087 50.219 54.466
1 122 17 0 0.017964071856287345 0 0 32.283 52.541 52.093
1 123 1 0 0.09580838323353291 0 0 29.693 50.527 50.219
1 124 18 0 0.059880239520958 0 0 27.044 51.974 47.935
1 125 22 0 0.22754491017964074 0 0 26.112 48.485 46.794
1 126 3 0 0.11976047904191622 0 0 24.259 46.673 49.556
1 127 18 0 0.2335329341317366 0 0 25.404 43.014 49.935
1 128 13 0 0.0718562874251496 0 0 21.883 41.930 50.801
1 129 6 0 0.13173652694610782 0 0 20.666 43.306 47.514
1 130 0 0 0.4491017964071856 0 0 23.557 41.691 45.758
1 131 6 0 0.3173652694610779 0 0 22.597 38.340 47.258
1 132 3 0 0.14371257485029942 0 0 19.025 38.832 46.228
1 133 12 0 0.31137724550898194 0 0 19.927 39.636 42.622
1 134 0 0 0.5269461077844311 0 0 22.439 36.774 42.436
1 135 1 0 0.24550898203592808 0 0 19.644 34.523 43.666
1 136 17 0 0.15568862275449102 0 0 17.492 35.844 40.893
1 137 20 0 0.41916167664670656 0 0 19.970 34.979 38.198
1 138 9 0 0.39520958083832336 0 0 20.859 31.777 40.043
1 139 11 0 0.658682634730539 0 0 24.598 32.417 40.110
1 140 16 0 0.6826347305389222 0 0 26.874 32.149 43.121
1 141 15 0 0.7664670658682635 0 0 28.049 35.349 44.748
1 142 11 0 0.7964071856287425 0 0 31.376 35.883 46.303
1 143 7 0 0.7125748502994012 0 0 33.104 38.855 47.990
1 144 18 0 0.7604790419161677 0 0 36.758 39.636 47.516
1 145 17 0 0.6107784431137725 0 0 39.590 42.107 47.700
1 146 0 0 0.688622754491018 0 0 42.281 41.946 45.065
1 147 13 0 0.44311377245508976 0 0 44.300 44.660 46.806
1 148 18 0 0.25149700598802394 0 0 44.352 43.136 50.232
1 149 1 0 0.4131736526946108 0 0 44.385 39.495 49.112
1 150 6 0 0.46706586826347307 0 0 41.083 38.341 50.532
1 151 9 0 0.5688622754491017 0 0 39.801 35.224 48.809
1 152 22 0 0.7904191616766467 0 0 40.997 35.718 45.228
1 153 3 0 0.6706586826347305 0 0 41.846 32.036 44.833
1 154 3 0 0.6766467065868262 0 0 38.394 30.982 46.006
1 155 0 0 0.9041916167664671 0 0 36.476 33.324 43.630
1 156 15 0 0.9221556886227544 0 0 38.188 31.743 40.689
1 157 20 0 0.7544910179640718 0 0 38.011 28.197 42.087
1 158 18 0 0.8083832335329342 0 0 34.307 28.873 42.376
1 159 12 0 0.8982035928143712 0 0 34.408 29.424 38.669
1 160 22 0 0.718562874251497 0 0 36.148 26.137 38.029
1 161 1 0 0.5329341317365269 0 0 33.591 24.406 40.242
1 162 7 0 0.6467065868263473 0 0 30.859 26.052 38.247
1 163 11 0 0.562874251497006 0 0 32.308 24.704 34.977
1 164 1 0 0.29940119760479034 0 0 32.680 21.240 36.497
1 165 13 0 0.18562874251497008 0 0 29.179 21.041 37.962
1 166 10 0 0.2574850299401197 0 0 27.765 22.138 34.605
1 167 13 0 0.053892215568862256 0 0 26.996 19.854 31.680
