1 1 14 0 0.0 0 0 34.160 48.521 50.085
1 2 18 0 0.08383233532934131 0 0 35.003 45.025 48.772
1 3 7 0 0.24550898203592808 0 0 37.609 43.836 46.288
1 4 20 0 0.5389221556886228 0 0 36.303 40.706 44.584
1 5 13 0 0.7005988023952096 0 0 38.460 38.577 42.295
1 6 12 0 0.9101796407185628 0 0 37.176 37.113 39.022
1 7 22 0 0.9580838323353293 0 0 38.683 34.686 36.550
1 8 22 0 0.9880239520958084 0 0 37.735 34.463 32.889
1 9 22 0 0.9700598802395209 0 0 38.343 30.868 31.966
1 10 9 0 0.9281437125748503 0 0 37.548 28.847 28.834
1 11 0 0 0.7964071856287425 0 0 38.945 28.030 25.414
1 12 9 0 0.6407185628742516 0 0 41.456 30.055 23.490
1 13 9 0 0.6047904191616766 0 0 39.097 31.734 20.973
1 14 22 0 0.8143712574850299 0 0 35.894 32.348 22.868
1 15 9 0 0.844311377245509 0 0 36.482 36.047 23.576
1 16 13 0 0.9341317365269461 0 0 37.779 35.979 27.079
1 17 17 0 0.8323353293413174 0 0 39.883 39.067 26.708
1 18 0 0 0.7544910179640718 0 0 37.192 40.885 24.761
1 19 12 0 0.8982035928143712 0 0 34.582 40.155 27.371
1 20 18 0 0.8802395209580838 0 0 36.757 41.730 30.079
1 21 11 0 0.6467065868263473 0 0 37.867 44.552 27.854
1 22 6 0 0.5988023952095809 0 0 34.285 45.437 26.824
1 23 12 0 0.6766467065868262 0 0 33.207 45.649 30.361
1 24 11 0 0.5029940119760479 0 0 35.962 47.958 31.447
1 25 6 0 0.31137724550898194 0 0 37.543 49.825 28.533
1 26 2 0 0.27544910179640725 0 0 34.259 49.809 26.709
1 27 10 0 0.20359281437125742 0 0 35.369 48.826 23.252
1 28 15 0 0.3772455089820359 0 0 35.818 45.493 21.534
1 29 22 0 0.2934131736526946 0 0 39.282 44.352 20.490
1 30 3 0 0.19760479041916168 0 0 40.270 41.744 17.998
1 31 7 0 0.10778443113772451 0 0 43.945 42.192 18.531
1 32 20 0 0.22754491017964074 0 0 45.469 40.199 21.252
1 33 3 0 0.16766467065868274 0 0 48.321 40.423 23.781
1 34 16 0 0.3053892215568862 0 0 49.185 37.762 26.305
1 35 18 0 0.47904191616766467 0 0 47.521 39.136 29.479
1 36 11 0 0.37125748502994016 0 0 49.916 37.305 31.723
1 37 7 0 0.15568862275449102 0 0 50.997 40.217 33.902
1 38 3 0 0.29940119760479034 0 0 48.307 42.875 33.761
1 39 17 0 0.5149700598802396 0 0 44.917 42.423 35.300
1 40 20 0 0.5269461077844311 0 0 42.188 45.011 34.883
1 41 1 0 0.49101796407185627 0 0 39.566 46.463 37.244
1 42 13 0 0.40718562874251496 0 0 36.485 48.633 37.536
1 43 6 0 0.19161676646706582 0 0 34.312 49.931 40.357
1 44 22 0 0.2574850299401197 0 0 30.606 49.027 39.962
1 45 22 0 0.11976047904191622 0 0 27.639 48.996 42.252
1 46 11 0 0.2335329341317366 0 0 26.088 45.562 42.711
1 47 3 0 0.059880239520958 0 0 22.733 45.485 44.462
1 48 9 0 0.0059880239520957446 0 0 23.648 48.610 46.240
1 49 7 0 0.029940119760479056 0 0 27.202 47.727 47.239
1 50 18 0 0.03592814371257491 0 0 30.287 49.253 45.718
1 51 5 0 0.25149700598802394 0 0 32.325 46.458 44.252
1 52 12 0 0.32335329341317365 0 0 35.876 46.840 43.031
1 53 12 0 0.592814371257485 0 0 36.270 43.960 40.619
1 54 3 0 0.6347305389221557 0 0 39.609 42.401 39.875
1 55 11 0 0.8622754491017964 0 0 39.299 40.571 36.548
1 56 12 0 0.8562874251497006 0 0 41.994 38.073 35.600
1 57 3 0 0.8682634730538922 0 0 42.512 36.633 32.162
1 58 18 0 0.8383233532934131 0 0 43.612 33.226 31.131
1 59 0 0 0.5748502994011976 0 0 46.697 33.277 28.923
1 60 9 0 0.38323353293413165 0 0 48.511 30.707 26.836
1 61 6 0 0.3293413173652695 0 0 47.382 27.595 25.029
1 62 7 0 0.13772455089820357 0 0 49.383 24.959 26.879
1 63 7 0 0.12574850299401197 0 0 48.389 22.126 29.085
1 64 20 0 0.0718562874251496 0 0 50.535 22.717 32.081
1 65 17 0 0.10179640718562877 0 0 51.706 26.265 32.686
1 66 0 0 0.06586826347305386 0 0 53.209 28.668 35.123
1 67 14 0 0.3173652694610779 0 0 50.150 30.655 36.160
1 68 1 0 0.4730538922155688 0 0 47.485 28.070 35.235
1 69 3 0 0.41916167664670656 0 0 46.719 26.961 38.744
1 70 6 0 0.39520958083832336 0 0 47.575 30.405 40.025
1 71 20 0 0.6826347305389222 0 0 44.278 31.451 38.357
1 72 14 0 0.658682634730539 0 0 42.320 28.823 40.094
1 73 1 0 0.4491017964071856 0 0 43.428 29.581 43.618
1 74 18 0 0.5449101796407185 0 0 43.094 33.317 43.168
1 75 9 0 0.7844311377245509 0 0 39.527 33.807 41.882
1 76 7 0 0.6946107784431137 0 0 36.564 34.060 44.150
1 77 9 0 0.8862275449101796 0 0 34.459 33.321 41.111
1 78 15 0 0.9640718562874252 0 0 35.090 31.798 37.749
1 79 12 0 0.9940119760479041 0 0 33.533 32.906 34.458
1 80 5 0 0.9820359281437125 0 0 33.378 29.849 32.287
1 81 22 0 0.9760479041916168 0 0 33.075 31.018 28.753
1 82 15 0 0.874251497005988 0 0 31.941 29.083 25.701
1 83 0 0 0.7065868263473054 0 0 31.125 30.100 22.173
1 84 11 0 0.4970059880239521 0 0 27.684 29.174 20.784
1 85 2 0 0.28742514970059885 0 0 29.157 28.586 17.354
1 86 2 0 0.3652694610778443 0 0 31.608 26.024 18.587
1 87 18 0 0.281437125748503 0 0 30.916 22.724 20.264
1 88 13 0 0.35928143712574856 0 0 34.563 22.443 20.974
1 89 17 0 0.6287425149700598 0 0 34.689 25.181 23.595
1 90 15 0 0.6227544910179641 0 0 31.453 23.970 25.157
1 91 7 0 0.45508982035928147 0 0 33.229 20.722 25.638
1 92 3 0 0.6107784431137725 0 0 36.212 22.472 27.202
1 93 11 0 0.8023952095808383 0 0 33.996 23.815 30.007
1 94 10 0 0.562874251497006 0 0 34.264 20.486 31.741
1 95 10 0 0.5209580838323353 0 0 38.064 20.481 31.704
1 96 20 0 0.7664670658682635 0 0 38.194 23.870 33.331
1 97 1 0 0.7365269461077844 0 0 35.496 23.059 35.883
1 98 7 0 0.4610778443113772 0 0 37.474 20.038 37.097
1 99 6 0 0.5089820359281436 0 0 40.618 22.083 37.188
1 100 11 0 0.652694610778443 0 0 38.852 24.712 39.301
1 101 13 0 0.43113772455089827 0 0 37.611 22.092 41.744
1 102 1 0 0.20958083832335328 0 0 41.047 20.604 41.926
1 103 22 0 0.2694610778443114 0 0 42.951 23.701 43.090
1 104 13 0 0.3532934131736526 0 0 39.996 25.003 45.131
1 105 3 0 0.08982035928143717 0 0 39.338 21.683 46.816
1 106 17 0 0.17964071856287422 0 0 35.778 22.905 46.791
1 107 7 0 0.26347305389221565 0 0 32.933 21.694 44.655
1 108 3 0 0.34730538922155685 0 0 30.621 24.512 45.781
1 109 22 0 0.5808383233532934 0 0 32.708 27.128 43.918
1 110 16 0 0.7425149700598803 0 0 30.553 29.889 42.622
1 111 14 0 0.9041916167664671 0 0 30.697 29.918 38.842
1 112 22 0 0.9461077844311377 0 0 28.874 31.584 35.982
1 113 12 0 0.9401197604790419 0 0 28.561 30.039 32.538
1 114 22 0 0.9520958083832335 0 0 28.640 32.339 29.520
1 115 9 0 0.8502994011976048 0 0 27.522 31.582 25.980
1 116 2 0 0.8263473053892215 0 0 29.449 34.098 23.879
1 117 13 0 0.5568862275449102 0 0 28.984 34.797 20.173
1 118 5 0 0.44311377245508976 0 0 25.246 35.029 20.320
1 119 3 0 0.16167664670658677 0 0 24.920 37.613 17.528
1 120 12 0 0.04790419161676651 0 0 24.418 34.791 15.100
1 121 16 0 0.017964071856287345 0 0 21.020 33.279 15.155
1 122 17 0 0.0119760479041916 0 0 22.254 29.788 14.429
1 123 1 0 0.07784431137724557 0 0 24.345 27.703 16.732
1 124 18 0 0.053892215568862256 0 0 26.099 24.361 16.924
1 125 22 0 0.221556886227545 0 0 25.857 24.157 20.682
1 126 3 0 0.09580838323353291 0 0 22.783 22.419 22.091
1 127 18 0 0.17365269461077848 0 0 20.962 24.831 24.315
1 128 13 0 0.041916167664670656 0 0 19.081 21.941 25.868
1 129 6 0 0.13173652694610782 0 0 22.400 20.366 26.792
1 130 0 0 0.437125748502994 0 0 23.807 23.629 28.055
1 131 6 0 0.3413173652694611 0 0 20.748 24.458 30.103
1 132 3 0 0.14371257485029942 0 0 20.621 20.992 31.549
1 133 12 0 0.3892215568862275 0 0 24.284 21.332 32.386
1 134 0 0 0.5329341317365269 0 0 23.681 24.676 34.031
1 135 1 0 0.23952095808383234 0 0 20.823 23.252 36.121
1 136 17 0 0.14970059880239517 0 0 22.856 20.157 37.010
1 137 20 0 0.4131736526946108 0 0 25.772 21.982 38.627
1 138 9 0 0.4251497005988024 0 0 23.597 24.892 39.747
1 139 11 0 0.688622754491018 0 0 25.203 27.523 37.542
1 140 16 0 0.7305389221556886 0 0 23.644 30.351 35.812
1 141 15 0 0.7784431137724551 0 0 23.841 30.377 31.971
1 142 11 0 0.8083832335329342 0 0 24.184 33.876 30.429
1 143 7 0 0.7125748502994012 0 0 24.258 34.579 26.694
1 144 18 0 0.7724550898203593 0 0 26.617 37.324 25.582
1 145 17 0 0.5868263473053892 0 0 27.653 39.285 22.571
1 146 0 0 0.6706586826347305 0 0 30.981 40.885 23.305
1 147 13 0 0.4011976047904191 0 0 31.127 43.066 20.175
1 148 18 0 0.21556886227544902 0 0 28.197 45.341 20.817
1 149 1 0 0.46706586826347307 0 0 28.103 44.931 24.585
1 150 6 0 0.4850299401197605 0 0 25.162 42.632 24.927
1 151 9 0 0.6646706586826348 0 0 25.124 40.914 28.293
1 152 22 0 0.8203592814371258 0 0 28.764 41.597 29.104
1 153 3 0 0.718562874251497 0 0 27.840 43.509 32.220
1 154 3 0 0.7245508982035929 0 0 25.131 41.048 33.258
1 155 0 0 0.9161676646706587 0 0 27.755 38.286 32.950
1 156 15 0 0.9221556886227544 0 0 30.173 39.684 35.484
1 157 20 0 0.7604790419161677 0 0 27.331 41.070 37.587
1 158 18 0 0.7904191616766467 0 0 25.619 37.655 37.909
1 159 12 0 0.8922155688622755 0 0 28.929 36.116 38.953
1 160 22 0 0.7485029940119761 0 0 29.288 38.679 41.682
1 161 1 0 0.5508982035928144 0 0 25.788 37.942 42.838
1 162 7 0 0.6167664670658684 0 0 26.661 34.274 43.156
1 163 11 0 0.5688622754491017 0 0 29.672 35.123 45.291
1 164 1 0 0.33532934131736525 0 0 27.724 37.408 47.515
1 165 13 0 0.18562874251497008 0 0 24.832 34.853 47.865
1 166 10 0 0.11377245508982048 0 0 26.847 33.002 50.384
1 167 13 0 0.02395209580838331 0 0 28.344 34.043 53.671
