5.000000000000000000e+00 9.375000000000000000e-02 2.565200042724609375e+01 3.855500030517578125e+01 4.294100189208984375e+01
1.600000000000000000e+01 2.142857164144515991e-01 2.651700019836425781e+01 4.208399963378906250e+01 4.150000000000000000e+01
1.200000000000000000e+01 4.866071343421936035e-01 3.023399925231933594e+01 4.134099960327148438e+01 4.090900039672851562e+01
1.400000000000000000e+01 5.267857313156127930e-01 3.126199913024902344e+01 3.863600158691406250e+01 3.848199844360351562e+01
2.200000000000000000e+01 7.098214030265808105e-01 3.493299865722656250e+01 3.776100158691406250e+01 3.756299972534179688e+01
1.300000000000000000e+01 6.875000000000000000e-01 3.600099945068359375e+01 3.557300186157226562e+01 3.457899856567382812e+01
2.200000000000000000e+01 7.321428656578063965e-01 3.940000152587890625e+01 3.397499847412109375e+01 3.389099884033203125e+01
1.200000000000000000e+01 6.696428656578063965e-01 4.050799942016601562e+01 3.296300125122070312e+01 3.033399963378906250e+01
3.000000000000000000e+00 6.294642686843872070e-01 4.369699859619140625e+01 3.132799911499023438e+01 2.890200042724609375e+01
0.000000000000000000e+00 5.892857313156127930e-01 4.516799926757812500e+01 3.269699859619140625e+01 2.558300018310546875e+01
2.200000000000000000e+01 3.928571343421936035e-01 4.774300003051757812e+01 2.984099960327148438e+01 2.513999938964843750e+01
1.000000000000000000e+00 2.366071492433547974e-01 4.507199859619140625e+01 2.704700088500976562e+01 2.497800064086914062e+01
9.000000000000000000e+00 2.946428656578063965e-01 4.238499832153320312e+01 2.955500030517578125e+01 2.404500007629394531e+01
1.700000000000000000e+01 2.812500000000000000e-01 3.988999938964843750e+01 2.823200035095214844e+01 2.669499969482421875e+01
1.600000000000000000e+01 3.883928656578063965e-01 3.881700134277343750e+01 2.925499916076660156e+01 3.028199958801269531e+01
0.000000000000000000e+00 5.178571343421936035e-01 4.111899948120117188e+01 2.880699920654296875e+01 3.334600067138671875e+01
1.100000000000000000e+01 3.214285671710968018e-01 4.013100051879882812e+01 2.651600074768066406e+01 3.616099929809570312e+01
2.000000000000000000e+00 3.392857015132904053e-01 4.144499969482421875e+01 2.693400001525878906e+01 3.983000183105468750e+01
2.200000000000000000e+01 6.383928656578063965e-01 4.302399826049804688e+01 3.048999977111816406e+01 3.931499862670898438e+01
0.000000000000000000e+00 6.473214030265808105e-01 4.291199874877929688e+01 3.195899963378906250e+01 4.284999847412109375e+01
1.400000000000000000e+01 7.767857313156127930e-01 4.234700012207031250e+01 3.562599945068359375e+01 4.354000091552734375e+01
2.200000000000000000e+01 7.366071343421936035e-01 3.954700088500976562e+01 4.077799987792968750e+01 4.661600112915039062e+01
1.500000000000000000e+01 6.919642686843872070e-01 4.015399932861328125e+01 4.383800125122070312e+01 4.899300003051757812e+01
1.000000000000000000e+00 5.758928656578063965e-01 3.795100021362304688e+01 4.681000137329101562e+01 4.992599868774414062e+01
1.300000000000000000e+01 4.910714328289031982e-01 3.904999923706054688e+01 5.029600143432617188e+01 5.132400131225585938e+01
0.000000000000000000e+00 2.098214328289031982e-01 3.740499877929687500e+01 5.025299835205078125e+01 5.474300003051757812e+01
0.000000000000000000e+00 5.803571268916130066e-02 3.657300186157226562e+01 5.297700119018554688e+01 5.741299819946289062e+01
3.000000000000000000e+00 6.696428358554840088e-02 4.022600173950195312e+01 5.413399887084960938e+01 5.813000106811523438e+01
3.000000000000000000e+00 2.321428507566452026e-01 4.084999847412109375e+01 5.447000122070312500e+01 5.431900024414062500e+01
1.800000000000000000e+01 3.258928656578063965e-01 4.290599822998046875e+01 5.118199920654296875e+01 5.434700012207031250e+01
1.900000000000000000e+01 5.312500000000000000e-01 4.243899917602539062e+01 4.781499862670898438e+01 5.266999816894531250e+01
7.000000000000000000e+00 3.482142984867095947e-01 4.038600158691406250e+01 4.502600097656250000e+01 5.426499938964843750e+01
1.600000000000000000e+01 4.598214328289031982e-01 4.044300079345703125e+01 4.137400054931640625e+01 5.278300094604492188e+01
1.500000000000000000e+01 4.241071343421936035e-01 3.687500000000000000e+01 4.158300018310546875e+01 5.136500167846679688e+01
0.000000000000000000e+00 4.375000000000000000e-01 3.643799972534179688e+01 3.827199935913085938e+01 4.970600128173828125e+01
1.700000000000000000e+01 4.955357015132904053e-01 3.837099838256835938e+01 3.521400070190429688e+01 4.823899841308593750e+01
9.000000000000000000e+00 3.839285671710968018e-01 3.822100067138671875e+01 3.192499923706054688e+01 4.633499908447265625e+01
1.300000000000000000e+01 4.821428656578063965e-01 3.933000183105468750e+01 3.034099960327148438e+01 4.313100051879882812e+01
1.800000000000000000e+01 4.732142984867095947e-01 3.767599868774414062e+01 3.007600021362304688e+01 3.971300125122070312e+01
1.700000000000000000e+01 2.053571492433547974e-01 3.525099945068359375e+01 2.729500007629394531e+01 3.896699905395507812e+01
7.000000000000000000e+00 9.821428358554840088e-02 3.533900070190429688e+01 2.480200004577636719e+01 3.596099853515625000e+01
1.700000000000000000e+01 1.473214328289031982e-01 3.400199890136718750e+01 2.735499954223632812e+01 3.338899993896484375e+01
9.000000000000000000e+00 4.464285671710968018e-01 3.650000000000000000e+01 3.008200073242187500e+01 3.461000061035156250e+01
7.000000000000000000e+00 4.107142984867095947e-01 3.377999877929687500e+01 3.207199859619140625e+01 3.652700042724609375e+01
1.200000000000000000e+01 4.508928656578063965e-01 3.399100112915039062e+01 3.286100006103515625e+01 4.029800033569335938e+01
9.000000000000000000e+00 1.116071417927742004e-01 2.883799934387207031e+01 3.436199951171875000e+01 4.499200057983398438e+01
1.200000000000000000e+01 2.991071343421936035e-01 3.150399971008300781e+01 3.684199905395507812e+01 4.597600173950195312e+01
1.800000000000000000e+01 1.607142835855484009e-01 2.912299919128417969e+01 3.946699905395507812e+01 4.760900115966796875e+01
1.800000000000000000e+01 3.571428731083869934e-02 2.546999931335449219e+01 4.052199935913085938e+01 4.816999816894531250e+01
7.000000000000000000e+00 1.785714365541934967e-02 2.362500000000000000e+01 4.384999847412109375e+01 4.708300018310546875e+01
7.000000000000000000e+00 8.928571827709674835e-03 2.354999923706054688e+01 4.506499862670898438e+01 5.066299819946289062e+01
7.000000000000000000e+00 6.250000000000000000e-02 2.723999977111816406e+01 4.418700027465820312e+01 5.106100082397460938e+01
1.500000000000000000e+01 1.651785671710968018e-01 2.837700080871582031e+01 4.586000061035156250e+01 4.775799942016601562e+01
2.200000000000000000e+01 1.026785746216773987e-01 2.814999961853027344e+01 4.955099868774414062e+01 4.867200088500976562e+01
7.000000000000000000e+00 2.187500000000000000e-01 3.023900032043457031e+01 5.238499832153320312e+01 4.722800064086914062e+01
9.000000000000000000e+00 3.973214328289031982e-01 3.400899887084960938e+01 5.269300079345703125e+01 4.721900177001953125e+01
1.100000000000000000e+01 6.517857313156127930e-01 3.743199920654296875e+01 5.156200027465820312e+01 4.608800125122070312e+01
2.000000000000000000e+01 7.410714030265808105e-01 3.773099899291992188e+01 4.775899887084960938e+01 4.547999954223632812e+01
1.300000000000000000e+01 8.794642686843872070e-01 4.084799957275390625e+01 4.582699966430664062e+01 4.441699981689453125e+01
2.200000000000000000e+01 9.241071343421936035e-01 4.124200057983398438e+01 4.248899841308593750e+01 4.282199859619140625e+01
7.000000000000000000e+00 9.375000000000000000e-01 4.466099929809570312e+01 4.072800064086914062e+01 4.305599975585937500e+01
1.100000000000000000e+01 9.196428656578063965e-01 4.497999954223632812e+01 3.746699905395507812e+01 4.102299880981445312e+01
3.000000000000000000e+00 8.303571343421936035e-01 4.748899841308593750e+01 3.462900161743164062e+01 4.105699920654296875e+01
1.800000000000000000e+01 8.660714030265808105e-01 4.839400100708007812e+01 3.433200073242187500e+01 3.734799957275390625e+01
1.300000000000000000e+01 7.633928656578063965e-01 5.188000106811523438e+01 3.302999877929687500e+01 3.826399993896484375e+01
1.700000000000000000e+01 6.071428656578063965e-01 5.071500015258789062e+01 2.967700004577636719e+01 3.985100173950195312e+01
2.000000000000000000e+01 6.026785969734191895e-01 4.876699829101562500e+01 2.879299926757812500e+01 3.664599990844726562e+01
1.900000000000000000e+01 5.714285969734191895e-01 5.176100158691406250e+01 2.896899986267089844e+01 3.442399978637695312e+01
1.300000000000000000e+01 3.705357015132904053e-01 5.432400131225585938e+01 2.738400077819824219e+01 3.688800048828125000e+01
0.000000000000000000e+00 2.410714328289031982e-01 5.208700180053710938e+01 2.437199974060058594e+01 3.746400070190429688e+01
1.200000000000000000e+01 1.964285671710968018e-01 5.204600143432617188e+01 2.411300086975097656e+01 3.357099914550781250e+01
9.000000000000000000e+00 1.294642835855484009e-01 5.586500167846679688e+01 2.406200027465820312e+01 3.355199813842773438e+01
1.100000000000000000e+01 3.169642984867095947e-01 5.612799835205078125e+01 2.769499969482421875e+01 3.226900100708007812e+01
1.700000000000000000e+01 4.642857015132904053e-01 5.795299911499023438e+01 3.047299957275390625e+01 3.421099853515625000e+01
1.600000000000000000e+01 7.008928656578063965e-01 5.576399993896484375e+01 3.369599914550781250e+01 3.358399963378906250e+01
1.500000000000000000e+01 7.857142686843872070e-01 5.695500183105468750e+01 3.729399871826171875e+01 3.336800003051757812e+01
7.000000000000000000e+00 8.750000000000000000e-01 5.429199981689453125e+01 3.783200073242187500e+01 3.944599914550781250e+01
0.000000000000000000e+00 9.866071343421936035e-01 4.775199890136718750e+01 4.070299911499023438e+01 3.824300003051757812e+01
7.000000000000000000e+00 9.910714030265808105e-01 4.623300170898437500e+01 4.342699813842773438e+01 4.024000167846679688e+01
2.200000000000000000e+01 9.821428656578063965e-01 4.325899887084960938e+01 4.565000152587890625e+01 3.911800003051757812e+01
2.200000000000000000e+01 9.508928656578063965e-01 4.160699844360351562e+01 4.832099914550781250e+01 4.111999893188476562e+01
1.500000000000000000e+01 8.571428656578063965e-01 3.824800109863281250e+01 5.010800170898437500e+01 4.053499984741210938e+01
1.800000000000000000e+01 6.785714030265808105e-01 3.541299819946289062e+01 5.223899841308593750e+01 4.204000091552734375e+01
0.000000000000000000e+00 5.223214030265808105e-01 3.200299835205078125e+01 5.054999923706054688e+01 4.263600158691406250e+01
2.000000000000000000e+00 2.767857015132904053e-01 2.848999977111816406e+01 5.194800186157226562e+01 4.204100036621093750e+01
3.000000000000000000e+00 2.589285671710968018e-01 2.975300025939941406e+01 5.550999832153320312e+01 4.141899871826171875e+01
1.700000000000000000e+01 7.589285820722579956e-02 2.689900016784667969e+01 5.739400100708007812e+01 3.972100067138671875e+01
9.000000000000000000e+00 2.678571455180644989e-02 2.441300010681152344e+01 5.484600067138671875e+01 4.109799957275390625e+01
1.600000000000000000e+01 8.035714179277420044e-02 2.464999961853027344e+01 5.096099853515625000e+01 4.136899948120117188e+01
1.000000000000000000e+00 1.875000000000000000e-01 2.588400077819824219e+01 4.899399948120117188e+01 3.849300003051757812e+01
1.000000000000000000e+00 2.857142984867095947e-01 2.666600036621093750e+01 4.533000183105468750e+01 3.783399963378906250e+01
2.000000000000000000e+01 5.535714030265808105e-01 3.010600090026855469e+01 4.421400070190429688e+01 3.680400085449218750e+01
1.800000000000000000e+01 6.250000000000000000e-01 3.157900047302246094e+01 4.152799987792968750e+01 3.477299880981445312e+01
1.100000000000000000e+01 8.080357313156127930e-01 3.540599822998046875e+01 4.160300064086914062e+01 3.490700149536132812e+01
0.000000000000000000e+00 8.169642686843872070e-01 3.712400054931640625e+01 3.958499908447265625e+01 3.218299865722656250e+01
0.000000000000000000e+00 9.062500000000000000e-01 4.081000137329101562e+01 3.855199813842773438e+01 3.254100036621093750e+01
1.200000000000000000e+01 8.482142686843872070e-01 4.285599899291992188e+01 3.700500106811523438e+01 2.976099967956542969e+01
1.200000000000000000e+01 8.348214030265808105e-01 4.611100006103515625e+01 3.511399841308593750e+01 3.059399986267089844e+01
1.700000000000000000e+01 7.678571343421936035e-01 4.922399902343750000e+01 3.464699935913085938e+01 2.861599922180175781e+01
1.600000000000000000e+01 7.142857313156127930e-01 5.281399917602539062e+01 3.394400024414062500e+01 2.976499938964843750e+01
2.000000000000000000e+01 7.946428656578063965e-01 5.433599853515625000e+01 3.737900161743164062e+01 2.907200050354003906e+01
1.700000000000000000e+01 8.973214030265808105e-01 5.106800079345703125e+01 3.927299880981445312e+01 2.900200080871582031e+01
2.000000000000000000e+01 9.642857313156127930e-01 4.763199996948242188e+01 3.979000091552734375e+01 3.049699974060058594e+01
1.700000000000000000e+01 9.464285969734191895e-01 4.461999893188476562e+01 4.172000122070312500e+01 2.913999938964843750e+01
1.800000000000000000e+01 9.687500000000000000e-01 4.175199890136718750e+01 4.292900085449218750e+01 3.126399993896484375e+01
1.800000000000000000e+01 8.705357313156127930e-01 3.840700149536132812e+01 4.436899948120117188e+01 3.004500007629394531e+01
0.000000000000000000e+00 7.991071343421936035e-01 3.529399871826171875e+01 4.545600128173828125e+01 3.194799995422363281e+01
2.200000000000000000e+01 5.937500000000000000e-01 3.156100082397460938e+01 4.544599914550781250e+01 3.120000076293945312e+01
2.200000000000000000e+01 4.196428656578063965e-01 2.895599937438964844e+01 4.759000015258789062e+01 3.300400161743164062e+01
1.800000000000000000e+01 1.517857164144515991e-01 2.528599929809570312e+01 4.620800018310546875e+01 3.317399978637695312e+01
2.000000000000000000e+00 3.125000000000000000e-02 2.215800094604492188e+01 4.791899871826171875e+01 3.450799942016601562e+01
1.600000000000000000e+01 0.000000000000000000e+00 1.924699974060058594e+01 4.630699920654296875e+01 3.642200088500976562e+01
5.000000000000000000e+00 1.339285671710968018e-01 6.793299865722656250e+01 5.045199966430664062e+01 2.800399971008300781e+01
1.600000000000000000e+01 2.500000000000000000e-01 6.751999664306640625e+01 4.776100158691406250e+01 3.071199989318847656e+01
1.200000000000000000e+01 5.089285969734191895e-01 6.386199951171875000e+01 4.884600067138671875e+01 3.124900054931640625e+01
1.400000000000000000e+01 5.401785969734191895e-01 6.172600173950195312e+01 5.072499847412109375e+01 2.880800056457519531e+01
2.200000000000000000e+01 7.053571343421936035e-01 5.795000076293945312e+01 5.130099868774414062e+01 2.880200004577636719e+01
1.300000000000000000e+01 6.607142686843872070e-01 5.577399826049804688e+01 5.215800094604492188e+01 2.579500007629394531e+01
2.200000000000000000e+01 7.232142686843872070e-01 5.218099975585937500e+01 5.339500045776367188e+01 2.625200080871582031e+01
1.200000000000000000e+01 6.562500000000000000e-01 4.954100036621093750e+01 5.323500061035156250e+01 2.338400077819824219e+01
3.000000000000000000e+00 6.116071343421936035e-01 4.589599990844726562e+01 5.469100189208984375e+01 2.319799995422363281e+01
0.000000000000000000e+00 5.625000000000000000e-01 4.300899887084960938e+01 5.260900115966796875e+01 2.143000030517578125e+01
2.200000000000000000e+01 3.526785671710968018e-01 4.046200180053710938e+01 5.549499893188476562e+01 2.144099998474121094e+01
1.000000000000000000e+00 2.008928507566452026e-01 4.255400085449218750e+01 5.784799957275390625e+01 1.931399917602539062e+01
9.000000000000000000e+00 2.455357164144515991e-01 4.438399887084960938e+01 5.496900177001953125e+01 1.762500000000000000e+01
1.700000000000000000e+01 2.544642984867095947e-01 4.780500030517578125e+01 5.631499862670898438e+01 1.836000061035156250e+01
1.600000000000000000e+01 3.303571343421936035e-01 5.060599899291992188e+01 5.676699829101562500e+01 2.088999938964843750e+01
0.000000000000000000e+00 5.133928656578063965e-01 4.970299911499023438e+01 5.809500122070312500e+01 2.441200065612792969e+01
1.100000000000000000e+01 3.125000000000000000e-01 5.139400100708007812e+01 6.136199951171875000e+01 2.533600044250488281e+01
2.000000000000000000e+00 3.348214328289031982e-01 5.223300170898437500e+01 6.254499816894531250e+01 2.901199913024902344e+01
2.200000000000000000e+01 6.339285969734191895e-01 5.104100036621093750e+01 5.939699935913085938e+01 3.077700042724609375e+01
0.000000000000000000e+00 6.428571343421936035e-01 5.282699966430664062e+01 5.934999847412109375e+01 3.416899871826171875e+01
1.400000000000000000e+01 7.544642686843872070e-01 5.433900070190429688e+01 5.631399917602539062e+01 3.582699966430664062e+01
2.200000000000000000e+01 7.187500000000000000e-01 5.873899841308593750e+01 5.241600036621093750e+01 3.908399963378906250e+01
1.500000000000000000e+01 6.830357313156127930e-01 5.961000061035156250e+01 5.063199996948242188e+01 4.240100097656250000e+01
1.000000000000000000e+00 5.982142686843872070e-01 6.157099914550781250e+01 4.770299911499023438e+01 4.379399871826171875e+01
1.300000000000000000e+01 5.491071343421936035e-01 6.090000152587890625e+01 4.525899887084960938e+01 4.659600067138671875e+01
0.000000000000000000e+00 2.678571343421936035e-01 6.338700103759765625e+01 4.499599838256835938e+01 4.949399948120117188e+01
0.000000000000000000e+00 1.071428582072257996e-01 6.411900329589843750e+01 4.194900131225585938e+01 5.179499816894531250e+01
3.000000000000000000e+00 1.250000000000000000e-01 6.129199981689453125e+01 4.270100021362304688e+01 5.416699981689453125e+01
3.000000000000000000e+00 3.660714328289031982e-01 5.874200057983398438e+01 4.292699813842773438e+01 5.129000091552734375e+01
1.800000000000000000e+01 3.571428656578063965e-01 5.864699935913085938e+01 4.683700180053710938e+01 5.152899932861328125e+01
1.900000000000000000e+01 5.580357313156127930e-01 5.873199844360351562e+01 4.884899902343750000e+01 4.832199859619140625e+01
7.000000000000000000e+00 3.437500000000000000e-01 6.170700073242187500e+01 5.121900177001953125e+01 4.755699920654296875e+01
1.600000000000000000e+01 3.750000000000000000e-01 6.144699859619140625e+01 5.407400131225585938e+01 4.504000091552734375e+01
1.500000000000000000e+01 3.616071343421936035e-01 6.350099945068359375e+01 5.334199905395507812e+01 4.197700119018554688e+01
0.000000000000000000e+00 4.419642984867095947e-01 6.236800003051757812e+01 5.549100112915039062e+01 3.896599960327148438e+01
1.700000000000000000e+01 5.044642686843872070e-01 5.958100128173828125e+01 5.787200164794921875e+01 3.786000061035156250e+01
9.000000000000000000e+00 4.330357015132904053e-01 5.858800125122070312e+01 5.976699829101562500e+01 3.462400054931640625e+01
1.300000000000000000e+01 5.000000000000000000e-01 5.577799987792968750e+01 6.033700180053710938e+01 3.213600158691406250e+01
1.800000000000000000e+01 4.687500000000000000e-01 5.545800018310546875e+01 5.934899902343750000e+01 2.843600082397460938e+01
1.700000000000000000e+01 1.919642835855484009e-01 5.732099914550781250e+01 6.128300094604492188e+01 2.567399978637695312e+01
7.000000000000000000e+00 8.482142537832260132e-02 5.588999938964843750e+01 6.236999893188476562e+01 2.229299926757812500e+01
1.700000000000000000e+01 1.428571492433547974e-01 5.613800048828125000e+01 5.877600097656250000e+01 2.077199935913085938e+01
9.000000000000000000e+00 4.062500000000000000e-01 5.437099838256835938e+01 5.722000122070312500e+01 2.379800033569335938e+01
7.000000000000000000e+00 4.017857015132904053e-01 5.782199859619140625e+01 5.588000106811523438e+01 2.501300048828125000e+01
1.200000000000000000e+01 4.285714328289031982e-01 5.970500183105468750e+01 5.651300048828125000e+01 2.821599960327148438e+01
9.000000000000000000e+00 1.205357164144515991e-01 6.618299865722656250e+01 5.688299942016601562e+01 3.069000053405761719e+01
1.200000000000000000e+01 3.035714328289031982e-01 6.470700073242187500e+01 5.493399810791015625e+01 3.365399932861328125e+01
1.800000000000000000e+01 1.696428507566452026e-01 6.780200195312500000e+01 5.306999969482421875e+01 3.502000045776367188e+01
1.800000000000000000e+01 4.017857089638710022e-02 7.139700317382812500e+01 5.216500091552734375e+01 3.441400146484375000e+01
7.000000000000000000e+00 2.232142910361289978e-02 7.272399902343750000e+01 4.845899963378906250e+01 3.457300186157226562e+01
7.000000000000000000e+00 4.464285913854837418e-03 7.480799865722656250e+01 4.884999847412109375e+01 3.771799850463867188e+01
7.000000000000000000e+00 4.910714179277420044e-02 7.164700317382812500e+01 4.992499923706054688e+01 3.966299819946289062e+01
1.500000000000000000e+01 1.562500000000000000e-01 6.917500305175781250e+01 4.729199981689453125e+01 3.829899978637695312e+01
2.200000000000000000e+01 1.160714253783226013e-01 6.973600006103515625e+01 4.446500015258789062e+01 4.091799926757812500e+01
7.000000000000000000e+00 2.232142835855484009e-01 6.774299621582031250e+01 4.106600189208984375e+01 4.077399826049804688e+01
9.000000000000000000e+00 4.151785671710968018e-01 6.433100128173828125e+01 4.066999816894531250e+01 4.238999938964843750e+01
1.100000000000000000e+01 6.651785969734191895e-01 6.086299896240234375e+01 4.216299819946289062e+01 4.209799957275390625e+01
2.000000000000000000e+01 7.455357313156127930e-01 6.005300140380859375e+01 4.540399932861328125e+01 4.048500061035156250e+01
1.300000000000000000e+01 8.928571343421936035e-01 5.657099914550781250e+01 4.695000076293945312e+01 3.959899902343750000e+01
2.200000000000000000e+01 9.107142686843872070e-01 5.556299972534179688e+01 4.981200027465820312e+01 3.736299896240234375e+01
7.000000000000000000e+00 9.285714030265808105e-01 5.257899856567382812e+01 5.186299896240234375e+01 3.861199951171875000e+01
1.100000000000000000e+01 9.151785969734191895e-01 5.103400039672851562e+01 5.365800094604492188e+01 3.566199874877929688e+01
3.000000000000000000e+00 8.392857313156127930e-01 4.849100112915039062e+01 5.650999832153320312e+01 3.628900146484375000e+01
1.800000000000000000e+01 8.526785969734191895e-01 4.603499984741210938e+01 5.588999938964843750e+01 3.333900070190429688e+01
1.300000000000000000e+01 7.589285969734191895e-01 4.297800064086914062e+01 5.749100112915039062e+01 3.511100006103515625e+01
1.700000000000000000e+01 6.205357313156127930e-01 4.456800079345703125e+01 6.097000122070312500e+01 3.487200164794921875e+01
2.000000000000000000e+01 5.803571343421936035e-01 4.502500152587890625e+01 6.071599960327148438e+01 3.110799980163574219e+01
1.900000000000000000e+01 5.669642686843872070e-01 4.136700057983398438e+01 5.991699981689453125e+01 3.061499977111816406e+01
1.300000000000000000e+01 3.794642984867095947e-01 4.017200088500976562e+01 6.246400070190429688e+01 3.320700073242187500e+01
0.000000000000000000e+00 2.276785671710968018e-01 4.188499832153320312e+01 6.523000335693359375e+01 3.124600028991699219e+01
1.200000000000000000e+01 1.830357164144515991e-01 4.006999969482421875e+01 6.416400146484375000e+01 2.807200050354003906e+01
9.000000000000000000e+00 1.383928507566452026e-01 3.686399841308593750e+01 6.463800048828125000e+01 3.025099945068359375e+01
1.100000000000000000e+01 3.080357015132904053e-01 3.612799835205078125e+01 6.084500122070312500e+01 3.047800064086914062e+01
1.700000000000000000e+01 4.553571343421936035e-01 3.538999938964843750e+01 5.886800003051757812e+01 3.359400177001953125e+01
1.600000000000000000e+01 6.964285969734191895e-01 3.737500000000000000e+01 5.552799987792968750e+01 3.324300003051757812e+01
1.500000000000000000e+01 7.723214030265808105e-01 3.645600128173828125e+01 5.240399932861328125e+01 3.528699874877929688e+01
7.000000000000000000e+00 9.017857313156127930e-01 4.226499938964843750e+01 5.342399978637695312e+01 3.876399993896484375e+01
0.000000000000000000e+00 9.776785969734191895e-01 4.746300125122070312e+01 5.015200042724609375e+01 3.508399963378906250e+01
7.000000000000000000e+00 9.955357313156127930e-01 4.998400115966796875e+01 4.801699829101562500e+01 3.697399902343750000e+01
2.200000000000000000e+01 9.732142686843872070e-01 5.272000122070312500e+01 4.552199935913085938e+01 3.582799911499023438e+01
2.200000000000000000e+01 9.598214030265808105e-01 5.479600143432617188e+01 4.360100173950195312e+01 3.839099884033203125e+01
1.500000000000000000e+01 8.437500000000000000e-01 5.784700012207031250e+01 4.134500122070312500e+01 3.724499893188476562e+01
1.800000000000000000e+01 6.741071343421936035e-01 6.102099990844726562e+01 3.975999832153320312e+01 3.874800109863281250e+01
0.000000000000000000e+00 5.357142686843872070e-01 6.409300231933593750e+01 4.111500167846679688e+01 3.699100112915039062e+01
2.000000000000000000e+00 2.633928656578063965e-01 6.733899688720703125e+01 3.929700088500976562e+01 3.609799957275390625e+01
3.000000000000000000e+00 2.901785671710968018e-01 6.566999816894531250e+01 3.597499847412109375e+01 3.708499908447265625e+01
1.700000000000000000e+01 8.928571641445159912e-02 6.778600311279296875e+01 3.344800186157226562e+01 3.503300094604492188e+01
9.000000000000000000e+00 4.464285820722579956e-02 7.063200378417968750e+01 3.600699996948242188e+01 3.446500015258789062e+01
1.600000000000000000e+01 7.142857462167739868e-02 7.097000122070312500e+01 3.969699859619140625e+01 3.345800018310546875e+01
1.000000000000000000e+00 1.785714328289031982e-01 6.813999938964843750e+01 4.080400085449218750e+01 3.109399986267089844e+01
1.000000000000000000e+00 2.723214328289031982e-01 6.684799957275390625e+01 4.376900100708007812e+01 2.920700073242187500e+01
2.000000000000000000e+01 5.446428656578063965e-01 6.305599975585937500e+01 4.436000061035156250e+01 2.954400062561035156e+01
1.800000000000000000e+01 6.160714030265808105e-01 6.067800140380859375e+01 4.630599975585937500e+01 2.728800010681152344e+01
1.100000000000000000e+01 8.035714030265808105e-01 5.699300003051757812e+01 4.675000000000000000e+01 2.839500045776367188e+01
0.000000000000000000e+00 8.125000000000000000e-01 5.405599975585937500e+01 4.774900054931640625e+01 2.624900054931640625e+01
0.000000000000000000e+00 8.883928656578063965e-01 5.055199813842773438e+01 4.851699829101562500e+01 2.720499992370605469e+01
1.200000000000000000e+01 8.258928656578063965e-01 4.740800094604492188e+01 4.944900131225585938e+01 2.530500030517578125e+01
1.200000000000000000e+01 8.214285969734191895e-01 4.485200119018554688e+01 5.175799942016601562e+01 2.676600074768066406e+01
1.700000000000000000e+01 7.500000000000000000e-01 4.110800170898437500e+01 5.236999893188476562e+01 2.658300018310546875e+01
1.600000000000000000e+01 7.276785969734191895e-01 3.873600006103515625e+01 5.367300033569335938e+01 2.942200088500976562e+01
2.000000000000000000e+01 7.812500000000000000e-01 3.711600112915039062e+01 5.028799819946289062e+01 3.028700065612792969e+01
1.700000000000000000e+01 8.839285969734191895e-01 4.007699966430664062e+01 4.809500122070312500e+01 2.923800086975097656e+01
2.000000000000000000e+01 9.419642686843872070e-01 4.375199890136718750e+01 4.764599990844726562e+01 2.885600090026855469e+01
1.700000000000000000e+01 9.330357313156127930e-01 4.616500091552734375e+01 4.509299850463867188e+01 2.737800025939941406e+01
1.800000000000000000e+01 9.553571343421936035e-01 4.983499908447265625e+01 4.472900009155273438e+01 2.849799919128417969e+01
1.800000000000000000e+01 8.616071343421936035e-01 5.256499862670898438e+01 4.252000045776367188e+01 2.690699958801269531e+01
0.000000000000000000e+00 7.901785969734191895e-01 5.640800094604492188e+01 4.256000137329101562e+01 2.767600059509277344e+01
2.200000000000000000e+01 5.848214030265808105e-01 5.927500152587890625e+01 4.132899856567382812e+01 2.554400062561035156e+01
2.200000000000000000e+01 4.776785671710968018e-01 6.232300186157226562e+01 4.018700027465820312e+01 2.741099929809570312e+01
1.800000000000000000e+01 1.741071492433547974e-01 6.583999633789062500e+01 4.016500091552734375e+01 2.559099960327148438e+01
2.000000000000000000e+00 5.357142910361289978e-02 6.945800018310546875e+01 3.915299987792968750e+01 2.629599952697753906e+01
1.600000000000000000e+01 1.339285727590322495e-02 7.210900115966796875e+01 4.192100143432617188e+01 2.653000068664550781e+01
