1 1 14 0 0.03592814371257491 0 0 35.902 54.758 47.671
1 2 18 0 0.13173652694610782 0 0 38.261 52.695 45.541
1 3 7 0 0.3293413173652695 0 0 36.910 51.839 42.077
1 4 20 0 0.5748502994011976 0 0 38.199 48.497 40.734
1 5 13 0 0.7365269461077844 0 0 37.907 47.196 37.187
1 6 12 0 0.9161676646706587 0 0 36.538 43.742 37.612
1 7 22 0 0.9580838323353293 0 0 36.626 41.650 34.480
1 8 22 0 0.9880239520958084 0 0 34.193 38.821 33.730
1 9 22 0 0.9700598802395209 0 0 35.523 36.090 31.459
1 10 9 0 0.9281437125748503 0 0 34.000 33.027 29.974
1 11 0 0 0.7784431137724551 0 0 32.349 30.928 27.327
1 12 9 0 0.5868263473053892 0 0 29.118 31.186 25.498
1 13 9 0 0.5808383233532934 0 0 26.010 30.931 27.621
1 14 22 0 0.8083832335329342 0 0 27.671 30.626 30.942
1 15 9 0 0.8323353293413174 0 0 25.728 33.488 32.548
1 16 13 0 0.9401197604790419 0 0 28.692 35.821 32.312
1 17 17 0 0.844311377245509 0 0 26.620 38.877 31.512
1 18 0 0 0.7844311377245509 0 0 23.912 37.373 33.640
1 19 12 0 0.8922155688622755 0 0 25.777 37.643 36.901
1 20 18 0 0.8682634730538922 0 0 26.511 41.318 36.334
1 21 11 0 0.6287425149700598 0 0 23.098 42.282 35.037
1 22 6 0 0.5688622754491017 0 0 21.359 40.461 37.939
1 23 12 0 0.6167664670658684 0 0 23.583 42.190 40.415
1 24 11 0 0.4970059880239521 0 0 23.583 45.797 39.007
1 25 6 0 0.3053892215568862 0 0 20.553 46.246 36.794
1 26 2 0 0.221556886227545 0 0 18.438 43.766 38.675
1 27 10 0 0.16766467065868274 0 0 16.364 41.150 36.952
1 28 15 0 0.25149700598802394 0 0 17.380 39.651 33.594
1 29 22 0 0.14371257485029942 0 0 16.979 41.796 30.538
1 30 3 0 0.059880239520958 0 0 15.744 40.100 27.300
1 31 7 0 0.053892215568862256 0 0 17.439 42.132 24.643
1 32 20 0 0.19161676646706582 0 0 20.856 40.707 24.756
1 33 3 0 0.22754491017964074 0 0 23.947 42.556 23.585
1 34 16 0 0.3892215568862275 0 0 27.619 41.757 23.054
1 35 18 0 0.4850299401197605 0 0 28.558 44.503 25.512
1 36 11 0 0.3413173652694611 0 0 31.386 46.641 24.039
1 37 7 0 0.20958083832335328 0 0 30.934 50.120 25.530
1 38 3 0 0.2574850299401197 0 0 28.284 50.517 28.200
1 39 17 0 0.37125748502994016 0 0 28.851 50.871 31.946
1 40 20 0 0.5149700598802396 0 0 27.557 48.753 34.808
1 41 1 0 0.4730538922155688 0 0 28.462 49.893 38.271
1 42 13 0 0.35928143712574856 0 0 27.209 49.935 41.828
1 43 6 0 0.19760479041916168 0 0 28.534 50.935 45.181
1 44 22 0 0.2934131736526946 0 0 29.058 48.076 47.647
1 45 22 0 0.12574850299401197 0 0 30.267 47.875 51.204
1 46 11 0 0.21556886227544902 0 0 33.188 45.497 51.505
1 47 3 0 0.08982035928143717 0 0 35.059 45.036 54.723
1 48 9 0 0.0059880239520957446 0 0 33.825 48.356 56.149
1 49 7 0 0.041916167664670656 0 0 35.027 50.148 53.043
1 50 18 0 0.08383233532934131 0 0 32.944 51.377 50.226
1 51 5 0 0.27544910179640725 0 0 33.845 50.167 46.828
1 52 12 0 0.34730538922155685 0 0 32.607 51.052 43.406
1 53 12 0 0.6227544910179641 0 0 32.710 48.064 41.197
1 54 3 0 0.658682634730539 0 0 33.465 48.676 37.485
1 55 11 0 0.8562874251497006 0 0 32.284 45.428 35.901
1 56 12 0 0.8383233532934131 0 0 33.679 44.915 32.455
1 57 3 0 0.8802395209580838 0 0 32.294 42.294 30.162
1 58 18 0 0.8622754491017964 0 0 35.067 40.562 28.254
1 59 0 0 0.6347305389221557 0 0 34.408 40.722 24.533
1 60 9 0 0.437125748502994 0 0 36.216 39.291 21.519
1 61 6 0 0.40718562874251496 0 0 38.313 36.203 21.277
1 62 7 0 0.13772455089820357 0 0 40.687 36.822 18.488
1 63 7 0 0.07784431137724557 0 0 44.253 38.109 18.556
1 64 20 0 0.017964071856287345 0 0 43.771 40.775 16.024
1 65 17 0 0.0119760479041916 0 0 41.007 43.354 15.548
1 66 0 0 0.11976047904191622 0 0 39.592 42.774 19.012
1 67 14 0 0.31137724550898194 0 0 39.669 44.200 22.481
1 68 1 0 0.5329341317365269 0 0 40.213 41.055 24.509
1 69 3 0 0.4610778443113772 0 0 43.758 41.665 25.793
1 70 6 0 0.4011976047904191 0 0 42.752 45.229 26.612
1 71 20 0 0.6766467065868262 0 0 40.120 43.859 28.983
1 72 14 0 0.7125748502994012 0 0 42.790 41.727 30.719
1 73 1 0 0.47904191616766467 0 0 45.182 44.642 30.766
1 74 18 0 0.5209580838323353 0 0 42.652 46.996 32.264
1 75 9 0 0.7724550898203593 0 0 41.550 44.183 34.595
1 76 7 0 0.7305389221556886 0 0 42.484 44.226 38.196
1 77 9 0 0.8982035928143712 0 0 40.582 41.154 39.106
1 78 15 0 0.9640718562874252 0 0 39.218 38.373 36.962
1 79 12 0 0.9940119760479041 0 0 35.931 36.547 37.389
1 80 5 0 0.9820359281437125 0 0 36.396 33.362 35.460
1 81 22 0 0.9760479041916168 0 0 32.993 31.887 34.858
1 82 15 0 0.8862275449101796 0 0 31.956 28.502 33.727
1 83 0 0 0.7245508982035929 0 0 28.521 26.782 33.630
1 84 11 0 0.5029940119760479 0 0 28.186 23.441 35.368
1 85 2 0 0.29940119760479034 0 0 26.209 21.964 32.535
1 86 2 0 0.3652694610778443 0 0 28.844 22.616 29.930
1 87 18 0 0.28742514970059885 0 0 32.172 20.781 29.845
1 88 13 0 0.3532934131736526 0 0 33.246 23.136 27.016
1 89 17 0 0.6407185628742516 0 0 32.830 26.244 29.157
1 90 15 0 0.6107784431137725 0 0 35.162 24.484 31.590
1 91 7 0 0.4491017964071856 0 0 37.691 23.532 28.891
1 92 3 0 0.5988023952095809 0 0 38.357 27.214 28.170
1 93 11 0 0.7904191616766467 0 0 39.293 28.061 31.753
1 94 10 0 0.5508982035928144 0 0 42.761 26.650 31.091
1 95 10 0 0.5089820359281436 0 0 42.910 28.784 27.994
1 96 20 0 0.7544910179640718 0 0 41.729 31.918 29.735
1 97 1 0 0.6946107784431137 0 0 44.228 31.320 32.430
1 98 7 0 0.46706586826347307 0 0 46.890 31.234 29.781
1 99 6 0 0.5389221556886228 0 0 45.655 34.549 28.280
1 100 11 0 0.6706586826347305 0 0 45.552 36.177 31.749
1 101 13 0 0.44311377245508976 0 0 48.915 34.660 32.427
1 102 1 0 0.24550898203592808 0 0 50.276 36.154 29.294
1 103 22 0 0.33532934131736525 0 0 48.965 39.625 29.905
1 104 13 0 0.3173652694610779 0 0 50.329 40.103 33.460
1 105 3 0 0.11377245508982048 0 0 53.271 37.875 32.859
1 106 17 0 0.18562874251497008 0 0 52.661 35.985 36.040
1 107 7 0 0.2694610778443114 0 0 51.164 32.712 37.207
1 108 3 0 0.38323353293413165 0 0 49.625 34.470 40.168
1 109 22 0 0.6047904191616766 0 0 46.916 36.913 39.235
1 110 16 0 0.7964071856287425 0 0 43.851 38.014 41.094
1 111 14 0 0.9221556886227544 0 0 41.107 35.631 39.984
1 112 22 0 0.9461077844311377 0 0 38.035 33.780 41.257
1 113 12 0 0.9341317365269461 0 0 36.843 30.630 39.614
1 114 22 0 0.9520958083832335 0 0 33.087 30.801 39.261
1 115 9 0 0.8502994011976048 0 0 30.787 27.901 38.581
1 116 2 0 0.8263473053892215 0 0 27.283 29.033 37.543
1 117 13 0 0.562874251497006 0 0 23.797 27.636 37.207
1 118 5 0 0.43113772455089827 0 0 24.225 25.154 39.995
1 119 3 0 0.17964071856287422 0 0 20.551 24.880 40.814
1 120 12 0 0.06586826347305386 0 0 20.027 21.347 39.631
1 121 16 0 0.02395209580838331 0 0 21.723 18.621 41.665
1 122 17 0 0.029940119760479056 0 0 23.296 17.439 38.426
1 123 1 0 0.10778443113772451 0 0 26.409 18.621 36.565
1 124 18 0 0.09580838323353291 0 0 28.426 17.266 33.650
1 125 22 0 0.2335329341317366 0 0 31.431 19.025 35.146
1 126 3 0 0.10179640718562877 0 0 32.846 16.813 37.923
1 127 18 0 0.15568862275449102 0 0 33.156 18.309 41.374
1 128 13 0 0.0718562874251496 0 0 36.453 16.552 41.962
1 129 6 0 0.14970059880239517 0 0 37.942 18.095 38.788
1 130 0 0 0.45508982035928147 0 0 36.859 21.630 39.526
1 131 6 0 0.32335329341317365 0 0 38.150 21.563 43.130
1 132 3 0 0.17365269461077848 0 0 41.410 20.170 41.902
1 133 12 0 0.4131736526946108 0 0 41.650 22.915 39.334
1 134 0 0 0.5449101796407185 0 0 41.029 25.406 42.095
1 135 1 0 0.26347305389221565 0 0 43.766 23.994 44.234
1 136 17 0 0.20359281437125742 0 0 46.090 23.776 41.231
1 137 20 0 0.4251497005988024 0 0 46.324 27.393 40.361
1 138 9 0 0.3772455089820359 0 0 45.825 28.302 43.916
1 139 11 0 0.652694610778443 0 0 42.719 30.421 43.556
1 140 16 0 0.7005988023952096 0 0 39.384 30.448 45.273
1 141 15 0 0.7664670658682635 0 0 36.456 28.618 43.750
1 142 11 0 0.8143712574850299 0 0 32.906 29.733 44.222
1 143 7 0 0.7425149700598803 0 0 29.567 28.440 43.043
1 144 18 0 0.8023952095808383 0 0 26.967 30.901 42.052
1 145 17 0 0.6467065868263473 0 0 23.609 31.105 40.412
1 146 0 0 0.6646706586826348 0 0 22.484 34.344 38.911
1 147 13 0 0.39520958083832336 0 0 18.889 33.205 38.370
1 148 18 0 0.23952095808383234 0 0 18.141 32.097 41.893
1 149 1 0 0.41916167664670656 0 0 20.393 34.798 43.279
1 150 6 0 0.49101796407185627 0 0 23.101 32.986 45.214
1 151 9 0 0.6826347305389222 0 0 26.782 33.895 45.410
1 152 22 0 0.8203592814371258 0 0 26.293 36.574 42.805
1 153 3 0 0.7485029940119761 0 0 27.784 39.275 44.965
1 154 3 0 0.7065868263473054 0 0 29.929 37.066 47.180
1 155 0 0 0.9041916167664671 0 0 32.096 36.152 44.242
1 156 15 0 0.9101796407185628 0 0 32.669 39.825 43.512
1 157 20 0 0.718562874251497 0 0 33.107 40.443 47.188
1 158 18 0 0.7604790419161677 0 0 35.805 37.815 47.179
1 159 12 0 0.874251497005988 0 0 37.624 39.243 44.193
1 160 22 0 0.688622754491018 0 0 38.161 42.627 45.777
1 161 1 0 0.5269461077844311 0 0 39.636 40.818 48.758
1 162 7 0 0.592814371257485 0 0 42.117 39.248 46.392
1 163 11 0 0.5568862275449102 0 0 43.267 42.562 44.922
1 164 1 0 0.281437125748503 0 0 44.065 44.019 48.281
1 165 13 0 0.16167664670658677 0 0 46.729 41.578 49.366
1 166 10 0 0.04790419161676651 0 0 50.365 42.514 49.322
1 167 13 0 0.0 0 0 53.474 40.904 50.684
