1 1 14 0 0.017964071856287345 0 0 24.516 31.951 15.622
1 2 18 0 0.11976047904191622 0 0 24.889 34.292 18.551
1 3 7 0 0.27544910179640725 0 0 27.979 35.960 19.819
1 4 20 0 0.562874251497006 0 0 28.106 36.065 23.596
1 5 13 0 0.7485029940119761 0 0 30.215 38.004 25.957
1 6 12 0 0.9221556886227544 0 0 30.891 36.045 29.133
1 7 22 0 0.9580838323353293 0 0 32.929 37.799 31.842
1 8 22 0 0.9880239520958084 0 0 34.754 35.648 34.504
1 9 22 0 0.9700598802395209 0 0 35.082 37.507 37.835
1 10 9 0 0.9281437125748503 0 0 36.350 36.577 41.266
1 11 0 0 0.7904191616766467 0 0 39.468 37.455 43.217
1 12 9 0 0.6407185628742516 0 0 43.033 36.375 42.519
1 13 9 0 0.5808383233532934 0 0 43.986 32.755 43.366
1 14 22 0 0.8143712574850299 0 0 40.769 31.138 42.179
1 15 9 0 0.8263473053892215 0 0 42.030 29.943 38.788
1 16 13 0 0.9341317365269461 0 0 40.281 32.474 36.585
1 17 17 0 0.8383233532934131 0 0 42.586 32.072 33.637
1 18 0 0 0.7604790419161677 0 0 43.297 28.432 34.250
1 19 12 0 0.8922155688622755 0 0 39.520 27.858 34.185
1 20 18 0 0.8982035928143712 0 0 38.877 29.766 31.013
1 21 11 0 0.688622754491018 0 0 41.859 28.440 29.093
1 22 6 0 0.6167664670658684 0 0 40.904 24.863 29.964
1 23 12 0 0.7065868263473054 0 0 37.644 25.499 28.091
1 24 11 0 0.5508982035928144 0 0 39.347 27.303 25.234
1 25 6 0 0.2934131736526946 0 0 42.232 25.090 24.258
1 26 2 0 0.29940119760479034 0 0 42.572 22.445 26.985
1 27 10 0 0.26347305389221565 0 0 45.589 23.444 29.076
1 28 15 0 0.33532934131736525 0 0 46.352 24.149 32.738
1 29 22 0 0.3772455089820359 0 0 47.855 27.603 32.851
1 30 3 0 0.14970059880239517 0 0 50.469 28.192 35.469
1 31 7 0 0.12574850299401197 0 0 51.856 31.465 34.062
1 32 20 0 0.2574850299401197 0 0 50.125 34.721 34.720
1 33 3 0 0.2335329341317366 0 0 49.396 37.428 32.300
1 34 16 0 0.34730538922155685 0 0 47.031 40.424 32.190
1 35 18 0 0.5029940119760479 0 0 44.826 38.892 29.522
1 36 11 0 0.4011976047904191 0 0 43.558 42.281 28.350
1 37 7 0 0.13173652694610782 0 0 44.573 42.638 24.697
1 38 3 0 0.20958083832335328 0 0 44.471 38.977 23.934
1 39 17 0 0.39520958083832336 0 0 41.083 37.611 22.916
1 40 20 0 0.5389221556886228 0 0 39.915 34.121 23.926
1 41 1 0 0.4970059880239521 0 0 37.178 32.748 21.821
1 42 13 0 0.4251497005988024 0 0 35.636 29.425 20.942
1 43 6 0 0.17964071856287422 0 0 32.646 28.491 18.795
1 44 22 0 0.23952095808383234 0 0 30.387 25.799 20.351
1 45 22 0 0.11377245508982048 0 0 27.074 24.007 20.010
1 46 11 0 0.221556886227545 0 0 25.173 23.994 23.214
1 47 3 0 0.053892215568862256 0 0 21.718 22.454 22.893
1 48 9 0 0.0 0 0 21.622 22.376 19.089
1 49 7 0 0.029940119760479056 0 0 22.263 26.107 18.909
1 50 18 0 0.06586826347305386 0 0 25.667 27.453 17.961
1 51 5 0 0.22754491017964074 0 0 27.348 30.215 19.679
1 52 12 0 0.38323353293413165 0 0 30.748 31.823 19.989
1 53 12 0 0.6467065868263473 0 0 31.961 32.375 23.491
1 54 3 0 0.658682634730539 0 0 33.973 35.598 23.806
1 55 11 0 0.8562874251497006 0 0 35.192 35.041 27.296
1 56 12 0 0.8622754491017964 0 0 36.455 37.992 29.184
1 57 3 0 0.874251497005988 0 0 39.276 37.597 31.619
1 58 18 0 0.8502994011976048 0 0 39.575 39.926 34.633
1 59 0 0 0.6107784431137725 0 0 42.836 41.327 35.939
1 60 9 0 0.437125748502994 0 0 43.829 43.344 38.937
1 61 6 0 0.40718562874251496 0 0 41.935 44.571 41.937
1 62 7 0 0.31137724550898194 0 0 39.163 47.188 41.933
1 63 7 0 0.059880239520958 0 0 40.667 50.665 41.895
1 64 20 0 0.041916167664670656 0 0 37.625 52.486 40.609
1 65 17 0 0.02395209580838331 0 0 38.804 53.542 37.196
1 66 0 0 0.03592814371257491 0 0 36.091 53.821 34.589
1 67 14 0 0.07784431137724557 0 0 37.912 51.643 32.003
1 68 1 0 0.3293413173652695 0 0 37.178 48.781 34.413
1 69 3 0 0.3173652694610779 0 0 33.392 49.404 34.381
1 70 6 0 0.20359281437125742 0 0 33.357 49.744 30.535
1 71 20 0 0.5089820359281436 0 0 35.099 46.379 30.407
1 72 14 0 0.6706586826347305 0 0 32.395 44.622 32.487
1 73 1 0 0.47904191616766467 0 0 29.789 46.472 30.481
1 74 18 0 0.5149700598802396 0 0 30.872 44.442 27.515
1 75 9 0 0.7664670658682635 0 0 29.665 41.337 29.236
1 76 7 0 0.6946107784431137 0 0 26.115 40.018 29.172
1 77 9 0 0.8802395209580838 0 0 26.825 36.784 30.963
1 78 15 0 0.9640718562874252 0 0 28.786 36.754 34.225
1 79 12 0 0.9940119760479041 0 0 30.762 33.848 35.669
1 80 5 0 0.9820359281437125 0 0 31.464 34.133 39.353
1 81 22 0 0.9760479041916168 0 0 34.387 32.061 40.351
1 82 15 0 0.8862275449101796 0 0 35.621 31.305 43.846
1 83 0 0 0.7544910179640718 0 0 37.833 28.557 45.093
1 84 11 0 0.49101796407185627 0 0 37.316 26.000 47.867
1 85 2 0 0.2694610778443114 0 0 40.745 26.254 49.453
1 86 2 0 0.32335329341317365 0 0 40.349 29.924 50.125
1 87 18 0 0.24550898203592808 0 0 37.670 31.307 52.363
1 88 13 0 0.3413173652694611 0 0 38.043 34.911 51.148
1 89 17 0 0.6347305389221557 0 0 37.330 34.122 47.496
1 90 15 0 0.6227544910179641 0 0 33.788 32.996 48.426
1 91 7 0 0.4610778443113772 0 0 33.073 36.010 50.538
1 92 3 0 0.592814371257485 0 0 34.305 38.315 47.737
1 93 11 0 0.8023952095808383 0 0 31.404 37.136 45.495
1 94 10 0 0.5449101796407185 0 0 29.337 39.868 47.136
1 95 10 0 0.5269461077844311 0 0 31.831 42.456 45.987
1 96 20 0 0.7964071856287425 0 0 31.753 41.219 42.516
1 97 1 0 0.7125748502994012 0 0 28.005 41.261 42.423
1 98 7 0 0.45508982035928147 0 0 28.070 44.913 43.604
1 99 6 0 0.5329341317365269 0 0 30.519 45.618 40.776
1 100 11 0 0.6646706586826348 0 0 28.361 44.050 38.148
1 101 13 0 0.44311377245508976 0 0 25.178 45.485 39.597
1 102 1 0 0.17365269461077848 0 0 26.404 49.120 39.473
1 103 22 0 0.3053892215568862 0 0 27.777 48.919 35.992
1 104 13 0 0.3652694610778443 0 0 25.053 46.899 34.344
1 105 3 0 0.10778443113772451 0 0 22.299 48.919 35.938
1 106 17 0 0.16766467065868274 0 0 20.724 45.801 37.188
1 107 7 0 0.37125748502994016 0 0 20.821 42.769 39.449
1 108 3 0 0.35928143712574856 0 0 18.947 40.777 36.768
1 109 22 0 0.5868263473053892 0 0 21.892 39.961 34.555
1 110 16 0 0.7724550898203593 0 0 22.778 36.282 34.243
1 111 14 0 0.9041916167664671 0 0 25.269 35.346 36.996
1 112 22 0 0.9461077844311377 0 0 26.541 31.845 37.534
1 113 12 0 0.9401197604790419 0 0 28.613 30.522 40.384
1 114 22 0 0.9520958083832335 0 0 31.530 28.118 39.968
1 115 9 0 0.844311377245509 0 0 33.393 26.480 42.852
1 116 2 0 0.8323353293413174 0 0 36.856 25.876 41.475
1 117 13 0 0.5748502994011976 0 0 39.705 23.667 42.704
1 118 5 0 0.46706586826347307 0 0 37.383 20.817 43.374
1 119 3 0 0.16167664670658677 0 0 39.996 18.102 42.732
1 120 12 0 0.08982035928143717 0 0 41.115 18.713 46.304
1 121 16 0 0.0119760479041916 0 0 39.540 16.167 48.640
1 122 17 0 0.0059880239520957446 0 0 39.476 18.698 51.486
1 123 1 0 0.08383233532934131 0 0 37.366 21.800 51.191
1 124 18 0 0.04790419161676651 0 0 38.355 24.685 53.509
1 125 22 0 0.14371257485029942 0 0 35.160 26.434 52.512
1 126 3 0 0.10179640718562877 0 0 31.681 25.008 53.355
1 127 18 0 0.21556886227544902 0 0 29.882 23.814 50.297
1 128 13 0 0.0718562874251496 0 0 26.555 24.113 52.049
1 129 6 0 0.13772455089820357 0 0 27.333 27.810 52.521
1 130 0 0 0.4850299401197605 0 0 28.083 28.178 48.823
1 131 6 0 0.3532934131736526 0 0 24.976 26.193 47.985
1 132 3 0 0.15568862275449102 0 0 22.987 28.767 50.012
1 133 12 0 0.4491017964071856 0 0 24.739 31.661 48.410
1 134 0 0 0.5688622754491017 0 0 23.693 30.229 45.058
1 135 1 0 0.281437125748503 0 0 20.030 29.959 46.198
1 136 17 0 0.19760479041916168 0 0 19.982 33.484 47.494
1 137 20 0 0.43113772455089827 0 0 20.437 35.157 44.268
1 138 9 0 0.4131736526946108 0 0 18.820 32.399 42.259
1 139 11 0 0.6826347305389222 0 0 22.102 31.693 40.539
1 140 16 0 0.7365269461077844 0 0 23.207 28.294 39.318
1 141 15 0 0.7844311377245509 0 0 26.145 26.540 41.070
1 142 11 0 0.8083832335329342 0 0 28.663 24.137 39.671
1 143 7 0 0.6766467065868262 0 0 31.624 22.356 41.133
1 144 18 0 0.7425149700598803 0 0 34.810 22.221 39.114
1 145 17 0 0.6047904191616766 0 0 38.509 21.592 38.606
1 146 0 0 0.652694610778443 0 0 40.607 23.273 35.897
1 147 13 0 0.3892215568862275 0 0 43.378 20.797 36.621
1 148 18 0 0.18562874251497008 0 0 41.518 17.617 36.060
1 149 1 0 0.41916167664670656 0 0 39.463 19.093 33.200
1 150 6 0 0.4730538922155688 0 0 36.063 18.467 34.732
1 151 9 0 0.6287425149700598 0 0 32.878 20.465 34.807
1 152 22 0 0.8203592814371258 0 0 34.472 23.379 33.032
1 153 3 0 0.7245508982035929 0 0 32.117 22.929 30.114
1 154 3 0 0.718562874251497 0 0 29.120 22.594 32.457
1 155 0 0 0.9101796407185628 0 0 29.700 25.856 34.226
1 156 15 0 0.9161676646706587 0 0 29.813 27.748 30.835
1 157 20 0 0.7305389221556886 0 0 27.098 25.603 29.317
1 158 18 0 0.7784431137724551 0 0 25.044 26.637 32.262
1 159 12 0 0.8682634730538922 0 0 25.651 30.324 31.710
1 160 22 0 0.7005988023952096 0 0 24.775 30.083 28.025
1 161 1 0 0.5209580838323353 0 0 21.619 28.397 29.029
1 162 7 0 0.5988023952095809 0 0 20.895 31.188 31.520
1 163 11 0 0.5568862275449102 0 0 21.492 33.814 28.818
1 164 1 0 0.28742514970059885 0 0 18.907 31.885 26.904
1 165 13 0 0.19161676646706582 0 0 16.613 31.621 29.866
1 166 10 0 0.25149700598802394 0 0 16.906 35.366 30.350
1 167 13 0 0.09580838323353291 0 0 16.156 36.633 26.801
