5.000000000000000000e+00 1.517857164144515991e-01 2.614599990844726562e+01 3.923699951171875000e+01 4.039799880981445312e+01
1.600000000000000000e+01 2.723214328289031982e-01 2.766200065612792969e+01 4.222999954223632812e+01 4.202299880981445312e+01
1.200000000000000000e+01 5.401785969734191895e-01 3.126000022888183594e+01 4.123099899291992188e+01 4.109899902343750000e+01
1.400000000000000000e+01 5.446428656578063965e-01 3.162700080871582031e+01 3.833900070190429688e+01 3.858399963378906250e+01
2.200000000000000000e+01 7.098214030265808105e-01 3.521300125122070312e+01 3.761000061035156250e+01 3.765200042724609375e+01
1.300000000000000000e+01 6.785714030265808105e-01 3.572100067138671875e+01 3.560599899291992188e+01 3.455400085449218750e+01
2.200000000000000000e+01 7.455357313156127930e-01 3.928099822998046875e+01 3.435499954223632812e+01 3.376399993896484375e+01
1.200000000000000000e+01 6.607142686843872070e-01 4.022999954223632812e+01 3.294800186157226562e+01 3.024399948120117188e+01
3.000000000000000000e+00 6.250000000000000000e-01 4.323699951171875000e+01 3.129299926757812500e+01 2.872500038146972656e+01
0.000000000000000000e+00 5.535714030265808105e-01 4.421900177001953125e+01 3.239699935913085938e+01 2.512000083923339844e+01
2.200000000000000000e+01 3.482142984867095947e-01 4.675899887084960938e+01 2.952899932861328125e+01 2.477099990844726562e+01
1.000000000000000000e+00 2.142857164144515991e-01 4.401300048828125000e+01 2.693099975585937500e+01 2.478899955749511719e+01
9.000000000000000000e+00 2.633928656578063965e-01 4.126100158691406250e+01 2.940600013732910156e+01 2.377700042724609375e+01
1.700000000000000000e+01 2.901785671710968018e-01 3.900099945068359375e+01 2.882699966430664062e+01 2.685499954223632812e+01
1.600000000000000000e+01 4.062500000000000000e-01 3.767399978637695312e+01 3.002000045776367188e+01 3.019700050354003906e+01
0.000000000000000000e+00 4.866071343421936035e-01 3.993399810791015625e+01 2.897200012207031250e+01 3.309500122070312500e+01
1.100000000000000000e+01 3.035714328289031982e-01 3.947399902343750000e+01 2.638699913024902344e+01 3.584099960327148438e+01
2.000000000000000000e+00 3.214285671710968018e-01 4.024599838256835938e+01 2.681399917602539062e+01 3.970999908447265625e+01
2.200000000000000000e+01 6.205357313156127930e-01 4.225099945068359375e+01 3.008099937438964844e+01 3.942300033569335938e+01
0.000000000000000000e+00 6.383928656578063965e-01 4.275299835205078125e+01 3.154700088500976562e+01 4.291299819946289062e+01
1.400000000000000000e+01 7.589285969734191895e-01 4.239500045776367188e+01 3.526399993896484375e+01 4.360699844360351562e+01
2.200000000000000000e+01 7.276785969734191895e-01 3.938499832153320312e+01 4.079100036621093750e+01 4.656499862670898438e+01
1.500000000000000000e+01 6.919642686843872070e-01 4.014199829101562500e+01 4.396799850463867188e+01 4.868500137329101562e+01
1.000000000000000000e+00 5.937500000000000000e-01 3.849800109863281250e+01 4.733300018310546875e+01 4.971900177001953125e+01
1.300000000000000000e+01 5.580357313156127930e-01 4.025999832153320312e+01 5.056900024414062500e+01 5.041999816894531250e+01
0.000000000000000000e+00 2.767857015132904053e-01 4.033399963378906250e+01 5.222600173950195312e+01 5.394900131225585938e+01
0.000000000000000000e+00 1.160714253783226013e-01 4.057099914550781250e+01 5.607300186157226562e+01 5.478200149536132812e+01
3.000000000000000000e+00 2.098214328289031982e-01 4.436600112915039062e+01 5.612200164794921875e+01 5.428599929809570312e+01
3.000000000000000000e+00 4.821428656578063965e-01 4.379499816894531250e+01 5.424800109863281250e+01 5.103099822998046875e+01
1.800000000000000000e+01 5.044642686843872070e-01 4.550199890136718750e+01 5.099100112915039062e+01 5.238499832153320312e+01
1.900000000000000000e+01 6.294642686843872070e-01 4.376699829101562500e+01 4.766799926757812500e+01 5.136999893188476562e+01
7.000000000000000000e+00 3.973214328289031982e-01 4.130699920654296875e+01 4.589699935913085938e+01 5.381100082397460938e+01
1.600000000000000000e+01 4.464285671710968018e-01 4.066699981689453125e+01 4.217599868774414062e+01 5.309700012207031250e+01
1.500000000000000000e+01 3.883928656578063965e-01 3.714599990844726562e+01 4.174399948120117188e+01 5.162400054931640625e+01
0.000000000000000000e+00 4.107142984867095947e-01 3.668899917602539062e+01 3.833900070190429688e+01 4.997299957275390625e+01
1.700000000000000000e+01 4.955357015132904053e-01 3.847800064086914062e+01 3.543500137329101562e+01 4.815700149536132812e+01
9.000000000000000000e+00 4.375000000000000000e-01 3.768999862670898438e+01 3.244699859619140625e+01 4.588499832153320312e+01
1.300000000000000000e+01 4.330357015132904053e-01 3.874700164794921875e+01 3.005299949645996094e+01 4.310100173950195312e+01
1.800000000000000000e+01 3.794642984867095947e-01 3.691899871826171875e+01 2.956800079345703125e+01 3.977199935913085938e+01
1.700000000000000000e+01 1.473214328289031982e-01 3.435300064086914062e+01 2.700799942016601562e+01 3.871599960327148438e+01
7.000000000000000000e+00 7.589285820722579956e-02 3.417499923706054688e+01 2.474399948120117188e+01 3.561199951171875000e+01
1.700000000000000000e+01 1.026785746216773987e-01 3.270700073242187500e+01 2.743000030517578125e+01 3.345199966430664062e+01
9.000000000000000000e+00 3.437500000000000000e-01 3.559999847412109375e+01 2.959700012207031250e+01 3.462500000000000000e+01
7.000000000000000000e+00 3.705357015132904053e-01 3.335400009155273438e+01 3.196699905395507812e+01 3.642900085449218750e+01
1.200000000000000000e+01 4.151785671710968018e-01 3.336700057983398438e+01 3.317599868774414062e+01 4.009299850463867188e+01
9.000000000000000000e+00 1.294642835855484009e-01 2.958200073242187500e+01 3.429199981689453125e+01 4.535100173950195312e+01
1.200000000000000000e+01 3.169642984867095947e-01 3.229399871826171875e+01 3.671900177001953125e+01 4.643999862670898438e+01
1.800000000000000000e+01 1.830357164144515991e-01 2.983300018310546875e+01 3.930099868774414062e+01 4.801499938964843750e+01
1.800000000000000000e+01 3.571428731083869934e-02 2.608799934387207031e+01 3.962799835205078125e+01 4.873799896240234375e+01
7.000000000000000000e+00 1.785714365541934967e-02 2.417700004577636719e+01 4.264500045776367188e+01 4.717499923706054688e+01
7.000000000000000000e+00 0.000000000000000000e+00 2.354100036621093750e+01 4.377899932861328125e+01 5.084199905395507812e+01
7.000000000000000000e+00 2.678571455180644989e-02 2.729999923706054688e+01 4.347700119018554688e+01 5.180300140380859375e+01
1.500000000000000000e+01 1.339285671710968018e-01 2.853800010681152344e+01 4.527199935913085938e+01 4.862200164794921875e+01
2.200000000000000000e+01 1.116071417927742004e-01 2.906900024414062500e+01 4.900799942016601562e+01 4.934999847412109375e+01
7.000000000000000000e+00 2.187500000000000000e-01 3.063299942016601562e+01 5.212699890136718750e+01 4.782199859619140625e+01
9.000000000000000000e+00 4.017857015132904053e-01 3.443799972534179688e+01 5.216099929809570312e+01 4.773699951171875000e+01
1.100000000000000000e+01 6.696428656578063965e-01 3.763700103759765625e+01 5.138999938964843750e+01 4.576100158691406250e+01
2.000000000000000000e+01 7.723214030265808105e-01 3.816400146484375000e+01 4.776699829101562500e+01 4.499499893188476562e+01
1.300000000000000000e+01 9.017857313156127930e-01 4.068199920654296875e+01 4.541799926757812500e+01 4.347700119018554688e+01
2.200000000000000000e+01 9.196428656578063965e-01 4.095100021362304688e+01 4.177999877929687500e+01 4.217900085449218750e+01
7.000000000000000000e+00 9.375000000000000000e-01 4.443500137329101562e+01 4.017200088500976562e+01 4.279399871826171875e+01
1.100000000000000000e+01 9.107142686843872070e-01 4.469300079345703125e+01 3.704499816894531250e+01 4.066400146484375000e+01
3.000000000000000000e+00 8.303571343421936035e-01 4.763600158691406250e+01 3.446900177001953125e+01 4.115599822998046875e+01
1.800000000000000000e+01 8.482142686843872070e-01 4.815100097656250000e+01 3.404600143432617188e+01 3.742300033569335938e+01
1.300000000000000000e+01 7.544642686843872070e-01 5.175299835205078125e+01 3.279100036621093750e+01 3.808599853515625000e+01
1.700000000000000000e+01 5.982142686843872070e-01 5.086700057983398438e+01 2.960899925231933594e+01 3.993899917602539062e+01
2.000000000000000000e+01 5.892857313156127930e-01 4.825400161743164062e+01 2.873299980163574219e+01 3.738100051879882812e+01
1.900000000000000000e+01 5.669642686843872070e-01 5.098099899291992188e+01 2.884199905395507812e+01 3.465399932861328125e+01
1.300000000000000000e+01 3.526785671710968018e-01 5.358200073242187500e+01 2.697999954223632812e+01 3.695199966430664062e+01
0.000000000000000000e+00 2.232142835855484009e-01 5.125400161743164062e+01 2.411899948120117188e+01 3.772499847412109375e+01
1.200000000000000000e+01 1.651785671710968018e-01 5.146200180053710938e+01 2.347100067138671875e+01 3.382400131225585938e+01
9.000000000000000000e+00 1.250000000000000000e-01 5.522499847412109375e+01 2.387299919128417969e+01 3.415900039672851562e+01
1.100000000000000000e+01 3.125000000000000000e-01 5.502000045776367188e+01 2.707900047302246094e+01 3.212500000000000000e+01
1.700000000000000000e+01 4.642857015132904053e-01 5.711199951171875000e+01 3.015500068664550781e+01 3.308499908447265625e+01
1.600000000000000000e+01 6.964285969734191895e-01 5.543700027465820312e+01 3.363299942016601562e+01 3.301300048828125000e+01
1.500000000000000000e+01 7.857142686843872070e-01 5.691799926757812500e+01 3.711100006103515625e+01 3.344400024414062500e+01
7.000000000000000000e+00 8.750000000000000000e-01 5.377000045776367188e+01 3.753200149536132812e+01 3.940900039672851562e+01
0.000000000000000000e+00 9.776785969734191895e-01 4.748199844360351562e+01 4.033800125122070312e+01 3.765200042724609375e+01
7.000000000000000000e+00 9.955357313156127930e-01 4.591699981689453125e+01 4.320600128173828125e+01 3.971799850463867188e+01
2.200000000000000000e+01 9.821428656578063965e-01 4.279600143432617188e+01 4.483399963378906250e+01 3.829499816894531250e+01
2.200000000000000000e+01 9.687500000000000000e-01 4.166699981689453125e+01 4.805199813842773438e+01 4.009799957275390625e+01
1.500000000000000000e+01 8.571428656578063965e-01 3.840499877929687500e+01 5.020500183105468750e+01 3.981499862670898438e+01
1.800000000000000000e+01 6.875000000000000000e-01 3.597000122070312500e+01 5.254499816894531250e+01 4.165499877929687500e+01
0.000000000000000000e+00 5.178571343421936035e-01 3.241699981689453125e+01 5.108100128173828125e+01 4.248400115966796875e+01
2.000000000000000000e+00 2.500000000000000000e-01 2.882600021362304688e+01 5.223099899291992188e+01 4.290999984741210938e+01
3.000000000000000000e+00 2.008928507566452026e-01 2.962999916076660156e+01 5.596099853515625000e+01 4.254600143432617188e+01
1.700000000000000000e+01 7.142857462167739868e-02 2.650000000000000000e+01 5.660400009155273438e+01 4.029399871826171875e+01
9.000000000000000000e+00 2.232142910361289978e-02 2.449500083923339844e+01 5.448199844360351562e+01 4.272800064086914062e+01
1.600000000000000000e+01 6.696428358554840088e-02 2.476600074768066406e+01 5.074000167846679688e+01 4.294400024414062500e+01
1.000000000000000000e+00 1.919642835855484009e-01 2.602599906921386719e+01 4.860800170898437500e+01 3.990599822998046875e+01
1.000000000000000000e+00 2.812500000000000000e-01 2.689800071716308594e+01 4.506100082397460938e+01 3.876900100708007812e+01
2.000000000000000000e+01 5.625000000000000000e-01 3.053300094604492188e+01 4.434000015258789062e+01 3.746599960327148438e+01
1.800000000000000000e+01 6.339285969734191895e-01 3.174799919128417969e+01 4.154600143432617188e+01 3.531100082397460938e+01
1.100000000000000000e+01 8.125000000000000000e-01 3.560100173950195312e+01 4.150699996948242188e+01 3.516600036621093750e+01
0.000000000000000000e+00 8.169642686843872070e-01 3.714599990844726562e+01 3.939199829101562500e+01 3.225000000000000000e+01
0.000000000000000000e+00 9.062500000000000000e-01 4.086500167846679688e+01 3.878599929809570312e+01 3.233300018310546875e+01
1.200000000000000000e+01 8.392857313156127930e-01 4.237500000000000000e+01 3.698099899291992188e+01 2.932900047302246094e+01
1.200000000000000000e+01 8.348214030265808105e-01 4.578499984741210938e+01 3.531200027465820312e+01 2.988999938964843750e+01
1.700000000000000000e+01 7.410714030265808105e-01 4.894300079345703125e+01 3.436399841308593750e+01 2.806500053405761719e+01
1.600000000000000000e+01 7.232142686843872070e-01 5.237200164794921875e+01 3.377700042724609375e+01 2.973600006103515625e+01
2.000000000000000000e+01 7.946428656578063965e-01 5.405699920654296875e+01 3.709400177001953125e+01 2.891200065612792969e+01
1.700000000000000000e+01 8.883928656578063965e-01 5.088100051879882812e+01 3.926100158691406250e+01 2.840999984741210938e+01
2.000000000000000000e+01 9.508928656578063965e-01 4.736000061035156250e+01 3.990999984741210938e+01 2.948399925231933594e+01
1.700000000000000000e+01 9.285714030265808105e-01 4.414099884033203125e+01 4.158200073242187500e+01 2.823500061035156250e+01
1.800000000000000000e+01 9.598214030265808105e-01 4.171900177001953125e+01 4.283800125122070312e+01 3.079899978637695312e+01
1.800000000000000000e+01 8.616071343421936035e-01 3.809600067138671875e+01 4.396799850463867188e+01 3.020100021362304688e+01
0.000000000000000000e+00 7.991071343421936035e-01 3.513399887084960938e+01 4.525799942016601562e+01 3.217900085449218750e+01
2.200000000000000000e+01 5.848214030265808105e-01 3.144499969482421875e+01 4.516799926757812500e+01 3.150699996948242188e+01
2.200000000000000000e+01 4.598214328289031982e-01 2.934499931335449219e+01 4.764300155639648438e+01 3.365299987792968750e+01
1.800000000000000000e+01 1.875000000000000000e-01 2.556299972534179688e+01 4.700199890136718750e+01 3.399599838256835938e+01
2.000000000000000000e+00 5.803571268916130066e-02 2.319799995422363281e+01 4.901499938964843750e+01 3.602399826049804688e+01
1.600000000000000000e+01 8.928571827709674835e-03 2.060300064086914062e+01 4.667499923706054688e+01 3.779700088500976562e+01
5.000000000000000000e+00 1.071428582072257996e-01 6.803500366210937500e+01 5.062300109863281250e+01 2.891300010681152344e+01
1.600000000000000000e+01 2.410714328289031982e-01 6.715899658203125000e+01 4.727099990844726562e+01 3.061100006103515625e+01
1.200000000000000000e+01 5.089285969734191895e-01 6.358000183105468750e+01 4.808100128173828125e+01 3.130400085449218750e+01
1.400000000000000000e+01 5.267857313156127930e-01 6.170299911499023438e+01 5.026300048828125000e+01 2.876799964904785156e+01
2.200000000000000000e+01 7.008928656578063965e-01 5.795399856567382812e+01 5.102500152587890625e+01 2.895599937438964844e+01
1.300000000000000000e+01 6.562500000000000000e-01 5.596699905395507812e+01 5.175699996948242188e+01 2.588299942016601562e+01
2.200000000000000000e+01 7.187500000000000000e-01 5.248600006103515625e+01 5.314699935913085938e+01 2.610799980163574219e+01
1.200000000000000000e+01 6.473214030265808105e-01 5.007300186157226562e+01 5.325199890136718750e+01 2.317799949645996094e+01
3.000000000000000000e+00 5.803571343421936035e-01 4.646300125122070312e+01 5.443299865722656250e+01 2.269499969482421875e+01
0.000000000000000000e+00 5.223214030265808105e-01 4.363299942016601562e+01 5.232600021362304688e+01 2.099500083923339844e+01
2.200000000000000000e+01 3.348214328289031982e-01 4.108000183105468750e+01 5.527899932861328125e+01 2.071899986267089844e+01
1.000000000000000000e+00 1.741071492433547974e-01 4.353599929809570312e+01 5.722499847412109375e+01 1.838899993896484375e+01
9.000000000000000000e+00 2.455357164144515991e-01 4.552299880981445312e+01 5.407099914550781250e+01 1.738100051879882812e+01
1.700000000000000000e+01 2.366071492433547974e-01 4.895100021362304688e+01 5.542399978637695312e+01 1.809399986267089844e+01
1.600000000000000000e+01 3.392857015132904053e-01 5.148099899291992188e+01 5.631900024414062500e+01 2.097599983215332031e+01
0.000000000000000000e+00 4.910714328289031982e-01 5.028099822998046875e+01 5.781600189208984375e+01 2.429700088500976562e+01
1.100000000000000000e+01 3.080357015132904053e-01 5.194599914550781250e+01 6.108399963378906250e+01 2.529899978637695312e+01
2.000000000000000000e+00 3.303571343421936035e-01 5.227199935913085938e+01 6.232699966430664062e+01 2.888299942016601562e+01
2.200000000000000000e+01 6.428571343421936035e-01 5.117699813842773438e+01 5.906800079345703125e+01 3.050600051879882812e+01
0.000000000000000000e+00 6.517857313156127930e-01 5.272999954223632812e+01 5.897999954223632812e+01 3.386500167846679688e+01
1.400000000000000000e+01 7.767857313156127930e-01 5.388399887084960938e+01 5.601800155639648438e+01 3.606299972534179688e+01
2.200000000000000000e+01 7.321428656578063965e-01 5.828599929809570312e+01 5.213000106811523438e+01 3.947100067138671875e+01
1.500000000000000000e+01 7.053571343421936035e-01 5.827799987792968750e+01 5.060699844360351562e+01 4.287900161743164062e+01
1.000000000000000000e+00 5.714285969734191895e-01 6.111500167846679688e+01 4.836199951171875000e+01 4.446400070190429688e+01
1.300000000000000000e+01 4.508928656578063965e-01 6.111899948120117188e+01 4.627999877929687500e+01 4.775999832153320312e+01
0.000000000000000000e+00 2.053571492433547974e-01 6.279000091552734375e+01 4.811999893188476562e+01 5.056700134277343750e+01
0.000000000000000000e+00 4.017857089638710022e-02 6.498000335693359375e+01 4.667300033569335938e+01 5.352999877929687500e+01
3.000000000000000000e+00 5.357142910361289978e-02 6.185100173950195312e+01 4.552500152587890625e+01 5.539400100708007812e+01
3.000000000000000000e+00 2.544642984867095947e-01 6.030199813842773438e+01 4.413999938964843750e+01 5.222299957275390625e+01
1.800000000000000000e+01 3.660714328289031982e-01 5.773099899291992188e+01 4.701499938964843750e+01 5.170899963378906250e+01
1.900000000000000000e+01 6.026785969734191895e-01 5.710900115966796875e+01 4.886899948120117188e+01 4.826599884033203125e+01
7.000000000000000000e+00 4.732142984867095947e-01 5.876399993896484375e+01 5.227199935913085938e+01 4.783900070190429688e+01
1.600000000000000000e+01 5.133928656578063965e-01 5.909600067138671875e+01 5.421799850463867188e+01 4.458700180053710938e+01
1.500000000000000000e+01 3.258928656578063965e-01 6.263199996948242188e+01 5.454700088500976562e+01 4.315200042724609375e+01
0.000000000000000000e+00 4.196428656578063965e-01 6.151900100708007812e+01 5.604999923706054688e+01 3.984400177001953125e+01
1.700000000000000000e+01 5.000000000000000000e-01 5.853599929809570312e+01 5.818700027465820312e+01 3.839199829101562500e+01
9.000000000000000000e+00 4.285714328289031982e-01 5.801200103759765625e+01 5.992399978637695312e+01 3.504600143432617188e+01
1.300000000000000000e+01 4.687500000000000000e-01 5.582500076293945312e+01 6.029700088500976562e+01 3.191399955749511719e+01
1.800000000000000000e+01 3.928571343421936035e-01 5.611500167846679688e+01 5.934600067138671875e+01 2.818600082397460938e+01
1.700000000000000000e+01 1.562500000000000000e-01 5.762300109863281250e+01 6.123799896240234375e+01 2.525000000000000000e+01
7.000000000000000000e+00 8.928571641445159912e-02 5.603699874877929688e+01 6.199000167846679688e+01 2.188899993896484375e+01
1.700000000000000000e+01 1.205357164144515991e-01 5.699900054931640625e+01 5.840200042724609375e+01 2.067799949645996094e+01
9.000000000000000000e+00 3.750000000000000000e-01 5.523500061035156250e+01 5.660599899291992188e+01 2.356399917602539062e+01
7.000000000000000000e+00 3.616071343421936035e-01 5.854700088500976562e+01 5.547399902343750000e+01 2.498399925231933594e+01
1.200000000000000000e+01 4.553571343421936035e-01 5.957099914550781250e+01 5.591600036621093750e+01 2.854000091552734375e+01
9.000000000000000000e+00 1.785714328289031982e-01 6.506700134277343750e+01 5.688700103759765625e+01 3.256399917602539062e+01
1.200000000000000000e+01 3.839285671710968018e-01 6.329399871826171875e+01 5.459600067138671875e+01 3.503699874877929688e+01
1.800000000000000000e+01 2.589285671710968018e-01 6.645700073242187500e+01 5.259500122070312500e+01 3.572200012207031250e+01
1.800000000000000000e+01 8.035714179277420044e-02 7.000900268554687500e+01 5.188600158691406250e+01 3.445600128173828125e+01
7.000000000000000000e+00 3.125000000000000000e-02 7.197499847412109375e+01 4.854499816894531250e+01 3.432699966430664062e+01
7.000000000000000000e+00 4.464285913854837418e-03 7.404900360107421875e+01 4.913899993896484375e+01 3.748099899291992188e+01
7.000000000000000000e+00 6.250000000000000000e-02 7.066100311279296875e+01 4.946799850463867188e+01 3.929199981689453125e+01
1.500000000000000000e+01 1.607142835855484009e-01 6.915699768066406250e+01 4.646699905395507812e+01 3.754299926757812500e+01
2.200000000000000000e+01 1.383928507566452026e-01 6.918499755859375000e+01 4.327199935913085938e+01 3.974599838256835938e+01
7.000000000000000000e+00 2.276785671710968018e-01 6.729599761962890625e+01 3.997200012207031250e+01 4.061000061035156250e+01
9.000000000000000000e+00 4.241071343421936035e-01 6.395600128173828125e+01 4.035699844360351562e+01 4.233200073242187500e+01
1.100000000000000000e+01 6.651785969734191895e-01 6.030599975585937500e+01 4.129600143432617188e+01 4.237300109863281250e+01
2.000000000000000000e+01 7.633928656578063965e-01 5.931800079345703125e+01 4.453200149536132812e+01 4.070700073242187500e+01
1.300000000000000000e+01 8.973214030265808105e-01 5.613800048828125000e+01 4.665999984741210938e+01 4.013600158691406250e+01
2.200000000000000000e+01 9.151785969734191895e-01 5.525500106811523438e+01 4.924399948120117188e+01 3.732500076293945312e+01
7.000000000000000000e+00 9.419642686843872070e-01 5.220700073242187500e+01 5.140800094604492188e+01 3.834299850463867188e+01
1.100000000000000000e+01 9.241071343421936035e-01 5.073199844360351562e+01 5.337099838256835938e+01 3.539400100708007812e+01
3.000000000000000000e+00 8.437500000000000000e-01 4.805199813842773438e+01 5.619400024414062500e+01 3.594300079345703125e+01
1.800000000000000000e+01 8.526785969734191895e-01 4.566099929809570312e+01 5.538199996948242188e+01 3.311999893188476562e+01
1.300000000000000000e+01 7.500000000000000000e-01 4.263299942016601562e+01 5.737500000000000000e+01 3.455500030517578125e+01
1.700000000000000000e+01 6.071428656578063965e-01 4.437699890136718750e+01 6.081800079345703125e+01 3.427299880981445312e+01
2.000000000000000000e+01 5.758928656578063965e-01 4.534999847412109375e+01 6.035800170898437500e+01 3.065399932861328125e+01
1.900000000000000000e+01 5.357142686843872070e-01 4.158700180053710938e+01 5.980500030517578125e+01 2.965399932861328125e+01
1.300000000000000000e+01 3.571428656578063965e-01 4.032899856567382812e+01 6.239199829101562500e+01 3.211700057983398438e+01
0.000000000000000000e+00 2.321428507566452026e-01 4.260200119018554688e+01 6.496099853515625000e+01 3.047400093078613281e+01
1.200000000000000000e+01 1.428571492433547974e-01 4.060699844360351562e+01 6.442600250244140625e+01 2.720499992370605469e+01
9.000000000000000000e+00 9.821428358554840088e-02 3.717499923706054688e+01 6.450800323486328125e+01 2.913599967956542969e+01
1.100000000000000000e+01 2.991071343421936035e-01 3.670700073242187500e+01 6.072200012207031250e+01 2.886800003051757812e+01
1.700000000000000000e+01 4.419642984867095947e-01 3.575199890136718750e+01 5.893999862670898438e+01 3.209199905395507812e+01
1.600000000000000000e+01 6.741071343421936035e-01 3.741600036621093750e+01 5.540100097656250000e+01 3.186599922180175781e+01
1.500000000000000000e+01 7.812500000000000000e-01 3.674800109863281250e+01 5.231999969482421875e+01 3.406399917602539062e+01
7.000000000000000000e+00 8.928571343421936035e-01 4.194699859619140625e+01 5.354600143432617188e+01 3.806100082397460938e+01
0.000000000000000000e+00 9.866071343421936035e-01 4.743099975585937500e+01 4.961100006103515625e+01 3.552199935913085938e+01
7.000000000000000000e+00 9.910714030265808105e-01 4.957099914550781250e+01 4.781000137329101562e+01 3.813600158691406250e+01
2.200000000000000000e+01 9.732142686843872070e-01 5.212900161743164062e+01 4.551200103759765625e+01 3.648500061035156250e+01
2.200000000000000000e+01 9.642857313156127930e-01 5.401300048828125000e+01 4.312200164794921875e+01 3.881000137329101562e+01
1.500000000000000000e+01 8.660714030265808105e-01 5.692599868774414062e+01 4.064300155639648438e+01 3.774499893188476562e+01
1.800000000000000000e+01 6.830357313156127930e-01 6.014599990844726562e+01 3.873400115966796875e+01 3.872200012207031250e+01
0.000000000000000000e+00 5.491071343421936035e-01 6.337900161743164062e+01 3.996400070190429688e+01 3.692100143432617188e+01
2.000000000000000000e+00 2.857142984867095947e-01 6.614900207519531250e+01 3.772600173950195312e+01 3.568399810791015625e+01
3.000000000000000000e+00 2.946428656578063965e-01 6.436699676513671875e+01 3.434799957275390625e+01 3.650000000000000000e+01
1.700000000000000000e+01 9.375000000000000000e-02 6.642900085449218750e+01 3.192700004577636719e+01 3.429499816894531250e+01
9.000000000000000000e+00 4.464285820722579956e-02 6.937500000000000000e+01 3.431499862670898438e+01 3.431100082397460938e+01
1.600000000000000000e+01 8.482142537832260132e-02 6.975000000000000000e+01 3.782400131225585938e+01 3.292900085449218750e+01
1.000000000000000000e+00 1.964285671710968018e-01 6.733999633789062500e+01 3.953400039672851562e+01 3.046299934387207031e+01
1.000000000000000000e+00 2.678571343421936035e-01 6.630100250244140625e+01 4.283200073242187500e+01 2.881599998474121094e+01
2.000000000000000000e+01 5.312500000000000000e-01 6.261999893188476562e+01 4.397900009155273438e+01 2.890399932861328125e+01
1.800000000000000000e+01 6.116071343421936035e-01 6.035100173950195312e+01 4.615299987792968750e+01 2.682500076293945312e+01
1.100000000000000000e+01 8.035714030265808105e-01 5.679100036621093750e+01 4.672999954223632812e+01 2.825799942016601562e+01
0.000000000000000000e+00 7.901785969734191895e-01 5.407600021362304688e+01 4.724399948120117188e+01 2.558099937438964844e+01
0.000000000000000000e+00 8.839285969734191895e-01 5.095700073242187500e+01 4.872200012207031250e+01 2.730999946594238281e+01
1.200000000000000000e+01 8.214285969734191895e-01 4.795600128173828125e+01 4.930300140380859375e+01 2.501899909973144531e+01
1.200000000000000000e+01 8.258928656578063965e-01 4.525000000000000000e+01 5.147999954223632812e+01 2.641399955749511719e+01
1.700000000000000000e+01 7.366071343421936035e-01 4.138899993896484375e+01 5.193500137329101562e+01 2.603300094604492188e+01
1.600000000000000000e+01 7.142857313156127930e-01 3.877899932861328125e+01 5.338399887084960938e+01 2.852099990844726562e+01
2.000000000000000000e+01 7.678571343421936035e-01 3.717399978637695312e+01 4.998699951171875000e+01 2.938699913024902344e+01
1.700000000000000000e+01 8.794642686843872070e-01 4.021599960327148438e+01 4.770299911499023438e+01 2.890699958801269531e+01
2.000000000000000000e+01 9.464285969734191895e-01 4.397399902343750000e+01 4.753599929809570312e+01 2.881399917602539062e+01
1.700000000000000000e+01 9.330357313156127930e-01 4.629499816894531250e+01 4.523699951171875000e+01 2.718400001525878906e+01
1.800000000000000000e+01 9.553571343421936035e-01 4.982400131225585938e+01 4.481600189208984375e+01 2.845999908447265625e+01
1.800000000000000000e+01 8.705357313156127930e-01 5.256399917602539062e+01 4.252399826049804688e+01 2.709099960327148438e+01
0.000000000000000000e+00 8.080357313156127930e-01 5.614500045776367188e+01 4.201699829101562500e+01 2.831200027465820312e+01
2.200000000000000000e+01 6.160714030265808105e-01 5.873500061035156250e+01 4.168299865722656250e+01 2.543499946594238281e+01
2.200000000000000000e+01 4.776785671710968018e-01 6.157699966430664062e+01 3.960599899291992188e+01 2.675399971008300781e+01
1.800000000000000000e+01 1.696428507566452026e-01 6.505100250244140625e+01 3.881999969482421875e+01 2.520800018310546875e+01
2.000000000000000000e+00 4.910714179277420044e-02 6.853299713134765625e+01 3.775899887084960938e+01 2.613699913024902344e+01
1.600000000000000000e+01 1.339285727590322495e-02 7.117199707031250000e+01 4.065599822998046875e+01 2.624300003051757812e+01
