1 1 14 0 0.029940119760479056 0 0 27.057 54.827 45.108
1 2 18 0 0.11976047904191622 0 0 29.322 51.816 44.875
1 3 7 0 0.31137724550898194 0 0 31.305 50.841 41.848
1 4 20 0 0.5748502994011976 0 0 31.645 47.151 41.151
1 5 13 0 0.7425149700598803 0 0 34.203 45.736 38.660
1 6 12 0 0.9221556886227544 0 0 32.844 42.374 37.528
1 7 22 0 0.9580838323353293 0 0 35.207 40.242 35.408
1 8 22 0 0.9880239520958084 0 0 33.432 37.888 33.068
1 9 22 0 0.9700598802395209 0 0 35.770 35.055 32.214
1 10 9 0 0.9281437125748503 0 0 35.178 31.747 30.479
1 11 0 0 0.7784431137724551 0 0 36.327 29.477 27.706
1 12 9 0 0.5988023952095809 0 0 34.887 29.617 24.136
1 13 9 0 0.5508982035928144 0 0 31.328 29.069 23.092
1 14 22 0 0.8083832335329342 0 0 29.821 29.508 26.517
1 15 9 0 0.8263473053892215 0 0 27.918 32.707 25.841
1 16 13 0 0.9341317365269461 0 0 29.953 34.735 28.276
1 17 17 0 0.8622754491017964 0 0 29.382 38.045 26.530
1 18 0 0 0.7844311377245509 0 0 25.744 37.032 26.234
1 19 12 0 0.8982035928143712 0 0 25.024 37.326 29.988
1 20 18 0 0.8682634730538922 0 0 26.317 40.915 30.088
1 21 11 0 0.6467065868263473 0 0 24.415 41.802 26.968
1 22 6 0 0.5868263473053892 0 0 21.277 40.143 28.273
1 23 12 0 0.6706586826347305 0 0 21.646 41.981 31.586
1 24 11 0 0.5029940119760479 0 0 22.234 45.367 30.160
1 25 6 0 0.281437125748503 0 0 20.474 45.662 26.850
1 26 2 0 0.2574850299401197 0 0 17.993 42.798 27.172
1 27 10 0 0.16766467065868274 0 0 18.539 41.713 23.617
1 28 15 0 0.2934131736526946 0 0 21.279 39.695 22.066
1 29 22 0 0.14371257485029942 0 0 23.379 40.837 19.139
1 30 3 0 0.053892215568862256 0 0 23.753 38.846 15.948
1 31 7 0 0.07784431137724557 0 0 27.404 39.721 15.486
1 32 20 0 0.20958083832335328 0 0 30.363 38.792 17.683
1 33 3 0 0.22754491017964074 0 0 32.920 41.365 18.660
1 34 16 0 0.35928143712574856 0 0 36.120 40.890 20.720
1 35 18 0 0.45508982035928147 0 0 35.142 43.514 23.309
1 36 11 0 0.33532934131736525 0 0 38.425 45.137 24.026
1 37 7 0 0.21556886227544902 0 0 37.724 48.689 25.204
1 38 3 0 0.29940119760479034 0 0 33.929 48.549 24.864
1 39 17 0 0.41916167664670656 0 0 31.906 49.165 27.972
1 40 20 0 0.562874251497006 0 0 28.948 47.489 29.460
1 41 1 0 0.4850299401197605 0 0 27.638 49.220 32.616
1 42 13 0 0.34730538922155685 0 0 24.490 50.173 34.500
1 43 6 0 0.16167664670658677 0 0 23.265 51.780 37.698
1 44 22 0 0.14970059880239517 0 0 20.665 49.995 39.687
1 45 22 0 0.0718562874251496 0 0 19.076 49.901 43.177
1 46 11 0 0.15568862275449102 0 0 19.993 46.571 44.662
1 47 3 0 0.06586826347305386 0 0 18.865 45.798 48.215
1 48 9 0 0.0 0 0 17.868 49.393 48.835
1 49 7 0 0.03592814371257491 0 0 21.321 50.480 47.714
1 50 18 0 0.041916167664670656 0 0 22.302 52.269 44.531
1 51 5 0 0.20359281437125742 0 0 24.981 50.175 42.876
1 52 12 0 0.32335329341317365 0 0 27.007 50.703 39.712
1 53 12 0 0.6047904191616766 0 0 28.030 47.614 37.745
1 54 3 0 0.652694610778443 0 0 30.899 47.811 35.276
1 55 11 0 0.844311377245509 0 0 31.227 44.485 33.519
1 56 12 0 0.8562874251497006 0 0 34.449 43.423 31.865
1 57 3 0 0.874251497005988 0 0 34.549 40.903 29.037
1 58 18 0 0.8502994011976048 0 0 37.670 38.870 29.412
1 59 0 0 0.6347305389221557 0 0 39.553 38.717 26.181
1 60 9 0 0.4131736526946108 0 0 42.871 37.374 24.773
1 61 6 0 0.27544910179640725 0 0 44.306 33.909 24.109
1 62 7 0 0.10778443113772451 0 0 48.087 33.987 24.789
1 63 7 0 0.09580838323353291 0 0 49.991 33.595 28.010
1 64 20 0 0.0059880239520957446 0 0 52.783 35.610 26.486
1 65 17 0 0.017964071856287345 0 0 52.372 39.142 27.970
1 66 0 0 0.13772455089820357 0 0 48.865 38.100 28.818
1 67 14 0 0.2694610778443114 0 0 46.012 40.356 27.762
1 68 1 0 0.5269461077844311 0 0 43.717 38.387 29.984
1 69 3 0 0.4491017964071856 0 0 45.707 39.259 33.109
1 70 6 0 0.39520958083832336 0 0 44.970 42.934 32.662
1 71 20 0 0.658682634730539 0 0 41.205 42.384 32.831
1 72 14 0 0.718562874251497 0 0 41.705 40.201 35.930
1 73 1 0 0.49101796407185627 0 0 43.441 42.926 37.884
1 74 18 0 0.5389221556886228 0 0 40.608 45.285 37.177
1 75 9 0 0.7904191616766467 0 0 38.215 42.715 38.547
1 76 7 0 0.7005988023952096 0 0 37.034 42.775 42.097
1 77 9 0 0.8922155688622755 0 0 34.317 40.152 41.384
1 78 15 0 0.9640718562874252 0 0 34.813 37.341 38.900
1 79 12 0 0.9940119760479041 0 0 32.138 35.529 36.984
1 80 5 0 0.9820359281437125 0 0 33.460 32.150 36.107
1 81 22 0 0.9760479041916168 0 0 31.392 30.769 33.316
1 82 15 0 0.8802395209580838 0 0 31.056 27.321 31.800
1 83 0 0 0.7125748502994012 0 0 28.446 25.637 29.775
1 84 11 0 0.4970059880239521 0 0 26.812 22.336 30.767
1 85 2 0 0.26347305389221565 0 0 27.162 20.590 27.421
1 86 2 0 0.3652694610778443 0 0 30.831 21.415 27.064
1 87 18 0 0.28742514970059885 0 0 33.177 19.472 29.318
1 88 13 0 0.3293413173652695 0 0 36.400 21.285 28.307
1 89 17 0 0.6227544910179641 0 0 34.817 24.575 29.329
1 90 15 0 0.6167664670658684 0 0 34.251 23.156 32.806
1 91 7 0 0.44311377245508976 0 0 37.824 21.908 32.760
1 92 3 0 0.592814371257485 0 0 39.010 25.399 31.990
1 93 11 0 0.8023952095808383 0 0 37.311 26.666 35.199
1 94 10 0 0.5329341317365269 0 0 40.204 25.091 37.069
1 95 10 0 0.5089820359281436 0 0 42.719 27.057 35.116
1 96 20 0 0.7664670658682635 0 0 40.795 30.222 35.348
1 97 1 0 0.7365269461077844 0 0 40.399 29.944 39.117
1 98 7 0 0.47904191616766467 0 0 44.153 29.685 39.323
1 99 6 0 0.5449101796407185 0 0 44.637 32.651 37.005
1 100 11 0 0.6826347305389222 0 0 42.585 34.938 39.096
1 101 13 0 0.4610778443113772 0 0 44.169 33.850 42.360
1 102 1 0 0.25149700598802394 0 0 47.629 34.394 40.910
1 103 22 0 0.3532934131736526 0 0 46.840 37.764 39.501
1 104 13 0 0.3772455089820359 0 0 45.142 39.301 42.456
1 105 3 0 0.13173652694610782 0 0 47.364 37.454 44.862
1 106 17 0 0.2335329341317366 0 0 44.452 36.110 46.800
1 107 7 0 0.3413173652694611 0 0 42.143 33.224 47.269
1 108 3 0 0.38323353293413165 0 0 39.366 35.173 48.894
1 109 22 0 0.6287425149700598 0 0 38.281 36.757 45.598
1 110 16 0 0.7964071856287425 0 0 34.580 37.041 45.110
1 111 14 0 0.9101796407185628 0 0 33.503 34.513 42.537
1 112 22 0 0.9461077844311377 0 0 30.438 32.917 41.292
1 113 12 0 0.9401197604790419 0 0 30.600 29.820 39.152
1 114 22 0 0.9520958083832335 0 0 28.035 30.069 36.364
1 115 9 0 0.8383233532934131 0 0 26.860 26.968 34.551
1 116 2 0 0.8203592814371258 0 0 25.125 28.066 31.424
1 117 13 0 0.5209580838323353 0 0 22.754 26.279 28.963
1 118 5 0 0.4251497005988024 0 0 20.867 24.540 31.769
1 119 3 0 0.18562874251497008 0 0 17.346 24.612 30.386
1 120 12 0 0.08982035928143717 0 0 18.315 21.691 28.153
1 121 16 0 0.0119760479041916 0 0 17.907 18.034 28.913
1 122 17 0 0.02395209580838331 0 0 21.289 16.681 28.241
1 123 1 0 0.11377245508982048 0 0 24.418 17.816 30.056
1 124 18 0 0.08383233532934131 0 0 27.879 16.235 29.852
1 125 22 0 0.24550898203592808 0 0 28.964 18.291 32.809
1 126 3 0 0.12574850299401197 0 0 27.361 16.713 35.808
1 127 18 0 0.221556886227545 0 0 25.788 18.933 38.448
1 128 13 0 0.10179640718562877 0 0 27.337 16.966 41.268
1 129 6 0 0.17365269461077848 0 0 30.773 17.706 39.872
1 130 0 0 0.4730538922155688 0 0 30.193 21.450 39.657
1 131 6 0 0.37125748502994016 0 0 28.805 21.617 43.160
1 132 3 0 0.17964071856287422 0 0 31.737 19.622 44.385
1 133 12 0 0.4011976047904191 0 0 34.256 21.724 42.463
1 134 0 0 0.5568862275449102 0 0 32.639 24.953 43.778
1 135 1 0 0.3053892215568862 0 0 32.639 23.799 47.360
1 136 17 0 0.19760479041916168 0 0 36.290 22.849 47.226
1 137 20 0 0.43113772455089827 0 0 37.117 26.377 46.139
1 138 9 0 0.3892215568862275 0 0 34.520 27.695 48.595
1 139 11 0 0.6646706586826348 0 0 32.650 29.625 45.956
1 140 16 0 0.7065868263473054 0 0 28.957 29.976 45.093
1 141 15 0 0.7604790419161677 0 0 27.583 27.978 42.141
1 142 11 0 0.8143712574850299 0 0 24.635 29.042 39.936
1 143 7 0 0.688622754491018 0 0 22.703 27.397 37.109
1 144 18 0 0.7544910179640718 0 0 21.831 29.644 34.206
1 145 17 0 0.5808383233532934 0 0 20.439 29.513 30.730
1 146 0 0 0.6766467065868262 0 0 21.171 32.751 28.860
1 147 13 0 0.40718562874251496 0 0 19.031 32.287 25.828
1 148 18 0 0.23952095808383234 0 0 15.829 31.626 27.786
1 149 1 0 0.437125748502994 0 0 16.877 34.363 30.069
1 150 6 0 0.46706586826347307 0 0 17.072 32.086 33.129
1 151 9 0 0.6407185628742516 0 0 19.047 33.145 36.196
1 152 22 0 0.8323353293413174 0 0 21.173 35.666 34.326
1 153 3 0 0.7245508982035929 0 0 20.440 38.658 36.416
1 154 3 0 0.6946107784431137 0 0 20.554 36.509 39.548
1 155 0 0 0.9041916167664671 0 0 24.160 35.398 38.883
1 156 15 0 0.9161676646706587 0 0 25.430 38.908 38.643
1 157 20 0 0.7485029940119761 0 0 23.463 39.773 41.746
1 158 18 0 0.7724550898203593 0 0 24.857 36.796 43.611
1 159 12 0 0.8862275449101796 0 0 28.334 38.100 42.748
1 160 22 0 0.7305389221556886 0 0 27.540 41.698 43.785
1 161 1 0 0.5149700598802396 0 0 26.465 40.490 47.209
1 162 7 0 0.6107784431137725 0 0 29.743 38.644 47.484
1 163 11 0 0.5688622754491017 0 0 31.700 41.894 46.915
1 164 1 0 0.3173652694610779 0 0 29.524 43.618 49.501
1 165 13 0 0.19161676646706582 0 0 30.577 41.354 52.387
1 166 10 0 0.04790419161676651 0 0 33.094 42.604 54.872
1 167 13 0 0.059880239520958 0 0 36.672 41.456 54.380
