1 1 14 0 0.0 0 0 32.655 14.838 31.334
1 2 18 0 0.0718562874251496 0 0 31.099 18.223 32.143
1 3 7 0 0.27544910179640725 0 0 32.793 21.242 30.669
1 4 20 0 0.562874251497006 0 0 31.787 24.859 31.402
1 5 13 0 0.7125748502994012 0 0 33.243 27.868 29.703
1 6 12 0 0.9041916167664671 0 0 33.267 30.712 32.103
1 7 22 0 0.9580838323353293 0 0 33.857 34.322 31.055
1 8 22 0 0.9880239520958084 0 0 34.875 37.173 33.414
1 9 22 0 0.9760479041916168 0 0 33.331 40.419 32.307
1 10 9 0 0.9341317365269461 0 0 33.466 43.963 33.489
1 11 0 0 0.7844311377245509 0 0 35.249 47.383 33.476
1 12 9 0 0.6287425149700598 0 0 38.943 48.127 33.565
1 13 9 0 0.5748502994011976 0 0 40.670 48.042 36.916
1 14 22 0 0.8083832335329342 0 0 38.257 45.742 38.700
1 15 9 0 0.8203592814371258 0 0 40.581 42.859 39.505
1 16 13 0 0.9221556886227544 0 0 39.519 40.513 36.632
1 17 17 0 0.8143712574850299 0 0 42.712 38.672 36.026
1 18 0 0 0.7365269461077844 0 0 43.448 38.419 39.710
1 19 12 0 0.8862275449101796 0 0 40.170 36.641 40.490
1 20 18 0 0.8682634730538922 0 0 40.863 34.034 37.843
1 21 11 0 0.6347305389221557 0 0 44.493 33.557 38.683
1 22 6 0 0.5868263473053892 0 0 43.744 32.995 42.299
1 23 12 0 0.658682634730539 0 0 41.438 30.152 41.417
1 24 11 0 0.49101796407185627 0 0 43.731 28.364 38.992
1 25 6 0 0.2934131736526946 0 0 47.220 29.361 39.884
1 26 2 0 0.23952095808383234 0 0 46.932 30.463 43.493
1 27 10 0 0.19760479041916168 0 0 48.504 33.938 43.561
1 28 15 0 0.29940119760479034 0 0 47.879 37.589 43.343
1 29 22 0 0.3892215568862275 0 0 48.121 39.551 40.109
1 30 3 0 0.17365269461077848 0 0 49.359 43.080 39.725
1 31 7 0 0.07784431137724557 0 0 51.443 43.113 36.535
1 32 20 0 0.15568862275449102 0 0 49.622 43.214 33.207
1 33 3 0 0.18562874251497008 0 0 49.161 40.757 30.448
1 34 16 0 0.33532934131736525 0 0 46.295 40.760 27.966
1 35 18 0 0.46706586826347307 0 0 45.287 37.127 28.243
1 36 11 0 0.3652694610778443 0 0 43.877 36.785 24.777
1 37 7 0 0.16167664670658677 0 0 45.023 33.295 23.816
1 38 3 0 0.2694610778443114 0 0 46.226 32.273 27.220
1 39 17 0 0.41916167664670656 0 0 44.042 29.585 28.968
1 40 20 0 0.5209580838323353 0 0 43.617 29.033 32.674
1 41 1 0 0.5029940119760479 0 0 41.367 26.244 33.740
1 42 13 0 0.38323353293413165 0 0 40.980 23.609 36.378
1 43 6 0 0.17964071856287422 0 0 39.046 20.661 37.454
1 44 22 0 0.26347305389221565 0 0 36.933 21.184 40.522
1 45 22 0 0.11377245508982048 0 0 34.148 19.278 42.256
1 46 11 0 0.22754491017964074 0 0 31.201 21.394 43.191
1 47 3 0 0.053892215568862256 0 0 28.145 19.992 45.017
1 48 9 0 0.0059880239520957446 0 0 29.433 16.538 44.263
1 49 7 0 0.02395209580838331 0 0 29.336 17.191 40.534
1 50 18 0 0.04790419161676651 0 0 32.803 17.220 38.927
1 51 5 0 0.2335329341317366 0 0 33.325 19.982 36.408
1 52 12 0 0.32335329341317365 0 0 36.056 21.401 34.220
1 53 12 0 0.6107784431137725 0 0 36.041 25.132 34.382
1 54 3 0 0.652694610778443 0 0 37.714 27.033 31.538
1 55 11 0 0.8383233532934131 0 0 38.389 30.692 32.195
1 56 12 0 0.8622754491017964 0 0 38.016 33.399 29.608
1 57 3 0 0.8802395209580838 0 0 39.517 36.727 30.708
1 58 18 0 0.8502994011976048 0 0 38.405 39.857 28.980
1 59 0 0 0.6227544910179641 0 0 40.573 42.618 27.773
1 60 9 0 0.4610778443113772 0 0 39.761 45.944 26.249
1 61 6 0 0.4491017964071856 0 0 36.560 48.023 26.372
1 62 7 0 0.35928143712574856 0 0 33.669 47.864 24.124
1 63 7 0 0.08982035928143717 0 0 33.520 48.681 20.520
1 64 20 0 0.08383233532934131 0 0 30.836 46.422 19.051
1 65 17 0 0.03592814371257491 0 0 33.235 44.351 16.967
1 66 0 0 0.029940119760479056 0 0 32.705 40.772 15.823
1 67 14 0 0.10179640718562877 0 0 35.806 39.251 17.441
1 68 1 0 0.39520958083832336 0 0 34.615 40.407 20.819
1 69 3 0 0.3413173652694611 0 0 31.148 38.910 20.234
1 70 6 0 0.2574850299401197 0 0 32.850 35.665 19.162
1 71 20 0 0.5089820359281436 0 0 34.965 35.513 22.288
1 72 14 0 0.6766467065868262 0 0 31.785 36.111 24.184
1 73 1 0 0.4850299401197605 0 0 29.595 33.483 22.579
1 74 18 0 0.5269461077844311 0 0 31.782 30.650 23.863
1 75 9 0 0.7664670658682635 0 0 30.346 31.602 27.269
1 76 7 0 0.7005988023952096 0 0 28.200 29.263 29.198
1 77 9 0 0.8982035928143712 0 0 28.353 31.385 32.249
1 78 15 0 0.9640718562874252 0 0 29.177 34.995 32.616
1 79 12 0 0.9940119760479041 0 0 30.631 36.594 35.684
1 80 5 0 0.9820359281437125 0 0 29.946 40.328 35.859
1 81 22 0 0.9700598802395209 0 0 32.411 42.338 37.956
1 82 15 0 0.874251497005988 0 0 32.418 45.792 39.406
1 83 0 0 0.7065868263473054 0 0 34.819 47.442 41.790
1 84 11 0 0.5149700598802396 0 0 33.266 48.844 44.955
1 85 2 0 0.28742514970059885 0 0 35.318 51.997 44.647
1 86 2 0 0.3532934131736526 0 0 34.372 52.815 41.087
1 87 18 0 0.24550898203592808 0 0 30.917 54.114 40.381
1 88 13 0 0.31137724550898194 0 0 31.158 53.831 36.596
1 89 17 0 0.6167664670658684 0 0 32.218 50.209 36.755
1 90 15 0 0.5988023952095809 0 0 28.954 49.704 38.596
1 91 7 0 0.4251497005988024 0 0 26.877 51.834 36.240
1 92 3 0 0.5508982035928144 0 0 28.124 50.078 33.166
1 93 11 0 0.7425149700598803 0 0 26.734 46.837 34.556
1 94 10 0 0.5449101796407185 0 0 23.741 47.209 32.362
1 95 10 0 0.5329341317365269 0 0 26.061 47.711 29.338
1 96 20 0 0.7964071856287425 0 0 27.862 44.490 30.097
1 97 1 0 0.7604790419161677 0 0 24.634 42.642 30.637
1 98 7 0 0.4970059880239521 0 0 23.425 43.921 27.311
1 99 6 0 0.5808383233532934 0 0 26.445 42.393 25.646
1 100 11 0 0.6826347305389222 0 0 25.300 39.031 27.007
1 101 13 0 0.437125748502994 0 0 21.799 39.399 25.565
1 102 1 0 0.20359281437125742 0 0 22.928 40.286 22.086
1 103 22 0 0.3772455089820359 0 0 25.499 37.571 21.915
1 104 13 0 0.37125748502994016 0 0 23.400 34.780 23.411
1 105 3 0 0.12574850299401197 0 0 19.875 35.795 22.442
1 106 17 0 0.19161676646706582 0 0 18.328 35.675 25.899
1 107 7 0 0.3173652694610779 0 0 17.818 37.597 29.141
1 108 3 0 0.40718562874251496 0 0 17.902 34.417 31.207
1 109 22 0 0.6047904191616766 0 0 21.617 33.620 30.701
1 110 16 0 0.7904191616766467 0 0 23.568 32.365 33.708
1 111 14 0 0.9161676646706587 0 0 25.126 35.462 35.193
1 112 22 0 0.9461077844311377 0 0 26.265 36.416 38.681
1 113 12 0 0.9401197604790419 0 0 27.008 40.016 39.581
1 114 22 0 0.9520958083832335 0 0 30.083 40.411 41.694
1 115 9 0 0.8562874251497006 0 0 31.392 43.257 43.742
1 116 2 0 0.844311377245509 0 0 35.124 42.810 43.995
1 117 13 0 0.592814371257485 0 0 37.682 44.214 46.359
1 118 5 0 0.47904191616766467 0 0 35.703 43.939 49.434
1 119 3 0 0.21556886227544902 0 0 38.880 43.686 51.425
1 120 12 0 0.11976047904191622 0 0 38.436 47.464 51.486
1 121 16 0 0.017964071856287345 0 0 36.363 48.539 54.526
1 122 17 0 0.0119760479041916 0 0 35.265 51.693 52.667
1 123 1 0 0.09580838323353291 0 0 32.948 51.465 49.677
1 124 18 0 0.059880239520958 0 0 32.160 54.102 47.138
1 125 22 0 0.20958083832335328 0 0 29.478 51.786 45.757
1 126 3 0 0.10778443113772451 0 0 26.224 51.513 47.627
1 127 18 0 0.221556886227545 0 0 25.680 47.875 48.464
1 128 13 0 0.06586826347305386 0 0 21.983 48.381 49.018
1 129 6 0 0.13173652694610782 0 0 21.677 49.773 45.513
1 130 0 0 0.44311377245508976 0 0 23.572 46.779 44.179
1 131 6 0 0.3293413173652695 0 0 21.571 44.339 46.215
1 132 3 0 0.13772455089820357 0 0 18.387 45.874 44.866
1 133 12 0 0.34730538922155685 0 0 19.658 45.786 41.323
1 134 0 0 0.5389221556886228 0 0 20.670 42.185 41.777
1 135 1 0 0.25149700598802394 0 0 17.245 41.277 43.133
1 136 17 0 0.14371257485029942 0 0 15.470 43.130 40.350
1 137 20 0 0.4131736526946108 0 0 17.444 41.257 37.667
1 138 9 0 0.4011976047904191 0 0 17.085 38.064 39.731
1 139 11 0 0.6706586826347305 0 0 20.780 37.323 39.501
1 140 16 0 0.688622754491018 0 0 22.738 36.656 42.662
1 141 15 0 0.7544910179640718 0 0 25.041 39.135 44.348
1 142 11 0 0.8263473053892215 0 0 28.517 38.197 45.538
1 143 7 0 0.7245508982035929 0 0 31.009 40.279 47.396
1 144 18 0 0.7784431137724551 0 0 34.552 38.975 46.823
1 145 17 0 0.6467065868263473 0 0 38.225 39.777 47.322
1 146 0 0 0.6946107784431137 0 0 40.740 39.116 44.623
1 147 13 0 0.43113772455089827 0 0 43.710 40.013 46.899
1 148 18 0 0.281437125748503 0 0 42.741 38.294 50.080
1 149 1 0 0.45508982035928147 0 0 41.177 35.193 48.557
1 150 6 0 0.4730538922155688 0 0 37.849 35.580 50.279
1 151 9 0 0.6646706586826348 0 0 35.046 34.267 48.135
1 152 22 0 0.8323353293413174 0 0 36.702 34.165 44.743
1 153 3 0 0.7305389221556886 0 0 35.922 30.508 44.804
1 154 3 0 0.718562874251497 0 0 32.340 30.931 45.915
1 155 0 0 0.9101796407185628 0 0 31.957 33.500 43.146
1 156 15 0 0.9281437125748503 0 0 32.738 31.058 40.441
1 157 20 0 0.7724550898203593 0 0 30.901 28.286 42.292
1 158 18 0 0.8023952095808383 0 0 27.838 30.418 42.662
1 159 12 0 0.8922155688622755 0 0 27.847 30.901 38.971
1 160 22 0 0.7485029940119761 0 0 28.276 27.201 38.396
1 161 1 0 0.5568862275449102 0 0 25.208 26.589 40.429
1 162 7 0 0.6407185628742516 0 0 23.363 29.083 38.214
1 163 11 0 0.5688622754491017 0 0 24.167 27.014 35.202
1 164 1 0 0.3053892215568862 0 0 23.010 23.758 36.819
1 165 13 0 0.14970059880239517 0 0 19.560 24.812 38.005
1 166 10 0 0.16766467065868274 0 0 18.802 26.036 34.494
1 167 13 0 0.041916167664670656 0 0 17.837 23.987 31.446
