5.000000000000000000e+00 9.821428358554840088e-02 2.550600051879882812e+01 3.775000000000000000e+01 4.283000183105468750e+01
1.600000000000000000e+01 2.276785671710968018e-01 2.659199905395507812e+01 4.115100097656250000e+01 4.152799987792968750e+01
1.200000000000000000e+01 4.910714328289031982e-01 3.032799911499023438e+01 4.061000061035156250e+01 4.090000152587890625e+01
1.400000000000000000e+01 5.446428656578063965e-01 3.154100036621093750e+01 3.796400070190429688e+01 3.856900024414062500e+01
2.200000000000000000e+01 7.053571343421936035e-01 3.501399993896484375e+01 3.724000167846679688e+01 3.782600021362304688e+01
1.300000000000000000e+01 6.830357313156127930e-01 3.588800048828125000e+01 3.527299880981445312e+01 3.459999847412109375e+01
2.200000000000000000e+01 7.455357313156127930e-01 3.934099960327148438e+01 3.385900115966796875e+01 3.375999832153320312e+01
1.200000000000000000e+01 6.741071343421936035e-01 4.060599899291992188e+01 3.266899871826171875e+01 3.032999992370605469e+01
3.000000000000000000e+00 6.294642686843872070e-01 4.369400024414062500e+01 3.079899978637695312e+01 2.910899925231933594e+01
0.000000000000000000e+00 5.714285969734191895e-01 4.526499938964843750e+01 3.179299926757812500e+01 2.574500083923339844e+01
2.200000000000000000e+01 3.883928656578063965e-01 4.784999847412109375e+01 2.889399909973144531e+01 2.552599906921386719e+01
1.000000000000000000e+00 2.366071492433547974e-01 4.507600021362304688e+01 2.623900032043457031e+01 2.560899925231933594e+01
9.000000000000000000e+00 2.812500000000000000e-01 4.233800125122070312e+01 2.858099937438964844e+01 2.429299926757812500e+01
1.700000000000000000e+01 2.991071343421936035e-01 3.968799972534179688e+01 2.835400009155273438e+01 2.682600021362304688e+01
1.600000000000000000e+01 4.508928656578063965e-01 3.826200103759765625e+01 2.955299949645996094e+01 3.017300033569335938e+01
0.000000000000000000e+00 5.133928656578063965e-01 4.061600112915039062e+01 2.877199935913085938e+01 3.312500000000000000e+01
1.100000000000000000e+01 3.348214328289031982e-01 4.003099822998046875e+01 2.647699928283691406e+01 3.624000167846679688e+01
2.000000000000000000e+00 3.303571343421936035e-01 4.095199966430664062e+01 2.653400039672851562e+01 3.996300125122070312e+01
2.200000000000000000e+01 6.339285969734191895e-01 4.222299957275390625e+01 3.014699935913085938e+01 3.956499862670898438e+01
0.000000000000000000e+00 6.562500000000000000e-01 4.203400039672851562e+01 3.216799926757812500e+01 4.283599853515625000e+01
1.400000000000000000e+01 7.589285969734191895e-01 4.036999893188476562e+01 3.562300109863281250e+01 4.283900070190429688e+01
2.200000000000000000e+01 7.187500000000000000e-01 3.839199829101562500e+01 4.118500137329101562e+01 4.652799987792968750e+01
1.500000000000000000e+01 6.919642686843872070e-01 3.953400039672851562e+01 4.413499832153320312e+01 4.871900177001953125e+01
1.000000000000000000e+00 5.803571343421936035e-01 3.759099960327148438e+01 4.720899963378906250e+01 4.968700027465820312e+01
1.300000000000000000e+01 5.089285969734191895e-01 3.882699966430664062e+01 5.064300155639648438e+01 5.084000015258789062e+01
0.000000000000000000e+00 2.455357164144515991e-01 3.893500137329101562e+01 5.132500076293945312e+01 5.460300064086914062e+01
0.000000000000000000e+00 8.482142537832260132e-02 3.838999938964843750e+01 5.475299835205078125e+01 5.646900177001953125e+01
3.000000000000000000e+00 1.071428582072257996e-01 4.213700103759765625e+01 5.518000030517578125e+01 5.693700027465820312e+01
3.000000000000000000e+00 3.169642984867095947e-01 4.287400054931640625e+01 5.470800018310546875e+01 5.312099838256835938e+01
1.800000000000000000e+01 4.553571343421936035e-01 4.403499984741210938e+01 5.106800079345703125e+01 5.351499938964843750e+01
1.900000000000000000e+01 5.892857313156127930e-01 4.275299835205078125e+01 4.786399841308593750e+01 5.194100189208984375e+01
7.000000000000000000e+00 4.062500000000000000e-01 4.029600143432617188e+01 4.574599838256835938e+01 5.398500061035156250e+01
1.600000000000000000e+01 4.419642984867095947e-01 3.962099838256835938e+01 4.199100112915039062e+01 5.302500152587890625e+01
1.500000000000000000e+01 3.839285671710968018e-01 3.604199981689453125e+01 4.165100097656250000e+01 5.152799987792968750e+01
0.000000000000000000e+00 4.151785671710968018e-01 3.538499832153320312e+01 3.843700027465820312e+01 4.964400100708007812e+01
1.700000000000000000e+01 4.955357015132904053e-01 3.727600097656250000e+01 3.565700149536132812e+01 4.790700149536132812e+01
9.000000000000000000e+00 4.285714328289031982e-01 3.690800094604492188e+01 3.242200088500976562e+01 4.586199951171875000e+01
1.300000000000000000e+01 4.776785671710968018e-01 3.826100158691406250e+01 3.037800025939941406e+01 4.299100112915039062e+01
1.800000000000000000e+01 4.598214328289031982e-01 3.699000167846679688e+01 2.968400001525878906e+01 3.936199951171875000e+01
1.700000000000000000e+01 1.785714328289031982e-01 3.401300048828125000e+01 2.743700027465820312e+01 3.911899948120117188e+01
7.000000000000000000e+00 9.375000000000000000e-02 3.419900131225585938e+01 2.478899955749511719e+01 3.640499877929687500e+01
1.700000000000000000e+01 1.160714253783226013e-01 3.289799880981445312e+01 2.716300010681152344e+01 3.372399902343750000e+01
9.000000000000000000e+00 3.973214328289031982e-01 3.591099929809570312e+01 2.951099967956542969e+01 3.436199951171875000e+01
7.000000000000000000e+00 4.642857015132904053e-01 3.370500183105468750e+01 3.206499862670898438e+01 3.611899948120117188e+01
1.200000000000000000e+01 3.571428656578063965e-01 3.250400161743164062e+01 3.263800048828125000e+01 3.969599914550781250e+01
9.000000000000000000e+00 1.339285671710968018e-01 2.955500030517578125e+01 3.345100021362304688e+01 4.442399978637695312e+01
1.200000000000000000e+01 3.258928656578063965e-01 3.211999893188476562e+01 3.608800125122070312e+01 4.560900115966796875e+01
1.800000000000000000e+01 1.875000000000000000e-01 2.954599952697753906e+01 3.830799865722656250e+01 4.746400070190429688e+01
1.800000000000000000e+01 6.250000000000000000e-02 2.583799934387207031e+01 3.927199935913085938e+01 4.732199859619140625e+01
7.000000000000000000e+00 2.232142910361289978e-02 2.384799957275390625e+01 4.247000122070312500e+01 4.638000106811523438e+01
7.000000000000000000e+00 0.000000000000000000e+00 2.310199928283691406e+01 4.354100036621093750e+01 4.996599960327148438e+01
7.000000000000000000e+00 2.678571455180644989e-02 2.666300010681152344e+01 4.280199813842773438e+01 5.115100097656250000e+01
1.500000000000000000e+01 1.428571492433547974e-01 2.811800003051757812e+01 4.469699859619140625e+01 4.827899932861328125e+01
2.200000000000000000e+01 1.026785746216773987e-01 2.774600028991699219e+01 4.841699981689453125e+01 4.936800003051757812e+01
7.000000000000000000e+00 1.473214328289031982e-01 2.896699905395507812e+01 5.164699935913085938e+01 4.767200088500976562e+01
9.000000000000000000e+00 3.392857015132904053e-01 3.277399826049804688e+01 5.220899963378906250e+01 4.750199890136718750e+01
1.100000000000000000e+01 6.250000000000000000e-01 3.615499877929687500e+01 5.161700057983398438e+01 4.598600006103515625e+01
2.000000000000000000e+01 7.232142686843872070e-01 3.691799926757812500e+01 4.791099929809570312e+01 4.530300140380859375e+01
1.300000000000000000e+01 8.839285969734191895e-01 3.985499954223632812e+01 4.596300125122070312e+01 4.365299987792968750e+01
2.200000000000000000e+01 9.107142686843872070e-01 3.997700119018554688e+01 4.227500152587890625e+01 4.256999969482421875e+01
7.000000000000000000e+00 9.330357313156127930e-01 4.340900039672851562e+01 4.047900009155273438e+01 4.301900100708007812e+01
1.100000000000000000e+01 9.285714030265808105e-01 4.398500061035156250e+01 3.731100082397460938e+01 4.076599884033203125e+01
3.000000000000000000e+00 8.437500000000000000e-01 4.662500000000000000e+01 3.475299835205078125e+01 4.161299896240234375e+01
1.800000000000000000e+01 8.616071343421936035e-01 4.787400054931640625e+01 3.427899932861328125e+01 3.800400161743164062e+01
1.300000000000000000e+01 7.723214030265808105e-01 5.150799942016601562e+01 3.304899978637695312e+01 3.850400161743164062e+01
1.700000000000000000e+01 6.428571343421936035e-01 5.056700134277343750e+01 3.013299942016601562e+01 4.075799942016601562e+01
2.000000000000000000e+01 6.116071343421936035e-01 4.831800079345703125e+01 2.876300048828125000e+01 3.791699981689453125e+01
1.900000000000000000e+01 5.982142686843872070e-01 5.103499984741210938e+01 2.899300003051757812e+01 3.527899932861328125e+01
1.300000000000000000e+01 4.687500000000000000e-01 5.356600189208984375e+01 2.759499931335449219e+01 3.776300048828125000e+01
0.000000000000000000e+00 2.500000000000000000e-01 5.157199859619140625e+01 2.432799911499023438e+01 3.825899887084960938e+01
1.200000000000000000e+01 2.098214328289031982e-01 5.168700027465820312e+01 2.382399940490722656e+01 3.437400054931640625e+01
9.000000000000000000e+00 1.607142835855484009e-01 5.545899963378906250e+01 2.432799911499023438e+01 3.449900054931640625e+01
1.100000000000000000e+01 3.616071343421936035e-01 5.515100097656250000e+01 2.758200073242187500e+01 3.272399902343750000e+01
1.700000000000000000e+01 5.223214030265808105e-01 5.714799880981445312e+01 3.058699989318847656e+01 3.391699981689453125e+01
1.600000000000000000e+01 7.276785969734191895e-01 5.523799896240234375e+01 3.381900024414062500e+01 3.323699951171875000e+01
1.500000000000000000e+01 8.035714030265808105e-01 5.645399856567382812e+01 3.741199874877929688e+01 3.315900039672851562e+01
7.000000000000000000e+00 9.017857313156127930e-01 5.349399948120117188e+01 3.779899978637695312e+01 3.936500167846679688e+01
0.000000000000000000e+00 9.910714030265808105e-01 4.677500152587890625e+01 4.050799942016601562e+01 3.761600112915039062e+01
7.000000000000000000e+00 9.955357313156127930e-01 4.477299880981445312e+01 4.331800079345703125e+01 3.922999954223632812e+01
2.200000000000000000e+01 9.732142686843872070e-01 4.190499877929687500e+01 4.562799835205078125e+01 3.856700134277343750e+01
2.200000000000000000e+01 9.375000000000000000e-01 4.065399932861328125e+01 4.864500045776367188e+01 4.057699966430664062e+01
1.500000000000000000e+01 8.258928656578063965e-01 3.728200149536132812e+01 5.026499938964843750e+01 4.005599975585937500e+01
1.800000000000000000e+01 6.517857313156127930e-01 3.460599899291992188e+01 5.242800140380859375e+01 4.177899932861328125e+01
0.000000000000000000e+00 5.044642686843872070e-01 3.130400085449218750e+01 5.060800170898437500e+01 4.244499969482421875e+01
2.000000000000000000e+00 2.142857164144515991e-01 2.767499923706054688e+01 5.173199844360351562e+01 4.262500000000000000e+01
3.000000000000000000e+00 1.919642835855484009e-01 2.863199996948242188e+01 5.532500076293945312e+01 4.178400039672851562e+01
1.700000000000000000e+01 4.464285820722579956e-02 2.519300079345703125e+01 5.635599899291992188e+01 4.037400054931640625e+01
9.000000000000000000e+00 1.785714365541934967e-02 2.318499946594238281e+01 5.361500167846679688e+01 4.213299942016601562e+01
1.600000000000000000e+01 4.017857089638710022e-02 2.323999977111816406e+01 4.978699874877929688e+01 4.242699813842773438e+01
1.000000000000000000e+00 1.294642835855484009e-01 2.487899971008300781e+01 4.773500061035156250e+01 3.957799911499023438e+01
1.000000000000000000e+00 2.544642984867095947e-01 2.616399955749511719e+01 4.430699920654296875e+01 3.848400115966796875e+01
2.000000000000000000e+01 5.312500000000000000e-01 2.962999916076660156e+01 4.384299850463867188e+01 3.722800064086914062e+01
1.800000000000000000e+01 6.473214030265808105e-01 3.167000007629394531e+01 4.136800003051757812e+01 3.516500091552734375e+01
1.100000000000000000e+01 8.125000000000000000e-01 3.548099899291992188e+01 4.144400024414062500e+01 3.540299987792968750e+01
0.000000000000000000e+00 8.214285969734191895e-01 3.724499893188476562e+01 3.916699981689453125e+01 3.270700073242187500e+01
0.000000000000000000e+00 9.241071343421936035e-01 4.091999816894531250e+01 3.840000152587890625e+01 3.267699813842773438e+01
1.200000000000000000e+01 8.482142686843872070e-01 4.276599884033203125e+01 3.681200027465820312e+01 2.959499931335449219e+01
1.200000000000000000e+01 8.526785969734191895e-01 4.615599822998046875e+01 3.538999938964843750e+01 3.048900032043457031e+01
1.700000000000000000e+01 7.678571343421936035e-01 4.922499847412109375e+01 3.485200119018554688e+01 2.829400062561035156e+01
1.600000000000000000e+01 7.321428656578063965e-01 5.275400161743164062e+01 3.402199935913085938e+01 2.957600021362304688e+01
2.000000000000000000e+01 7.946428656578063965e-01 5.415800094604492188e+01 3.753900146484375000e+01 2.893499946594238281e+01
1.700000000000000000e+01 9.196428656578063965e-01 5.086600112915039062e+01 3.944499969482421875e+01 2.891399955749511719e+01
2.000000000000000000e+01 9.687500000000000000e-01 4.760599899291992188e+01 4.015100097656250000e+01 3.074900054931640625e+01
1.700000000000000000e+01 9.553571343421936035e-01 4.436399841308593750e+01 4.183100128173828125e+01 2.955500030517578125e+01
1.800000000000000000e+01 9.642857313156127930e-01 4.151200103759765625e+01 4.300500106811523438e+01 3.183499908447265625e+01
1.800000000000000000e+01 8.660714030265808105e-01 3.805300140380859375e+01 4.392200088500976562e+01 3.048399925231933594e+01
0.000000000000000000e+00 7.991071343421936035e-01 3.522100067138671875e+01 4.545800018310546875e+01 3.260400009155273438e+01
2.200000000000000000e+01 6.160714030265808105e-01 3.144899940490722656e+01 4.571599960327148438e+01 3.190299987792968750e+01
2.200000000000000000e+01 4.375000000000000000e-01 2.867000007629394531e+01 4.765900039672851562e+01 3.386899948120117188e+01
1.800000000000000000e+01 1.651785671710968018e-01 2.503000068664550781e+01 4.667900085449218750e+01 3.375500106811523438e+01
2.000000000000000000e+00 3.125000000000000000e-02 2.179999923706054688e+01 4.752500152587890625e+01 3.555599975585937500e+01
1.600000000000000000e+01 1.339285727590322495e-02 2.048900032043457031e+01 4.469800186157226562e+01 3.792800140380859375e+01
5.000000000000000000e+00 1.696428507566452026e-01 6.728199768066406250e+01 4.838700103759765625e+01 2.727400016784667969e+01
1.600000000000000000e+01 2.723214328289031982e-01 6.716600036621093750e+01 4.620700073242187500e+01 3.054500007629394531e+01
1.200000000000000000e+01 5.357142686843872070e-01 6.376599884033203125e+01 4.778599929809570312e+01 3.111100006103515625e+01
1.400000000000000000e+01 5.401785969734191895e-01 6.190999984741210938e+01 4.991400146484375000e+01 2.843000030517578125e+01
2.200000000000000000e+01 6.964285969734191895e-01 5.824300003051757812e+01 5.092900085449218750e+01 2.848500061035156250e+01
1.300000000000000000e+01 6.651785969734191895e-01 5.590700149536132812e+01 5.191500091552734375e+01 2.570199966430664062e+01
2.200000000000000000e+01 7.366071343421936035e-01 5.239300155639648438e+01 5.329899978637695312e+01 2.633799934387207031e+01
1.200000000000000000e+01 6.607142686843872070e-01 4.989099884033203125e+01 5.327000045776367188e+01 2.349699974060058594e+01
3.000000000000000000e+00 6.205357313156127930e-01 4.639300155639648438e+01 5.497600173950195312e+01 2.329800033569335938e+01
0.000000000000000000e+00 5.758928656578063965e-01 4.369100189208984375e+01 5.282300186157226562e+01 2.165500068664550781e+01
2.200000000000000000e+01 4.196428656578063965e-01 4.100699996948242188e+01 5.554399871826171875e+01 2.157500076293945312e+01
1.000000000000000000e+00 2.232142835855484009e-01 4.293199920654296875e+01 5.763399887084960938e+01 1.910600090026855469e+01
9.000000000000000000e+00 2.857142984867095947e-01 4.479600143432617188e+01 5.447000122070312500e+01 1.793799972534179688e+01
1.700000000000000000e+01 2.589285671710968018e-01 4.818799972534179688e+01 5.594699859619140625e+01 1.827000045776367188e+01
1.600000000000000000e+01 3.660714328289031982e-01 5.116099929809570312e+01 5.609299850463867188e+01 2.072200012207031250e+01
0.000000000000000000e+00 4.866071343421936035e-01 5.056100082397460938e+01 5.802199935913085938e+01 2.402499961853027344e+01
1.100000000000000000e+01 2.767857015132904053e-01 5.265800094604492188e+01 6.118899917602539062e+01 2.432500076293945312e+01
2.000000000000000000e+00 2.946428656578063965e-01 5.385499954223632812e+01 6.244300079345703125e+01 2.787299919128417969e+01
2.200000000000000000e+01 5.848214030265808105e-01 5.238199996948242188e+01 5.958800125122070312e+01 2.993799972534179688e+01
0.000000000000000000e+00 6.026785969734191895e-01 5.384600067138671875e+01 5.974800109863281250e+01 3.351100158691406250e+01
1.400000000000000000e+01 7.142857313156127930e-01 5.505699920654296875e+01 5.677000045776367188e+01 3.556900024414062500e+01
2.200000000000000000e+01 6.875000000000000000e-01 5.922299957275390625e+01 5.297499847412109375e+01 3.928900146484375000e+01
1.500000000000000000e+01 6.696428656578063965e-01 5.960200119018554688e+01 5.091099929809570312e+01 4.253699874877929688e+01
1.000000000000000000e+00 5.580357313156127930e-01 6.190100097656250000e+01 4.804000091552734375e+01 4.387900161743164062e+01
1.300000000000000000e+01 5.178571343421936035e-01 6.125799942016601562e+01 4.565100097656250000e+01 4.677199935913085938e+01
0.000000000000000000e+00 2.187500000000000000e-01 6.409799957275390625e+01 4.579499816894531250e+01 4.949300003051757812e+01
0.000000000000000000e+00 7.142857462167739868e-02 6.558300018310546875e+01 4.325600051879882812e+01 5.209700012207031250e+01
3.000000000000000000e+00 6.696428358554840088e-02 6.307699966430664062e+01 4.410900115966796875e+01 5.478499984741210938e+01
3.000000000000000000e+00 2.633928656578063965e-01 6.033300018310546875e+01 4.338299942016601562e+01 5.224900054931640625e+01
1.800000000000000000e+01 3.125000000000000000e-01 5.943899917602539062e+01 4.716699981689453125e+01 5.183700180053710938e+01
1.900000000000000000e+01 5.267857313156127930e-01 5.895000076293945312e+01 4.908499908447265625e+01 4.854399871826171875e+01
7.000000000000000000e+00 3.437500000000000000e-01 6.163800048828125000e+01 5.170899963378906250e+01 4.763000106811523438e+01
1.600000000000000000e+01 4.017857015132904053e-01 6.117499923706054688e+01 5.454999923706054688e+01 4.500500106811523438e+01
1.500000000000000000e+01 3.214285671710968018e-01 6.383800125122070312e+01 5.416500091552734375e+01 4.221099853515625000e+01
0.000000000000000000e+00 3.526785671710968018e-01 6.296599960327148438e+01 5.610800170898437500e+01 3.894900131225585938e+01
1.700000000000000000e+01 4.330357015132904053e-01 6.035100173950195312e+01 5.834999847412109375e+01 3.731000137329101562e+01
9.000000000000000000e+00 3.794642984867095947e-01 5.970100021362304688e+01 5.946900177001953125e+01 3.382300186157226562e+01
1.300000000000000000e+01 4.241071343421936035e-01 5.722200012207031250e+01 6.021099853515625000e+01 3.108499908447265625e+01
1.800000000000000000e+01 4.107142984867095947e-01 5.688899993896484375e+01 5.905899810791015625e+01 2.757200050354003906e+01
1.700000000000000000e+01 1.517857164144515991e-01 5.854600143432617188e+01 6.032099914550781250e+01 2.441600036621093750e+01
7.000000000000000000e+00 8.035714179277420044e-02 5.686199951171875000e+01 6.175500106811523438e+01 2.129199981689453125e+01
1.700000000000000000e+01 1.205357164144515991e-01 5.650899887084960938e+01 5.816799926757812500e+01 1.990099906921386719e+01
9.000000000000000000e+00 3.750000000000000000e-01 5.514899826049804688e+01 5.695299911499023438e+01 2.322299957275390625e+01
7.000000000000000000e+00 3.928571343421936035e-01 5.837300109863281250e+01 5.538000106811523438e+01 2.453199958801269531e+01
1.200000000000000000e+01 4.464285671710968018e-01 6.021400070190429688e+01 5.563700103759765625e+01 2.789500045776367188e+01
9.000000000000000000e+00 1.116071417927742004e-01 6.678299713134765625e+01 5.598899841308593750e+01 3.022299957275390625e+01
1.200000000000000000e+01 2.901785671710968018e-01 6.494999694824218750e+01 5.498799896240234375e+01 3.334600067138671875e+01
1.800000000000000000e+01 1.830357164144515991e-01 6.777400207519531250e+01 5.250999832153320312e+01 3.440399932861328125e+01
1.800000000000000000e+01 5.803571268916130066e-02 7.101899719238281250e+01 5.096900177001953125e+01 3.294300079345703125e+01
7.000000000000000000e+00 3.571428731083869934e-02 7.220600128173828125e+01 4.734400177001953125e+01 3.255799865722656250e+01
7.000000000000000000e+00 8.928571827709674835e-03 7.404900360107421875e+01 4.650500106811523438e+01 3.585200119018554688e+01
7.000000000000000000e+00 4.910714179277420044e-02 7.184400177001953125e+01 4.906800079345703125e+01 3.768399810791015625e+01
1.500000000000000000e+01 2.008928507566452026e-01 6.874900054931640625e+01 4.696400070190429688e+01 3.702700042724609375e+01
2.200000000000000000e+01 1.383928507566452026e-01 6.951399993896484375e+01 4.379100036621093750e+01 3.915599822998046875e+01
7.000000000000000000e+00 2.410714328289031982e-01 6.762100219726562500e+01 4.079899978637695312e+01 4.065399932861328125e+01
9.000000000000000000e+00 4.732142984867095947e-01 6.419999694824218750e+01 4.125500106811523438e+01 4.249200057983398438e+01
1.100000000000000000e+01 6.785714030265808105e-01 6.054999923706054688e+01 4.243700027465820312e+01 4.231100082397460938e+01
2.000000000000000000e+01 7.544642686843872070e-01 5.984999847412109375e+01 4.575500106811523438e+01 4.042399978637695312e+01
1.300000000000000000e+01 8.750000000000000000e-01 5.651300048828125000e+01 4.763499832153320312e+01 4.026800155639648438e+01
2.200000000000000000e+01 8.973214030265808105e-01 5.568299865722656250e+01 5.032699966430664062e+01 3.769400024414062500e+01
7.000000000000000000e+00 9.151785969734191895e-01 5.277099990844726562e+01 5.271200180053710938e+01 3.858599853515625000e+01
1.100000000000000000e+01 8.928571343421936035e-01 5.144599914550781250e+01 5.434199905395507812e+01 3.538499832153320312e+01
3.000000000000000000e+00 7.857142686843872070e-01 4.948199844360351562e+01 5.762300109863281250e+01 3.559600067138671875e+01
1.800000000000000000e+01 8.392857313156127930e-01 4.655099868774414062e+01 5.635499954223632812e+01 3.337300109863281250e+01
1.300000000000000000e+01 7.410714030265808105e-01 4.361000061035156250e+01 5.825099945068359375e+01 3.486999893188476562e+01
1.700000000000000000e+01 5.937500000000000000e-01 4.562699890136718750e+01 6.152199935913085938e+01 3.506499862670898438e+01
2.000000000000000000e+01 5.669642686843872070e-01 4.637099838256835938e+01 6.114199829101562500e+01 3.137299919128417969e+01
1.900000000000000000e+01 5.535714030265808105e-01 4.278400039672851562e+01 6.050699996948242188e+01 3.053400039672851562e+01
1.300000000000000000e+01 3.705357015132904053e-01 4.097999954223632812e+01 6.302899932861328125e+01 3.267499923706054688e+01
0.000000000000000000e+00 2.321428507566452026e-01 4.343099975585937500e+01 6.569699859619140625e+01 3.133300018310546875e+01
1.200000000000000000e+01 1.741071492433547974e-01 4.183300018310546875e+01 6.483899688720703125e+01 2.793799972534179688e+01
9.000000000000000000e+00 1.562500000000000000e-01 3.844900131225585938e+01 6.459500122070312500e+01 2.976799964904785156e+01
1.100000000000000000e+01 3.482142984867095947e-01 3.788399887084960938e+01 6.082600021362304688e+01 2.919000053405761719e+01
1.700000000000000000e+01 5.000000000000000000e-01 3.662500000000000000e+01 5.907899856567382812e+01 3.242499923706054688e+01
1.600000000000000000e+01 7.098214030265808105e-01 3.811399841308593750e+01 5.562200164794921875e+01 3.249100112915039062e+01
1.500000000000000000e+01 7.767857313156127930e-01 3.680699920654296875e+01 5.255599975585937500e+01 3.459600067138671875e+01
7.000000000000000000e+00 8.705357313156127930e-01 4.149900054931640625e+01 5.379199981689453125e+01 3.835100173950195312e+01
0.000000000000000000e+00 9.821428656578063965e-01 4.735900115966796875e+01 5.070800018310546875e+01 3.596300125122070312e+01
7.000000000000000000e+00 9.866071343421936035e-01 5.007699966430664062e+01 4.853400039672851562e+01 3.756399917602539062e+01
2.200000000000000000e+01 9.776785969734191895e-01 5.280300140380859375e+01 4.626900100708007812e+01 3.614799880981445312e+01
2.200000000000000000e+01 9.464285969734191895e-01 5.466799926757812500e+01 4.399399948120117188e+01 3.868099975585937500e+01
1.500000000000000000e+01 8.571428656578063965e-01 5.739099884033203125e+01 4.144900131225585938e+01 3.775199890136718750e+01
1.800000000000000000e+01 7.008928656578063965e-01 6.063499832153320312e+01 3.992399978637695312e+01 3.898300170898437500e+01
0.000000000000000000e+00 5.625000000000000000e-01 6.355300140380859375e+01 4.085499954223632812e+01 3.667800140380859375e+01
2.000000000000000000e+00 3.080357015132904053e-01 6.626799774169921875e+01 3.826300048828125000e+01 3.591500091552734375e+01
3.000000000000000000e+00 3.035714328289031982e-01 6.487200164794921875e+01 3.529999923706054688e+01 3.784199905395507812e+01
1.700000000000000000e+01 1.250000000000000000e-01 6.632900238037109375e+01 3.262300109863281250e+01 3.533300018310546875e+01
9.000000000000000000e+00 7.589285820722579956e-02 6.937599945068359375e+01 3.491199874877929688e+01 3.449399948120117188e+01
1.600000000000000000e+01 8.928571641445159912e-02 6.999099731445312500e+01 3.826699829101562500e+01 3.286399841308593750e+01
1.000000000000000000e+00 2.053571492433547974e-01 6.732700347900390625e+01 3.952199935913085938e+01 3.022800064086914062e+01
1.000000000000000000e+00 2.678571343421936035e-01 6.642700195312500000e+01 4.276200103759765625e+01 2.831999969482421875e+01
2.000000000000000000e+01 5.491071343421936035e-01 6.272399902343750000e+01 4.368299865722656250e+01 2.907999992370605469e+01
1.800000000000000000e+01 6.383928656578063965e-01 6.020000076293945312e+01 4.586500167846679688e+01 2.697500038146972656e+01
1.100000000000000000e+01 8.080357313156127930e-01 5.673500061035156250e+01 4.639099884033203125e+01 2.856200027465820312e+01
0.000000000000000000e+00 8.169642686843872070e-01 5.380899810791015625e+01 4.760499954223632812e+01 2.639500045776367188e+01
0.000000000000000000e+00 9.062500000000000000e-01 5.045100021362304688e+01 4.897399902343750000e+01 2.751199913024902344e+01
1.200000000000000000e+01 8.303571343421936035e-01 4.746500015258789062e+01 4.945500183105468750e+01 2.515699958801269531e+01
1.200000000000000000e+01 8.348214030265808105e-01 4.496300125122070312e+01 5.182300186157226562e+01 2.676899909973144531e+01
1.700000000000000000e+01 7.633928656578063965e-01 4.112400054931640625e+01 5.175299835205078125e+01 2.653400039672851562e+01
1.600000000000000000e+01 7.500000000000000000e-01 3.886999893188476562e+01 5.336299896240234375e+01 2.931200027465820312e+01
2.000000000000000000e+01 7.812500000000000000e-01 3.696799850463867188e+01 4.999900054931640625e+01 2.995100021362304688e+01
1.700000000000000000e+01 8.883928656578063965e-01 4.001300048828125000e+01 4.776900100708007812e+01 2.905999946594238281e+01
2.000000000000000000e+01 9.598214030265808105e-01 4.366600036621093750e+01 4.760499954223632812e+01 3.012599945068359375e+01
1.700000000000000000e+01 9.419642686843872070e-01 4.599100112915039062e+01 4.531200027465820312e+01 2.800799942016601562e+01
1.800000000000000000e+01 9.508928656578063965e-01 4.970399856567382812e+01 4.480300140380859375e+01 2.875699996948242188e+01
1.800000000000000000e+01 8.794642686843872070e-01 5.232300186157226562e+01 4.277999877929687500e+01 2.712299919128417969e+01
0.000000000000000000e+00 7.901785969734191895e-01 5.606700134277343750e+01 4.220700073242187500e+01 2.777300071716308594e+01
2.200000000000000000e+01 6.071428656578063965e-01 5.852500152587890625e+01 4.145600128173828125e+01 2.480699920654296875e+01
2.200000000000000000e+01 4.821428656578063965e-01 6.150799942016601562e+01 3.956200027465820312e+01 2.625699996948242188e+01
1.800000000000000000e+01 1.964285671710968018e-01 6.487400054931640625e+01 3.963600158691406250e+01 2.446699905395507812e+01
2.000000000000000000e+00 5.357142910361289978e-02 6.838500213623046875e+01 3.817800140380859375e+01 2.498999977111816406e+01
1.600000000000000000e+01 4.464285913854837418e-03 7.158499908447265625e+01 4.004499816894531250e+01 2.583300018310546875e+01
