5.000000000000000000e+00 1.071428582072257996e-01 2.544700050354003906e+01 3.831900024414062500e+01 4.281100082397460938e+01
1.600000000000000000e+01 2.187500000000000000e-01 2.628000068664550781e+01 4.162200164794921875e+01 4.100899887084960938e+01
1.200000000000000000e+01 4.910714328289031982e-01 3.009199905395507812e+01 4.119300079345703125e+01 4.077999877929687500e+01
1.400000000000000000e+01 5.446428656578063965e-01 3.118300056457519531e+01 3.847600173950195312e+01 3.830799865722656250e+01
2.200000000000000000e+01 7.008928656578063965e-01 3.461999893188476562e+01 3.713000106811523438e+01 3.734799957275390625e+01
1.300000000000000000e+01 6.696428656578063965e-01 3.546900177001953125e+01 3.516099929809570312e+01 3.411399841308593750e+01
2.200000000000000000e+01 7.232142686843872070e-01 3.894300079345703125e+01 3.390299987792968750e+01 3.345100021362304688e+01
1.200000000000000000e+01 6.741071343421936035e-01 4.054600143432617188e+01 3.262900161743164062e+01 3.012700080871582031e+01
3.000000000000000000e+00 6.339285969734191895e-01 4.391799926757812500e+01 3.080599975585937500e+01 2.917499923706054688e+01
0.000000000000000000e+00 5.669642686843872070e-01 4.533499908447265625e+01 3.171899986267089844e+01 2.570000076293945312e+01
2.200000000000000000e+01 3.928571343421936035e-01 4.800999832153320312e+01 2.901899909973144531e+01 2.541699981689453125e+01
1.000000000000000000e+00 2.321428507566452026e-01 4.541600036621093750e+01 2.631900024414062500e+01 2.537299919128417969e+01
9.000000000000000000e+00 2.678571343421936035e-01 4.254399871826171875e+01 2.857699966430664062e+01 2.399399948120117188e+01
1.700000000000000000e+01 2.723214328289031982e-01 3.999599838256835938e+01 2.785000038146972656e+01 2.674200057983398438e+01
1.600000000000000000e+01 4.017857015132904053e-01 3.863499832153320312e+01 2.889200019836425781e+01 3.006299972534179688e+01
0.000000000000000000e+00 5.223214030265808105e-01 4.080899810791015625e+01 2.864900016784667969e+01 3.321099853515625000e+01
1.100000000000000000e+01 3.125000000000000000e-01 3.958300018310546875e+01 2.626000022888183594e+01 3.590999984741210938e+01
2.000000000000000000e+00 3.303571343421936035e-01 4.067300033569335938e+01 2.662599945068359375e+01 3.961800003051757812e+01
2.200000000000000000e+01 6.383928656578063965e-01 4.218199920654296875e+01 3.001799964904785156e+01 3.920899963378906250e+01
0.000000000000000000e+00 6.517857313156127930e-01 4.174200057983398438e+01 3.166799926757812500e+01 4.259400177001953125e+01
1.400000000000000000e+01 7.544642686843872070e-01 4.098300170898437500e+01 3.532099914550781250e+01 4.331999969482421875e+01
2.200000000000000000e+01 7.098214030265808105e-01 3.821699905395507812e+01 4.091500091552734375e+01 4.645600128173828125e+01
1.500000000000000000e+01 6.875000000000000000e-01 3.909600067138671875e+01 4.383499908447265625e+01 4.871400070190429688e+01
1.000000000000000000e+00 5.803571343421936035e-01 3.766500091552734375e+01 4.724000167846679688e+01 4.973500061035156250e+01
1.300000000000000000e+01 4.955357015132904053e-01 3.879999923706054688e+01 5.058200073242187500e+01 5.108599853515625000e+01
0.000000000000000000e+00 2.232142835855484009e-01 3.841500091552734375e+01 5.116799926757812500e+01 5.492599868774414062e+01
0.000000000000000000e+00 5.803571268916130066e-02 3.792200088500976562e+01 5.430699920654296875e+01 5.717399978637695312e+01
3.000000000000000000e+00 8.928571641445159912e-02 4.161000061035156250e+01 5.527799987792968750e+01 5.729000091552734375e+01
3.000000000000000000e+00 2.857142984867095947e-01 4.216799926757812500e+01 5.463399887084960938e+01 5.364599990844726562e+01
1.800000000000000000e+01 3.750000000000000000e-01 4.371500015258789062e+01 5.110900115966796875e+01 5.410100173950195312e+01
1.900000000000000000e+01 5.848214030265808105e-01 4.275699996948242188e+01 4.806499862670898438e+01 5.196099853515625000e+01
7.000000000000000000e+00 4.419642984867095947e-01 4.056399917602539062e+01 4.551200103759765625e+01 5.381200027465820312e+01
1.600000000000000000e+01 4.151785671710968018e-01 3.913800048828125000e+01 4.196599960327148438e+01 5.317900085449218750e+01
1.500000000000000000e+01 3.526785671710968018e-01 3.576200103759765625e+01 4.146799850463867188e+01 5.150199890136718750e+01
0.000000000000000000e+00 4.330357015132904053e-01 3.535400009155273438e+01 3.824900054931640625e+01 4.943299865722656250e+01
1.700000000000000000e+01 5.000000000000000000e-01 3.738100051879882812e+01 3.563299942016601562e+01 4.778900146484375000e+01
9.000000000000000000e+00 4.464285671710968018e-01 3.705799865722656250e+01 3.235499954223632812e+01 4.582199859619140625e+01
1.300000000000000000e+01 4.866071343421936035e-01 3.801200103759765625e+01 3.068899917602539062e+01 4.263999938964843750e+01
1.800000000000000000e+01 4.642857015132904053e-01 3.669699859619140625e+01 2.998399925231933594e+01 3.915399932861328125e+01
1.700000000000000000e+01 1.696428507566452026e-01 3.408399963378906250e+01 2.713699913024902344e+01 3.882400131225585938e+01
7.000000000000000000e+00 7.589285820722579956e-02 3.403099822998046875e+01 2.436599922180175781e+01 3.617200088500976562e+01
1.700000000000000000e+01 1.205357164144515991e-01 3.307199859619140625e+01 2.684799957275390625e+01 3.346799850463867188e+01
9.000000000000000000e+00 3.839285671710968018e-01 3.598600006103515625e+01 2.937400054931640625e+01 3.430400085449218750e+01
7.000000000000000000e+00 4.375000000000000000e-01 3.358000183105468750e+01 3.173699951171875000e+01 3.590399932861328125e+01
1.200000000000000000e+01 3.660714328289031982e-01 3.250500106811523438e+01 3.268000030517578125e+01 3.942599868774414062e+01
9.000000000000000000e+00 1.517857164144515991e-01 2.905299949645996094e+01 3.403099822998046875e+01 4.391299819946289062e+01
1.200000000000000000e+01 3.169642984867095947e-01 3.150200080871582031e+01 3.673899841308593750e+01 4.550899887084960938e+01
1.800000000000000000e+01 1.964285671710968018e-01 2.901099967956542969e+01 3.922600173950195312e+01 4.700000000000000000e+01
1.800000000000000000e+01 3.571428731083869934e-02 2.519799995422363281e+01 3.966299819946289062e+01 4.735699844360351562e+01
7.000000000000000000e+00 1.785714365541934967e-02 2.317900085449218750e+01 4.263399887084960938e+01 4.598400115966796875e+01
7.000000000000000000e+00 0.000000000000000000e+00 2.229999923706054688e+01 4.377899932861328125e+01 4.959299850463867188e+01
7.000000000000000000e+00 2.232142910361289978e-02 2.599399948120117188e+01 4.327700042724609375e+01 5.085499954223632812e+01
1.500000000000000000e+01 1.339285671710968018e-01 2.768700027465820312e+01 4.500099945068359375e+01 4.797499847412109375e+01
2.200000000000000000e+01 1.026785746216773987e-01 2.765699958801269531e+01 4.864400100708007812e+01 4.922499847412109375e+01
7.000000000000000000e+00 1.473214328289031982e-01 2.915900039672851562e+01 5.198899841308593750e+01 4.786700057983398438e+01
9.000000000000000000e+00 3.214285671710968018e-01 3.295899963378906250e+01 5.236600112915039062e+01 4.813000106811523438e+01
1.100000000000000000e+01 6.071428656578063965e-01 3.634999847412109375e+01 5.173099899291992188e+01 4.647399902343750000e+01
2.000000000000000000e+01 7.321428656578063965e-01 3.728300094604492188e+01 4.817100143432617188e+01 4.531200027465820312e+01
1.300000000000000000e+01 8.705357313156127930e-01 4.000799942016601562e+01 4.590800094604492188e+01 4.383000183105468750e+01
2.200000000000000000e+01 9.196428656578063965e-01 4.018700027465820312e+01 4.244800186157226562e+01 4.230599975585937500e+01
7.000000000000000000e+00 9.330357313156127930e-01 4.346300125122070312e+01 4.059999847412109375e+01 4.293299865722656250e+01
1.100000000000000000e+01 9.241071343421936035e-01 4.390800094604492188e+01 3.735599899291992188e+01 4.090399932861328125e+01
3.000000000000000000e+00 8.303571343421936035e-01 4.634500122070312500e+01 3.469200134277343750e+01 4.217399978637695312e+01
1.800000000000000000e+01 8.437500000000000000e-01 4.774499893188476562e+01 3.392100143432617188e+01 3.872900009155273438e+01
1.300000000000000000e+01 7.633928656578063965e-01 5.142100143432617188e+01 3.274800109863281250e+01 3.920000076293945312e+01
1.700000000000000000e+01 6.250000000000000000e-01 4.999800109863281250e+01 2.978599929809570312e+01 4.108399963378906250e+01
2.000000000000000000e+01 5.982142686843872070e-01 4.813199996948242188e+01 2.865200042724609375e+01 3.782899856567382812e+01
1.900000000000000000e+01 5.892857313156127930e-01 5.114899826049804688e+01 2.890800094604492188e+01 3.551699829101562500e+01
1.300000000000000000e+01 4.598214328289031982e-01 5.378699874877929688e+01 2.749600028991699219e+01 3.791500091552734375e+01
0.000000000000000000e+00 2.544642984867095947e-01 5.156000137329101562e+01 2.430900001525878906e+01 3.827999877929687500e+01
1.200000000000000000e+01 2.053571492433547974e-01 5.189899826049804688e+01 2.379500007629394531e+01 3.450500106811523438e+01
9.000000000000000000e+00 1.651785671710968018e-01 5.572399902343750000e+01 2.441699981689453125e+01 3.491299819946289062e+01
1.100000000000000000e+01 3.571428656578063965e-01 5.573899841308593750e+01 2.776000022888183594e+01 3.316400146484375000e+01
1.700000000000000000e+01 5.357142686843872070e-01 5.764099884033203125e+01 3.079599952697753906e+01 3.461800003051757812e+01
1.600000000000000000e+01 7.276785969734191895e-01 5.531800079345703125e+01 3.385800170898437500e+01 3.390499877929687500e+01
1.500000000000000000e+01 8.169642686843872070e-01 5.647100067138671875e+01 3.749900054931640625e+01 3.352000045776367188e+01
7.000000000000000000e+00 8.883928656578063965e-01 5.341199874877929688e+01 3.757099914550781250e+01 3.949200057983398438e+01
0.000000000000000000e+00 9.866071343421936035e-01 4.684600067138671875e+01 4.018399810791015625e+01 3.769499969482421875e+01
7.000000000000000000e+00 9.955357313156127930e-01 4.513100051879882812e+01 4.313199996948242188e+01 3.948799896240234375e+01
2.200000000000000000e+01 9.776785969734191895e-01 4.234999847412109375e+01 4.575799942016601562e+01 3.881299972534179688e+01
2.200000000000000000e+01 9.375000000000000000e-01 4.094499969482421875e+01 4.868000030517578125e+01 4.098600006103515625e+01
1.500000000000000000e+01 8.348214030265808105e-01 3.757899856567382812e+01 5.041199874877929688e+01 4.061000061035156250e+01
1.800000000000000000e+01 6.607142686843872070e-01 3.482699966430664062e+01 5.259700012207031250e+01 4.211800003051757812e+01
0.000000000000000000e+00 5.044642686843872070e-01 3.163400077819824219e+01 5.061100006103515625e+01 4.286199951171875000e+01
2.000000000000000000e+00 2.589285671710968018e-01 2.803499984741210938e+01 5.172399902343750000e+01 4.241899871826171875e+01
3.000000000000000000e+00 2.500000000000000000e-01 2.915699958801269531e+01 5.500400161743164062e+01 4.126399993896484375e+01
1.700000000000000000e+01 7.142857462167739868e-02 2.598800086975097656e+01 5.687799835205078125e+01 4.006800079345703125e+01
9.000000000000000000e+00 3.125000000000000000e-02 2.363299942016601562e+01 5.411399841308593750e+01 4.136299896240234375e+01
1.600000000000000000e+01 4.017857089638710022e-02 2.320700073242187500e+01 5.023500061035156250e+01 4.201200103759765625e+01
1.000000000000000000e+00 1.607142835855484009e-01 2.527899932861328125e+01 4.834299850463867188e+01 3.924900054931640625e+01
1.000000000000000000e+00 2.633928656578063965e-01 2.615699958801269531e+01 4.479700088500976562e+01 3.819200134277343750e+01
2.000000000000000000e+01 5.401785969734191895e-01 2.963400077819824219e+01 4.407099914550781250e+01 3.690399932861328125e+01
1.800000000000000000e+01 6.473214030265808105e-01 3.165999984741210938e+01 4.149700164794921875e+01 3.493799972534179688e+01
1.100000000000000000e+01 8.214285969734191895e-01 3.550099945068359375e+01 4.138499832153320312e+01 3.527700042724609375e+01
0.000000000000000000e+00 8.125000000000000000e-01 3.694800186157226562e+01 3.918600082397460938e+01 3.259600067138671875e+01
0.000000000000000000e+00 9.107142686843872070e-01 4.074499893188476562e+01 3.841099929809570312e+01 3.287799835205078125e+01
1.200000000000000000e+01 8.616071343421936035e-01 4.288600158691406250e+01 3.674700164794921875e+01 3.014100074768066406e+01
1.200000000000000000e+01 8.571428656578063965e-01 4.640100097656250000e+01 3.525400161743164062e+01 3.094899940490722656e+01
1.700000000000000000e+01 7.723214030265808105e-01 4.957799911499023438e+01 3.439300155639648438e+01 2.892300033569335938e+01
1.600000000000000000e+01 7.187500000000000000e-01 5.318500137329101562e+01 3.380799865722656250e+01 3.009900093078613281e+01
2.000000000000000000e+01 7.991071343421936035e-01 5.436899948120117188e+01 3.732699966430664062e+01 2.919599914550781250e+01
1.700000000000000000e+01 9.151785969734191895e-01 5.091099929809570312e+01 3.912500000000000000e+01 2.933600044250488281e+01
2.000000000000000000e+01 9.687500000000000000e-01 4.786199951171875000e+01 3.987599945068359375e+01 3.153000068664550781e+01
1.700000000000000000e+01 9.553571343421936035e-01 4.455599975585937500e+01 4.140900039672851562e+01 3.041099929809570312e+01
1.800000000000000000e+01 9.598214030265808105e-01 4.156499862670898438e+01 4.261999893188476562e+01 3.245600128173828125e+01
1.800000000000000000e+01 8.839285969734191895e-01 3.839300155639648438e+01 4.386000061035156250e+01 3.065600013732910156e+01
0.000000000000000000e+00 8.080357313156127930e-01 3.534899902343750000e+01 4.521500015258789062e+01 3.255300140380859375e+01
2.200000000000000000e+01 6.116071343421936035e-01 3.147400093078613281e+01 4.546099853515625000e+01 3.160899925231933594e+01
2.200000000000000000e+01 4.821428656578063965e-01 2.931699943542480469e+01 4.775999832153320312e+01 3.383900070190429688e+01
1.800000000000000000e+01 2.098214328289031982e-01 2.565699958801269531e+01 4.716299819946289062e+01 3.356100082397460938e+01
2.000000000000000000e+00 4.910714179277420044e-02 2.238199996948242188e+01 4.826499938964843750e+01 3.505599975585937500e+01
1.600000000000000000e+01 1.339285727590322495e-02 2.057799911499023438e+01 4.585499954223632812e+01 3.736600112915039062e+01
5.000000000000000000e+00 1.116071417927742004e-01 6.795099639892578125e+01 4.951300048828125000e+01 2.640200042724609375e+01
1.600000000000000000e+01 2.142857164144515991e-01 6.774600219726562500e+01 4.719100189208984375e+01 2.953599929809570312e+01
1.200000000000000000e+01 4.776785671710968018e-01 6.411799621582031250e+01 4.805400085449218750e+01 3.031800079345703125e+01
1.400000000000000000e+01 5.089285969734191895e-01 6.201399993896484375e+01 5.014199829101562500e+01 2.776899909973144531e+01
2.200000000000000000e+01 6.964285969734191895e-01 5.823600006103515625e+01 5.084899902343750000e+01 2.800600051879882812e+01
1.300000000000000000e+01 6.651785969734191895e-01 5.580899810791015625e+01 5.164199829101562500e+01 2.508799934387207031e+01
2.200000000000000000e+01 7.366071343421936035e-01 5.222299957275390625e+01 5.297700119018554688e+01 2.604599952697753906e+01
1.200000000000000000e+01 6.830357313156127930e-01 4.942300033569335938e+01 5.301800155639648438e+01 2.347599983215332031e+01
3.000000000000000000e+00 6.428571343421936035e-01 4.600799942016601562e+01 5.463600158691406250e+01 2.337299919128417969e+01
0.000000000000000000e+00 5.758928656578063965e-01 4.268899917602539062e+01 5.320800018310546875e+01 2.216500091552734375e+01
2.200000000000000000e+01 3.705357015132904053e-01 4.060599899291992188e+01 5.645299911499023438e+01 2.195199966430664062e+01
1.000000000000000000e+00 2.276785671710968018e-01 4.305199813842773438e+01 5.812900161743164062e+01 1.947299957275390625e+01
9.000000000000000000e+00 2.812500000000000000e-01 4.418299865722656250e+01 5.475299835205078125e+01 1.810700035095214844e+01
1.700000000000000000e+01 2.767857015132904053e-01 4.782899856567382812e+01 5.590299987792968750e+01 1.848900032043457031e+01
1.600000000000000000e+01 4.241071343421936035e-01 5.085699844360351562e+01 5.589699935913085938e+01 2.089100074768066406e+01
0.000000000000000000e+00 5.267857313156127930e-01 5.016500091552734375e+01 5.766600036621093750e+01 2.412000083923339844e+01
1.100000000000000000e+01 2.991071343421936035e-01 5.231499862670898438e+01 6.094499969482421875e+01 2.438199996948242188e+01
2.000000000000000000e+00 3.080357015132904053e-01 5.288600158691406250e+01 6.255699920654296875e+01 2.788100051879882812e+01
2.200000000000000000e+01 6.026785969734191895e-01 5.190900039672851562e+01 5.944499969482421875e+01 2.993600082397460938e+01
0.000000000000000000e+00 6.294642686843872070e-01 5.385200119018554688e+01 5.934899902343750000e+01 3.322299957275390625e+01
1.400000000000000000e+01 7.410714030265808105e-01 5.497700119018554688e+01 5.631700134277343750e+01 3.520199966430664062e+01
2.200000000000000000e+01 7.053571343421936035e-01 5.911899948120117188e+01 5.238700103759765625e+01 3.896799850463867188e+01
1.500000000000000000e+01 6.785714030265808105e-01 5.975000000000000000e+01 5.070199966430664062e+01 4.239400100708007812e+01
1.000000000000000000e+00 5.491071343421936035e-01 6.242800140380859375e+01 4.827000045776367188e+01 4.361999893188476562e+01
1.300000000000000000e+01 5.312500000000000000e-01 6.151599884033203125e+01 4.581900024414062500e+01 4.641899871826171875e+01
0.000000000000000000e+00 2.410714328289031982e-01 6.398199844360351562e+01 4.613399887084960938e+01 4.926399993896484375e+01
0.000000000000000000e+00 9.375000000000000000e-02 6.543000030517578125e+01 4.364699935913085938e+01 5.185200119018554688e+01
3.000000000000000000e+00 9.821428358554840088e-02 6.272999954223632812e+01 4.428699874877929688e+01 5.442200088500976562e+01
3.000000000000000000e+00 3.035714328289031982e-01 6.023500061035156250e+01 4.363800048828125000e+01 5.154199981689453125e+01
1.800000000000000000e+01 3.392857015132904053e-01 5.938700103759765625e+01 4.733499908447265625e+01 5.130699920654296875e+01
1.900000000000000000e+01 5.580357313156127930e-01 5.849399948120117188e+01 4.916600036621093750e+01 4.806299972534179688e+01
7.000000000000000000e+00 3.437500000000000000e-01 6.127000045776367188e+01 5.163000106811523438e+01 4.781499862670898438e+01
1.600000000000000000e+01 4.285714328289031982e-01 6.134899902343750000e+01 5.424499893188476562e+01 4.484299850463867188e+01
1.500000000000000000e+01 3.616071343421936035e-01 6.365299987792968750e+01 5.332699966430664062e+01 4.195600128173828125e+01
0.000000000000000000e+00 4.196428656578063965e-01 6.288399887084960938e+01 5.539500045776367188e+01 3.893600082397460938e+01
1.700000000000000000e+01 4.732142984867095947e-01 6.025600051879882812e+01 5.754000091552734375e+01 3.722600173950195312e+01
9.000000000000000000e+00 3.973214328289031982e-01 5.949499893188476562e+01 5.950699996948242188e+01 3.394400024414062500e+01
1.300000000000000000e+01 4.553571343421936035e-01 5.708499908447265625e+01 6.019499969482421875e+01 3.122999954223632812e+01
1.800000000000000000e+01 4.107142984867095947e-01 5.652099990844726562e+01 5.920500183105468750e+01 2.745000076293945312e+01
1.700000000000000000e+01 1.562500000000000000e-01 5.786100006103515625e+01 6.090299987792968750e+01 2.448399925231933594e+01
7.000000000000000000e+00 8.482142537832260132e-02 5.615100097656250000e+01 6.179999923706054688e+01 2.110499954223632812e+01
1.700000000000000000e+01 1.294642835855484009e-01 5.660699844360351562e+01 5.819100189208984375e+01 1.989500045776367188e+01
9.000000000000000000e+00 3.794642984867095947e-01 5.479700088500976562e+01 5.690399932861328125e+01 2.295899963378906250e+01
7.000000000000000000e+00 4.062500000000000000e-01 5.807199859619140625e+01 5.569400024414062500e+01 2.463699913024902344e+01
1.200000000000000000e+01 4.508928656578063965e-01 5.994800186157226562e+01 5.602999877929687500e+01 2.779000091552734375e+01
9.000000000000000000e+00 1.383928507566452026e-01 6.613300323486328125e+01 5.620500183105468750e+01 3.066300010681152344e+01
1.200000000000000000e+01 3.258928656578063965e-01 6.463500213623046875e+01 5.438800048828125000e+01 3.365299987792968750e+01
1.800000000000000000e+01 1.830357164144515991e-01 6.776399993896484375e+01 5.246099853515625000e+01 3.440000152587890625e+01
1.800000000000000000e+01 5.357142910361289978e-02 7.111299896240234375e+01 5.120700073242187500e+01 3.309400177001953125e+01
7.000000000000000000e+00 2.678571455180644989e-02 7.260500335693359375e+01 4.767599868774414062e+01 3.261999893188476562e+01
7.000000000000000000e+00 4.464285913854837418e-03 7.452200317382812500e+01 4.720999908447265625e+01 3.593199920654296875e+01
7.000000000000000000e+00 4.464285820722579956e-02 7.185299682617187500e+01 4.908499908447265625e+01 3.800299835205078125e+01
1.500000000000000000e+01 1.875000000000000000e-01 6.904100036621093750e+01 4.677000045776367188e+01 3.708399963378906250e+01
2.200000000000000000e+01 1.160714253783226013e-01 7.006800079345703125e+01 4.356700134277343750e+01 3.879899978637695312e+01
7.000000000000000000e+00 2.008928507566452026e-01 6.811599731445312500e+01 4.039699935913085938e+01 4.010599899291992188e+01
9.000000000000000000e+00 3.883928656578063965e-01 6.500099945068359375e+01 4.107600021362304688e+01 4.210800170898437500e+01
1.100000000000000000e+01 6.562500000000000000e-01 6.145100021362304688e+01 4.219800186157226562e+01 4.209099960327148438e+01
2.000000000000000000e+01 7.500000000000000000e-01 6.009199905395507812e+01 4.549800109863281250e+01 4.058700180053710938e+01
1.300000000000000000e+01 8.660714030265808105e-01 5.674800109863281250e+01 4.728799819946289062e+01 4.016600036621093750e+01
2.200000000000000000e+01 9.062500000000000000e-01 5.560800170898437500e+01 4.969200134277343750e+01 3.752999877929687500e+01
7.000000000000000000e+00 9.285714030265808105e-01 5.276300048828125000e+01 5.225000000000000000e+01 3.820299911499023438e+01
1.100000000000000000e+01 8.973214030265808105e-01 5.140100097656250000e+01 5.409199905395507812e+01 3.510699844360351562e+01
3.000000000000000000e+00 7.946428656578063965e-01 4.936000061035156250e+01 5.734400177001953125e+01 3.568399810791015625e+01
1.800000000000000000e+01 8.258928656578063965e-01 4.646799850463867188e+01 5.660400009155273438e+01 3.322900009155273438e+01
1.300000000000000000e+01 7.455357313156127930e-01 4.366999816894531250e+01 5.822399902343750000e+01 3.523400115966796875e+01
1.700000000000000000e+01 5.937500000000000000e-01 4.579999923706054688e+01 6.143399810791015625e+01 3.504800033569335938e+01
2.000000000000000000e+01 5.714285969734191895e-01 4.626900100708007812e+01 6.113499832153320312e+01 3.129700088500976562e+01
1.900000000000000000e+01 5.625000000000000000e-01 4.245500183105468750e+01 6.041099929809570312e+01 3.084000015258789062e+01
1.300000000000000000e+01 3.482142984867095947e-01 4.119400024414062500e+01 6.327600097656250000e+01 3.310100173950195312e+01
0.000000000000000000e+00 2.366071492433547974e-01 4.342900085449218750e+01 6.562899780273437500e+01 3.109499931335449219e+01
1.200000000000000000e+01 1.919642835855484009e-01 4.139099884033203125e+01 6.457499694824218750e+01 2.799099922180175781e+01
9.000000000000000000e+00 1.428571492433547974e-01 3.807099914550781250e+01 6.475800323486328125e+01 2.974799919128417969e+01
1.100000000000000000e+01 3.348214328289031982e-01 3.731100082397460938e+01 6.102299880981445312e+01 3.027000045776367188e+01
1.700000000000000000e+01 5.133928656578063965e-01 3.672299957275390625e+01 5.916999816894531250e+01 3.354100036621093750e+01
1.600000000000000000e+01 7.142857313156127930e-01 3.817800140380859375e+01 5.566899871826171875e+01 3.323899841308593750e+01
1.500000000000000000e+01 7.678571343421936035e-01 3.641699981689453125e+01 5.269400024414062500e+01 3.498500061035156250e+01
7.000000000000000000e+00 8.794642686843872070e-01 4.151499938964843750e+01 5.347200012207031250e+01 3.863499832153320312e+01
0.000000000000000000e+00 9.732142686843872070e-01 4.747499847412109375e+01 5.064400100708007812e+01 3.565100097656250000e+01
7.000000000000000000e+00 9.910714030265808105e-01 5.011199951171875000e+01 4.838800048828125000e+01 3.721500015258789062e+01
2.200000000000000000e+01 9.821428656578063965e-01 5.264300155639648438e+01 4.571400070190429688e+01 3.632899856567382812e+01
2.200000000000000000e+01 9.419642686843872070e-01 5.451100158691406250e+01 4.338899993896484375e+01 3.882500076293945312e+01
1.500000000000000000e+01 8.526785969734191895e-01 5.747700119018554688e+01 4.115599822998046875e+01 3.787200164794921875e+01
1.800000000000000000e+01 6.919642686843872070e-01 6.080400085449218750e+01 3.965800094604492188e+01 3.897499847412109375e+01
0.000000000000000000e+00 5.535714030265808105e-01 6.364599990844726562e+01 4.081800079345703125e+01 3.673699951171875000e+01
2.000000000000000000e+00 2.946428656578063965e-01 6.680999755859375000e+01 3.881299972534179688e+01 3.575999832153320312e+01
3.000000000000000000e+00 2.901785671710968018e-01 6.554900360107421875e+01 3.577399826049804688e+01 3.776900100708007812e+01
1.700000000000000000e+01 1.250000000000000000e-01 6.682499694824218750e+01 3.313299942016601562e+01 3.519699859619140625e+01
9.000000000000000000e+00 6.250000000000000000e-02 6.986599731445312500e+01 3.541199874877929688e+01 3.437099838256835938e+01
1.600000000000000000e+01 8.035714179277420044e-02 7.038300323486328125e+01 3.874000167846679688e+01 3.251499938964843750e+01
1.000000000000000000e+00 1.785714328289031982e-01 6.774400329589843750e+01 3.976100158691406250e+01 2.982500076293945312e+01
1.000000000000000000e+00 2.455357164144515991e-01 6.665200042724609375e+01 4.269200134277343750e+01 2.769899940490722656e+01
2.000000000000000000e+01 5.178571343421936035e-01 6.311100006103515625e+01 4.372200012207031250e+01 2.836800003051757812e+01
1.800000000000000000e+01 6.205357313156127930e-01 6.036100006103515625e+01 4.574200057983398438e+01 2.668099975585937500e+01
1.100000000000000000e+01 7.812500000000000000e-01 5.689500045776367188e+01 4.644100189208984375e+01 2.813400077819824219e+01
0.000000000000000000e+00 7.857142686843872070e-01 5.391600036621093750e+01 4.720600128173828125e+01 2.571400070190429688e+01
0.000000000000000000e+00 8.928571343421936035e-01 5.070600128173828125e+01 4.854199981689453125e+01 2.718799972534179688e+01
1.200000000000000000e+01 8.392857313156127930e-01 4.740900039672851562e+01 4.939199829101562500e+01 2.551499938964843750e+01
1.200000000000000000e+01 8.482142686843872070e-01 4.518199920654296875e+01 5.174399948120117188e+01 2.744400024414062500e+01
1.700000000000000000e+01 7.767857313156127930e-01 4.130899810791015625e+01 5.210300064086914062e+01 2.729500007629394531e+01
1.600000000000000000e+01 7.589285969734191895e-01 3.881999969482421875e+01 5.344300079345703125e+01 2.998800086975097656e+01
2.000000000000000000e+01 8.035714030265808105e-01 3.721599960327148438e+01 4.987200164794921875e+01 3.039100074768066406e+01
1.700000000000000000e+01 9.017857313156127930e-01 4.016299819946289062e+01 4.766699981689453125e+01 2.963500022888183594e+01
2.000000000000000000e+01 9.642857313156127930e-01 4.378699874877929688e+01 4.742300033569335938e+01 3.047599983215332031e+01
1.700000000000000000e+01 9.508928656578063965e-01 4.610400009155273438e+01 4.511299896240234375e+01 2.850799942016601562e+01
1.800000000000000000e+01 9.464285969734191895e-01 4.980500030517578125e+01 4.464699935913085938e+01 2.876399993896484375e+01
1.800000000000000000e+01 8.750000000000000000e-01 5.246500015258789062e+01 4.230199813842773438e+01 2.742700004577636719e+01
0.000000000000000000e+00 7.901785969734191895e-01 5.626699829101562500e+01 4.183200073242187500e+01 2.799699974060058594e+01
2.200000000000000000e+01 6.160714030265808105e-01 5.843199920654296875e+01 4.143600082397460938e+01 2.493300056457519531e+01
2.200000000000000000e+01 4.687500000000000000e-01 6.170999908447265625e+01 3.989699935913085938e+01 2.587400054931640625e+01
1.800000000000000000e+01 1.741071492433547974e-01 6.514399719238281250e+01 3.928799819946289062e+01 2.441500091552734375e+01
2.000000000000000000e+00 6.696428358554840088e-02 6.833799743652343750e+01 3.779899978637695312e+01 2.573399925231933594e+01
1.600000000000000000e+01 8.928571827709674835e-03 7.152799987792968750e+01 3.989099884033203125e+01 2.593199920654296875e+01
