1 1 14 0 0.017964071856287345 0 0 51.965 52.259 30.766
1 2 18 0 0.11976047904191622 0 0 51.086 49.122 32.654
1 3 7 0 0.29940119760479034 0 0 49.362 46.296 30.789
1 4 20 0 0.5748502994011976 0 0 47.510 43.646 32.720
1 5 13 0 0.7425149700598803 0 0 46.323 40.353 31.372
1 6 12 0 0.9161676646706587 0 0 42.856 39.855 32.786
1 7 22 0 0.9580838323353293 0 0 41.372 36.504 31.890
1 8 22 0 0.9880239520958084 0 0 37.716 35.682 32.133
1 9 22 0 0.9760479041916168 0 0 37.180 32.028 32.897
1 10 9 0 0.9341317365269461 0 0 33.740 30.578 32.719
1 11 0 0 0.7964071856287425 0 0 31.091 28.137 31.520
1 12 9 0 0.5988023952095809 0 0 28.534 28.357 28.825
1 13 9 0 0.5508982035928144 0 0 25.654 30.763 29.497
1 14 22 0 0.8143712574850299 0 0 27.135 32.701 32.358
1 15 9 0 0.8323353293413174 0 0 28.000 35.964 30.579
1 16 13 0 0.9281437125748503 0 0 31.716 35.544 30.274
1 17 17 0 0.844311377245509 0 0 31.856 37.872 27.302
1 18 0 0 0.8083832335329342 0 0 29.055 39.981 28.722
1 19 12 0 0.8982035928143712 0 0 31.242 41.588 31.361
1 20 18 0 0.874251497005988 0 0 34.018 42.282 28.872
1 21 11 0 0.6407185628742516 0 0 31.466 43.878 26.622
1 22 6 0 0.592814371257485 0 0 30.200 46.217 29.296
1 23 12 0 0.6826347305389222 0 0 33.739 47.120 30.328
1 24 11 0 0.5209580838323353 0 0 35.391 47.577 26.966
1 25 6 0 0.32335329341317365 0 0 32.630 48.218 24.413
1 26 2 0 0.26347305389221565 0 0 30.572 50.419 26.726
1 27 10 0 0.15568862275449102 0 0 27.309 49.082 25.211
1 28 15 0 0.21556886227544902 0 0 25.439 45.825 24.877
1 29 22 0 0.17964071856287422 0 0 26.088 43.428 22.008
1 30 3 0 0.08982035928143717 0 0 23.518 40.879 20.934
1 31 7 0 0.0718562874251496 0 0 25.373 38.839 18.291
1 32 20 0 0.19760479041916168 0 0 27.902 36.417 19.411
1 33 3 0 0.2335329341317366 0 0 31.479 36.259 18.320
1 34 16 0 0.3293413173652695 0 0 33.670 33.388 19.326
1 35 18 0 0.4850299401197605 0 0 36.582 35.544 20.414
1 36 11 0 0.27544910179640725 0 0 39.350 33.575 18.757
1 37 7 0 0.14371257485029942 0 0 41.483 36.206 17.109
1 38 3 0 0.281437125748503 0 0 40.182 39.175 19.018
1 39 17 0 0.4610778443113772 0 0 41.555 41.192 21.908
1 40 20 0 0.562874251497006 0 0 39.531 43.353 24.143
1 41 1 0 0.49101796407185627 0 0 41.126 46.319 25.779
1 42 13 0 0.3413173652694611 0 0 40.779 49.893 26.871
1 43 6 0 0.20359281437125742 0 0 42.688 52.238 29.083
1 44 22 0 0.2574850299401197 0 0 41.359 53.022 32.582
1 45 22 0 0.13173652694610782 0 0 42.724 54.780 35.574
1 46 11 0 0.221556886227545 0 0 42.923 52.684 38.736
1 47 3 0 0.06586826347305386 0 0 43.267 54.630 41.961
1 48 9 0 0.0 0 0 45.366 57.378 40.394
1 49 7 0 0.03592814371257491 0 0 47.337 54.944 38.200
1 50 18 0 0.059880239520958 0 0 46.513 54.631 34.528
1 51 5 0 0.24550898203592808 0 0 46.224 50.980 33.570
1 52 12 0 0.31137724550898194 0 0 45.799 49.329 30.184
1 53 12 0 0.6167664670658684 0 0 43.527 46.337 30.648
1 54 3 0 0.6766467065868262 0 0 43.822 43.444 28.333
1 55 11 0 0.8502994011976048 0 0 40.735 41.328 28.683
1 56 12 0 0.8622754491017964 0 0 41.150 37.703 27.536
1 57 3 0 0.8802395209580838 0 0 38.328 35.304 26.767
1 58 18 0 0.8562874251497006 0 0 38.828 31.701 27.707
1 59 0 0 0.658682634730539 0 0 37.580 28.857 25.637
1 60 9 0 0.4491017964071856 0 0 38.149 25.110 25.159
1 61 6 0 0.28742514970059885 0 0 37.163 21.898 26.882
1 62 7 0 0.10179640718562877 0 0 39.787 19.696 25.163
1 63 7 0 0.053892215568862256 0 0 43.169 18.632 26.533
1 64 20 0 0.0059880239520957446 0 0 44.767 18.362 23.081
1 65 17 0 0.02395209580838331 0 0 45.906 21.445 21.262
1 66 0 0 0.13772455089820357 0 0 44.233 23.519 23.919
1 67 14 0 0.33532934131736525 0 0 43.332 27.189 23.444
1 68 1 0 0.5449101796407185 0 0 42.124 26.959 27.053
1 69 3 0 0.44311377245508976 0 0 45.677 26.378 28.180
1 70 6 0 0.3892215568862275 0 0 47.129 29.071 25.935
1 71 20 0 0.6467065868263473 0 0 44.743 31.653 27.373
1 72 14 0 0.7125748502994012 0 0 45.666 30.591 30.915
1 73 1 0 0.4730538922155688 0 0 49.444 30.763 30.182
1 74 18 0 0.5389221556886228 0 0 48.896 34.346 29.304
1 75 9 0 0.7844311377245509 0 0 46.715 35.158 32.230
1 76 7 0 0.718562874251497 0 0 48.066 37.421 34.917
1 77 9 0 0.8862275449101796 0 0 44.935 37.240 36.925
1 78 15 0 0.9640718562874252 0 0 41.767 35.262 36.338
1 79 12 0 0.9940119760479041 0 0 38.190 36.446 36.690
1 80 5 0 0.9820359281437125 0 0 36.195 33.278 37.265
1 81 22 0 0.9700598802395209 0 0 32.466 33.339 36.447
1 82 15 0 0.8682634730538922 0 0 29.518 31.315 37.698
1 83 0 0 0.7065868263473054 0 0 25.866 32.198 37.252
1 84 11 0 0.5029940119760479 0 0 23.912 32.353 40.430
1 85 2 0 0.2694610778443114 0 0 21.174 30.022 39.249
1 86 2 0 0.37125748502994016 0 0 23.505 27.454 37.767
1 87 18 0 0.2934131736526946 0 0 25.260 25.032 40.039
1 88 13 0 0.3532934131736526 0 0 26.899 23.367 37.029
1 89 17 0 0.6287425149700598 0 0 28.976 26.415 36.492
1 90 15 0 0.5808383233532934 0 0 29.507 26.505 40.309
1 91 7 0 0.40718562874251496 0 0 30.812 22.940 40.340
1 92 3 0 0.6047904191616766 0 0 32.966 24.086 37.410
1 93 11 0 0.7604790419161677 0 0 34.682 26.594 39.784
1 94 10 0 0.5089820359281436 0 0 36.682 23.768 41.473
1 95 10 0 0.4970059880239521 0 0 37.604 22.361 38.105
1 96 20 0 0.7485029940119761 0 0 38.725 25.631 36.726
1 97 1 0 0.6946107784431137 0 0 41.051 26.461 39.657
1 98 7 0 0.45508982035928147 0 0 42.534 23.074 39.140
1 99 6 0 0.5269461077844311 0 0 43.012 24.102 35.525
1 100 11 0 0.6706586826347305 0 0 44.592 27.298 36.556
1 101 13 0 0.437125748502994 0 0 46.827 25.619 39.069
1 102 1 0 0.23952095808383234 0 0 47.847 23.036 36.461
1 103 22 0 0.3652694610778443 0 0 48.735 25.774 33.995
1 104 13 0 0.34730538922155685 0 0 50.614 28.051 36.313
1 105 3 0 0.11377245508982048 0 0 52.551 25.700 38.587
1 106 17 0 0.20958083832335328 0 0 51.019 27.724 41.394
1 107 7 0 0.39520958083832336 0 0 47.586 27.894 42.860
1 108 3 0 0.3772455089820359 0 0 48.529 31.226 44.449
1 109 22 0 0.6107784431137725 0 0 47.569 33.054 41.376
1 110 16 0 0.7724550898203593 0 0 45.656 36.299 41.426
1 111 14 0 0.9101796407185628 0 0 42.083 35.417 41.041
1 112 22 0 0.9461077844311377 0 0 38.609 36.891 41.521
1 113 12 0 0.9401197604790419 0 0 35.259 35.122 41.797
1 114 22 0 0.9520958083832335 0 0 32.365 36.560 40.032
1 115 9 0 0.8383233532934131 0 0 28.704 35.726 40.454
1 116 2 0 0.8203592814371258 0 0 26.446 36.779 37.574
1 117 13 0 0.5149700598802396 0 0 22.763 37.545 37.355
1 118 5 0 0.4011976047904191 0 0 22.181 38.752 40.884
1 119 3 0 0.14970059880239517 0 0 19.133 40.873 40.122
1 120 12 0 0.08383233532934131 0 0 17.160 37.610 39.472
1 121 16 0 0.0119760479041916 0 0 14.985 36.620 42.403
1 122 17 0 0.029940119760479056 0 0 15.940 32.975 42.521
1 123 1 0 0.12574850299401197 0 0 19.479 31.654 43.019
1 124 18 0 0.07784431137724557 0 0 20.293 27.933 43.459
1 125 22 0 0.22754491017964074 0 0 23.705 28.813 44.843
1 126 3 0 0.09580838323353291 0 0 23.310 29.820 48.473
1 127 18 0 0.16766467065868274 0 0 25.201 33.004 49.207
1 128 13 0 0.10778443113772451 0 0 27.273 31.411 51.988
1 129 6 0 0.16167664670658677 0 0 28.114 28.525 49.707
1 130 0 0 0.46706586826347307 0 0 29.667 31.128 47.474
1 131 6 0 0.35928143712574856 0 0 31.210 33.152 50.260
1 132 3 0 0.17365269461077848 0 0 32.672 30.019 51.913
1 133 12 0 0.4131736526946108 0 0 34.218 28.899 48.606
1 134 0 0 0.5688622754491017 0 0 35.598 32.281 47.950
1 135 1 0 0.3053892215568862 0 0 37.007 32.532 51.471
1 136 17 0 0.19161676646706582 0 0 38.444 29.026 51.604
1 137 20 0 0.4251497005988024 0 0 40.478 29.649 48.533
1 138 9 0 0.43113772455089827 0 0 41.011 33.201 49.634
1 139 11 0 0.688622754491018 0 0 39.690 35.226 46.725
1 140 16 0 0.7365269461077844 0 0 37.176 37.972 46.383
1 141 15 0 0.8023952095808383 0 0 33.697 37.460 45.389
1 142 11 0 0.7784431137724551 0 0 31.418 40.112 43.998
1 143 7 0 0.652694610778443 0 0 27.752 39.933 43.095
1 144 18 0 0.7544910179640718 0 0 27.456 41.139 39.476
1 145 17 0 0.5868263473053892 0 0 24.558 41.419 37.127
1 146 0 0 0.6646706586826348 0 0 25.616 41.699 33.504
1 147 13 0 0.38323353293413165 0 0 22.206 42.611 32.079
1 148 18 0 0.25149700598802394 0 0 21.599 45.450 34.538
1 149 1 0 0.41916167664670656 0 0 25.135 46.833 34.512
1 150 6 0 0.47904191616766467 0 0 25.782 46.344 38.146
1 151 9 0 0.6347305389221557 0 0 29.253 45.644 39.541
1 152 22 0 0.8263473053892215 0 0 31.034 44.818 36.372
1 153 3 0 0.7305389221556886 0 0 33.726 47.478 36.425
1 154 3 0 0.7005988023952096 0 0 34.677 46.928 40.061
1 155 0 0 0.9041916167664671 0 0 35.125 43.211 39.417
1 156 15 0 0.9221556886227544 0 0 37.834 43.672 36.845
1 157 20 0 0.7664670658682635 0 0 39.311 46.417 38.954
1 158 18 0 0.7904191616766467 0 0 39.503 44.137 41.961
1 159 12 0 0.8922155688622755 0 0 41.485 41.714 39.834
1 160 22 0 0.7245508982035929 0 0 44.050 44.354 38.935
1 161 1 0 0.5329341317365269 0 0 44.416 45.098 42.694
1 162 7 0 0.6227544910179641 0 0 45.095 41.369 43.272
1 163 11 0 0.5568862275449102 0 0 47.946 41.255 40.723
1 164 1 0 0.3173652694610779 0 0 49.169 44.557 42.185
1 165 13 0 0.18562874251497008 0 0 49.486 43.426 45.818
1 166 10 0 0.041916167664670656 0 0 52.938 42.566 47.038
1 167 13 0 0.04790419161676651 0 0 52.495 39.210 48.739
