5.000000000000000000e+00 1.071428582072257996e-01 2.535499954223632812e+01 3.816799926757812500e+01 4.242399978637695312e+01
1.600000000000000000e+01 2.232142835855484009e-01 2.650600051879882812e+01 4.172999954223632812e+01 4.131399917602539062e+01
1.200000000000000000e+01 5.000000000000000000e-01 3.025900077819824219e+01 4.086100006103515625e+01 4.046900177001953125e+01
1.400000000000000000e+01 5.401785969734191895e-01 3.114500045776367188e+01 3.811800003051757812e+01 3.815999984741210938e+01
2.200000000000000000e+01 7.053571343421936035e-01 3.479100036621093750e+01 3.729100036621093750e+01 3.738199996948242188e+01
1.300000000000000000e+01 6.785714030265808105e-01 3.577099990844726562e+01 3.513299942016601562e+01 3.433100128173828125e+01
2.200000000000000000e+01 7.366071343421936035e-01 3.937500000000000000e+01 3.380300140380859375e+01 3.392599868774414062e+01
1.200000000000000000e+01 6.830357313156127930e-01 4.057500076293945312e+01 3.267399978637695312e+01 3.043899917602539062e+01
3.000000000000000000e+00 6.383928656578063965e-01 4.375699996948242188e+01 3.095299911499023438e+01 2.933699989318847656e+01
0.000000000000000000e+00 5.803571343421936035e-01 4.544800186157226562e+01 3.193199920654296875e+01 2.595000076293945312e+01
2.200000000000000000e+01 3.794642984867095947e-01 4.773099899291992188e+01 2.885099983215332031e+01 2.553300094604492188e+01
1.000000000000000000e+00 2.187500000000000000e-01 4.495299911499023438e+01 2.628199958801269531e+01 2.551399993896484375e+01
9.000000000000000000e+00 2.723214328289031982e-01 4.224900054931640625e+01 2.875699996948242188e+01 2.403100013732910156e+01
1.700000000000000000e+01 2.857142984867095947e-01 3.963899993896484375e+01 2.834600067138671875e+01 2.665900039672851562e+01
1.600000000000000000e+01 4.241071343421936035e-01 3.833900070190429688e+01 2.908200073242187500e+01 3.029100036621093750e+01
0.000000000000000000e+00 5.267857313156127930e-01 4.083399963378906250e+01 2.876099967956542969e+01 3.320500183105468750e+01
1.100000000000000000e+01 3.169642984867095947e-01 3.946400070190429688e+01 2.658600044250488281e+01 3.594800186157226562e+01
2.000000000000000000e+00 3.526785671710968018e-01 4.004499816894531250e+01 2.716500091552734375e+01 3.968899917602539062e+01
2.200000000000000000e+01 6.428571343421936035e-01 4.199599838256835938e+01 3.034499931335449219e+01 3.922700119018554688e+01
0.000000000000000000e+00 6.607142686843872070e-01 4.199800109863281250e+01 3.195700073242187500e+01 4.267100143432617188e+01
1.400000000000000000e+01 7.589285969734191895e-01 4.128300094604492188e+01 3.555199813842773438e+01 4.356600189208984375e+01
2.200000000000000000e+01 7.187500000000000000e-01 3.869400024414062500e+01 4.127700042724609375e+01 4.663899993896484375e+01
1.500000000000000000e+01 6.919642686843872070e-01 3.969200134277343750e+01 4.403699874877929688e+01 4.897100067138671875e+01
1.000000000000000000e+00 5.848214030265808105e-01 3.802899932861328125e+01 4.744499969482421875e+01 4.968399810791015625e+01
1.300000000000000000e+01 4.910714328289031982e-01 3.919900131225585938e+01 5.070899963378906250e+01 5.116899871826171875e+01
0.000000000000000000e+00 2.098214328289031982e-01 3.856700134277343750e+01 5.120100021362304688e+01 5.493899917602539062e+01
0.000000000000000000e+00 7.142857462167739868e-02 3.821599960327148438e+01 5.463600158691406250e+01 5.677099990844726562e+01
3.000000000000000000e+00 8.928571641445159912e-02 4.195100021362304688e+01 5.491699981689453125e+01 5.757699966430664062e+01
3.000000000000000000e+00 2.901785671710968018e-01 4.293600082397460938e+01 5.422299957275390625e+01 5.383300018310546875e+01
1.800000000000000000e+01 3.616071343421936035e-01 4.405300140380859375e+01 5.049800109863281250e+01 5.446799850463867188e+01
1.900000000000000000e+01 5.625000000000000000e-01 4.287500000000000000e+01 4.763899993896484375e+01 5.222200012207031250e+01
7.000000000000000000e+00 3.705357015132904053e-01 4.029999923706054688e+01 4.554499816894531250e+01 5.421300125122070312e+01
1.600000000000000000e+01 4.464285671710968018e-01 3.915599822998046875e+01 4.204299926757812500e+01 5.295899963378906250e+01
1.500000000000000000e+01 3.750000000000000000e-01 3.562799835205078125e+01 4.177000045776367188e+01 5.124100112915039062e+01
0.000000000000000000e+00 4.508928656578063965e-01 3.545299911499023438e+01 3.841600036621093750e+01 4.936500167846679688e+01
1.700000000000000000e+01 5.178571343421936035e-01 3.769200134277343750e+01 3.562799835205078125e+01 4.787699890136718750e+01
9.000000000000000000e+00 4.598214328289031982e-01 3.723899841308593750e+01 3.250299835205078125e+01 4.585800170898437500e+01
1.300000000000000000e+01 4.821428656578063965e-01 3.822299957275390625e+01 3.057099914550781250e+01 4.275400161743164062e+01
1.800000000000000000e+01 4.687500000000000000e-01 3.675199890136718750e+01 3.000900077819824219e+01 3.920299911499023438e+01
1.700000000000000000e+01 1.830357164144515991e-01 3.381800079345703125e+01 2.761599922180175781e+01 3.872100067138671875e+01
7.000000000000000000e+00 6.250000000000000000e-02 3.315200042724609375e+01 2.461199951171875000e+01 3.640399932861328125e+01
1.700000000000000000e+01 1.160714253783226013e-01 3.213499832153320312e+01 2.694300079345703125e+01 3.342800140380859375e+01
9.000000000000000000e+00 3.258928656578063965e-01 3.517800140380859375e+01 2.920999908447265625e+01 3.438700103759765625e+01
7.000000000000000000e+00 4.375000000000000000e-01 3.320500183105468750e+01 3.202899932861328125e+01 3.585800170898437500e+01
1.200000000000000000e+01 4.062500000000000000e-01 3.253300094604492188e+01 3.298099899291992188e+01 3.955099868774414062e+01
9.000000000000000000e+00 1.741071492433547974e-01 3.028300094604492188e+01 3.327399826049804688e+01 4.466299819946289062e+01
1.200000000000000000e+01 2.991071343421936035e-01 3.173299980163574219e+01 3.640599822998046875e+01 4.609199905395507812e+01
1.800000000000000000e+01 1.562500000000000000e-01 2.879899978637695312e+01 3.851100158691406250e+01 4.733800125122070312e+01
1.800000000000000000e+01 3.571428731083869934e-02 2.502899932861328125e+01 3.925400161743164062e+01 4.761999893188476562e+01
7.000000000000000000e+00 1.785714365541934967e-02 2.313699913024902344e+01 4.228499984741210938e+01 4.614199829101562500e+01
7.000000000000000000e+00 0.000000000000000000e+00 2.246400070190429688e+01 4.335599899291992188e+01 4.969800186157226562e+01
7.000000000000000000e+00 3.125000000000000000e-02 2.606599998474121094e+01 4.315999984741210938e+01 5.080300140380859375e+01
1.500000000000000000e+01 1.383928507566452026e-01 2.742799949645996094e+01 4.489400100708007812e+01 4.771699905395507812e+01
2.200000000000000000e+01 1.205357164144515991e-01 2.766300010681152344e+01 4.846900177001953125e+01 4.886199951171875000e+01
7.000000000000000000e+00 1.696428507566452026e-01 2.954800033569335938e+01 5.173699951171875000e+01 4.790599822998046875e+01
9.000000000000000000e+00 3.392857015132904053e-01 3.333800125122070312e+01 5.195800018310546875e+01 4.813299942016601562e+01
1.100000000000000000e+01 6.339285969734191895e-01 3.666699981689453125e+01 5.164899826049804688e+01 4.618299865722656250e+01
2.000000000000000000e+01 7.321428656578063965e-01 3.750899887084960938e+01 4.799200057983398438e+01 4.547900009155273438e+01
1.300000000000000000e+01 8.794642686843872070e-01 4.003799819946289062e+01 4.587900161743164062e+01 4.368500137329101562e+01
2.200000000000000000e+01 9.196428656578063965e-01 4.044599914550781250e+01 4.226100158691406250e+01 4.254499816894531250e+01
7.000000000000000000e+00 9.330357313156127930e-01 4.384199905395507812e+01 4.056800079345703125e+01 4.283300018310546875e+01
1.100000000000000000e+01 9.285714030265808105e-01 4.404999923706054688e+01 3.736500167846679688e+01 4.080199813842773438e+01
3.000000000000000000e+00 8.303571343421936035e-01 4.651900100708007812e+01 3.458000183105468750e+01 4.144800186157226562e+01
1.800000000000000000e+01 8.616071343421936035e-01 4.791799926757812500e+01 3.421099853515625000e+01 3.792100143432617188e+01
1.300000000000000000e+01 7.723214030265808105e-01 5.147499847412109375e+01 3.297800064086914062e+01 3.866099929809570312e+01
1.700000000000000000e+01 6.294642686843872070e-01 5.019900131225585938e+01 2.984399986267089844e+01 4.056999969482421875e+01
2.000000000000000000e+01 5.982142686843872070e-01 4.802999877929687500e+01 2.872800064086914062e+01 3.763800048828125000e+01
1.900000000000000000e+01 5.714285969734191895e-01 5.111700057983398438e+01 2.869300079345703125e+01 3.544300079345703125e+01
1.300000000000000000e+01 4.553571343421936035e-01 5.340499877929687500e+01 2.738299942016601562e+01 3.818600082397460938e+01
0.000000000000000000e+00 2.544642984867095947e-01 5.124800109863281250e+01 2.422699928283691406e+01 3.862900161743164062e+01
1.200000000000000000e+01 2.276785671710968018e-01 5.131600189208984375e+01 2.388100051879882812e+01 3.480400085449218750e+01
9.000000000000000000e+00 1.428571492433547974e-01 5.520999908447265625e+01 2.384199905395507812e+01 3.486999893188476562e+01
1.100000000000000000e+01 3.437500000000000000e-01 5.540499877929687500e+01 2.738599967956542969e+01 3.346799850463867188e+01
1.700000000000000000e+01 5.223214030265808105e-01 5.723099899291992188e+01 3.040299987792968750e+01 3.490499877929687500e+01
1.600000000000000000e+01 7.098214030265808105e-01 5.562599945068359375e+01 3.368999862670898438e+01 3.369300079345703125e+01
1.500000000000000000e+01 8.169642686843872070e-01 5.645500183105468750e+01 3.736999893188476562e+01 3.362799835205078125e+01
7.000000000000000000e+00 9.151785969734191895e-01 5.344100189208984375e+01 3.827500152587890625e+01 3.931299972534179688e+01
0.000000000000000000e+00 9.910714030265808105e-01 4.672100067138671875e+01 4.056999969482421875e+01 3.742499923706054688e+01
7.000000000000000000e+00 9.955357313156127930e-01 4.476599884033203125e+01 4.324599838256835938e+01 3.927799987792968750e+01
2.200000000000000000e+01 9.732142686843872070e-01 4.186500167846679688e+01 4.575600051879882812e+01 3.854499816894531250e+01
2.200000000000000000e+01 9.375000000000000000e-01 4.090100097656250000e+01 4.868799972534179688e+01 4.082300186157226562e+01
1.500000000000000000e+01 8.258928656578063965e-01 3.738899993896484375e+01 5.028499984741210938e+01 4.049700164794921875e+01
1.800000000000000000e+01 6.517857313156127930e-01 3.505899810791015625e+01 5.296400070190429688e+01 4.200699996948242188e+01
0.000000000000000000e+00 5.312500000000000000e-01 3.187700080871582031e+01 5.095700073242187500e+01 4.237900161743164062e+01
2.000000000000000000e+00 2.500000000000000000e-01 2.821899986267089844e+01 5.195299911499023438e+01 4.294100189208984375e+01
3.000000000000000000e+00 1.785714328289031982e-01 2.898500061035156250e+01 5.569800186157226562e+01 4.288000106811523438e+01
1.700000000000000000e+01 7.589285820722579956e-02 2.614299964904785156e+01 5.679499816894531250e+01 4.039199829101562500e+01
9.000000000000000000e+00 2.678571455180644989e-02 2.357099914550781250e+01 5.425199890136718750e+01 4.161299896240234375e+01
1.600000000000000000e+01 5.357142910361289978e-02 2.367300033569335938e+01 5.048699951171875000e+01 4.195500183105468750e+01
1.000000000000000000e+00 1.651785671710968018e-01 2.539800071716308594e+01 4.849100112915039062e+01 3.934299850463867188e+01
1.000000000000000000e+00 2.812500000000000000e-01 2.665800094604492188e+01 4.499100112915039062e+01 3.853599929809570312e+01
2.000000000000000000e+01 5.446428656578063965e-01 2.991900062561035156e+01 4.421599960327148438e+01 3.660800170898437500e+01
1.800000000000000000e+01 5.937500000000000000e-01 3.127099990844726562e+01 4.121300125122070312e+01 3.462500000000000000e+01
1.100000000000000000e+01 7.767857313156127930e-01 3.496400070190429688e+01 4.118199920654296875e+01 3.444499969482421875e+01
0.000000000000000000e+00 7.857142686843872070e-01 3.680400085449218750e+01 3.908000183105468750e+01 3.189999961853027344e+01
0.000000000000000000e+00 9.062500000000000000e-01 4.050899887084960938e+01 3.849599838256835938e+01 3.259899902343750000e+01
1.200000000000000000e+01 8.571428656578063965e-01 4.284600067138671875e+01 3.674100112915039062e+01 3.010099983215332031e+01
1.200000000000000000e+01 8.526785969734191895e-01 4.592599868774414062e+01 3.502999877929687500e+01 3.134399986267089844e+01
1.700000000000000000e+01 7.812500000000000000e-01 4.905199813842773438e+01 3.437200164794921875e+01 2.917300033569335938e+01
1.600000000000000000e+01 7.410714030265808105e-01 5.267599868774414062e+01 3.384999847412109375e+01 3.023500061035156250e+01
2.000000000000000000e+01 7.991071343421936035e-01 5.411600112915039062e+01 3.724200057983398438e+01 2.911700057983398438e+01
1.700000000000000000e+01 8.973214030265808105e-01 5.085499954223632812e+01 3.921900177001953125e+01 2.872999954223632812e+01
2.000000000000000000e+01 9.598214030265808105e-01 4.750099945068359375e+01 3.985900115966796875e+01 3.058099937438964844e+01
1.700000000000000000e+01 9.508928656578063965e-01 4.429999923706054688e+01 4.167800140380859375e+01 2.958499908447265625e+01
1.800000000000000000e+01 9.687500000000000000e-01 4.172499847412109375e+01 4.279399871826171875e+01 3.204299926757812500e+01
1.800000000000000000e+01 8.839285969734191895e-01 3.837300109863281250e+01 4.419499969482421875e+01 3.083900070190429688e+01
0.000000000000000000e+00 7.946428656578063965e-01 3.509000015258789062e+01 4.517599868774414062e+01 3.249900054931640625e+01
2.200000000000000000e+01 5.892857313156127930e-01 3.143099975585937500e+01 4.495600128173828125e+01 3.110499954223632812e+01
2.200000000000000000e+01 4.955357015132904053e-01 2.964800071716308594e+01 4.774499893188476562e+01 3.314500045776367188e+01
1.800000000000000000e+01 2.366071492433547974e-01 2.588999938964843750e+01 4.683499908447265625e+01 3.368399810791015625e+01
2.000000000000000000e+00 6.696428358554840088e-02 2.285199928283691406e+01 4.829499816894531250e+01 3.548300170898437500e+01
1.600000000000000000e+01 1.339285727590322495e-02 2.064699935913085938e+01 4.604600143432617188e+01 3.769200134277343750e+01
5.000000000000000000e+00 1.116071417927742004e-01 6.815499877929687500e+01 4.928499984741210938e+01 2.621100044250488281e+01
1.600000000000000000e+01 1.919642835855484009e-01 6.790200042724609375e+01 4.720600128173828125e+01 2.960899925231933594e+01
1.200000000000000000e+01 4.732142984867095947e-01 6.429900360107421875e+01 4.846099853515625000e+01 3.021400070190429688e+01
1.400000000000000000e+01 5.089285969734191895e-01 6.197499847412109375e+01 5.014099884033203125e+01 2.775300025939941406e+01
2.200000000000000000e+01 6.875000000000000000e-01 5.825799942016601562e+01 5.110800170898437500e+01 2.824799919128417969e+01
1.300000000000000000e+01 6.651785969734191895e-01 5.580500030517578125e+01 5.221599960327148438e+01 2.568700027465820312e+01
2.200000000000000000e+01 7.276785969734191895e-01 5.215900039672851562e+01 5.319599914550781250e+01 2.616099929809570312e+01
1.200000000000000000e+01 6.741071343421936035e-01 4.969800186157226562e+01 5.290599822998046875e+01 2.331200027465820312e+01
3.000000000000000000e+00 6.473214030265808105e-01 4.593899917602539062e+01 5.395800018310546875e+01 2.327899932861328125e+01
0.000000000000000000e+00 5.758928656578063965e-01 4.317200088500976562e+01 5.202299880981445312e+01 2.147900009155273438e+01
2.200000000000000000e+01 4.151785671710968018e-01 4.075899887084960938e+01 5.507500076293945312e+01 2.121999931335449219e+01
1.000000000000000000e+00 2.053571492433547974e-01 4.266299819946289062e+01 5.684099960327148438e+01 1.847400093078613281e+01
9.000000000000000000e+00 2.946428656578063965e-01 4.518700027465820312e+01 5.392499923706054688e+01 1.784399986267089844e+01
1.700000000000000000e+01 2.678571343421936035e-01 4.832500076293945312e+01 5.586999893188476562e+01 1.837999916076660156e+01
1.600000000000000000e+01 3.660714328289031982e-01 5.131000137329101562e+01 5.617699813842773438e+01 2.079199981689453125e+01
0.000000000000000000e+00 5.044642686843872070e-01 5.024499893188476562e+01 5.781100082397460938e+01 2.411800003051757812e+01
1.100000000000000000e+01 3.125000000000000000e-01 5.216899871826171875e+01 6.089099884033203125e+01 2.500000000000000000e+01
2.000000000000000000e+00 3.214285671710968018e-01 5.265599822998046875e+01 6.251599884033203125e+01 2.845400047302246094e+01
2.200000000000000000e+01 6.250000000000000000e-01 5.199599838256835938e+01 5.926499938964843750e+01 3.041200065612792969e+01
0.000000000000000000e+00 6.160714030265808105e-01 5.345999908447265625e+01 5.967599868774414062e+01 3.400500106811523438e+01
1.400000000000000000e+01 7.232142686843872070e-01 5.480300140380859375e+01 5.654000091552734375e+01 3.557799911499023438e+01
2.200000000000000000e+01 7.142857313156127930e-01 5.887500000000000000e+01 5.245100021362304688e+01 3.927899932861328125e+01
1.500000000000000000e+01 6.696428656578063965e-01 5.966099929809570312e+01 5.093600082397460938e+01 4.268999862670898438e+01
1.000000000000000000e+00 5.535714030265808105e-01 6.209000015258789062e+01 4.818600082397460938e+01 4.365900039672851562e+01
1.300000000000000000e+01 5.133928656578063965e-01 6.143299865722656250e+01 4.576599884033203125e+01 4.663899993896484375e+01
0.000000000000000000e+00 2.410714328289031982e-01 6.378099822998046875e+01 4.611600112915039062e+01 4.949000167846679688e+01
0.000000000000000000e+00 9.375000000000000000e-02 6.531999969482421875e+01 4.347399902343750000e+01 5.179700088500976562e+01
3.000000000000000000e+00 1.026785746216773987e-01 6.255099868774414062e+01 4.398300170898437500e+01 5.436000061035156250e+01
3.000000000000000000e+00 3.035714328289031982e-01 6.003200149536132812e+01 4.321599960327148438e+01 5.157899856567382812e+01
1.800000000000000000e+01 3.973214328289031982e-01 5.888000106811523438e+01 4.684999847412109375e+01 5.119900131225585938e+01
1.900000000000000000e+01 5.357142686843872070e-01 5.897499847412109375e+01 4.927399826049804688e+01 4.830899810791015625e+01
7.000000000000000000e+00 3.303571343421936035e-01 6.159000015258789062e+01 5.194699859619140625e+01 4.776599884033203125e+01
1.600000000000000000e+01 4.017857015132904053e-01 6.129499816894531250e+01 5.452299880981445312e+01 4.490900039672851562e+01
1.500000000000000000e+01 3.482142984867095947e-01 6.368199920654296875e+01 5.365800094604492188e+01 4.188399887084960938e+01
0.000000000000000000e+00 3.928571343421936035e-01 6.283599853515625000e+01 5.572499847412109375e+01 3.891699981689453125e+01
1.700000000000000000e+01 4.642857015132904053e-01 6.028599929809570312e+01 5.801800155639648438e+01 3.722299957275390625e+01
9.000000000000000000e+00 3.883928656578063965e-01 5.933300018310546875e+01 5.971799850463867188e+01 3.405099868774414062e+01
1.300000000000000000e+01 4.285714328289031982e-01 5.662699890136718750e+01 6.083900070190429688e+01 3.157200050354003906e+01
1.800000000000000000e+01 4.419642984867095947e-01 5.640599822998046875e+01 5.943299865722656250e+01 2.797699928283691406e+01
1.700000000000000000e+01 1.517857164144515991e-01 5.804399871826171875e+01 6.113600158691406250e+01 2.490099906921386719e+01
7.000000000000000000e+00 8.035714179277420044e-02 5.630099868774414062e+01 6.253300094604492188e+01 2.172500038146972656e+01
1.700000000000000000e+01 1.250000000000000000e-01 5.675199890136718750e+01 5.905099868774414062e+01 2.021500015258789062e+01
9.000000000000000000e+00 3.571428656578063965e-01 5.495800018310546875e+01 5.746900177001953125e+01 2.336199951171875000e+01
7.000000000000000000e+00 4.107142984867095947e-01 5.814799880981445312e+01 5.590700149536132812e+01 2.477700042724609375e+01
1.200000000000000000e+01 4.330357015132904053e-01 6.020600128173828125e+01 5.618000030517578125e+01 2.800099945068359375e+01
9.000000000000000000e+00 1.339285671710968018e-01 6.667299652099609375e+01 5.608300018310546875e+01 3.117499923706054688e+01
1.200000000000000000e+01 3.080357015132904053e-01 6.471099853515625000e+01 5.449000167846679688e+01 3.410900115966796875e+01
1.800000000000000000e+01 1.964285671710968018e-01 6.768800354003906250e+01 5.227199935913085938e+01 3.488899993896484375e+01
1.800000000000000000e+01 5.803571268916130066e-02 7.103500366210937500e+01 5.108700180053710938e+01 3.338999938964843750e+01
7.000000000000000000e+00 2.232142910361289978e-02 7.276999664306640625e+01 4.770700073242187500e+01 3.259799957275390625e+01
7.000000000000000000e+00 4.464285913854837418e-03 7.488700103759765625e+01 4.688899993896484375e+01 3.571300125122070312e+01
7.000000000000000000e+00 4.017857089638710022e-02 7.231300354003906250e+01 4.840100097656250000e+01 3.804999923706054688e+01
1.500000000000000000e+01 1.607142835855484009e-01 6.943000030517578125e+01 4.634000015258789062e+01 3.686000061035156250e+01
2.200000000000000000e+01 1.294642835855484009e-01 6.997299957275390625e+01 4.321699905395507812e+01 3.911100006103515625e+01
7.000000000000000000e+00 2.321428507566452026e-01 6.768299865722656250e+01 4.051699829101562500e+01 4.078400039672851562e+01
9.000000000000000000e+00 4.196428656578063965e-01 6.465000152587890625e+01 4.142800140380859375e+01 4.279499816894531250e+01
1.100000000000000000e+01 6.562500000000000000e-01 6.102700042724609375e+01 4.236199951171875000e+01 4.243199920654296875e+01
2.000000000000000000e+01 7.455357313156127930e-01 6.005400085449218750e+01 4.554899978637695312e+01 4.063100051879882812e+01
1.300000000000000000e+01 8.660714030265808105e-01 5.669400024414062500e+01 4.735800170898437500e+01 4.030500030517578125e+01
2.200000000000000000e+01 9.107142686843872070e-01 5.561100006103515625e+01 4.981700134277343750e+01 3.757699966430664062e+01
7.000000000000000000e+00 9.241071343421936035e-01 5.282300186157226562e+01 5.218500137329101562e+01 3.845700073242187500e+01
1.100000000000000000e+01 9.017857313156127930e-01 5.138199996948242188e+01 5.394300079345703125e+01 3.528799819946289062e+01
3.000000000000000000e+00 8.214285969734191895e-01 4.910900115966796875e+01 5.695000076293945312e+01 3.572100067138671875e+01
1.800000000000000000e+01 8.437500000000000000e-01 4.643799972534179688e+01 5.577399826049804688e+01 3.319699859619140625e+01
1.300000000000000000e+01 7.544642686843872070e-01 4.361600112915039062e+01 5.779100036621093750e+01 3.470299911499023438e+01
1.700000000000000000e+01 6.205357313156127930e-01 4.560599899291992188e+01 6.090999984741210938e+01 3.414599990844726562e+01
2.000000000000000000e+01 6.026785969734191895e-01 4.595299911499023438e+01 6.018999862670898438e+01 3.039399909973144531e+01
1.900000000000000000e+01 5.669642686843872070e-01 4.224300003051757812e+01 5.994100189208984375e+01 3.018700027465820312e+01
1.300000000000000000e+01 3.839285671710968018e-01 4.138000106811523438e+01 6.295700073242187500e+01 3.240900039672851562e+01
0.000000000000000000e+00 2.455357164144515991e-01 4.351200103759765625e+01 6.511299896240234375e+01 3.012500000000000000e+01
1.200000000000000000e+01 2.142857164144515991e-01 4.136199951171875000e+01 6.382699966430664062e+01 2.730800056457519531e+01
9.000000000000000000e+00 1.473214328289031982e-01 3.818500137329101562e+01 6.454000091552734375e+01 2.938100051879882812e+01
1.100000000000000000e+01 3.348214328289031982e-01 3.719800186157226562e+01 6.093799972534179688e+01 2.987500000000000000e+01
1.700000000000000000e+01 4.866071343421936035e-01 3.630199813842773438e+01 5.917200088500976562e+01 3.310400009155273438e+01
1.600000000000000000e+01 7.008928656578063965e-01 3.752399826049804688e+01 5.561999893188476562e+01 3.316999816894531250e+01
1.500000000000000000e+01 7.633928656578063965e-01 3.627600097656250000e+01 5.268999862670898438e+01 3.515700149536132812e+01
7.000000000000000000e+00 8.705357313156127930e-01 4.154100036621093750e+01 5.362099838256835938e+01 3.847800064086914062e+01
0.000000000000000000e+00 9.821428656578063965e-01 4.741999816894531250e+01 5.018999862670898438e+01 3.587300109863281250e+01
7.000000000000000000e+00 9.866071343421936035e-01 5.029299926757812500e+01 4.822900009155273438e+01 3.762300109863281250e+01
2.200000000000000000e+01 9.776785969734191895e-01 5.291400146484375000e+01 4.582300186157226562e+01 3.613999938964843750e+01
2.200000000000000000e+01 9.464285969734191895e-01 5.455400085449218750e+01 4.377000045776367188e+01 3.889300155639648438e+01
1.500000000000000000e+01 8.482142686843872070e-01 5.756600189208984375e+01 4.154999923706054688e+01 3.801100158691406250e+01
1.800000000000000000e+01 6.964285969734191895e-01 6.062200164794921875e+01 3.948300170898437500e+01 3.913399887084960938e+01
0.000000000000000000e+00 5.580357313156127930e-01 6.352600097656250000e+01 4.042100143432617188e+01 3.697800064086914062e+01
2.000000000000000000e+00 2.767857015132904053e-01 6.685099792480468750e+01 3.883100128173828125e+01 3.585499954223632812e+01
3.000000000000000000e+00 2.589285671710968018e-01 6.606099700927734375e+01 3.529499816894531250e+01 3.708000183105468750e+01
1.700000000000000000e+01 9.821428358554840088e-02 6.811499786376953125e+01 3.336600112915039062e+01 3.447100067138671875e+01
9.000000000000000000e+00 4.464285820722579956e-02 7.052899932861328125e+01 3.633499908447265625e+01 3.448300170898437500e+01
1.600000000000000000e+01 8.482142537832260132e-02 7.053500366210937500e+01 3.953499984741210938e+01 3.227899932861328125e+01
1.000000000000000000e+00 2.008928507566452026e-01 6.746099853515625000e+01 3.999399948120117188e+01 3.008499908447265625e+01
1.000000000000000000e+00 2.633928656578063965e-01 6.628299713134765625e+01 4.296400070190429688e+01 2.797999954223632812e+01
2.000000000000000000e+01 5.491071343421936035e-01 6.269599914550781250e+01 4.382899856567382812e+01 2.882999992370605469e+01
1.800000000000000000e+01 6.116071343421936035e-01 6.033300018310546875e+01 4.589199829101562500e+01 2.661899948120117188e+01
1.100000000000000000e+01 8.035714030265808105e-01 5.680799865722656250e+01 4.643799972534179688e+01 2.826300048828125000e+01
0.000000000000000000e+00 7.901785969734191895e-01 5.393799972534179688e+01 4.750400161743164062e+01 2.578700065612792969e+01
0.000000000000000000e+00 8.883928656578063965e-01 5.067499923706054688e+01 4.870000076293945312e+01 2.734300041198730469e+01
1.200000000000000000e+01 8.392857313156127930e-01 4.737400054931640625e+01 4.911399841308593750e+01 2.543499946594238281e+01
1.200000000000000000e+01 8.348214030265808105e-01 4.495000076293945312e+01 5.158499908447265625e+01 2.696400070190429688e+01
1.700000000000000000e+01 7.678571343421936035e-01 4.116600036621093750e+01 5.211199951171875000e+01 2.694000053405761719e+01
1.600000000000000000e+01 7.500000000000000000e-01 3.877299880981445312e+01 5.342200088500976562e+01 2.962800025939941406e+01
2.000000000000000000e+01 8.125000000000000000e-01 3.719200134277343750e+01 5.011700057983398438e+01 3.056999969482421875e+01
1.700000000000000000e+01 8.928571343421936035e-01 4.007899856567382812e+01 4.791999816894531250e+01 2.952799987792968750e+01
2.000000000000000000e+01 9.642857313156127930e-01 4.373400115966796875e+01 4.752500152587890625e+01 3.011400032043457031e+01
1.700000000000000000e+01 9.419642686843872070e-01 4.586399841308593750e+01 4.500299835205078125e+01 2.795100021362304688e+01
1.800000000000000000e+01 9.553571343421936035e-01 4.967300033569335938e+01 4.472200012207031250e+01 2.887400054931640625e+01
1.800000000000000000e+01 8.750000000000000000e-01 5.247200012207031250e+01 4.250699996948242188e+01 2.743199920654296875e+01
0.000000000000000000e+00 8.080357313156127930e-01 5.627999877929687500e+01 4.223699951171875000e+01 2.798800086975097656e+01
2.200000000000000000e+01 6.071428656578063965e-01 5.858000183105468750e+01 4.151800155639648438e+01 2.499699974060058594e+01
2.200000000000000000e+01 4.776785671710968018e-01 6.180899810791015625e+01 4.004800033569335938e+01 2.642300033569335938e+01
1.800000000000000000e+01 1.875000000000000000e-01 6.490000152587890625e+01 3.973600006103515625e+01 2.420499992370605469e+01
2.000000000000000000e+00 4.910714179277420044e-02 6.836000061035156250e+01 3.809799957275390625e+01 2.489900016784667969e+01
1.600000000000000000e+01 8.928571827709674835e-03 7.150700378417968750e+01 4.020999908447265625e+01 2.494000053405761719e+01
