1 1 14 0 0.017964071856287345 0 0 32.284 25.225 14.434
1 2 18 0 0.12574850299401197 0 0 31.252 27.687 17.077
1 3 7 0 0.3173652694610779 0 0 33.465 30.365 18.576
1 4 20 0 0.5748502994011976 0 0 32.723 31.248 22.151
1 5 13 0 0.7425149700598803 0 0 33.709 34.614 23.601
1 6 12 0 0.9161676646706587 0 0 34.657 33.916 27.196
1 7 22 0 0.9580838323353293 0 0 35.912 36.729 29.351
1 8 22 0 0.9880239520958084 0 0 37.672 36.182 32.635
1 9 22 0 0.9700598802395209 0 0 36.754 38.806 35.255
1 10 9 0 0.9281437125748503 0 0 37.764 39.506 38.838
1 11 0 0 0.7724550898203593 0 0 40.389 41.420 40.858
1 12 9 0 0.6407185628742516 0 0 44.180 41.115 40.637
1 13 9 0 0.5808383233532934 0 0 45.774 38.135 42.179
1 14 22 0 0.8203592814371258 0 0 42.887 35.743 41.696
1 15 9 0 0.844311377245509 0 0 44.603 33.698 39.062
1 16 13 0 0.9341317365269461 0 0 42.803 35.065 36.010
1 17 17 0 0.8383233532934131 0 0 45.699 34.356 33.761
1 18 0 0 0.7784431137724551 0 0 46.445 31.119 35.644
1 19 12 0 0.8922155688622755 0 0 43.239 29.435 34.719
1 20 18 0 0.8682634730538922 0 0 43.627 30.379 31.092
1 21 11 0 0.6167664670658684 0 0 47.263 29.250 30.804
1 22 6 0 0.562874251497006 0 0 46.576 25.906 32.441
1 23 12 0 0.6766467065868262 0 0 43.554 25.378 30.188
1 24 11 0 0.5389221556886228 0 0 45.138 26.347 26.898
1 25 6 0 0.281437125748503 0 0 48.895 25.835 26.970
1 26 2 0 0.2694610778443114 0 0 48.862 23.615 29.984
1 27 10 0 0.16766467065868274 0 0 51.621 25.260 31.965
1 28 15 0 0.3053892215568862 0 0 51.434 27.578 34.988
1 29 22 0 0.3772455089820359 0 0 51.922 31.214 34.383
1 30 3 0 0.15568862275449102 0 0 53.872 33.119 36.958
1 31 7 0 0.09580838323353291 0 0 55.232 36.151 35.153
1 32 20 0 0.17964071856287422 0 0 52.950 39.128 34.627
1 33 3 0 0.20958083832335328 0 0 51.882 40.355 31.180
1 34 16 0 0.3892215568862275 0 0 48.799 42.506 30.674
1 35 18 0 0.46706586826347307 0 0 47.601 40.231 27.846
1 36 11 0 0.33532934131736525 0 0 46.148 43.141 25.844
1 37 7 0 0.14371257485029942 0 0 46.773 41.989 22.319
1 38 3 0 0.25149700598802394 0 0 47.270 38.328 22.700
1 39 17 0 0.4131736526946108 0 0 45.056 35.353 21.751
1 40 20 0 0.5209580838323353 0 0 44.617 32.043 23.584
1 41 1 0 0.5029940119760479 0 0 42.307 29.458 22.174
1 42 13 0 0.37125748502994016 0 0 41.761 25.737 21.692
1 43 6 0 0.19760479041916168 0 0 39.154 23.252 20.558
1 44 22 0 0.2574850299401197 0 0 37.413 21.104 23.104
1 45 22 0 0.11976047904191622 0 0 34.599 18.585 22.865
1 46 11 0 0.22754491017964074 0 0 31.924 19.497 25.282
1 47 3 0 0.07784431137724557 0 0 28.951 17.243 25.852
1 48 9 0 0.0 0 0 29.439 15.440 22.576
1 49 7 0 0.029940119760479056 0 0 30.096 18.536 20.559
1 50 18 0 0.041916167664670656 0 0 33.108 20.445 19.321
1 51 5 0 0.221556886227545 0 0 33.648 24.088 20.251
1 52 12 0 0.40718562874251496 0 0 36.313 26.781 20.320
1 53 12 0 0.6706586826347305 0 0 37.223 28.678 23.474
1 54 3 0 0.6646706586826348 0 0 38.497 32.157 22.688
1 55 11 0 0.8562874251497006 0 0 39.538 33.796 25.828
1 56 12 0 0.8502994011976048 0 0 39.995 37.398 26.740
1 57 3 0 0.874251497005988 0 0 42.008 38.258 29.806
1 58 18 0 0.8323353293413174 0 0 41.307 41.374 31.709
1 59 0 0 0.6047904191616766 0 0 43.669 43.959 33.158
1 60 9 0 0.437125748502994 0 0 43.358 47.093 35.265
1 61 6 0 0.39520958083832336 0 0 40.837 48.589 37.625
1 62 7 0 0.3293413173652695 0 0 37.611 50.017 36.175
1 63 7 0 0.0718562874251496 0 0 37.802 53.542 34.900
1 64 20 0 0.04790419161676651 0 0 34.744 53.745 32.743
1 65 17 0 0.03592814371257491 0 0 36.243 54.320 29.319
1 66 0 0 0.02395209580838331 0 0 34.367 53.414 26.249
1 67 14 0 0.08383233532934131 0 0 37.039 51.026 25.125
1 68 1 0 0.32335329341317365 0 0 36.764 48.935 28.332
1 69 3 0 0.28742514970059885 0 0 33.147 48.710 27.508
1 70 6 0 0.18562874251497008 0 0 33.679 47.705 23.927
1 71 20 0 0.49101796407185627 0 0 35.985 45.078 25.346
1 72 14 0 0.6467065868263473 0 0 33.181 43.599 27.490
1 73 1 0 0.4491017964071856 0 0 30.712 43.758 24.650
1 74 18 0 0.5269461077844311 0 0 32.913 41.092 23.041
1 75 9 0 0.7604790419161677 0 0 31.853 38.753 25.836
1 76 7 0 0.7125748502994012 0 0 29.314 36.100 25.416
1 77 9 0 0.8982035928143712 0 0 30.478 34.453 28.675
1 78 15 0 0.9640718562874252 0 0 31.894 35.608 31.946
1 79 12 0 0.9940119760479041 0 0 34.255 33.704 34.226
1 80 5 0 0.9820359281437125 0 0 33.865 35.484 37.526
1 81 22 0 0.9760479041916168 0 0 36.897 34.482 39.658
1 82 15 0 0.8802395209580838 0 0 37.785 35.321 43.174
1 83 0 0 0.7065868263473054 0 0 40.489 33.928 45.450
1 84 11 0 0.5089820359281436 0 0 39.480 32.090 48.593
1 85 2 0 0.2934131736526946 0 0 42.424 33.810 50.303
1 86 2 0 0.38323353293413165 0 0 41.020 37.246 49.570
1 87 18 0 0.26347305389221565 0 0 37.813 38.719 50.841
1 88 13 0 0.34730538922155685 0 0 37.776 41.854 48.687
1 89 17 0 0.6227544910179641 0 0 37.983 39.702 45.624
1 90 15 0 0.6287425149700598 0 0 34.700 38.115 46.455
1 91 7 0 0.4730538922155688 0 0 33.302 41.516 47.184
1 92 3 0 0.6107784431137725 0 0 34.428 42.637 43.764
1 93 11 0 0.8023952095808383 0 0 32.154 39.964 42.149
1 94 10 0 0.5449101796407185 0 0 29.145 41.875 43.504
1 95 10 0 0.5149700598802396 0 0 30.501 44.828 41.662
1 96 20 0 0.7664670658682635 0 0 31.329 42.787 38.511
1 97 1 0 0.718562874251497 0 0 27.904 41.459 37.839
1 98 7 0 0.4610778443113772 0 0 26.368 44.989 37.603
1 99 6 0 0.5329341317365269 0 0 29.017 45.961 35.011
1 100 11 0 0.688622754491018 0 0 28.242 42.727 33.181
1 101 13 0 0.45508982035928147 0 0 24.614 43.629 33.246
1 102 1 0 0.21556886227544902 0 0 25.299 47.275 32.303
1 103 22 0 0.31137724550898194 0 0 27.343 46.726 29.101
1 104 13 0 0.35928143712574856 0 0 25.187 43.837 27.887
1 105 3 0 0.10179640718562877 0 0 21.861 45.573 28.605
1 106 17 0 0.13173652694610782 0 0 20.113 42.553 30.048
1 107 7 0 0.20359281437125742 0 0 19.886 40.966 33.505
1 108 3 0 0.3532934131736526 0 0 20.333 37.569 32.024
1 109 22 0 0.5988023952095809 0 0 23.954 37.263 31.250
1 110 16 0 0.7844311377245509 0 0 25.720 33.917 31.139
1 111 14 0 0.9101796407185628 0 0 28.219 33.762 33.952
1 112 22 0 0.9461077844311377 0 0 29.750 31.391 36.248
1 113 12 0 0.9401197604790419 0 0 31.179 31.879 39.677
1 114 22 0 0.9520958083832335 0 0 34.683 30.559 40.118
1 115 9 0 0.8622754491017964 0 0 36.243 30.054 43.466
1 116 2 0 0.8263473053892215 0 0 39.974 29.682 42.823
1 117 13 0 0.5688622754491017 0 0 42.997 28.858 44.927
1 118 5 0 0.44311377245508976 0 0 41.315 25.855 46.620
1 119 3 0 0.17365269461077848 0 0 44.574 23.939 47.114
1 120 12 0 0.08982035928143717 0 0 45.071 25.795 50.454
1 121 16 0 0.0119760479041916 0 0 43.940 23.823 53.448
1 122 17 0 0.0059880239520957446 0 0 42.416 26.782 55.271
1 123 1 0 0.06586826347305386 0 0 39.801 29.139 53.800
1 124 18 0 0.059880239520958 0 0 39.821 32.831 54.481
1 125 22 0 0.19161676646706582 0 0 36.718 33.419 52.503
1 126 3 0 0.11377245508982048 0 0 34.028 31.003 53.722
1 127 18 0 0.29940119760479034 0 0 32.800 29.258 50.562
1 128 13 0 0.10778443113772451 0 0 29.453 28.375 52.127
1 129 6 0 0.14970059880239517 0 0 28.656 31.990 51.449
1 130 0 0 0.4970059880239521 0 0 29.706 31.508 47.823
1 131 6 0 0.3413173652694611 0 0 27.217 28.600 47.634
1 132 3 0 0.13772455089820357 0 0 24.343 30.855 48.780
1 133 12 0 0.41916167664670656 0 0 25.289 33.693 46.438
1 134 0 0 0.5508982035928144 0 0 25.669 31.348 43.449
1 135 1 0 0.27544910179640725 0 0 22.213 30.021 44.018
1 136 17 0 0.16167664670658677 0 0 20.751 33.431 44.299
1 137 20 0 0.43113772455089827 0 0 21.823 34.537 40.864
1 138 9 0 0.4011976047904191 0 0 20.905 31.082 39.530
1 139 11 0 0.652694610778443 0 0 24.451 30.515 38.297
1 140 16 0 0.7005988023952096 0 0 26.732 27.557 38.800
1 141 15 0 0.7904191616766467 0 0 29.738 27.618 41.085
1 142 11 0 0.8143712574850299 0 0 33.008 25.828 40.567
1 143 7 0 0.6946107784431137 0 0 35.771 25.311 43.098
1 144 18 0 0.7245508982035929 0 0 39.202 25.099 41.641
1 145 17 0 0.5868263473053892 0 0 42.944 25.230 41.912
1 146 0 0 0.6826347305389222 0 0 44.818 26.581 38.887
1 147 13 0 0.4251497005988024 0 0 47.923 25.636 40.852
1 148 18 0 0.24550898203592808 0 0 46.987 22.070 40.900
1 149 1 0 0.4850299401197605 0 0 44.924 22.152 37.714
1 150 6 0 0.47904191616766467 0 0 41.851 20.743 39.423
1 151 9 0 0.6347305389221557 0 0 38.575 21.688 37.872
1 152 22 0 0.8083832335329342 0 0 40.191 24.301 35.713
1 153 3 0 0.7485029940119761 0 0 38.503 22.903 32.571
1 154 3 0 0.7305389221556886 0 0 35.230 22.195 34.375
1 155 0 0 0.9041916167664671 0 0 34.751 25.886 35.093
1 156 15 0 0.9221556886227544 0 0 34.960 26.936 31.463
1 157 20 0 0.7544910179640718 0 0 33.093 23.761 30.484
1 158 18 0 0.7964071856287425 0 0 30.313 24.870 32.811
1 159 12 0 0.8862275449101796 0 0 30.356 28.288 31.268
1 160 22 0 0.7365269461077844 0 0 29.988 26.819 27.741
1 161 1 0 0.5568862275449102 0 0 26.960 25.055 29.122
1 162 7 0 0.658682634730539 0 0 25.524 28.328 30.431
1 163 11 0 0.592814371257485 0 0 26.082 29.788 27.066
1 164 1 0 0.3652694610778443 0 0 24.414 26.937 25.296
1 165 13 0 0.2335329341317366 0 0 21.501 26.902 27.673
1 166 10 0 0.23952095808383234 0 0 20.632 30.598 27.298
1 167 13 0 0.053892215568862256 0 0 18.466 32.200 24.601
