1 1 14 0 0.017964071856287345 0 0 48.152 46.434 20.727
1 2 18 0 0.11377245508982048 0 0 46.897 46.131 24.299
1 3 7 0 0.32335329341317365 0 0 46.507 42.491 25.134
1 4 20 0 0.6047904191616766 0 0 44.598 40.746 27.849
1 5 13 0 0.7544910179640718 0 0 45.213 37.025 28.284
1 6 12 0 0.9221556886227544 0 0 42.130 35.949 30.207
1 7 22 0 0.9580838323353293 0 0 42.214 32.577 31.822
1 8 22 0 0.9880239520958084 0 0 39.181 30.463 32.492
1 9 22 0 0.9700598802395209 0 0 39.144 28.227 35.497
1 10 9 0 0.9281437125748503 0 0 36.406 25.757 36.146
1 11 0 0 0.7724550898203593 0 0 35.326 22.199 36.979
1 12 9 0 0.5748502994011976 0 0 34.219 19.714 34.376
1 13 9 0 0.5688622754491017 0 0 30.791 20.735 33.125
1 14 22 0 0.8023952095808383 0 0 30.431 24.218 34.430
1 15 9 0 0.8502994011976048 0 0 30.918 25.924 31.103
1 16 13 0 0.9341317365269461 0 0 34.609 26.677 31.019
1 17 17 0 0.844311377245509 0 0 34.993 26.398 27.289
1 18 0 0 0.7964071856287425 0 0 31.340 27.215 26.679
1 19 12 0 0.8922155688622755 0 0 31.523 30.917 27.631
1 20 18 0 0.874251497005988 0 0 34.563 31.532 25.633
1 21 11 0 0.652694610778443 0 0 33.134 29.801 22.535
1 22 6 0 0.592814371257485 0 0 30.031 31.856 22.962
1 23 12 0 0.6766467065868262 0 0 32.208 34.920 22.931
1 24 11 0 0.5149700598802396 0 0 34.432 34.041 19.992
1 25 6 0 0.3053892215568862 0 0 32.762 31.482 17.772
1 26 2 0 0.28742514970059885 0 0 29.467 33.138 18.787
1 27 10 0 0.18562874251497008 0 0 27.670 29.837 18.686
1 28 15 0 0.24550898203592808 0 0 28.287 26.318 19.950
1 29 22 0 0.13772455089820357 0 0 30.470 23.667 18.321
1 30 3 0 0.041916167664670656 0 0 29.645 19.951 18.162
1 31 7 0 0.059880239520958 0 0 33.245 18.887 18.814
1 32 20 0 0.15568862275449102 0 0 34.885 18.436 22.153
1 33 3 0 0.20958083832335328 0 0 38.560 18.830 22.813
1 34 16 0 0.37125748502994016 0 0 40.713 19.468 25.809
1 35 18 0 0.45508982035928147 0 0 42.056 22.596 24.168
1 36 11 0 0.31137724550898194 0 0 45.773 22.257 24.734
1 37 7 0 0.23952095808383234 0 0 47.031 24.620 22.050
1 38 3 0 0.2934131736526946 0 0 43.896 25.891 20.358
1 39 17 0 0.4491017964071856 0 0 43.479 29.619 20.760
1 40 20 0 0.5568862275449102 0 0 40.324 31.674 20.692
1 41 1 0 0.5089820359281436 0 0 40.875 35.369 20.553
1 42 13 0 0.3532934131736526 0 0 39.344 38.563 19.148
1 43 6 0 0.2335329341317366 0 0 40.000 42.316 19.472
1 44 22 0 0.20359281437125742 0 0 37.326 44.700 20.726
1 45 22 0 0.09580838323353291 0 0 36.690 48.276 21.749
1 46 11 0 0.21556886227544902 0 0 36.089 48.413 25.491
1 47 3 0 0.0718562874251496 0 0 35.265 51.879 26.627
1 48 9 0 0.0 0 0 36.994 53.608 23.709
1 49 7 0 0.03592814371257491 0 0 40.053 51.490 23.986
1 50 18 0 0.04790419161676651 0 0 41.003 48.832 21.454
1 51 5 0 0.2574850299401197 0 0 41.817 45.672 23.362
1 52 12 0 0.34730538922155685 0 0 42.832 42.218 22.372
1 53 12 0 0.6287425149700598 0 0 41.174 39.457 24.367
1 54 3 0 0.658682634730539 0 0 43.180 36.272 24.130
1 55 11 0 0.8562874251497006 0 0 41.266 33.824 26.197
1 56 12 0 0.8682634730538922 0 0 42.817 30.696 27.730
1 57 3 0 0.8802395209580838 0 0 40.921 27.488 28.453
1 58 18 0 0.8383233532934131 0 0 42.578 25.800 31.414
1 59 0 0 0.6107784431137725 0 0 43.077 22.171 30.482
1 60 9 0 0.47904191616766467 0 0 43.395 19.404 33.034
1 61 6 0 0.38323353293413165 0 0 44.356 18.858 36.600
1 62 7 0 0.17365269461077848 0 0 48.123 18.454 36.336
1 63 7 0 0.10179640718562877 0 0 50.126 19.229 39.486
1 64 20 0 0.0119760479041916 0 0 53.363 18.223 37.903
1 65 17 0 0.0059880239520957446 0 0 54.603 18.268 34.361
1 66 0 0 0.13173652694610782 0 0 51.891 20.732 34.015
1 67 14 0 0.281437125748503 0 0 50.240 22.826 31.397
1 68 1 0 0.5508982035928144 0 0 47.647 24.085 33.907
1 69 3 0 0.4610778443113772 0 0 50.239 26.290 35.581
1 70 6 0 0.4131736526946108 0 0 51.375 27.367 32.105
1 71 20 0 0.688622754491018 0 0 48.005 28.922 31.321
1 72 14 0 0.7425149700598803 0 0 47.943 30.648 34.690
1 73 1 0 0.5029940119760479 0 0 51.393 32.255 34.567
1 74 18 0 0.5269461077844311 0 0 50.582 34.041 31.321
1 75 9 0 0.7904191616766467 0 0 47.156 35.084 32.523
1 76 7 0 0.7485029940119761 0 0 46.300 38.681 33.186
1 77 9 0 0.9041916167664671 0 0 43.041 37.765 34.819
1 78 15 0 0.9760479041916168 0 0 41.040 34.819 35.978
1 79 12 0 0.9940119760479041 0 0 37.421 34.040 35.178
1 80 5 0 0.9820359281437125 0 0 36.487 31.534 37.851
1 81 22 0 0.9640718562874252 0 0 33.554 29.454 36.958
1 82 15 0 0.8622754491017964 0 0 31.181 27.510 39.118
1 83 0 0 0.6946107784431137 0 0 27.749 26.074 38.291
1 84 11 0 0.49101796407185627 0 0 24.808 26.882 40.491
1 85 2 0 0.25149700598802394 0 0 23.542 23.313 40.935
1 86 2 0 0.3413173652694611 0 0 27.035 22.052 41.836
1 87 18 0 0.29940119760479034 0 0 28.381 23.204 45.221
1 88 13 0 0.3173652694610779 0 0 31.579 21.224 44.809
1 89 17 0 0.6167664670658684 0 0 32.663 23.444 41.876
1 90 15 0 0.6347305389221557 0 0 32.164 26.598 44.030
1 91 7 0 0.46706586826347307 0 0 34.228 24.927 46.666
1 92 3 0 0.562874251497006 0 0 37.167 23.850 44.564
1 93 11 0 0.7844311377245509 0 0 37.613 27.456 43.571
1 94 10 0 0.5329341317365269 0 0 39.100 27.676 47.039
1 95 10 0 0.4730538922155688 0 0 41.974 25.397 46.070
1 96 20 0 0.7125748502994012 0 0 42.283 26.938 42.668
1 97 1 0 0.6826347305389222 0 0 42.702 30.233 44.431
1 98 7 0 0.4251497005988024 0 0 45.692 28.881 46.225
1 99 6 0 0.4970059880239521 0 0 47.281 27.632 43.026
1 100 11 0 0.6407185628742516 0 0 46.842 30.957 41.226
1 101 13 0 0.437125748502994 0 0 48.332 32.691 44.206
1 102 1 0 0.221556886227545 0 0 51.483 30.631 43.915
1 103 22 0 0.33532934131736525 0 0 51.904 30.928 40.159
1 104 13 0 0.39520958083832336 0 0 51.305 34.639 40.057
1 105 3 0 0.12574850299401197 0 0 53.667 35.540 42.937
1 106 17 0 0.19161676646706582 0 0 50.721 37.411 44.459
1 107 7 0 0.40718562874251496 0 0 47.163 36.671 45.296
1 108 3 0 0.4011976047904191 0 0 45.987 40.211 44.499
1 109 22 0 0.5988023952095809 0 0 45.559 39.368 40.790
1 110 16 0 0.8083832335329342 0 0 42.312 40.013 38.975
1 111 14 0 0.9161676646706587 0 0 39.433 37.609 39.580
1 112 22 0 0.9461077844311377 0 0 35.902 37.646 38.447
1 113 12 0 0.9401197604790419 0 0 33.849 34.963 39.982
1 114 22 0 0.9520958083832335 0 0 31.289 33.657 37.560
1 115 9 0 0.8323353293413174 0 0 28.308 31.457 38.215
1 116 2 0 0.8143712574850299 0 0 26.850 29.842 35.128
1 117 13 0 0.5449101796407185 0 0 23.579 28.090 34.373
1 118 5 0 0.43113772455089827 0 0 21.441 30.731 36.143
1 119 3 0 0.16167664670658677 0 0 18.345 30.228 33.925
1 120 12 0 0.06586826347305386 0 0 16.737 27.953 36.543
1 121 16 0 0.029940119760479056 0 0 16.020 29.303 40.034
1 122 17 0 0.02395209580838331 0 0 17.033 26.015 41.515
1 123 1 0 0.10778443113772451 0 0 20.524 26.399 42.934
1 124 18 0 0.08982035928143717 0 0 22.372 24.631 45.737
1 125 22 0 0.26347305389221565 0 0 25.005 27.339 46.008
1 126 3 0 0.11976047904191622 0 0 23.673 30.175 48.189
1 127 18 0 0.17964071856287422 0 0 23.529 33.564 46.508
1 128 13 0 0.07784431137724557 0 0 24.207 34.910 49.966
1 129 6 0 0.14970059880239517 0 0 27.290 32.764 50.344
1 130 0 0 0.44311377245508976 0 0 28.810 33.777 47.099
1 131 6 0 0.27544910179640725 0 0 28.007 37.372 47.915
1 132 3 0 0.14371257485029942 0 0 29.931 37.058 51.123
1 133 12 0 0.3892215568862275 0 0 32.950 35.723 49.246
1 134 0 0 0.5209580838323353 0 0 32.769 38.404 46.548
1 135 1 0 0.22754491017964074 0 0 32.536 41.053 49.261
1 136 17 0 0.16766467065868274 0 0 35.260 39.349 51.223
1 137 20 0 0.3772455089820359 0 0 37.794 39.653 48.457
1 138 9 0 0.3652694610778443 0 0 36.169 42.616 46.734
1 139 11 0 0.6467065868263473 0 0 35.722 40.746 43.468
1 140 16 0 0.7305389221556886 0 0 32.644 40.654 41.237
1 141 15 0 0.7664670658682635 0 0 30.099 37.946 41.235
1 142 11 0 0.8263473053892215 0 0 28.699 37.431 37.767
1 143 7 0 0.7005988023952096 0 0 25.591 35.449 37.170
1 144 18 0 0.7604790419161677 0 0 25.713 34.079 33.663
1 145 17 0 0.5868263473053892 0 0 23.944 31.570 31.486
1 146 0 0 0.6706586826347305 0 0 26.052 30.632 28.488
1 147 13 0 0.41916167664670656 0 0 23.545 28.475 26.709
1 148 18 0 0.2694610778443114 0 0 20.784 31.092 26.929
1 149 1 0 0.35928143712574856 0 0 22.829 34.131 25.933
1 150 6 0 0.4850299401197605 0 0 23.107 35.944 29.251
1 151 9 0 0.6646706586826348 0 0 26.022 37.806 30.810
1 152 22 0 0.8203592814371258 0 0 28.730 36.126 28.767
1 153 3 0 0.7245508982035929 0 0 30.154 39.244 27.158
1 154 3 0 0.7065868263473054 0 0 29.654 41.367 30.304
1 155 0 0 0.8982035928143712 0 0 31.711 38.922 32.472
1 156 15 0 0.9101796407185628 0 0 34.800 39.342 30.255
1 157 20 0 0.7365269461077844 0 0 34.024 43.079 30.039
1 158 18 0 0.7784431137724551 0 0 33.982 43.239 33.810
1 159 12 0 0.8862275449101796 0 0 37.246 41.361 33.894
1 160 22 0 0.718562874251497 0 0 38.960 43.835 31.616
1 161 1 0 0.5389221556886228 0 0 37.587 46.747 33.643
1 162 7 0 0.6227544910179641 0 0 38.861 44.861 36.711
1 163 11 0 0.5808383233532934 0 0 42.292 44.530 35.188
1 164 1 0 0.3293413173652695 0 0 42.359 48.156 34.126
1 165 13 0 0.19760479041916168 0 0 41.717 49.586 37.533
1 166 10 0 0.08383233532934131 0 0 44.033 50.445 40.432
1 167 13 0 0.053892215568862256 0 0 42.693 50.093 43.987
