1 1 14 0 0.0119760479041916 0 0 38.181 46.092 51.740
1 2 18 0 0.10778443113772451 0 0 37.324 42.511 50.918
1 3 7 0 0.32335329341317365 0 0 39.686 40.999 48.375
1 4 20 0 0.562874251497006 0 0 38.112 38.656 45.848
1 5 13 0 0.688622754491018 0 0 40.383 36.701 43.596
1 6 12 0 0.9041916167664671 0 0 38.541 36.031 40.357
1 7 22 0 0.9520958083832335 0 0 39.422 34.044 37.328
1 8 22 0 0.9880239520958084 0 0 38.390 34.589 33.758
1 9 22 0 0.9700598802395209 0 0 38.214 31.239 32.110
1 10 9 0 0.9161676646706587 0 0 37.319 29.102 29.126
1 11 0 0 0.7724550898203593 0 0 38.272 28.545 25.484
1 12 9 0 0.6347305389221557 0 0 40.542 30.480 23.226
1 13 9 0 0.5748502994011976 0 0 39.112 33.413 21.238
1 14 22 0 0.8083832335329342 0 0 36.146 34.377 23.429
1 15 9 0 0.8263473053892215 0 0 37.654 37.705 24.435
1 16 13 0 0.9341317365269461 0 0 38.604 37.186 27.996
1 17 17 0 0.844311377245509 0 0 41.322 39.857 28.416
1 18 0 0 0.7485029940119761 0 0 39.148 42.526 26.909
1 19 12 0 0.8982035928143712 0 0 36.515 41.843 29.459
1 20 18 0 0.874251497005988 0 0 38.989 42.618 32.227
1 21 11 0 0.6467065868263473 0 0 40.567 45.574 30.449
1 22 6 0 0.6047904191616766 0 0 37.179 46.949 29.605
1 23 12 0 0.6826347305389222 0 0 36.304 46.687 33.258
1 24 11 0 0.5089820359281436 0 0 39.351 48.652 34.209
1 25 6 0 0.2574850299401197 0 0 40.455 51.095 31.514
1 26 2 0 0.2934131736526946 0 0 37.026 51.435 29.834
1 27 10 0 0.25149700598802394 0 0 38.638 50.288 26.592
1 28 15 0 0.3892215568862275 0 0 38.908 47.359 24.247
1 29 22 0 0.34730538922155685 0 0 42.188 45.779 23.512
1 30 3 0 0.19161676646706582 0 0 42.701 43.750 20.409
1 31 7 0 0.12574850299401197 0 0 46.303 42.798 20.910
1 32 20 0 0.20359281437125742 0 0 47.672 39.701 22.600
1 33 3 0 0.20958083832335328 0 0 49.784 39.406 25.672
1 34 16 0 0.3293413173652695 0 0 50.241 36.190 27.642
1 35 18 0 0.45508982035928147 0 0 49.342 37.784 30.919
1 36 11 0 0.3173652694610779 0 0 51.470 35.326 32.861
1 37 7 0 0.16167664670658677 0 0 52.486 37.872 35.538
1 38 3 0 0.26347305389221565 0 0 50.657 41.168 34.863
1 39 17 0 0.41916167664670656 0 0 48.321 41.799 37.729
1 40 20 0 0.5329341317365269 0 0 44.945 43.429 37.394
1 41 1 0 0.4970059880239521 0 0 43.089 44.995 40.260
1 42 13 0 0.4610778443113772 0 0 39.987 47.172 40.665
1 43 6 0 0.18562874251497008 0 0 38.836 48.769 43.861
1 44 22 0 0.22754491017964074 0 0 35.101 49.285 43.581
1 45 22 0 0.07784431137724557 0 0 32.262 50.162 45.844
1 46 11 0 0.14970059880239517 0 0 29.532 47.610 45.566
1 47 3 0 0.029940119760479056 0 0 26.366 47.899 47.589
1 48 9 0 0.0 0 0 28.191 49.671 50.442
1 49 7 0 0.017964071856287345 0 0 31.210 47.449 50.633
1 50 18 0 0.03592814371257491 0 0 34.556 48.284 49.146
1 51 5 0 0.28742514970059885 0 0 35.679 45.252 47.149
1 52 12 0 0.3772455089820359 0 0 39.140 44.607 45.757
1 53 12 0 0.652694610778443 0 0 38.754 42.453 42.620
1 54 3 0 0.658682634730539 0 0 42.000 40.650 41.789
1 55 11 0 0.8562874251497006 0 0 41.550 39.490 38.219
1 56 12 0 0.8502994011976048 0 0 43.533 36.585 36.866
1 57 3 0 0.8682634730538922 0 0 43.767 35.735 33.208
1 58 18 0 0.8383233532934131 0 0 43.884 32.615 31.183
1 59 0 0 0.6227544910179641 0 0 45.793 32.319 27.939
1 60 9 0 0.39520958083832336 0 0 48.037 29.704 26.313
1 61 6 0 0.13173652694610782 0 0 48.434 27.041 23.726
1 62 7 0 0.0718562874251496 0 0 49.051 23.839 25.633
1 63 7 0 0.11377245508982048 0 0 46.553 21.470 27.146
1 64 20 0 0.04790419161676651 0 0 48.778 20.777 30.166
1 65 17 0 0.08383233532934131 0 0 50.436 23.511 32.139
1 66 0 0 0.041916167664670656 0 0 51.996 24.390 35.460
1 67 14 0 0.3053892215568862 0 0 49.433 27.071 36.294
1 68 1 0 0.4251497005988024 0 0 46.395 25.113 35.136
1 69 3 0 0.40718562874251496 0 0 45.141 23.979 38.556
1 70 6 0 0.3652694610778443 0 0 47.057 26.688 40.467
1 71 20 0 0.6287425149700598 0 0 44.571 29.225 39.126
1 72 14 0 0.6706586826347305 0 0 41.545 27.089 40.173
1 73 1 0 0.44311377245508976 0 0 43.055 27.114 43.627
1 74 18 0 0.5209580838323353 0 0 43.572 30.855 43.885
1 75 9 0 0.7784431137724551 0 0 40.307 31.679 42.234
1 76 7 0 0.7125748502994012 0 0 37.311 32.004 44.370
1 77 9 0 0.8922155688622755 0 0 34.774 32.839 41.617
1 78 15 0 0.9640718562874252 0 0 34.894 31.921 37.991
1 79 12 0 0.9940119760479041 0 0 34.008 34.065 35.040
1 80 5 0 0.9820359281437125 0 0 33.255 31.419 32.522
1 81 22 0 0.9760479041916168 0 0 33.387 32.869 29.051
1 82 15 0 0.8802395209580838 0 0 32.101 31.483 25.766
1 83 0 0 0.7065868263473054 0 0 31.058 33.243 22.564
1 84 11 0 0.5149700598802396 0 0 27.625 32.843 21.112
1 85 2 0 0.281437125748503 0 0 28.851 32.660 17.535
1 86 2 0 0.3413173652694611 0 0 30.661 29.481 18.251
1 87 18 0 0.27544910179640725 0 0 29.072 26.378 19.654
1 88 13 0 0.33532934131736525 0 0 32.162 24.460 20.729
1 89 17 0 0.5988023952095809 0 0 33.013 27.447 22.952
1 90 15 0 0.6167664670658684 0 0 29.806 26.836 24.805
1 91 7 0 0.4730538922155688 0 0 30.398 23.110 25.169
1 92 3 0 0.5688622754491017 0 0 33.699 23.516 26.944
1 93 11 0 0.7964071856287425 0 0 32.227 25.437 29.916
1 94 10 0 0.5568862275449102 0 0 31.232 22.076 31.210
1 95 10 0 0.5269461077844311 0 0 34.835 20.999 31.257
1 96 20 0 0.7604790419161677 0 0 35.958 24.056 33.056
1 97 1 0 0.6946107784431137 0 0 33.201 23.471 35.541
1 98 7 0 0.4491017964071856 0 0 34.165 19.845 35.947
1 99 6 0 0.5029940119760479 0 0 37.694 20.983 36.609
1 100 11 0 0.6107784431137725 0 0 36.644 23.512 39.188
1 101 13 0 0.4131736526946108 0 0 34.797 20.720 40.797
1 102 1 0 0.16766467065868274 0 0 37.906 18.529 40.761
1 103 22 0 0.2335329341317366 0 0 40.064 20.959 42.664
1 104 13 0 0.29940119760479034 0 0 37.470 22.582 44.884
1 105 3 0 0.06586826347305386 0 0 35.823 19.326 45.970
1 106 17 0 0.13772455089820357 0 0 32.518 21.073 45.790
1 107 7 0 0.31137724550898194 0 0 29.726 22.175 43.450
1 108 3 0 0.35928143712574856 0 0 29.055 25.247 45.605
1 109 22 0 0.5808383233532934 0 0 31.637 27.446 43.941
1 110 16 0 0.7664670658682635 0 0 30.663 30.960 42.883
1 111 14 0 0.9101796407185628 0 0 30.401 31.288 39.108
1 112 22 0 0.9461077844311377 0 0 29.083 33.617 36.457
1 113 12 0 0.9401197604790419 0 0 28.649 32.609 32.859
1 114 22 0 0.9580838323353293 0 0 29.516 35.011 30.139
1 115 9 0 0.8622754491017964 0 0 28.281 34.795 26.628
1 116 2 0 0.8143712574850299 0 0 30.508 37.096 24.673
1 117 13 0 0.5508982035928144 0 0 30.153 38.392 21.161
1 118 5 0 0.47904191616766467 0 0 26.817 39.828 21.707
1 119 3 0 0.21556886227544902 0 0 27.611 42.694 19.416
1 120 12 0 0.08982035928143717 0 0 26.518 40.368 16.643
1 121 16 0 0.0059880239520957446 0 0 22.784 40.477 16.066
1 122 17 0 0.02395209580838331 0 0 22.602 36.731 15.934
1 123 1 0 0.09580838323353291 0 0 23.775 33.492 17.589
1 124 18 0 0.053892215568862256 0 0 24.647 29.896 16.802
1 125 22 0 0.24550898203592808 0 0 24.678 29.115 20.489
1 126 3 0 0.11976047904191622 0 0 21.151 28.495 21.699
1 127 18 0 0.19760479041916168 0 0 19.964 30.821 24.388
1 128 13 0 0.059880239520958 0 0 17.498 28.178 25.519
1 129 6 0 0.14371257485029942 0 0 20.440 25.897 26.129
1 130 0 0 0.49101796407185627 0 0 22.362 28.727 27.800
1 131 6 0 0.3532934131736526 0 0 19.482 29.416 30.077
1 132 3 0 0.15568862275449102 0 0 19.196 25.654 30.698
1 133 12 0 0.46706586826347307 0 0 22.799 25.657 31.736
1 134 0 0 0.5389221556886228 0 0 22.317 28.598 34.149
1 135 1 0 0.23952095808383234 0 0 19.075 27.378 35.792
1 136 17 0 0.17365269461077848 0 0 20.385 23.884 35.950
1 137 20 0 0.4011976047904191 0 0 23.103 24.855 38.349
1 138 9 0 0.43113772455089827 0 0 22.170 28.292 39.552
1 139 11 0 0.7005988023952096 0 0 24.699 30.324 37.682
1 140 16 0 0.7544910179640718 0 0 24.032 33.737 36.395
1 141 15 0 0.8023952095808383 0 0 24.321 34.195 32.672
1 142 11 0 0.8323353293413174 0 0 25.298 37.638 31.593
1 143 7 0 0.718562874251497 0 0 25.249 38.481 27.867
1 144 18 0 0.7904191616766467 0 0 28.248 40.643 27.157
1 145 17 0 0.5868263473053892 0 0 29.571 42.769 24.324
1 146 0 0 0.6646706586826348 0 0 33.147 43.829 24.993
1 147 13 0 0.38323353293413165 0 0 33.493 46.332 22.210
1 148 18 0 0.221556886227545 0 0 30.396 48.304 22.979
1 149 1 0 0.437125748502994 0 0 30.594 47.999 26.753
1 150 6 0 0.4850299401197605 0 0 27.287 46.236 27.039
1 151 9 0 0.6766467065868262 0 0 27.169 43.934 30.036
1 152 22 0 0.8203592814371258 0 0 30.880 43.761 30.790
1 153 3 0 0.7245508982035929 0 0 30.473 45.551 34.107
1 154 3 0 0.7365269461077844 0 0 27.342 43.478 34.851
1 155 0 0 0.9281437125748503 0 0 29.417 40.351 34.604
1 156 15 0 0.9221556886227544 0 0 32.078 41.222 37.097
1 157 20 0 0.7425149700598803 0 0 29.711 42.984 39.510
1 158 18 0 0.7844311377245509 0 0 27.284 40.188 39.382
1 159 12 0 0.8862275449101796 0 0 30.198 37.864 40.238
1 160 22 0 0.7305389221556886 0 0 31.319 39.596 43.417
1 161 1 0 0.5449101796407185 0 0 27.722 39.797 44.470
1 162 7 0 0.6407185628742516 0 0 27.481 36.041 43.886
1 163 11 0 0.592814371257485 0 0 30.708 35.488 45.986
1 164 1 0 0.37125748502994016 0 0 29.353 37.714 48.748
1 165 13 0 0.17964071856287422 0 0 26.070 36.042 49.446
1 166 10 0 0.2694610778443114 0 0 27.909 32.656 49.256
1 167 13 0 0.10179640718562877 0 0 30.112 33.373 52.209
