5.000000000000000000e+00 8.035714179277420044e-02 2.518000030517578125e+01 3.814799880981445312e+01 4.264599990844726562e+01
1.600000000000000000e+01 2.142857164144515991e-01 2.649200057983398438e+01 4.158000183105468750e+01 4.146599960327148438e+01
1.200000000000000000e+01 5.000000000000000000e-01 3.032999992370605469e+01 4.126399993896484375e+01 4.115599822998046875e+01
1.400000000000000000e+01 5.357142686843872070e-01 3.149399948120117188e+01 3.860100173950195312e+01 3.867699813842773438e+01
2.200000000000000000e+01 7.098214030265808105e-01 3.511899948120117188e+01 3.770199966430664062e+01 3.778099822998046875e+01
1.300000000000000000e+01 6.919642686843872070e-01 3.576800155639648438e+01 3.558300018310546875e+01 3.455199813842773438e+01
2.200000000000000000e+01 7.455357313156127930e-01 3.932799911499023438e+01 3.420100021362304688e+01 3.389699935913085938e+01
1.200000000000000000e+01 6.875000000000000000e-01 4.032300186157226562e+01 3.301499938964843750e+01 3.042900085449218750e+01
3.000000000000000000e+00 6.339285969734191895e-01 4.352399826049804688e+01 3.125499916076660156e+01 2.915299987792968750e+01
0.000000000000000000e+00 6.116071343421936035e-01 4.510900115966796875e+01 3.239699935913085938e+01 2.584900093078613281e+01
2.200000000000000000e+01 4.419642984867095947e-01 4.760699844360351562e+01 2.936400032043457031e+01 2.584600067138671875e+01
1.000000000000000000e+00 2.678571343421936035e-01 4.494400024414062500e+01 2.678000068664550781e+01 2.613299942016601562e+01
9.000000000000000000e+00 2.767857015132904053e-01 4.230300140380859375e+01 2.868300056457519531e+01 2.419199943542480469e+01
1.700000000000000000e+01 3.035714328289031982e-01 3.966299819946289062e+01 2.844000053405761719e+01 2.692000007629394531e+01
1.600000000000000000e+01 4.196428656578063965e-01 3.817499923706054688e+01 2.949699974060058594e+01 3.026700019836425781e+01
0.000000000000000000e+00 5.267857313156127930e-01 4.064400100708007812e+01 2.912199974060058594e+01 3.324599838256835938e+01
1.100000000000000000e+01 3.169642984867095947e-01 3.952199935913085938e+01 2.655500030517578125e+01 3.572999954223632812e+01
2.000000000000000000e+00 3.348214328289031982e-01 4.023799896240234375e+01 2.689399909973144531e+01 3.943199920654296875e+01
2.200000000000000000e+01 6.428571343421936035e-01 4.189699935913085938e+01 3.045199966430664062e+01 3.925299835205078125e+01
0.000000000000000000e+00 6.651785969734191895e-01 4.178400039672851562e+01 3.227500152587890625e+01 4.265100097656250000e+01
1.400000000000000000e+01 7.678571343421936035e-01 4.095700073242187500e+01 3.592699813842773438e+01 4.288399887084960938e+01
2.200000000000000000e+01 7.142857313156127930e-01 3.843500137329101562e+01 4.113100051879882812e+01 4.652899932861328125e+01
1.500000000000000000e+01 6.785714030265808105e-01 3.954399871826171875e+01 4.398699951171875000e+01 4.893299865722656250e+01
1.000000000000000000e+00 5.669642686843872070e-01 3.804399871826171875e+01 4.729999923706054688e+01 4.982699966430664062e+01
1.300000000000000000e+01 5.089285969734191895e-01 3.965900039672851562e+01 5.055599975585937500e+01 5.117100143432617188e+01
0.000000000000000000e+00 2.366071492433547974e-01 3.944100189208984375e+01 5.123699951171875000e+01 5.495700073242187500e+01
0.000000000000000000e+00 6.696428358554840088e-02 3.919200134277343750e+01 5.435900115966796875e+01 5.723500061035156250e+01
3.000000000000000000e+00 7.142857462167739868e-02 4.295399856567382812e+01 5.425799942016601562e+01 5.801499938964843750e+01
3.000000000000000000e+00 2.857142984867095947e-01 4.360699844360351562e+01 5.398600006103515625e+01 5.424499893188476562e+01
1.800000000000000000e+01 3.839285671710968018e-01 4.452299880981445312e+01 5.031999969482421875e+01 5.419599914550781250e+01
1.900000000000000000e+01 5.714285969734191895e-01 4.299300003051757812e+01 4.755799865722656250e+01 5.199200057983398438e+01
7.000000000000000000e+00 3.928571343421936035e-01 4.054299926757812500e+01 4.541600036621093750e+01 5.392800140380859375e+01
1.600000000000000000e+01 4.107142984867095947e-01 3.946799850463867188e+01 4.180799865722656250e+01 5.306200027465820312e+01
1.500000000000000000e+01 3.437500000000000000e-01 3.590200042724609375e+01 4.144599914550781250e+01 5.158399963378906250e+01
0.000000000000000000e+00 3.794642984867095947e-01 3.513800048828125000e+01 3.841099929809570312e+01 4.945299911499023438e+01
1.700000000000000000e+01 4.955357015132904053e-01 3.716799926757812500e+01 3.559299850463867188e+01 4.786399841308593750e+01
9.000000000000000000e+00 4.062500000000000000e-01 3.690800094604492188e+01 3.238800048828125000e+01 4.585699844360351562e+01
1.300000000000000000e+01 4.866071343421936035e-01 3.802299880981445312e+01 3.078599929809570312e+01 4.266899871826171875e+01
1.800000000000000000e+01 4.732142984867095947e-01 3.662699890136718750e+01 3.021599960327148438e+01 3.904600143432617188e+01
1.700000000000000000e+01 1.830357164144515991e-01 3.402700042724609375e+01 2.739399909973144531e+01 3.869499969482421875e+01
7.000000000000000000e+00 8.928571641445159912e-02 3.449599838256835938e+01 2.482900047302246094e+01 3.597900009155273438e+01
1.700000000000000000e+01 1.160714253783226013e-01 3.270899963378906250e+01 2.728599929809570312e+01 3.343199920654296875e+01
9.000000000000000000e+00 3.616071343421936035e-01 3.581999969482421875e+01 2.955299949645996094e+01 3.418099975585937500e+01
7.000000000000000000e+00 4.508928656578063965e-01 3.368099975585937500e+01 3.213700103759765625e+01 3.584700012207031250e+01
1.200000000000000000e+01 3.705357015132904053e-01 3.273199844360351562e+01 3.276800155639648438e+01 3.945199966430664062e+01
9.000000000000000000e+00 1.473214328289031982e-01 3.009600067138671875e+01 3.288399887084960938e+01 4.433200073242187500e+01
1.200000000000000000e+01 2.544642984867095947e-01 3.114999961853027344e+01 3.598400115966796875e+01 4.615499877929687500e+01
1.800000000000000000e+01 1.250000000000000000e-01 2.839500045776367188e+01 3.820399856567382812e+01 4.745600128173828125e+01
1.800000000000000000e+01 3.571428731083869934e-02 2.476399993896484375e+01 3.953799819946289062e+01 4.743500137329101562e+01
7.000000000000000000e+00 3.125000000000000000e-02 2.341600036621093750e+01 4.291500091552734375e+01 4.629899978637695312e+01
7.000000000000000000e+00 4.464285913854837418e-03 2.247900009155273438e+01 4.375899887084960938e+01 4.991099929809570312e+01
7.000000000000000000e+00 2.678571455180644989e-02 2.595899963378906250e+01 4.280199813842773438e+01 5.100899887084960938e+01
1.500000000000000000e+01 1.428571492433547974e-01 2.800000000000000000e+01 4.460100173950195312e+01 4.825099945068359375e+01
2.200000000000000000e+01 1.026785746216773987e-01 2.779999923706054688e+01 4.848400115966796875e+01 4.872700119018554688e+01
7.000000000000000000e+00 1.562500000000000000e-01 2.948699951171875000e+01 5.188800048828125000e+01 4.798899841308593750e+01
9.000000000000000000e+00 3.258928656578063965e-01 3.328400039672851562e+01 5.208300018310546875e+01 4.826200103759765625e+01
1.100000000000000000e+01 6.160714030265808105e-01 3.662599945068359375e+01 5.161899948120117188e+01 4.646099853515625000e+01
2.000000000000000000e+01 7.321428656578063965e-01 3.738399887084960938e+01 4.799399948120117188e+01 4.553699874877929688e+01
1.300000000000000000e+01 8.750000000000000000e-01 4.009999847412109375e+01 4.586299896240234375e+01 4.390499877929687500e+01
2.200000000000000000e+01 9.062500000000000000e-01 4.051499938964843750e+01 4.235300064086914062e+01 4.296699905395507812e+01
7.000000000000000000e+00 9.330357313156127930e-01 4.388899993896484375e+01 4.050500106811523438e+01 4.308700180053710938e+01
1.100000000000000000e+01 9.285714030265808105e-01 4.385200119018554688e+01 3.758499908447265625e+01 4.065000152587890625e+01
3.000000000000000000e+00 8.392857313156127930e-01 4.650099945068359375e+01 3.513899993896484375e+01 4.183800125122070312e+01
1.800000000000000000e+01 8.526785969734191895e-01 4.791699981689453125e+01 3.427500152587890625e+01 3.842300033569335938e+01
1.300000000000000000e+01 7.857142686843872070e-01 5.161800003051757812e+01 3.334700012207031250e+01 3.899200057983398438e+01
1.700000000000000000e+01 6.383928656578063965e-01 5.044400024414062500e+01 3.037800025939941406e+01 4.113100051879882812e+01
2.000000000000000000e+01 6.294642686843872070e-01 4.845800018310546875e+01 2.919099998474121094e+01 3.813700103759765625e+01
1.900000000000000000e+01 6.071428656578063965e-01 5.143500137329101562e+01 2.920100021362304688e+01 3.567499923706054688e+01
1.300000000000000000e+01 4.598214328289031982e-01 5.379299926757812500e+01 2.778100013732910156e+01 3.839500045776367188e+01
0.000000000000000000e+00 2.589285671710968018e-01 5.148400115966796875e+01 2.467499923706054688e+01 3.875500106811523438e+01
1.200000000000000000e+01 2.187500000000000000e-01 5.205599975585937500e+01 2.407600021362304688e+01 3.505699920654296875e+01
9.000000000000000000e+00 1.785714328289031982e-01 5.588199996948242188e+01 2.460099983215332031e+01 3.557400131225585938e+01
1.100000000000000000e+01 3.303571343421936035e-01 5.579100036621093750e+01 2.749900054931640625e+01 3.325400161743164062e+01
1.700000000000000000e+01 5.044642686843872070e-01 5.764899826049804688e+01 3.069099998474121094e+01 3.423600006103515625e+01
1.600000000000000000e+01 7.276785969734191895e-01 5.544100189208984375e+01 3.393500137329101562e+01 3.401599884033203125e+01
1.500000000000000000e+01 8.125000000000000000e-01 5.641699981689453125e+01 3.758499908447265625e+01 3.355199813842773438e+01
7.000000000000000000e+00 9.107142686843872070e-01 5.323199844360351562e+01 3.823600006103515625e+01 3.960300064086914062e+01
0.000000000000000000e+00 9.910714030265808105e-01 4.678499984741210938e+01 4.065200042724609375e+01 3.749399948120117188e+01
7.000000000000000000e+00 9.955357313156127930e-01 4.470800018310546875e+01 4.343299865722656250e+01 3.915900039672851562e+01
2.200000000000000000e+01 9.732142686843872070e-01 4.165100097656250000e+01 4.584199905395507812e+01 3.859500122070312500e+01
2.200000000000000000e+01 9.375000000000000000e-01 4.110900115966796875e+01 4.878900146484375000e+01 4.093899917602539062e+01
1.500000000000000000e+01 8.303571343421936035e-01 3.771099853515625000e+01 5.037699890136718750e+01 4.068000030517578125e+01
1.800000000000000000e+01 6.473214030265808105e-01 3.507600021362304688e+01 5.277099990844726562e+01 4.223400115966796875e+01
0.000000000000000000e+00 5.178571343421936035e-01 3.181999969482421875e+01 5.081000137329101562e+01 4.259899902343750000e+01
2.000000000000000000e+00 2.410714328289031982e-01 2.833900070190429688e+01 5.229299926757812500e+01 4.284199905395507812e+01
3.000000000000000000e+00 1.875000000000000000e-01 2.917099952697753906e+01 5.605699920654296875e+01 4.229600143432617188e+01
1.700000000000000000e+01 9.375000000000000000e-02 2.669099998474121094e+01 5.595600128173828125e+01 3.943899917602539062e+01
9.000000000000000000e+00 4.464285820722579956e-02 2.426499938964843750e+01 5.425199890136718750e+01 4.183700180053710938e+01
1.600000000000000000e+01 5.803571268916130066e-02 2.354999923706054688e+01 5.040200042724609375e+01 4.165800094604492188e+01
1.000000000000000000e+00 1.696428507566452026e-01 2.531900024414062500e+01 4.826399993896484375e+01 3.895999908447265625e+01
1.000000000000000000e+00 2.812500000000000000e-01 2.656500053405761719e+01 4.465700149536132812e+01 3.854399871826171875e+01
2.000000000000000000e+01 5.401785969734191895e-01 3.013699913024902344e+01 4.423500061035156250e+01 3.732500076293945312e+01
1.800000000000000000e+01 6.562500000000000000e-01 3.202899932861328125e+01 4.172700119018554688e+01 3.503200149536132812e+01
1.100000000000000000e+01 8.258928656578063965e-01 3.582899856567382812e+01 4.166400146484375000e+01 3.525699996948242188e+01
0.000000000000000000e+00 8.169642686843872070e-01 3.712200164794921875e+01 3.966799926757812500e+01 3.233900070190429688e+01
0.000000000000000000e+00 9.151785969734191895e-01 4.080400085449218750e+01 3.859000015258789062e+01 3.252099990844726562e+01
1.200000000000000000e+01 8.571428656578063965e-01 4.285200119018554688e+01 3.727799987792968750e+01 2.959099960327148438e+01
1.200000000000000000e+01 8.482142686843872070e-01 4.595299911499023438e+01 3.535300064086914062e+01 3.090999984741210938e+01
1.700000000000000000e+01 7.723214030265808105e-01 4.925899887084960938e+01 3.448600006103515625e+01 2.900699996948242188e+01
1.600000000000000000e+01 7.366071343421936035e-01 5.282500076293945312e+01 3.389400100708007812e+01 3.030800056457519531e+01
2.000000000000000000e+01 8.080357313156127930e-01 5.415200042724609375e+01 3.742499923706054688e+01 2.935400009155273438e+01
1.700000000000000000e+01 9.196428656578063965e-01 5.086500167846679688e+01 3.936500167846679688e+01 2.931299972534179688e+01
2.000000000000000000e+01 9.598214030265808105e-01 4.777799987792968750e+01 4.020800018310546875e+01 3.121999931335449219e+01
1.700000000000000000e+01 9.642857313156127930e-01 4.465299987792968750e+01 4.233000183105468750e+01 3.038800048828125000e+01
1.800000000000000000e+01 9.687500000000000000e-01 4.168899917602539062e+01 4.327700042724609375e+01 3.248400115966796875e+01
1.800000000000000000e+01 8.883928656578063965e-01 3.841699981689453125e+01 4.404999923706054688e+01 3.054899978637695312e+01
0.000000000000000000e+00 8.035714030265808105e-01 3.534799957275390625e+01 4.547299957275390625e+01 3.239300155639648438e+01
2.200000000000000000e+01 6.205357313156127930e-01 3.173600006103515625e+01 4.523300170898437500e+01 3.116600036621093750e+01
2.200000000000000000e+01 4.687500000000000000e-01 2.907799911499023438e+01 4.716199874877929688e+01 3.308200073242187500e+01
1.800000000000000000e+01 1.964285671710968018e-01 2.542300033569335938e+01 4.587300109863281250e+01 3.332500076293945312e+01
2.000000000000000000e+00 5.357142910361289978e-02 2.210600090026855469e+01 4.673400115966796875e+01 3.490000152587890625e+01
1.600000000000000000e+01 8.928571827709674835e-03 2.043199920654296875e+01 4.475299835205078125e+01 3.769800186157226562e+01
5.000000000000000000e+00 1.116071417927742004e-01 6.799800109863281250e+01 4.917100143432617188e+01 2.726499938964843750e+01
1.600000000000000000e+01 2.098214328289031982e-01 6.790200042724609375e+01 4.679899978637695312e+01 3.021400070190429688e+01
1.200000000000000000e+01 4.776785671710968018e-01 6.432499694824218750e+01 4.817800140380859375e+01 3.085499954223632812e+01
1.400000000000000000e+01 5.133928656578063965e-01 6.219300079345703125e+01 5.002399826049804688e+01 2.824099922180175781e+01
2.200000000000000000e+01 6.741071343421936035e-01 5.859600067138671875e+01 5.107400131225585938e+01 2.858399963378906250e+01
1.300000000000000000e+01 6.517857313156127930e-01 5.627700042724609375e+01 5.207799911499023438e+01 2.567099952697753906e+01
2.200000000000000000e+01 7.187500000000000000e-01 5.259000015258789062e+01 5.319800186157226562e+01 2.601199913024902344e+01
1.200000000000000000e+01 6.607142686843872070e-01 4.983399963378906250e+01 5.287799835205078125e+01 2.331900024414062500e+01
3.000000000000000000e+00 6.250000000000000000e-01 4.638100051879882812e+01 5.432300186157226562e+01 2.307799911499023438e+01
0.000000000000000000e+00 5.803571343421936035e-01 4.352099990844726562e+01 5.206499862670898438e+01 2.157600021362304688e+01
2.200000000000000000e+01 4.285714328289031982e-01 4.104899978637695312e+01 5.487300109863281250e+01 2.137199974060058594e+01
1.000000000000000000e+00 2.321428507566452026e-01 4.303099822998046875e+01 5.691500091552734375e+01 1.882099914550781250e+01
9.000000000000000000e+00 2.723214328289031982e-01 4.500400161743164062e+01 5.402199935913085938e+01 1.744499969482421875e+01
1.700000000000000000e+01 2.455357164144515991e-01 4.831999969482421875e+01 5.559000015258789062e+01 1.789999961853027344e+01
1.600000000000000000e+01 3.392857015132904053e-01 5.109700012207031250e+01 5.608900070190429688e+01 2.057600021362304688e+01
0.000000000000000000e+00 5.223214030265808105e-01 5.019100189208984375e+01 5.749800109863281250e+01 2.411199951171875000e+01
1.100000000000000000e+01 3.080357015132904053e-01 5.234600067138671875e+01 6.064500045776367188e+01 2.435199928283691406e+01
2.000000000000000000e+00 2.991071343421936035e-01 5.345399856567382812e+01 6.238800048828125000e+01 2.754100036621093750e+01
2.200000000000000000e+01 5.625000000000000000e-01 5.215499877929687500e+01 5.952399826049804688e+01 2.978100013732910156e+01
0.000000000000000000e+00 6.026785969734191895e-01 5.391899871826171875e+01 5.959799957275390625e+01 3.328400039672851562e+01
1.400000000000000000e+01 7.232142686843872070e-01 5.494900131225585938e+01 5.665499877929687500e+01 3.536800003051757812e+01
2.200000000000000000e+01 7.053571343421936035e-01 5.891600036621093750e+01 5.256700134277343750e+01 3.897399902343750000e+01
1.500000000000000000e+01 6.830357313156127930e-01 5.941899871826171875e+01 5.076800155639648438e+01 4.233300018310546875e+01
1.000000000000000000e+00 5.892857313156127930e-01 6.168700027465820312e+01 4.778499984741210938e+01 4.344400024414062500e+01
1.300000000000000000e+01 5.937500000000000000e-01 6.029700088500976562e+01 4.530500030517578125e+01 4.610400009155273438e+01
0.000000000000000000e+00 3.125000000000000000e-01 6.238299942016601562e+01 4.497399902343750000e+01 4.927099990844726562e+01
0.000000000000000000e+00 1.651785671710968018e-01 6.340200042724609375e+01 4.179299926757812500e+01 5.107300186157226562e+01
3.000000000000000000e+00 1.741071492433547974e-01 6.048799896240234375e+01 4.231200027465820312e+01 5.369400024414062500e+01
3.000000000000000000e+00 4.642857015132904053e-01 5.776200103759765625e+01 4.304299926757812500e+01 5.105400085449218750e+01
1.800000000000000000e+01 4.330357015132904053e-01 5.812599945068359375e+01 4.687599945068359375e+01 5.114899826049804688e+01
1.900000000000000000e+01 5.848214030265808105e-01 5.794900131225585938e+01 4.898400115966796875e+01 4.795999908447265625e+01
7.000000000000000000e+00 3.973214328289031982e-01 6.083900070190429688e+01 5.150699996948242188e+01 4.745999908447265625e+01
1.600000000000000000e+01 4.464285671710968018e-01 6.083599853515625000e+01 5.430899810791015625e+01 4.465599822998046875e+01
1.500000000000000000e+01 4.151785671710968018e-01 6.321300125122070312e+01 5.303699874877929688e+01 4.177199935913085938e+01
0.000000000000000000e+00 3.883928656578063965e-01 6.289199829101562500e+01 5.537099838256835938e+01 3.856499862670898438e+01
1.700000000000000000e+01 4.553571343421936035e-01 6.049100112915039062e+01 5.787699890136718750e+01 3.693600082397460938e+01
9.000000000000000000e+00 3.482142984867095947e-01 5.961800003051757812e+01 5.970299911499023438e+01 3.369400024414062500e+01
1.300000000000000000e+01 4.241071343421936035e-01 5.691400146484375000e+01 6.018000030517578125e+01 3.105299949645996094e+01
1.800000000000000000e+01 4.017857015132904053e-01 5.638999938964843750e+01 5.900600051879882812e+01 2.740299987792968750e+01
1.700000000000000000e+01 1.607142835855484009e-01 5.786199951171875000e+01 6.053499984741210938e+01 2.419000053405761719e+01
7.000000000000000000e+00 7.589285820722579956e-02 5.640700149536132812e+01 6.111899948120117188e+01 2.069499969482421875e+01
1.700000000000000000e+01 1.339285671710968018e-01 5.695899963378906250e+01 5.750099945068359375e+01 1.976600074768066406e+01
9.000000000000000000e+00 3.571428656578063965e-01 5.516699981689453125e+01 5.657899856567382812e+01 2.297800064086914062e+01
7.000000000000000000e+00 3.750000000000000000e-01 5.841999816894531250e+01 5.525799942016601562e+01 2.457999992370605469e+01
1.200000000000000000e+01 3.660714328289031982e-01 6.030599975585937500e+01 5.620100021362304688e+01 2.780699920654296875e+01
9.000000000000000000e+00 9.821428358554840088e-02 6.686000061035156250e+01 5.643600082397460938e+01 3.080800056457519531e+01
1.200000000000000000e+01 2.946428656578063965e-01 6.502899932861328125e+01 5.468600082397460938e+01 3.373400115966796875e+01
1.800000000000000000e+01 1.517857164144515991e-01 6.815499877929687500e+01 5.270700073242187500e+01 3.465399932861328125e+01
1.800000000000000000e+01 4.017857089638710022e-02 7.153500366210937500e+01 5.152199935913085938e+01 3.303799819946289062e+01
7.000000000000000000e+00 1.785714365541934967e-02 7.283200073242187500e+01 4.795299911499023438e+01 3.229700088500976562e+01
7.000000000000000000e+00 0.000000000000000000e+00 7.528600311279296875e+01 4.800699996948242188e+01 3.527500152587890625e+01
7.000000000000000000e+00 2.232142910361289978e-02 7.276499938964843750e+01 4.961700057983398438e+01 3.761899948120117188e+01
1.500000000000000000e+01 1.071428582072257996e-01 7.009999847412109375e+01 4.691500091552734375e+01 3.696900177001953125e+01
2.200000000000000000e+01 1.205357164144515991e-01 6.985399627685546875e+01 4.380099868774414062e+01 3.920000076293945312e+01
7.000000000000000000e+00 2.276785671710968018e-01 6.777600097656250000e+01 4.059999847412109375e+01 3.994499969482421875e+01
9.000000000000000000e+00 4.375000000000000000e-01 6.452899932861328125e+01 4.114599990844726562e+01 4.188399887084960938e+01
1.100000000000000000e+01 6.696428656578063965e-01 6.073600006103515625e+01 4.174399948120117188e+01 4.191899871826171875e+01
2.000000000000000000e+01 7.500000000000000000e-01 5.981200027465820312e+01 4.518199920654296875e+01 4.032500076293945312e+01
1.300000000000000000e+01 8.839285969734191895e-01 5.663100051879882812e+01 4.725299835205078125e+01 3.966699981689453125e+01
2.200000000000000000e+01 8.973214030265808105e-01 5.591600036621093750e+01 5.010900115966796875e+01 3.704299926757812500e+01
7.000000000000000000e+00 9.241071343421936035e-01 5.280899810791015625e+01 5.220700073242187500e+01 3.788700103759765625e+01
1.100000000000000000e+01 8.794642686843872070e-01 5.113000106811523438e+01 5.462799835205078125e+01 3.531999969482421875e+01
3.000000000000000000e+00 7.633928656578063965e-01 4.898600006103515625e+01 5.783100128173828125e+01 3.566899871826171875e+01
1.800000000000000000e+01 8.214285969734191895e-01 4.620600128173828125e+01 5.646900177001953125e+01 3.342699813842773438e+01
1.300000000000000000e+01 7.410714030265808105e-01 4.316999816894531250e+01 5.798400115966796875e+01 3.525299835205078125e+01
1.700000000000000000e+01 5.535714030265808105e-01 4.458200073242187500e+01 6.144800186157226562e+01 3.480099868774414062e+01
2.000000000000000000e+01 5.491071343421936035e-01 4.521099853515625000e+01 6.092900085449218750e+01 3.100300025939941406e+01
1.900000000000000000e+01 5.580357313156127930e-01 4.157799911499023438e+01 5.977500152587890625e+01 3.075699996948242188e+01
1.300000000000000000e+01 3.526785671710968018e-01 4.007699966430664062e+01 6.266299819946289062e+01 3.284000015258789062e+01
0.000000000000000000e+00 2.232142835855484009e-01 4.232199859619140625e+01 6.517600250244140625e+01 3.082600021362304688e+01
1.200000000000000000e+01 2.008928507566452026e-01 4.047299957275390625e+01 6.403600311279296875e+01 2.765500068664550781e+01
9.000000000000000000e+00 1.383928507566452026e-01 3.708399963378906250e+01 6.434100341796875000e+01 2.951700019836425781e+01
1.100000000000000000e+01 3.214285671710968018e-01 3.649200057983398438e+01 6.071099853515625000e+01 3.044799995422363281e+01
1.700000000000000000e+01 4.910714328289031982e-01 3.618600082397460938e+01 5.913000106811523438e+01 3.379199981689453125e+01
1.600000000000000000e+01 7.008928656578063965e-01 3.755099868774414062e+01 5.544599914550781250e+01 3.337099838256835938e+01
1.500000000000000000e+01 7.589285969734191895e-01 3.645299911499023438e+01 5.241699981689453125e+01 3.547900009155273438e+01
7.000000000000000000e+00 8.616071343421936035e-01 4.169499969482421875e+01 5.384799957275390625e+01 3.886700057983398438e+01
0.000000000000000000e+00 9.776785969734191895e-01 4.752700042724609375e+01 5.091199874877929688e+01 3.572999954223632812e+01
7.000000000000000000e+00 9.866071343421936035e-01 5.025699996948242188e+01 4.885400009155273438e+01 3.735800170898437500e+01
2.200000000000000000e+01 9.821428656578063965e-01 5.255699920654296875e+01 4.606100082397460938e+01 3.611899948120117188e+01
2.200000000000000000e+01 9.464285969734191895e-01 5.438299942016601562e+01 4.379899978637695312e+01 3.863600158691406250e+01
1.500000000000000000e+01 8.660714030265808105e-01 5.718899917602539062e+01 4.145199966430664062e+01 3.760900115966796875e+01
1.800000000000000000e+01 6.964285969734191895e-01 6.028200149536132812e+01 3.944800186157226562e+01 3.869499969482421875e+01
0.000000000000000000e+00 5.446428656578063965e-01 6.333100128173828125e+01 4.015599822998046875e+01 3.649599838256835938e+01
2.000000000000000000e+00 2.901785671710968018e-01 6.653700256347656250e+01 3.821300125122070312e+01 3.584400177001953125e+01
3.000000000000000000e+00 2.500000000000000000e-01 6.557599639892578125e+01 3.501200103759765625e+01 3.768899917602539062e+01
1.700000000000000000e+01 1.294642835855484009e-01 6.654299926757812500e+01 3.289799880981445312e+01 3.470199966430664062e+01
9.000000000000000000e+00 6.250000000000000000e-02 6.954399871826171875e+01 3.506600189208984375e+01 3.405699920654296875e+01
1.600000000000000000e+01 8.482142537832260132e-02 6.986000061035156250e+01 3.848699951171875000e+01 3.237900161743164062e+01
1.000000000000000000e+00 2.053571492433547974e-01 6.735299682617187500e+01 3.974399948120117188e+01 2.984499931335449219e+01
1.000000000000000000e+00 2.633928656578063965e-01 6.638800048828125000e+01 4.297900009155273438e+01 2.822699928283691406e+01
2.000000000000000000e+01 5.312500000000000000e-01 6.287900161743164062e+01 4.390399932861328125e+01 2.925300025939941406e+01
1.800000000000000000e+01 5.982142686843872070e-01 6.072900009155273438e+01 4.597000122070312500e+01 2.684300041198730469e+01
1.100000000000000000e+01 7.901785969734191895e-01 5.716299819946289062e+01 4.650000000000000000e+01 2.834700012207031250e+01
0.000000000000000000e+00 7.991071343421936035e-01 5.422200012207031250e+01 4.763800048828125000e+01 2.617099952697753906e+01
0.000000000000000000e+00 9.017857313156127930e-01 5.116600036621093750e+01 4.909199905395507812e+01 2.788199996948242188e+01
1.200000000000000000e+01 8.437500000000000000e-01 4.802899932861328125e+01 4.945000076293945312e+01 2.567200088500976562e+01
1.200000000000000000e+01 8.348214030265808105e-01 4.547100067138671875e+01 5.184899902343750000e+01 2.710000038146972656e+01
1.700000000000000000e+01 7.767857313156127930e-01 4.176800155639648438e+01 5.222100067138671875e+01 2.702199935913085938e+01
1.600000000000000000e+01 7.544642686843872070e-01 3.916899871826171875e+01 5.343000030517578125e+01 2.956299972534179688e+01
2.000000000000000000e+01 7.946428656578063965e-01 3.726900100708007812e+01 5.024399948120117188e+01 3.045800018310546875e+01
1.700000000000000000e+01 8.928571343421936035e-01 3.992800140380859375e+01 4.771300125122070312e+01 2.928800010681152344e+01
2.000000000000000000e+01 9.508928656578063965e-01 4.383800125122070312e+01 4.767699813842773438e+01 2.963199996948242188e+01
1.700000000000000000e+01 9.419642686843872070e-01 4.609299850463867188e+01 4.511899948120117188e+01 2.773200035095214844e+01
1.800000000000000000e+01 9.553571343421936035e-01 4.981999969482421875e+01 4.489799880981445312e+01 2.887000083923339844e+01
1.800000000000000000e+01 8.705357313156127930e-01 5.252199935913085938e+01 4.278099822998046875e+01 2.712800025939941406e+01
0.000000000000000000e+00 7.812500000000000000e-01 5.627399826049804688e+01 4.240900039672851562e+01 2.750300025939941406e+01
2.200000000000000000e+01 5.758928656578063965e-01 5.902899932861328125e+01 4.127899932861328125e+01 2.504899978637695312e+01
2.200000000000000000e+01 4.821428656578063965e-01 6.185400009155273438e+01 3.952899932861328125e+01 2.687599945068359375e+01
1.800000000000000000e+01 1.919642835855484009e-01 6.517099761962890625e+01 3.896599960327148438e+01 2.503899955749511719e+01
2.000000000000000000e+00 4.910714179277420044e-02 6.891999816894531250e+01 3.800899887084960938e+01 2.552400016784667969e+01
1.600000000000000000e+01 1.339285727590322495e-02 7.144000244140625000e+01 4.095100021362304688e+01 2.590500068664550781e+01
