1 1 14 0 0.0119760479041916 0 0 29.321 14.772 30.165
1 2 18 0 0.10778443113772451 0 0 28.161 18.342 30.872
1 3 7 0 0.2694610778443114 0 0 29.343 21.164 28.619
1 4 20 0 0.562874251497006 0 0 29.434 24.751 29.799
1 5 13 0 0.6946107784431137 0 0 30.191 27.981 28.093
1 6 12 0 0.9041916167664671 0 0 31.845 30.361 30.541
1 7 22 0 0.9580838323353293 0 0 32.946 33.915 29.829
1 8 22 0 0.9880239520958084 0 0 35.526 36.197 31.465
1 9 22 0 0.9700598802395209 0 0 34.152 39.716 32.051
1 10 9 0 0.9281437125748503 0 0 36.265 42.672 33.025
1 11 0 0 0.7904191616766467 0 0 37.995 45.898 32.266
1 12 9 0 0.652694610778443 0 0 41.293 45.777 30.375
1 13 9 0 0.5748502994011976 0 0 44.588 45.290 32.240
1 14 22 0 0.7964071856287425 0 0 43.012 43.243 34.974
1 15 9 0 0.8203592814371258 0 0 44.600 39.912 34.130
1 16 13 0 0.9221556886227544 0 0 41.721 38.423 32.172
1 17 17 0 0.844311377245509 0 0 43.581 36.031 29.931
1 18 0 0 0.7724550898203593 0 0 46.056 35.309 32.688
1 19 12 0 0.8982035928143712 0 0 43.496 33.623 34.894
1 20 18 0 0.8862275449101796 0 0 42.382 31.209 32.171
1 21 11 0 0.6646706586826348 0 0 45.857 30.413 30.978
1 22 6 0 0.6287425149700598 0 0 46.775 29.739 34.550
1 23 12 0 0.6826347305389222 0 0 43.772 27.368 34.849
1 24 11 0 0.5269461077844311 0 0 44.603 25.178 31.887
1 25 6 0 0.2934131736526946 0 0 48.134 25.647 30.706
1 26 2 0 0.29940119760479034 0 0 49.400 26.488 34.151
1 27 10 0 0.2335329341317366 0 0 51.577 29.431 33.426
1 28 15 0 0.34730538922155685 0 0 51.394 33.261 33.514
1 29 22 0 0.35928143712574856 0 0 50.709 35.033 30.226
1 30 3 0 0.18562874251497008 0 0 52.178 38.469 29.712
1 31 7 0 0.11976047904191622 0 0 51.815 38.923 26.002
1 32 20 0 0.2574850299401197 0 0 48.376 39.611 24.582
1 33 3 0 0.20359281437125742 0 0 46.756 37.558 21.810
1 34 16 0 0.3293413173652695 0 0 43.173 38.301 21.032
1 35 18 0 0.49101796407185627 0 0 41.682 34.991 21.846
1 36 11 0 0.32335329341317365 0 0 39.068 35.469 19.213
1 37 7 0 0.10179640718562877 0 0 40.083 33.075 16.531
1 38 3 0 0.19161676646706582 0 0 41.639 31.014 19.280
1 39 17 0 0.4011976047904191 0 0 39.472 28.987 21.702
1 40 20 0 0.5329341317365269 0 0 40.329 27.192 24.931
1 41 1 0 0.5149700598802396 0 0 38.710 24.395 26.888
1 42 13 0 0.47904191616766467 0 0 39.215 22.380 30.039
1 43 6 0 0.221556886227545 0 0 37.899 18.949 30.680
1 44 22 0 0.20958083832335328 0 0 37.600 18.272 34.370
1 45 22 0 0.0718562874251496 0 0 35.774 16.011 36.868
1 46 11 0 0.17365269461077848 0 0 33.738 18.255 39.144
1 47 3 0 0.04790419161676651 0 0 31.757 16.789 41.995
1 48 9 0 0.0 0 0 31.466 13.343 40.569
1 49 7 0 0.02395209580838331 0 0 30.877 14.419 37.035
1 50 18 0 0.03592814371257491 0 0 33.004 14.960 33.987
1 51 5 0 0.21556886227544902 0 0 32.629 18.528 32.715
1 52 12 0 0.3173652694610779 0 0 33.649 20.380 29.618
1 53 12 0 0.6347305389221557 0 0 34.458 24.005 30.322
1 54 3 0 0.6467065868263473 0 0 34.754 26.108 27.181
1 55 11 0 0.8622754491017964 0 0 36.098 29.421 28.261
1 56 12 0 0.8562874251497006 0 0 35.569 32.620 26.244
1 57 3 0 0.874251497005988 0 0 37.748 35.646 26.612
1 58 18 0 0.8383233532934131 0 0 36.692 39.280 26.208
1 59 0 0 0.6047904191616766 0 0 38.555 41.144 23.672
1 60 9 0 0.4491017964071856 0 0 38.110 44.936 23.552
1 61 6 0 0.46706586826347307 0 0 35.840 47.088 25.532
1 62 7 0 0.38323353293413165 0 0 32.098 47.624 25.301
1 63 7 0 0.09580838323353291 0 0 30.563 49.835 22.617
1 64 20 0 0.053892215568862256 0 0 27.018 48.553 22.129
1 65 17 0 0.041916167664670656 0 0 26.984 45.949 19.448
1 66 0 0 0.029940119760479056 0 0 24.742 43.038 18.569
1 67 14 0 0.08383233532934131 0 0 27.808 41.056 17.751
1 68 1 0 0.33532934131736525 0 0 29.175 41.433 21.224
1 69 3 0 0.31137724550898194 0 0 25.774 40.369 22.530
1 70 6 0 0.19760479041916168 0 0 25.681 37.166 20.530
1 71 20 0 0.4850299401197605 0 0 29.229 36.405 21.801
1 72 14 0 0.658682634730539 0 0 27.900 36.817 25.346
1 73 1 0 0.44311377245508976 0 0 24.726 34.808 24.598
1 74 18 0 0.5029940119760479 0 0 26.562 31.570 24.202
1 75 9 0 0.7425149700598803 0 0 27.946 31.982 27.713
1 76 7 0 0.7125748502994012 0 0 26.184 30.364 30.628
1 77 9 0 0.8922155688622755 0 0 28.183 31.789 33.428
1 78 15 0 0.9640718562874252 0 0 30.351 34.839 33.848
1 79 12 0 0.9940119760479041 0 0 33.520 35.832 35.698
1 80 5 0 0.9820359281437125 0 0 33.505 39.456 36.757
1 81 22 0 0.9760479041916168 0 0 37.174 40.299 37.167
1 82 15 0 0.8682634730538922 0 0 38.482 43.423 38.766
1 83 0 0 0.7245508982035929 0 0 42.053 44.094 39.851
1 84 11 0 0.5089820359281436 0 0 42.850 45.326 43.334
1 85 2 0 0.26347305389221565 0 0 45.103 48.180 42.099
1 86 2 0 0.3532934131736526 0 0 42.492 49.644 39.765
1 87 18 0 0.22754491017964074 0 0 39.660 51.613 41.295
1 88 13 0 0.3053892215568862 0 0 37.844 52.044 38.049
1 89 17 0 0.6167664670658684 0 0 37.898 48.352 37.433
1 90 15 0 0.592814371257485 0 0 35.839 47.855 40.510
1 91 7 0 0.4131736526946108 0 0 33.706 50.754 39.397
1 92 3 0 0.5868263473053892 0 0 32.785 48.792 36.253
1 93 11 0 0.7365269461077844 0 0 31.325 45.900 38.153
1 94 10 0 0.5508982035928144 0 0 27.726 46.985 38.515
1 95 10 0 0.5209580838323353 0 0 27.389 47.822 34.909
1 96 20 0 0.7544910179640718 0 0 28.684 44.439 33.860
1 97 1 0 0.7065868263473054 0 0 26.008 42.701 35.907
1 98 7 0 0.43113772455089827 0 0 23.386 44.966 34.397
1 99 6 0 0.5449101796407185 0 0 24.823 44.062 30.974
1 100 11 0 0.7005988023952096 0 0 25.103 40.341 31.806
1 101 13 0 0.4730538922155688 0 0 21.475 40.511 32.936
1 102 1 0 0.281437125748503 0 0 20.604 42.228 29.670
1 103 22 0 0.39520958083832336 0 0 22.202 39.573 27.503
1 104 13 0 0.40718562874251496 0 0 20.873 36.544 29.434
1 105 3 0 0.12574850299401197 0 0 17.319 38.011 29.688
1 106 17 0 0.14371257485029942 0 0 17.261 37.640 33.415
1 107 7 0 0.16167664670658677 0 0 17.629 39.084 36.935
1 108 3 0 0.37125748502994016 0 0 19.898 36.465 38.473
1 109 22 0 0.6407185628742516 0 0 22.694 35.200 36.212
1 110 16 0 0.8083832335329342 0 0 25.428 32.978 37.598
1 111 14 0 0.9161676646706587 0 0 28.500 35.039 38.319
1 112 22 0 0.9461077844311377 0 0 31.660 35.020 40.373
1 113 12 0 0.9401197604790419 0 0 33.461 38.070 41.606
1 114 22 0 0.9520958083832335 0 0 37.180 37.796 41.047
1 115 9 0 0.8502994011976048 0 0 39.563 39.943 43.021
1 116 2 0 0.8323353293413174 0 0 42.719 39.780 40.909
1 117 13 0 0.5808383233532934 0 0 46.237 41.070 41.397
1 118 5 0 0.41916167664670656 0 0 46.754 40.298 45.019
1 119 3 0 0.15568862275449102 0 0 50.465 39.461 44.834
1 120 12 0 0.06586826347305386 0 0 50.965 43.228 45.169
1 121 16 0 0.0059880239520957446 0 0 51.679 44.151 48.833
1 122 17 0 0.017964071856287345 0 0 48.991 46.853 49.150
1 123 1 0 0.08982035928143717 0 0 45.364 46.832 47.992
1 124 18 0 0.07784431137724557 0 0 43.759 49.880 46.418
1 125 22 0 0.25149700598802394 0 0 40.404 48.311 46.027
1 126 3 0 0.13772455089820357 0 0 39.512 46.756 49.394
1 127 18 0 0.3413173652694611 0 0 38.771 43.087 49.460
1 128 13 0 0.11377245508982048 0 0 36.747 43.651 52.597
1 129 6 0 0.13173652694610782 0 0 34.412 45.947 50.737
1 130 0 0 0.4970059880239521 0 0 34.508 43.513 47.834
1 131 6 0 0.3892215568862275 0 0 33.433 40.679 50.150
1 132 3 0 0.14970059880239517 0 0 30.545 42.869 51.315
1 133 12 0 0.3652694610778443 0 0 29.586 43.790 47.776
1 134 0 0 0.5568862275449102 0 0 29.596 40.118 46.874
1 135 1 0 0.27544910179640725 0 0 27.469 39.395 50.017
1 136 17 0 0.17964071856287422 0 0 25.019 41.894 48.581
1 137 20 0 0.45508982035928147 0 0 24.923 40.424 45.065
1 138 9 0 0.4251497005988024 0 0 25.030 37.011 46.675
1 139 11 0 0.6766467065868262 0 0 27.941 35.951 44.470
1 140 16 0 0.7664670658682635 0 0 31.099 34.201 45.204
1 141 15 0 0.7784431137724551 0 0 34.101 36.250 46.083
1 142 11 0 0.8263473053892215 0 0 37.384 34.704 45.086
1 143 7 0 0.718562874251497 0 0 40.331 36.990 45.734
1 144 18 0 0.7305389221556886 0 0 43.222 35.706 43.573
1 145 17 0 0.6227544910179641 0 0 46.531 36.209 41.803
1 146 0 0 0.6706586826347305 0 0 47.292 35.072 38.282
1 147 13 0 0.3772455089820359 0 0 50.867 36.172 38.813
1 148 18 0 0.23952095808383234 0 0 51.540 33.794 41.641
1 149 1 0 0.437125748502994 0 0 48.763 31.437 40.940
1 150 6 0 0.4610778443113772 0 0 46.763 31.678 44.143
1 151 9 0 0.5988023952095809 0 0 43.480 29.806 43.786
1 152 22 0 0.8143712574850299 0 0 42.745 30.782 40.222
1 153 3 0 0.8023952095808383 0 0 40.757 27.619 39.542
1 154 3 0 0.7844311377245509 0 0 38.501 28.246 42.508
1 155 0 0 0.9341317365269461 0 0 36.888 30.875 40.466
1 156 15 0 0.9101796407185628 0 0 35.968 28.549 37.651
1 157 20 0 0.7485029940119761 0 0 34.896 25.720 39.877
1 158 18 0 0.7604790419161677 0 0 32.689 27.678 42.180
1 159 12 0 0.8802395209580838 0 0 30.858 29.180 39.198
1 160 22 0 0.688622754491018 0 0 29.959 25.635 38.015
1 161 1 0 0.5389221556886228 0 0 28.479 25.033 41.463
1 162 7 0 0.6107784431137725 0 0 26.530 28.293 41.267
1 163 11 0 0.5688622754491017 0 0 25.125 27.205 37.909
1 164 1 0 0.28742514970059885 0 0 24.004 23.924 39.287
1 165 13 0 0.16766467065868274 0 0 22.333 25.441 42.374
1 166 10 0 0.24550898203592808 0 0 20.752 28.220 40.346
1 167 13 0 0.059880239520958 0 0 17.999 26.242 38.625
