1 1 14 0 0.029940119760479056 0 0 36.501 49.082 18.054
1 2 18 0 0.11976047904191622 0 0 37.949 48.303 21.467
1 3 7 0 0.2694610778443114 0 0 39.340 44.929 22.401
1 4 20 0 0.5568862275449102 0 0 38.828 43.275 25.816
1 5 13 0 0.7125748502994012 0 0 40.552 40.198 27.154
1 6 12 0 0.9221556886227544 0 0 38.003 38.503 29.402
1 7 22 0 0.9580838323353293 0 0 38.739 35.550 31.572
1 8 22 0 0.9880239520958084 0 0 36.009 33.272 32.835
1 9 22 0 0.9700598802395209 0 0 37.109 31.839 36.128
1 10 9 0 0.9341317365269461 0 0 35.595 29.125 38.299
1 11 0 0 0.8083832335329342 0 0 35.216 25.659 39.722
1 12 9 0 0.6167664670658684 0 0 34.030 22.414 38.287
1 13 9 0 0.6047904191616766 0 0 30.437 22.378 36.922
1 14 22 0 0.8323353293413174 0 0 29.640 26.061 37.330
1 15 9 0 0.8682634730538922 0 0 28.882 26.981 33.813
1 16 13 0 0.9461077844311377 0 0 32.419 28.305 33.180
1 17 17 0 0.8562874251497006 0 0 32.402 27.154 29.591
1 18 0 0 0.7964071856287425 0 0 28.590 27.066 29.254
1 19 12 0 0.8922155688622755 0 0 27.977 30.842 29.497
1 20 18 0 0.874251497005988 0 0 30.530 31.498 26.822
1 21 11 0 0.658682634730539 0 0 28.964 28.773 24.668
1 22 6 0 0.5748502994011976 0 0 25.675 30.496 24.878
1 23 12 0 0.6646706586826348 0 0 27.021 34.038 24.122
1 24 11 0 0.5089820359281436 0 0 29.180 32.994 21.227
1 25 6 0 0.29940119760479034 0 0 28.225 29.685 19.572
1 26 2 0 0.22754491017964074 0 0 24.557 29.884 20.327
1 27 10 0 0.12574850299401197 0 0 23.392 26.359 20.588
1 28 15 0 0.14970059880239517 0 0 23.018 23.869 23.415
1 29 22 0 0.17964071856287422 0 0 26.165 21.993 24.358
1 30 3 0 0.0718562874251496 0 0 26.204 18.263 24.812
1 31 7 0 0.13173652694610782 0 0 29.607 17.786 26.480
1 32 20 0 0.3652694610778443 0 0 32.245 20.354 27.452
1 33 3 0 0.27544910179640725 0 0 35.470 20.591 25.489
1 34 16 0 0.3293413173652695 0 0 38.816 21.162 27.233
1 35 18 0 0.49101796407185627 0 0 39.307 24.602 25.696
1 36 11 0 0.32335329341317365 0 0 42.982 24.460 26.075
1 37 7 0 0.25149700598802394 0 0 43.833 26.955 23.383
1 38 3 0 0.34730538922155685 0 0 40.451 27.610 21.853
1 39 17 0 0.43113772455089827 0 0 39.240 30.981 20.929
1 40 20 0 0.562874251497006 0 0 35.906 32.610 21.677
1 41 1 0 0.4970059880239521 0 0 35.519 36.174 20.246
1 42 13 0 0.39520958083832336 0 0 32.506 38.181 19.243
1 43 6 0 0.2335329341317366 0 0 31.782 41.811 18.715
1 44 22 0 0.28742514970059885 0 0 29.130 43.434 20.913
1 45 22 0 0.14371257485029942 0 0 27.651 46.904 21.294
1 46 11 0 0.20958083832335328 0 0 28.069 48.421 24.761
1 47 3 0 0.06586826347305386 0 0 27.242 52.042 25.459
1 48 9 0 0.0119760479041916 0 0 27.485 52.921 21.821
1 49 7 0 0.04790419161676651 0 0 30.872 51.331 21.569
1 50 18 0 0.08383233532934131 0 0 31.715 48.273 19.508
1 51 5 0 0.2574850299401197 0 0 33.546 46.060 21.813
1 52 12 0 0.33532934131736525 0 0 35.474 42.936 20.690
1 53 12 0 0.6347305389221557 0 0 35.634 40.436 23.470
1 54 3 0 0.6407185628742516 0 0 38.543 38.053 23.538
1 55 11 0 0.8502994011976048 0 0 37.060 35.458 25.885
1 56 12 0 0.8383233532934131 0 0 39.638 33.050 27.508
1 57 3 0 0.8622754491017964 0 0 38.810 29.760 29.238
1 58 18 0 0.8203592814371258 0 0 40.803 28.497 32.220
1 59 0 0 0.5688622754491017 0 0 42.565 25.209 32.205
1 60 9 0 0.3173652694610779 0 0 45.525 23.489 34.035
1 61 6 0 0.24550898203592808 0 0 46.095 23.218 37.724
1 62 7 0 0.059880239520958 0 0 49.747 22.293 38.103
1 63 7 0 0.03592814371257491 0 0 52.349 24.881 39.162
1 64 20 0 0.0059880239520957446 0 0 54.432 23.990 36.162
1 65 17 0 0.0 0 0 54.262 22.527 32.714
1 66 0 0 0.07784431137724557 0 0 50.673 23.697 32.352
1 67 14 0 0.21556886227544902 0 0 48.918 26.760 30.981
1 68 1 0 0.41916167664670656 0 0 47.370 27.716 34.270
1 69 3 0 0.40718562874251496 0 0 48.698 31.152 35.076
1 70 6 0 0.3772455089820359 0 0 48.998 32.194 31.477
1 71 20 0 0.6706586826347305 0 0 45.213 32.856 31.385
1 72 14 0 0.688622754491018 0 0 45.388 34.735 34.704
1 73 1 0 0.47904191616766467 0 0 48.159 37.034 33.445
1 74 18 0 0.5269461077844311 0 0 46.518 37.489 30.102
1 75 9 0 0.7844311377245509 0 0 43.128 38.598 31.551
1 76 7 0 0.7065868263473054 0 0 42.010 42.183 31.527
1 77 9 0 0.8982035928143712 0 0 38.910 41.210 33.400
1 78 15 0 0.9640718562874252 0 0 37.820 38.267 35.473
1 79 12 0 0.9940119760479041 0 0 34.325 36.915 35.210
1 80 5 0 0.9820359281437125 0 0 33.914 34.865 38.385
1 81 22 0 0.9760479041916168 0 0 31.406 32.138 38.086
1 82 15 0 0.8862275449101796 0 0 29.863 29.999 40.810
1 83 0 0 0.7365269461077844 0 0 26.854 27.766 40.956
1 84 11 0 0.5209580838323353 0 0 24.070 28.810 43.383
1 85 2 0 0.281437125748503 0 0 23.429 25.199 44.368
1 86 2 0 0.3532934131736526 0 0 26.997 24.180 45.166
1 87 18 0 0.26347305389221565 0 0 28.704 25.515 48.321
1 88 13 0 0.3413173652694611 0 0 32.173 24.379 47.263
1 89 17 0 0.6467065868263473 0 0 31.913 26.585 44.157
1 90 15 0 0.6107784431137725 0 0 31.013 29.632 46.276
1 91 7 0 0.4610778443113772 0 0 33.839 28.881 48.609
1 92 3 0 0.6287425149700598 0 0 36.227 28.616 45.603
1 93 11 0 0.8023952095808383 0 0 35.710 32.256 44.750
1 94 10 0 0.5389221556886228 0 0 37.868 33.481 47.631
1 95 10 0 0.5149700598802396 0 0 40.627 31.185 46.461
1 96 20 0 0.7724550898203593 0 0 40.403 32.233 42.791
1 97 1 0 0.7425149700598803 0 0 40.339 35.865 43.860
1 98 7 0 0.4730538922155688 0 0 43.663 35.428 45.678
1 99 6 0 0.5029940119760479 0 0 45.170 33.278 42.969
1 100 11 0 0.652694610778443 0 0 44.660 35.895 40.341
1 101 13 0 0.437125748502994 0 0 46.066 38.430 42.761
1 102 1 0 0.221556886227545 0 0 49.179 36.358 42.774
1 103 22 0 0.3053892215568862 0 0 49.572 36.728 39.002
1 104 13 0 0.38323353293413165 0 0 48.079 40.151 38.443
1 105 3 0 0.13772455089820357 0 0 50.025 41.863 41.172
1 106 17 0 0.19161676646706582 0 0 46.929 43.591 42.600
1 107 7 0 0.35928143712574856 0 0 43.687 42.841 44.358
1 108 3 0 0.3892215568862275 0 0 41.876 45.688 42.623
1 109 22 0 0.5868263473053892 0 0 41.569 44.161 39.160
1 110 16 0 0.7604790419161677 0 0 38.182 44.378 37.467
1 111 14 0 0.9041916167664671 0 0 35.909 41.531 38.456
1 112 22 0 0.9401197604790419 0 0 32.301 40.459 38.406
1 113 12 0 0.9281437125748503 0 0 30.688 37.759 40.421
1 114 22 0 0.9520958083832335 0 0 28.303 35.549 38.336
1 115 9 0 0.844311377245509 0 0 25.811 33.422 40.215
1 116 2 0 0.8263473053892215 0 0 24.935 30.782 37.603
1 117 13 0 0.5449101796407185 0 0 22.022 28.371 37.738
1 118 5 0 0.44311377245508976 0 0 19.376 30.816 38.777
1 119 3 0 0.16167664670658677 0 0 16.302 29.067 37.344
1 120 12 0 0.09580838323353291 0 0 15.793 26.706 40.218
1 121 16 0 0.017964071856287345 0 0 13.793 27.358 43.383
1 122 17 0 0.02395209580838331 0 0 16.308 26.018 45.891
1 123 1 0 0.10778443113772451 0 0 19.806 27.114 46.887
1 124 18 0 0.08982035928143717 0 0 22.405 25.683 49.226
1 125 22 0 0.18562874251497008 0 0 24.331 28.932 48.973
1 126 3 0 0.11377245508982048 0 0 23.263 31.880 51.074
1 127 18 0 0.16766467065868274 0 0 22.351 34.817 48.823
1 128 13 0 0.10179640718562877 0 0 23.316 37.273 51.565
1 129 6 0 0.15568862275449102 0 0 26.730 35.567 51.787
1 130 0 0 0.4850299401197605 0 0 27.148 35.770 48.051
1 131 6 0 0.37125748502994016 0 0 26.171 39.418 48.164
1 132 3 0 0.17365269461077848 0 0 28.471 40.186 51.082
1 133 12 0 0.4491017964071856 0 0 31.261 38.464 49.217
1 134 0 0 0.5508982035928144 0 0 30.526 40.766 46.344
1 135 1 0 0.2934131736526946 0 0 30.387 43.946 48.396
1 136 17 0 0.19760479041916168 0 0 33.515 43.167 50.476
1 137 20 0 0.45508982035928147 0 0 35.656 42.721 47.403
1 138 9 0 0.4251497005988024 0 0 33.676 45.478 45.836
1 139 11 0 0.6766467065868262 0 0 32.336 43.725 42.748
1 140 16 0 0.7005988023952096 0 0 28.911 43.380 41.170
1 141 15 0 0.7664670658682635 0 0 26.921 40.125 41.703
1 142 11 0 0.8143712574850299 0 0 25.063 39.115 38.527
1 143 7 0 0.6946107784431137 0 0 22.495 36.319 38.628
1 144 18 0 0.7544910179640718 0 0 22.205 34.206 35.539
1 145 17 0 0.592814371257485 0 0 21.137 30.845 34.196
1 146 0 0 0.6826347305389222 0 0 23.236 29.296 31.487
1 147 13 0 0.4131736526946108 0 0 20.942 26.424 30.781
1 148 18 0 0.23952095808383234 0 0 17.799 28.558 30.619
1 149 1 0 0.4011976047904191 0 0 19.250 31.570 28.919
1 150 6 0 0.46706586826347307 0 0 18.782 34.237 31.588
1 151 9 0 0.5988023952095809 0 0 21.056 37.237 32.147
1 152 22 0 0.7904191616766467 0 0 23.824 35.634 30.162
1 153 3 0 0.7485029940119761 0 0 25.045 38.540 28.141
1 154 3 0 0.718562874251497 0 0 24.382 40.953 31.032
1 155 0 0 0.9101796407185628 0 0 27.318 39.586 32.937
1 156 15 0 0.9161676646706587 0 0 29.835 40.221 30.136
1 157 20 0 0.7305389221556886 0 0 28.347 43.614 29.433
1 158 18 0 0.7784431137724551 0 0 28.837 44.420 33.115
1 159 12 0 0.8802395209580838 0 0 32.344 43.141 33.080
1 160 22 0 0.7245508982035929 0 0 33.100 45.432 30.145
1 161 1 0 0.5329341317365269 0 0 31.681 48.398 32.115
1 162 7 0 0.6227544910179641 0 0 33.798 47.533 35.127
1 163 11 0 0.5808383233532934 0 0 36.938 47.355 33.058
1 164 1 0 0.31137724550898194 0 0 36.307 50.597 31.200
1 165 13 0 0.20359281437125742 0 0 35.408 52.489 34.329
1 166 10 0 0.053892215568862256 0 0 37.632 55.302 35.505
1 167 13 0 0.041916167664670656 0 0 36.861 55.696 39.213
