1 1 14 0 0.0 0 0 24.022 18.070 25.091
1 2 18 0 0.08383233532934131 0 0 23.967 21.061 27.434
1 3 7 0 0.31137724550898194 0 0 25.920 24.148 26.409
1 4 20 0 0.5748502994011976 0 0 26.655 27.363 28.192
1 5 13 0 0.7425149700598803 0 0 29.220 29.693 26.697
1 6 12 0 0.9221556886227544 0 0 30.660 32.051 29.232
1 7 22 0 0.9580838323353293 0 0 32.712 35.201 28.696
1 8 22 0 0.9880239520958084 0 0 35.432 36.410 31.028
1 9 22 0 0.9760479041916168 0 0 35.371 40.204 31.314
1 10 9 0 0.9341317365269461 0 0 37.495 42.729 33.071
1 11 0 0 0.7904191616766467 0 0 40.468 45.089 32.923
1 12 9 0 0.6227544910179641 0 0 44.072 44.291 32.025
1 13 9 0 0.592814371257485 0 0 45.829 42.351 34.702
1 14 22 0 0.8323353293413174 0 0 42.797 40.875 36.446
1 15 9 0 0.8383233532934131 0 0 43.843 37.282 35.953
1 16 13 0 0.9281437125748503 0 0 41.497 36.328 33.177
1 17 17 0 0.8203592814371258 0 0 43.593 33.625 31.606
1 18 0 0 0.7485029940119761 0 0 44.735 32.211 34.893
1 19 12 0 0.8922155688622755 0 0 41.135 31.794 36.074
1 20 18 0 0.8802395209580838 0 0 40.037 30.010 32.910
1 21 11 0 0.6467065868263473 0 0 43.100 27.776 32.602
1 22 6 0 0.6107784431137725 0 0 42.684 26.868 36.295
1 23 12 0 0.6766467065868262 0 0 39.241 25.551 35.545
1 24 11 0 0.5389221556886228 0 0 40.285 23.855 32.469
1 25 6 0 0.27544910179640725 0 0 43.832 22.475 32.710
1 26 2 0 0.29940119760479034 0 0 44.431 23.069 36.433
1 27 10 0 0.18562874251497008 0 0 47.604 24.855 35.552
1 28 15 0 0.281437125748503 0 0 48.926 28.230 36.681
1 29 22 0 0.28742514970059885 0 0 50.064 30.336 33.800
1 30 3 0 0.06586826347305386 0 0 53.509 31.453 32.684
1 31 7 0 0.08982035928143717 0 0 52.790 32.635 29.148
1 32 20 0 0.19760479041916168 0 0 50.564 35.344 27.897
1 33 3 0 0.20958083832335328 0 0 48.727 35.061 24.613
1 34 16 0 0.3652694610778443 0 0 45.815 37.000 23.202
1 35 18 0 0.4850299401197605 0 0 43.472 33.972 23.308
1 36 11 0 0.4011976047904191 0 0 41.307 34.988 20.403
1 37 7 0 0.15568862275449102 0 0 41.222 31.915 18.106
1 38 3 0 0.3173652694610779 0 0 42.056 29.762 21.142
1 39 17 0 0.44311377245508976 0 0 38.985 28.075 22.527
1 40 20 0 0.5329341317365269 0 0 39.214 26.358 25.890
1 41 1 0 0.46706586826347307 0 0 36.301 23.941 26.556
1 42 13 0 0.41916167664670656 0 0 35.357 21.779 29.444
1 43 6 0 0.17365269461077848 0 0 32.824 19.014 30.098
1 44 22 0 0.21556886227544902 0 0 31.766 19.096 33.816
1 45 22 0 0.11377245508982048 0 0 28.849 18.086 36.000
1 46 11 0 0.25149700598802394 0 0 26.822 21.089 37.134
1 47 3 0 0.09580838323353291 0 0 23.968 20.458 39.561
1 48 9 0 0.0059880239520957446 0 0 23.629 16.942 38.244
1 49 7 0 0.02395209580838331 0 0 23.750 17.679 34.520
1 50 18 0 0.03592814371257491 0 0 26.842 17.360 32.352
1 51 5 0 0.221556886227545 0 0 27.563 20.657 30.715
1 52 12 0 0.34730538922155685 0 0 29.804 21.974 28.057
1 53 12 0 0.6407185628742516 0 0 31.530 25.148 29.186
1 54 3 0 0.652694610778443 0 0 32.874 27.061 26.295
1 55 11 0 0.8502994011976048 0 0 35.065 29.727 27.764
1 56 12 0 0.8622754491017964 0 0 35.849 33.036 26.262
1 57 3 0 0.8982035928143712 0 0 38.840 34.929 27.499
1 58 18 0 0.8562874251497006 0 0 38.775 38.630 26.789
1 59 0 0 0.658682634730539 0 0 41.710 40.792 25.683
1 60 9 0 0.45508982035928147 0 0 42.491 44.277 24.407
1 61 6 0 0.35928143712574856 0 0 41.063 47.691 25.062
1 62 7 0 0.3532934131736526 0 0 37.533 48.674 24.102
1 63 7 0 0.0718562874251496 0 0 37.059 50.720 20.898
1 64 20 0 0.059880239520958 0 0 33.536 50.015 19.655
1 65 17 0 0.041916167664670656 0 0 34.519 47.386 17.106
1 66 0 0 0.029940119760479056 0 0 31.972 45.162 15.572
1 67 14 0 0.11976047904191622 0 0 34.361 42.320 16.207
1 68 1 0 0.38323353293413165 0 0 34.220 42.934 19.990
1 69 3 0 0.37125748502994016 0 0 30.413 42.897 20.155
1 70 6 0 0.26347305389221565 0 0 30.297 39.752 18.040
1 71 20 0 0.5089820359281436 0 0 32.921 37.993 20.163
1 72 14 0 0.688622754491018 0 0 30.930 38.956 23.281
1 73 1 0 0.5149700598802396 0 0 27.541 38.006 21.830
1 74 18 0 0.5269461077844311 0 0 27.947 34.233 21.971
1 75 9 0 0.7784431137724551 0 0 27.997 34.280 25.748
1 76 7 0 0.6706586826347305 0 0 24.842 33.229 27.535
1 77 9 0 0.874251497005988 0 0 26.438 34.668 30.709
1 78 15 0 0.9640718562874252 0 0 29.273 37.003 31.686
1 79 12 0 0.9940119760479041 0 0 31.824 36.544 34.440
1 80 5 0 0.9820359281437125 0 0 33.036 39.979 35.450
1 81 22 0 0.9700598802395209 0 0 36.469 40.173 37.086
1 82 15 0 0.8682634730538922 0 0 38.327 42.774 39.093
1 83 0 0 0.7065868263473054 0 0 41.494 42.491 41.145
1 84 11 0 0.49101796407185627 0 0 41.784 43.482 44.680
1 85 2 0 0.23952095808383234 0 0 45.201 45.068 44.551
1 86 2 0 0.2934131736526946 0 0 44.135 47.815 42.099
1 87 18 0 0.22754491017964074 0 0 41.105 50.100 42.465
1 88 13 0 0.3293413173652695 0 0 41.396 50.758 38.735
1 89 17 0 0.6167664670658684 0 0 39.941 47.374 37.865
1 90 15 0 0.5808383233532934 0 0 37.029 48.060 40.206
1 91 7 0 0.39520958083832336 0 0 36.509 51.436 38.496
1 92 3 0 0.562874251497006 0 0 36.209 49.925 35.014
1 93 11 0 0.7305389221556886 0 0 33.312 47.674 35.972
1 94 10 0 0.5209580838323353 0 0 30.574 50.142 35.238
1 95 10 0 0.4970059880239521 0 0 31.978 50.377 31.679
1 96 20 0 0.7964071856287425 0 0 32.179 46.581 31.448
1 97 1 0 0.7245508982035929 0 0 28.620 46.207 32.684
1 98 7 0 0.47904191616766467 0 0 27.402 48.738 30.163
1 99 6 0 0.5688622754491017 0 0 29.250 46.879 27.415
1 100 11 0 0.7365269461077844 0 0 27.720 43.490 28.282
1 101 13 0 0.5029940119760479 0 0 24.230 44.888 28.470
1 102 1 0 0.3053892215568862 0 0 24.627 46.779 25.205
1 103 22 0 0.3892215568862275 0 0 25.686 43.674 23.305
1 104 13 0 0.40718562874251496 0 0 23.010 41.233 24.487
1 105 3 0 0.12574850299401197 0 0 20.408 43.864 23.567
1 106 17 0 0.14371257485029942 0 0 18.923 43.964 27.071
1 107 7 0 0.17964071856287422 0 0 19.180 45.232 30.549
1 108 3 0 0.3413173652694611 0 0 18.774 41.671 31.722
1 109 22 0 0.5988023952095809 0 0 22.002 39.736 31.384
1 110 16 0 0.7724550898203593 0 0 23.312 36.982 33.599
1 111 14 0 0.9041916167664671 0 0 26.426 38.127 35.425
1 112 22 0 0.9461077844311377 0 0 28.573 37.187 38.352
1 113 12 0 0.9401197604790419 0 0 30.952 39.652 39.973
1 114 22 0 0.9520958083832335 0 0 34.411 38.446 40.910
1 115 9 0 0.844311377245509 0 0 37.046 39.831 43.104
1 116 2 0 0.8263473053892215 0 0 40.191 37.982 42.136
1 117 13 0 0.5868263473053892 0 0 43.617 37.673 43.641
1 118 5 0 0.437125748502994 0 0 42.500 37.201 47.209
1 119 3 0 0.16766467065868274 0 0 45.332 35.070 48.462
1 120 12 0 0.10778443113772451 0 0 46.996 38.421 48.876
1 121 16 0 0.017964071856287345 0 0 47.048 39.296 52.568
1 122 17 0 0.0119760479041916 0 0 45.996 42.915 52.348
1 123 1 0 0.053892215568862256 0 0 43.674 44.799 50.081
1 124 18 0 0.04790419161676651 0 0 43.042 48.161 48.543
1 125 22 0 0.20359281437125742 0 0 39.505 47.092 47.361
1 126 3 0 0.13772455089820357 0 0 36.743 46.602 49.879
1 127 18 0 0.2694610778443114 0 0 34.479 43.566 49.934
1 128 13 0 0.07784431137724557 0 0 31.825 45.571 51.822
1 129 6 0 0.13173652694610782 0 0 31.767 48.046 48.982
1 130 0 0 0.4610778443113772 0 0 31.817 45.191 46.503
1 131 6 0 0.33532934131736525 0 0 28.778 43.763 48.227
1 132 3 0 0.14970059880239517 0 0 27.168 47.161 47.730
1 133 12 0 0.3772455089820359 0 0 28.165 47.386 44.093
1 134 0 0 0.5449101796407185 0 0 26.911 43.858 43.466
1 135 1 0 0.2574850299401197 0 0 23.579 44.528 45.135
1 136 17 0 0.16167664670658677 0 0 23.260 47.711 43.185
1 137 20 0 0.4491017964071856 0 0 23.612 45.833 39.963
1 138 9 0 0.4251497005988024 0 0 21.760 42.617 40.994
1 139 11 0 0.6646706586826348 0 0 24.473 40.016 40.596
1 140 16 0 0.6946107784431137 0 0 26.296 37.753 43.007
1 141 15 0 0.7544910179640718 0 0 29.686 38.594 44.521
1 142 11 0 0.8083832335329342 0 0 32.457 36.057 44.900
1 143 7 0 0.7005988023952096 0 0 36.063 36.276 45.943
1 144 18 0 0.7844311377245509 0 0 38.315 33.947 44.121
1 145 17 0 0.6287425149700598 0 0 41.950 33.058 44.074
1 146 0 0 0.6826347305389222 0 0 43.537 32.372 40.737
1 147 13 0 0.4131736526946108 0 0 46.876 31.368 42.246
1 148 18 0 0.24550898203592808 0 0 45.742 28.797 44.708
1 149 1 0 0.4730538922155688 0 0 42.658 27.732 42.771
1 150 6 0 0.43113772455089827 0 0 40.166 27.959 45.650
1 151 9 0 0.6047904191616766 0 0 36.635 28.467 44.271
1 152 22 0 0.8143712574850299 0 0 37.589 28.971 40.649
1 153 3 0 0.7664670658682635 0 0 34.912 26.504 39.476
1 154 3 0 0.7125748502994012 0 0 32.572 27.999 41.999
1 155 0 0 0.9161676646706587 0 0 32.580 31.256 40.056
1 156 15 0 0.9101796407185628 0 0 31.744 29.393 36.914
1 157 20 0 0.7604790419161677 0 0 29.037 27.352 38.655
1 158 18 0 0.8023952095808383 0 0 27.480 30.385 40.199
1 159 12 0 0.8862275449101796 0 0 27.161 32.032 36.768
1 160 22 0 0.718562874251497 0 0 25.558 28.950 35.133
1 161 1 0 0.5508982035928144 0 0 23.032 29.196 37.973
1 162 7 0 0.6347305389221557 0 0 22.322 32.742 36.858
1 163 11 0 0.5568862275449102 0 0 21.540 31.386 33.336
1 164 1 0 0.32335329341317365 0 0 19.349 28.776 34.914
1 165 13 0 0.19161676646706582 0 0 17.450 31.419 36.763
1 166 10 0 0.2335329341317366 0 0 17.144 33.669 33.806
1 167 13 0 0.10179640718562877 0 0 15.539 31.644 31.036
