1 1 14 0 0.0059880239520957446 0 0 26.736 18.725 24.061
1 2 18 0 0.12574850299401197 0 0 25.704 21.617 26.276
1 3 7 0 0.29940119760479034 0 0 27.335 24.734 24.810
1 4 20 0 0.5808383233532934 0 0 27.732 27.826 26.950
1 5 13 0 0.7365269461077844 0 0 28.791 31.211 25.744
1 6 12 0 0.9101796407185628 0 0 30.515 32.964 28.635
1 7 22 0 0.9580838323353293 0 0 32.147 36.302 28.779
1 8 22 0 0.9820359281437125 0 0 34.997 37.451 31.004
1 9 22 0 0.9760479041916168 0 0 33.715 40.835 32.104
1 10 9 0 0.9341317365269461 0 0 35.571 43.594 33.872
1 11 0 0 0.8023952095808383 0 0 37.911 46.540 33.702
1 12 9 0 0.7005988023952096 0 0 41.363 45.743 32.470
1 13 9 0 0.6047904191616766 0 0 44.280 44.720 34.565
1 14 22 0 0.8203592814371258 0 0 42.598 42.058 36.635
1 15 9 0 0.8263473053892215 0 0 43.972 39.002 34.913
1 16 13 0 0.9281437125748503 0 0 41.000 38.243 32.672
1 17 17 0 0.8383233532934131 0 0 42.892 36.071 30.248
1 18 0 0 0.7724550898203593 0 0 44.729 34.517 33.168
1 19 12 0 0.8862275449101796 0 0 41.608 32.956 34.506
1 20 18 0 0.8682634730538922 0 0 40.678 31.714 31.056
1 21 11 0 0.6227544910179641 0 0 44.013 30.309 29.981
1 22 6 0 0.592814371257485 0 0 44.394 28.550 33.380
1 23 12 0 0.6766467065868262 0 0 40.908 26.978 32.922
1 24 11 0 0.5089820359281436 0 0 41.744 25.513 29.520
1 25 6 0 0.26347305389221565 0 0 45.405 25.357 28.681
1 26 2 0 0.2694610778443114 0 0 46.719 25.584 32.192
1 27 10 0 0.25149700598802394 0 0 49.040 28.495 31.582
1 28 15 0 0.3413173652694611 0 0 49.773 31.918 32.913
1 29 22 0 0.33532934131736525 0 0 50.007 34.886 30.551
1 30 3 0 0.10778443113772451 0 0 52.960 37.165 30.827
1 31 7 0 0.08383233532934131 0 0 52.189 38.860 27.565
1 32 20 0 0.221556886227545 0 0 49.038 40.570 26.445
1 33 3 0 0.21556886227544902 0 0 47.048 39.882 23.287
1 34 16 0 0.37125748502994016 0 0 43.613 41.133 22.328
1 35 18 0 0.4850299401197605 0 0 42.000 37.691 22.077
1 36 11 0 0.3652694610778443 0 0 39.532 38.586 19.375
1 37 7 0 0.13173652694610782 0 0 40.389 36.236 16.614
1 38 3 0 0.23952095808383234 0 0 41.463 33.651 19.099
1 39 17 0 0.41916167664670656 0 0 39.059 31.148 20.771
1 40 20 0 0.5269461077844311 0 0 39.786 29.135 23.899
1 41 1 0 0.49101796407185627 0 0 37.287 26.352 24.575
1 42 13 0 0.3892215568862275 0 0 37.040 23.274 26.694
1 43 6 0 0.17365269461077848 0 0 34.668 20.358 27.041
1 44 22 0 0.19161676646706582 0 0 34.136 19.428 30.624
1 45 22 0 0.09580838323353291 0 0 31.535 17.519 32.529
1 46 11 0 0.20359281437125742 0 0 29.618 19.604 34.990
1 47 3 0 0.053892215568862256 0 0 27.195 17.881 37.360
1 48 9 0 0.0 0 0 26.716 14.842 35.209
1 49 7 0 0.02395209580838331 0 0 26.221 16.681 31.932
1 50 18 0 0.041916167664670656 0 0 28.775 17.600 29.322
1 51 5 0 0.281437125748503 0 0 29.380 21.342 29.058
1 52 12 0 0.3532934131736526 0 0 31.140 23.076 26.154
1 53 12 0 0.6347305389221557 0 0 32.492 26.270 27.610
1 54 3 0 0.652694610778443 0 0 33.048 28.929 25.035
1 55 11 0 0.8622754491017964 0 0 35.039 31.531 26.845
1 56 12 0 0.8502994011976048 0 0 35.086 35.085 25.321
1 57 3 0 0.874251497005988 0 0 37.564 37.695 26.450
1 58 18 0 0.844311377245509 0 0 37.037 41.434 26.738
1 59 0 0 0.6107784431137725 0 0 39.112 44.319 25.669
1 60 9 0 0.4730538922155688 0 0 38.671 48.052 25.725
1 61 6 0 0.4251497005988024 0 0 36.340 50.541 27.417
1 62 7 0 0.3173652694610779 0 0 32.776 51.286 26.571
1 63 7 0 0.059880239520958 0 0 31.894 53.696 23.822
1 64 20 0 0.04790419161676651 0 0 28.287 52.791 23.160
1 65 17 0 0.029940119760479056 0 0 28.948 51.454 19.791
1 66 0 0 0.03592814371257491 0 0 26.653 48.781 18.427
1 67 14 0 0.07784431137724557 0 0 29.233 46.066 17.787
1 68 1 0 0.34730538922155685 0 0 30.188 45.954 21.443
1 69 3 0 0.3053892215568862 0 0 26.623 45.428 22.346
1 70 6 0 0.2335329341317366 0 0 26.405 42.539 19.967
1 71 20 0 0.5209580838323353 0 0 29.542 41.027 21.587
1 72 14 0 0.6646706586826348 0 0 27.906 41.271 24.968
1 73 1 0 0.4970059880239521 0 0 24.566 39.993 23.707
1 74 18 0 0.5149700598802396 0 0 26.432 36.960 22.325
1 75 9 0 0.7784431137724551 0 0 27.311 35.834 25.902
1 76 7 0 0.718562874251497 0 0 24.790 33.711 27.949
1 77 9 0 0.8922155688622755 0 0 26.672 34.164 31.203
1 78 15 0 0.9640718562874252 0 0 29.038 36.891 32.527
1 79 12 0 0.9940119760479041 0 0 32.083 36.107 34.604
1 80 5 0 0.9880239520958084 0 0 32.693 39.466 36.247
1 81 22 0 0.9700598802395209 0 0 36.198 39.877 37.537
1 82 15 0 0.8802395209580838 0 0 37.725 42.388 39.938
1 83 0 0 0.7544910179640718 0 0 41.211 41.902 41.428
1 84 11 0 0.5389221556886228 0 0 41.875 42.337 45.101
1 85 2 0 0.28742514970059885 0 0 44.670 44.908 44.878
1 86 2 0 0.43113772455089827 0 0 43.185 46.853 41.970
1 87 18 0 0.31137724550898194 0 0 40.671 49.268 43.387
1 88 13 0 0.3772455089820359 0 0 39.633 50.686 39.971
1 89 17 0 0.6706586826347305 0 0 38.068 47.375 38.921
1 90 15 0 0.6287425149700598 0 0 35.712 46.987 41.869
1 91 7 0 0.437125748502994 0 0 34.605 50.557 41.383
1 92 3 0 0.5868263473053892 0 0 33.428 49.602 37.898
1 93 11 0 0.7485029940119761 0 0 31.084 46.775 38.957
1 94 10 0 0.5329341317365269 0 0 27.884 48.817 39.157
1 95 10 0 0.5029940119760479 0 0 28.475 50.227 35.714
1 96 20 0 0.7604790419161677 0 0 29.302 46.847 34.203
1 97 1 0 0.7065868263473054 0 0 26.242 45.499 35.827
1 98 7 0 0.4610778443113772 0 0 23.971 48.107 34.276
1 99 6 0 0.5449101796407185 0 0 25.505 47.473 30.830
1 100 11 0 0.6826347305389222 0 0 24.881 43.758 31.161
1 101 13 0 0.46706586826347307 0 0 21.251 44.489 32.021
1 102 1 0 0.24550898203592808 0 0 20.986 46.987 29.174
1 103 22 0 0.32335329341317365 0 0 21.952 44.751 26.380
1 104 13 0 0.4011976047904191 0 0 20.550 41.502 27.696
1 105 3 0 0.11377245508982048 0 0 16.986 42.899 27.830
1 106 17 0 0.14970059880239517 0 0 16.550 42.141 31.484
1 107 7 0 0.17964071856287422 0 0 17.318 43.297 34.980
1 108 3 0 0.35928143712574856 0 0 18.075 39.760 36.173
1 109 22 0 0.5988023952095809 0 0 21.053 38.203 34.451
1 110 16 0 0.7904191616766467 0 0 23.382 35.372 35.469
1 111 14 0 0.9221556886227544 0 0 26.762 36.688 36.668
1 112 22 0 0.9401197604790419 0 0 29.132 35.622 39.396
1 113 12 0 0.9461077844311377 0 0 31.734 38.038 40.897
1 114 22 0 0.9520958083832335 0 0 35.289 36.708 40.686
1 115 9 0 0.8562874251497006 0 0 37.789 38.205 43.085
1 116 2 0 0.8323353293413174 0 0 41.201 37.514 41.637
1 117 13 0 0.562874251497006 0 0 44.638 37.428 43.145
1 118 5 0 0.44311377245508976 0 0 43.573 36.248 46.622
1 119 3 0 0.16766467065868274 0 0 46.881 34.601 47.402
1 120 12 0 0.0718562874251496 0 0 48.205 37.957 48.340
1 121 16 0 0.017964071856287345 0 0 47.376 39.610 51.636
1 122 17 0 0.0119760479041916 0 0 47.682 43.243 50.545
1 123 1 0 0.10179640718562877 0 0 44.179 43.925 49.403
1 124 18 0 0.08982035928143717 0 0 42.978 47.363 48.374
1 125 22 0 0.27544910179640725 0 0 39.474 46.007 47.762
1 126 3 0 0.13772455089820357 0 0 37.451 45.690 50.919
1 127 18 0 0.20958083832335328 0 0 35.990 42.239 51.251
1 128 13 0 0.06586826347305386 0 0 33.065 43.597 53.251
1 129 6 0 0.16167664670658677 0 0 32.411 46.018 50.506
1 130 0 0 0.47904191616766467 0 0 32.535 43.097 48.097
1 131 6 0 0.2934131736526946 0 0 30.134 41.235 50.368
1 132 3 0 0.14371257485029942 0 0 27.738 44.138 50.592
1 133 12 0 0.4131736526946108 0 0 27.808 44.525 46.809
1 134 0 0 0.5508982035928144 0 0 27.266 40.819 46.323
1 135 1 0 0.22754491017964074 0 0 24.431 40.385 48.772
1 136 17 0 0.15568862275449102 0 0 22.699 43.562 47.590
1 137 20 0 0.40718562874251496 0 0 22.649 42.390 43.980
1 138 9 0 0.39520958083832336 0 0 22.038 38.766 44.823
1 139 11 0 0.658682634730539 0 0 25.084 37.441 43.116
1 140 16 0 0.7305389221556886 0 0 27.508 34.775 44.110
1 141 15 0 0.7844311377245509 0 0 30.895 36.136 44.904
1 142 11 0 0.7964071856287425 0 0 33.936 33.930 44.901
1 143 7 0 0.7245508982035929 0 0 37.643 34.495 45.501
1 144 18 0 0.7125748502994012 0 0 40.381 32.697 43.602
1 145 17 0 0.5688622754491017 0 0 44.059 32.933 42.802
1 146 0 0 0.6467065868263473 0 0 44.707 32.399 39.063
1 147 13 0 0.38323353293413165 0 0 48.424 32.361 39.742
1 148 18 0 0.19760479041916168 0 0 48.300 29.399 42.041
1 149 1 0 0.4491017964071856 0 0 45.287 27.966 40.191
1 150 6 0 0.45508982035928147 0 0 42.965 27.964 43.187
1 151 9 0 0.6167664670658684 0 0 39.250 28.336 42.630
1 152 22 0 0.8143712574850299 0 0 39.352 29.006 38.927
1 153 3 0 0.6946107784431137 0 0 37.233 25.942 38.258
1 154 3 0 0.688622754491018 0 0 34.793 26.809 41.110
1 155 0 0 0.9041916167664671 0 0 34.188 30.282 39.795
1 156 15 0 0.9161676646706587 0 0 33.540 29.168 36.254
1 157 20 0 0.7664670658682635 0 0 31.517 26.291 37.443
1 158 18 0 0.8083832335329342 0 0 29.521 28.606 39.628
1 159 12 0 0.8982035928143712 0 0 28.614 30.553 36.470
1 160 22 0 0.7425149700598803 0 0 27.123 27.395 34.929
1 161 1 0 0.5568862275449102 0 0 25.275 26.626 38.056
1 162 7 0 0.6407185628742516 0 0 23.826 30.076 37.945
1 163 11 0 0.5748502994011976 0 0 22.841 29.492 34.319
1 164 1 0 0.3293413173652695 0 0 21.154 26.231 35.081
1 165 13 0 0.18562874251497008 0 0 18.908 27.778 37.707
1 166 10 0 0.2574850299401197 0 0 17.810 30.903 35.810
1 167 13 0 0.11976047904191622 0 0 16.184 29.585 32.677
