1 1 14 0 0.0119760479041916 0 0 18.294 21.631 24.387
1 2 18 0 0.10778443113772451 0 0 19.393 24.290 26.736
1 3 7 0 0.27544910179640725 0 0 21.125 27.533 25.717
1 4 20 0 0.5748502994011976 0 0 23.079 29.659 28.194
1 5 13 0 0.7005988023952096 0 0 24.441 33.182 27.612
1 6 12 0 0.9041916167664671 0 0 27.395 33.342 30.007
1 7 22 0 0.9580838323353293 0 0 29.796 36.227 30.541
1 8 22 0 0.9880239520958084 0 0 33.483 35.953 31.501
1 9 22 0 0.9700598802395209 0 0 34.264 39.058 33.369
1 10 9 0 0.9341317365269461 0 0 37.112 40.606 35.275
1 11 0 0 0.7964071856287425 0 0 40.222 42.754 35.071
1 12 9 0 0.6227544910179641 0 0 43.097 42.686 32.687
1 13 9 0 0.592814371257485 0 0 45.493 39.931 33.275
1 14 22 0 0.8203592814371258 0 0 43.251 37.370 34.802
1 15 9 0 0.8263473053892215 0 0 43.328 34.988 31.801
1 16 13 0 0.9401197604790419 0 0 39.682 35.283 30.758
1 17 17 0 0.8323353293413174 0 0 40.342 34.092 27.186
1 18 0 0 0.7485029940119761 0 0 42.717 31.341 28.349
1 19 12 0 0.8982035928143712 0 0 40.053 29.850 30.554
1 20 18 0 0.8682634730538922 0 0 37.567 29.922 27.716
1 21 11 0 0.6467065868263473 0 0 39.952 28.601 25.081
1 22 6 0 0.5868263473053892 0 0 40.976 25.819 27.440
1 23 12 0 0.658682634730539 0 0 37.376 24.649 27.337
1 24 11 0 0.4730538922155688 0 0 37.129 24.597 23.574
1 25 6 0 0.21556886227544902 0 0 40.383 24.364 21.720
1 26 2 0 0.25149700598802394 0 0 42.118 22.618 24.581
1 27 10 0 0.19760479041916168 0 0 44.857 25.107 24.001
1 28 15 0 0.3173652694610779 0 0 46.553 28.088 25.624
1 29 22 0 0.38323353293413165 0 0 46.263 31.739 24.666
1 30 3 0 0.14371257485029942 0 0 49.556 33.520 24.179
1 31 7 0 0.09580838323353291 0 0 48.191 36.040 21.664
1 32 20 0 0.17365269461077848 0 0 45.968 39.011 22.076
1 33 3 0 0.18562874251497008 0 0 42.788 39.656 20.240
1 34 16 0 0.37125748502994016 0 0 39.929 41.670 21.590
1 35 18 0 0.4850299401197605 0 0 37.315 38.941 21.057
1 36 11 0 0.3652694610778443 0 0 34.574 41.365 20.084
1 37 7 0 0.13772455089820357 0 0 33.508 40.002 16.732
1 38 3 0 0.20958083832335328 0 0 35.045 36.603 17.144
1 39 17 0 0.3772455089820359 0 0 32.544 34.223 18.629
1 40 20 0 0.5149700598802396 0 0 33.309 31.185 20.729
1 41 1 0 0.5089820359281436 0 0 30.431 29.003 21.810
1 42 13 0 0.41916167664670656 0 0 30.374 25.304 22.446
1 43 6 0 0.2335329341317366 0 0 27.776 22.674 23.106
1 44 22 0 0.2574850299401197 0 0 28.514 20.187 25.853
1 45 22 0 0.12574850299401197 0 0 26.734 17.805 28.226
1 46 11 0 0.24550898203592808 0 0 26.029 18.940 31.818
1 47 3 0 0.053892215568862256 0 0 24.372 16.342 34.068
1 48 9 0 0.0 0 0 22.615 14.496 31.228
1 49 7 0 0.02395209580838331 0 0 21.472 17.608 29.476
1 50 18 0 0.04790419161676651 0 0 22.803 19.190 26.267
1 51 5 0 0.26347305389221565 0 0 23.947 22.739 27.021
1 52 12 0 0.34730538922155685 0 0 24.887 25.184 24.334
1 53 12 0 0.6287425149700598 0 0 27.145 27.726 26.027
1 54 3 0 0.652694610778443 0 0 27.368 31.104 24.326
1 55 11 0 0.8502994011976048 0 0 30.339 32.730 25.842
1 56 12 0 0.8622754491017964 0 0 30.893 36.475 26.044
1 57 3 0 0.874251497005988 0 0 34.476 37.499 26.468
1 58 18 0 0.844311377245509 0 0 34.827 41.012 27.840
1 59 0 0 0.6107784431137725 0 0 37.450 43.480 26.733
1 60 9 0 0.437125748502994 0 0 38.684 46.918 27.534
1 61 6 0 0.39520958083832336 0 0 38.065 49.064 30.540
1 62 7 0 0.29940119760479034 0 0 34.598 50.411 30.791
1 63 7 0 0.06586826347305386 0 0 33.341 53.283 28.834
1 64 20 0 0.041916167664670656 0 0 30.111 54.330 30.480
1 65 17 0 0.03592814371257491 0 0 28.031 53.225 27.528
1 66 0 0 0.029940119760479056 0 0 24.738 51.536 26.712
1 67 14 0 0.08982035928143717 0 0 26.344 48.952 24.451
1 68 1 0 0.35928143712574856 0 0 28.513 47.667 27.346
1 69 3 0 0.32335329341317365 0 0 25.551 47.607 29.613
1 70 6 0 0.281437125748503 0 0 23.802 45.403 27.092
1 71 20 0 0.5449101796407185 0 0 26.826 43.207 26.936
1 72 14 0 0.688622754491018 0 0 26.476 42.557 30.568
1 73 1 0 0.4970059880239521 0 0 22.722 42.302 30.518
1 74 18 0 0.5329341317365269 0 0 23.054 39.643 27.826
1 75 9 0 0.7844311377245509 0 0 24.556 37.400 30.510
1 76 7 0 0.7125748502994012 0 0 22.437 34.944 32.365
1 77 9 0 0.8862275449101796 0 0 25.252 33.955 34.637
1 78 15 0 0.9640718562874252 0 0 28.667 35.336 35.258
1 79 12 0 0.9940119760479041 0 0 32.203 34.064 35.635
1 80 5 0 0.9820359281437125 0 0 33.865 36.631 37.736
1 81 22 0 0.9760479041916168 0 0 37.595 36.279 37.389
1 82 15 0 0.8802395209580838 0 0 40.596 37.454 39.362
1 83 0 0 0.718562874251497 0 0 44.184 36.200 39.561
1 84 11 0 0.5029940119760479 0 0 45.658 34.773 42.709
1 85 2 0 0.28742514970059885 0 0 48.839 36.793 42.072
1 86 2 0 0.3892215568862275 0 0 47.056 40.142 41.565
1 87 18 0 0.3293413173652695 0 0 45.040 41.700 44.347
1 88 13 0 0.3532934131736526 0 0 43.853 44.588 42.239
1 89 17 0 0.6407185628742516 0 0 42.038 42.166 40.088
1 90 15 0 0.6047904191616766 0 0 40.551 40.855 43.309
1 91 7 0 0.4610778443113772 0 0 39.224 44.213 44.385
1 92 3 0 0.6167664670658684 0 0 37.342 44.525 41.089
1 93 11 0 0.8083832335329342 0 0 34.991 41.636 41.960
1 94 10 0 0.5508982035928144 0 0 32.889 44.036 44.073
1 95 10 0 0.5269461077844311 0 0 32.714 46.476 41.169
1 96 20 0 0.7784431137724551 0 0 31.533 43.895 38.656
1 97 1 0 0.7305389221556886 0 0 28.975 42.372 41.050
1 98 7 0 0.47904191616766467 0 0 27.532 45.817 41.420
1 99 6 0 0.5209580838323353 0 0 27.477 46.365 37.599
1 100 11 0 0.6826347305389222 0 0 25.937 42.898 37.293
1 101 13 0 0.44311377245508976 0 0 22.999 43.785 39.544
1 102 1 0 0.20359281437125742 0 0 22.345 47.128 37.894
1 103 22 0 0.31137724550898194 0 0 22.149 45.998 34.290
1 104 13 0 0.3413173652694611 0 0 20.098 42.934 35.140
1 105 3 0 0.07784431137724557 0 0 17.695 44.807 37.560
1 106 17 0 0.14970059880239517 0 0 18.068 42.303 40.180
1 107 7 0 0.13173652694610782 0 0 19.348 42.081 43.651
1 108 3 0 0.33532934131736525 0 0 20.554 38.486 43.264
1 109 22 0 0.5808383233532934 0 0 22.295 37.278 40.126
1 110 16 0 0.7604790419161677 0 0 23.969 33.948 39.536
1 111 14 0 0.9101796407185628 0 0 27.768 34.130 39.613
1 112 22 0 0.9461077844311377 0 0 30.842 32.153 40.487
1 113 12 0 0.9281437125748503 0 0 34.096 33.372 41.945
1 114 22 0 0.9520958083832335 0 0 37.045 32.227 39.902
1 115 9 0 0.8562874251497006 0 0 40.602 32.392 41.101
1 116 2 0 0.8383233532934131 0 0 42.746 31.870 38.020
1 117 13 0 0.5688622754491017 0 0 46.463 31.168 38.237
1 118 5 0 0.45508982035928147 0 0 46.480 28.651 41.026
1 119 3 0 0.16766467065868274 0 0 49.626 26.790 40.015
1 120 12 0 0.08383233532934131 0 0 51.804 29.666 41.069
1 121 16 0 0.0059880239520957446 0 0 54.207 29.179 43.925
1 122 17 0 0.017964071856287345 0 0 52.515 31.411 46.482
1 123 1 0 0.10179640718562877 0 0 49.073 32.870 46.603
1 124 18 0 0.0718562874251496 0 0 49.140 36.693 46.958
1 125 22 0 0.22754491017964074 0 0 45.424 36.829 47.384
1 126 3 0 0.11976047904191622 0 0 44.827 34.618 50.396
1 127 18 0 0.19161676646706582 0 0 42.779 31.510 49.802
1 128 13 0 0.059880239520958 0 0 41.152 32.038 53.171
1 129 6 0 0.15568862275449102 0 0 40.026 35.467 51.980
1 130 0 0 0.49101796407185627 0 0 38.918 34.328 48.529
1 131 6 0 0.4011976047904191 0 0 36.833 31.587 50.150
1 132 3 0 0.16167664670658677 0 0 35.396 33.876 52.766
1 133 12 0 0.4131736526946108 0 0 34.504 36.429 50.175
1 134 0 0 0.5568862275449102 0 0 32.544 34.017 48.017
1 135 1 0 0.2934131736526946 0 0 30.843 32.952 51.140
1 136 17 0 0.17964071856287422 0 0 29.728 36.499 52.021
1 137 20 0 0.4491017964071856 0 0 28.523 37.095 48.513
1 138 9 0 0.4251497005988024 0 0 27.006 33.655 48.432
1 139 11 0 0.6766467065868262 0 0 28.646 32.109 45.395
1 140 16 0 0.7065868263473054 0 0 30.951 29.206 44.899
1 141 15 0 0.7724550898203593 0 0 34.678 29.728 44.644
1 142 11 0 0.8143712574850299 0 0 36.685 27.952 41.946
1 143 7 0 0.6946107784431137 0 0 40.431 27.487 42.001
1 144 18 0 0.7544910179640718 0 0 41.648 27.155 38.470
1 145 17 0 0.5988023952095809 0 0 44.732 27.273 36.296
1 146 0 0 0.6706586826347305 0 0 44.413 28.274 32.661
1 147 13 0 0.40718562874251496 0 0 48.077 27.314 31.954
1 148 18 0 0.221556886227545 0 0 47.975 23.953 33.582
1 149 1 0 0.43113772455089827 0 0 44.354 22.929 32.731
1 150 6 0 0.46706586826347307 0 0 43.135 22.445 36.228
1 151 9 0 0.6646706586826348 0 0 39.587 23.368 36.973
1 152 22 0 0.7904191616766467 0 0 38.869 24.730 33.490
1 153 3 0 0.7245508982035929 0 0 35.684 22.858 32.746
1 154 3 0 0.7425149700598803 0 0 34.319 22.773 36.293
1 155 0 0 0.9161676646706587 0 0 34.174 26.564 36.477
1 156 15 0 0.9221556886227544 0 0 31.786 26.905 33.595
1 157 20 0 0.7664670658682635 0 0 29.847 23.877 34.724
1 158 18 0 0.8023952095808383 0 0 29.403 25.196 38.210
1 159 12 0 0.8922155688622755 0 0 27.909 28.369 36.799
1 160 22 0 0.7365269461077844 0 0 25.468 26.308 34.708
1 161 1 0 0.5389221556886228 0 0 24.361 24.655 37.952
1 162 7 0 0.6347305389221557 0 0 23.951 28.041 39.500
1 163 11 0 0.562874251497006 0 0 21.621 29.097 36.778
1 164 1 0 0.3053892215568862 0 0 19.619 25.950 37.453
1 165 13 0 0.23952095808383234 0 0 19.668 26.644 41.169
1 166 10 0 0.2694610778443114 0 0 18.571 30.275 40.697
1 167 13 0 0.11377245508982048 0 0 15.613 29.703 38.468
