1 1 14 0 0.02395209580838331 0 0 14.371 27.294 34.400
1 2 18 0 0.12574850299401197 0 0 15.574 30.782 35.195
1 3 7 0 0.29940119760479034 0 0 17.700 32.519 32.570
1 4 20 0 0.562874251497006 0 0 20.750 34.185 34.048
1 5 13 0 0.7125748502994012 0 0 23.049 36.577 32.219
1 6 12 0 0.9041916167664671 0 0 26.518 35.875 33.377
1 7 22 0 0.9520958083832335 0 0 29.281 38.033 31.922
1 8 22 0 0.9820359281437125 0 0 33.044 37.139 31.869
1 9 22 0 0.9700598802395209 0 0 35.354 40.060 32.428
1 10 9 0 0.9281437125748503 0 0 39.061 40.556 32.787
1 11 0 0 0.7844311377245509 0 0 42.340 41.194 31.099
1 12 9 0 0.6287425149700598 0 0 43.843 39.651 28.051
1 13 9 0 0.5688622754491017 0 0 45.739 36.378 28.709
1 14 22 0 0.8023952095808383 0 0 43.797 35.048 31.693
1 15 9 0 0.8383233532934131 0 0 41.743 32.490 29.918
1 16 13 0 0.9341317365269461 0 0 38.346 34.143 29.860
1 17 17 0 0.844311377245509 0 0 37.076 32.332 26.800
1 18 0 0 0.7604790419161677 0 0 38.508 29.028 27.759
1 19 12 0 0.8862275449101796 0 0 36.666 28.586 31.064
1 20 18 0 0.874251497005988 0 0 33.407 29.281 29.295
1 21 11 0 0.658682634730539 0 0 34.026 26.940 26.480
1 22 6 0 0.6047904191616766 0 0 35.348 24.387 28.908
1 23 12 0 0.6706586826347305 0 0 31.991 24.657 30.713
1 24 11 0 0.5089820359281436 0 0 29.697 24.230 27.854
1 25 6 0 0.2934131736526946 0 0 31.407 22.433 25.013
1 26 2 0 0.23952095808383234 0 0 33.762 20.337 27.258
1 27 10 0 0.18562874251497008 0 0 36.592 21.373 24.931
1 28 15 0 0.26347305389221565 0 0 39.915 23.027 25.360
1 29 22 0 0.3293413173652695 0 0 39.750 26.008 23.003
1 30 3 0 0.11377245508982048 0 0 42.837 26.268 20.842
1 31 7 0 0.10179640718562877 0 0 42.194 29.278 18.683
1 32 20 0 0.21556886227544902 0 0 41.287 32.900 19.381
1 33 3 0 0.20958083832335328 0 0 37.929 34.039 18.051
1 34 16 0 0.3532934131736526 0 0 36.455 37.349 19.272
1 35 18 0 0.47904191616766467 0 0 33.190 35.853 20.545
1 36 11 0 0.43113772455089827 0 0 31.563 39.213 20.570
1 37 7 0 0.14970059880239517 0 0 28.658 38.855 18.155
1 38 3 0 0.2574850299401197 0 0 27.288 35.558 19.599
1 39 17 0 0.5269461077844311 0 0 27.045 34.096 23.080
1 40 20 0 0.5209580838323353 0 0 26.686 30.555 24.243
1 41 1 0 0.4970059880239521 0 0 24.255 29.173 26.750
1 42 13 0 0.44311377245508976 0 0 23.827 26.311 29.018
1 43 6 0 0.17964071856287422 0 0 21.010 24.410 30.758
1 44 22 0 0.24550898203592808 0 0 22.565 22.908 33.784
1 45 22 0 0.13173652694610782 0 0 21.588 21.480 37.116
1 46 11 0 0.28742514970059885 0 0 23.069 23.500 39.974
1 47 3 0 0.08982035928143717 0 0 22.065 22.291 43.421
1 48 9 0 0.0 0 0 19.180 20.040 42.297
1 49 7 0 0.017964071856287345 0 0 17.459 22.713 40.166
1 50 18 0 0.041916167664670656 0 0 17.716 23.035 36.374
1 51 5 0 0.22754491017964074 0 0 19.120 26.493 35.690
1 52 12 0 0.32335329341317365 0 0 19.399 28.311 32.420
1 53 12 0 0.5808383233532934 0 0 22.535 30.251 31.712
1 54 3 0 0.6347305389221557 0 0 23.473 32.903 29.136
1 55 11 0 0.8502994011976048 0 0 27.185 33.423 29.262
1 56 12 0 0.8562874251497006 0 0 28.624 36.556 27.692
1 57 3 0 0.8682634730538922 0 0 32.154 36.671 26.463
1 58 18 0 0.8263473053892215 0 0 33.985 40.009 26.279
1 59 0 0 0.6167664670658684 0 0 36.696 41.589 24.251
1 60 9 0 0.49101796407185627 0 0 39.416 44.222 24.470
1 61 6 0 0.38323353293413165 0 0 39.828 47.615 26.003
1 62 7 0 0.34730538922155685 0 0 37.153 49.832 27.470
1 63 7 0 0.08383233532934131 0 0 35.886 52.824 25.504
1 64 20 0 0.07784431137724557 0 0 33.385 54.256 27.959
1 65 17 0 0.03592814371257491 0 0 30.603 53.823 25.515
1 66 0 0 0.029940119760479056 0 0 26.942 53.189 25.897
1 67 14 0 0.10778443113772451 0 0 26.974 49.884 23.994
1 68 1 0 0.37125748502994016 0 0 29.667 48.381 26.297
1 69 3 0 0.33532934131736525 0 0 27.758 49.729 29.281
1 70 6 0 0.2694610778443114 0 0 24.751 47.978 27.908
1 71 20 0 0.5449101796407185 0 0 26.445 44.585 27.970
1 72 14 0 0.652694610778443 0 0 26.945 45.273 31.680
1 73 1 0 0.40718562874251496 0 0 23.349 46.419 32.208
1 74 18 0 0.4850299401197605 0 0 22.357 43.223 30.388
1 75 9 0 0.718562874251497 0 0 24.248 41.115 32.886
1 76 7 0 0.688622754491018 0 0 23.275 40.617 36.468
1 77 9 0 0.8922155688622755 0 0 26.345 38.598 37.517
1 78 15 0 0.9640718562874252 0 0 29.990 38.974 36.728
1 79 12 0 0.9940119760479041 0 0 32.920 36.670 36.394
1 80 5 0 0.9880239520958084 0 0 36.126 38.519 36.986
1 81 22 0 0.9760479041916168 0 0 39.108 36.600 35.717
1 82 15 0 0.8802395209580838 0 0 42.699 37.268 36.711
1 83 0 0 0.7245508982035929 0 0 45.556 34.878 36.181
1 84 11 0 0.5149700598802396 0 0 48.015 34.170 38.936
1 85 2 0 0.31137724550898194 0 0 50.940 34.556 36.651
1 86 2 0 0.4011976047904191 0 0 49.643 37.835 35.166
1 87 18 0 0.2335329341317366 0 0 50.710 40.832 37.271
1 88 13 0 0.35928143712574856 0 0 48.560 43.404 35.611
1 89 17 0 0.6407185628742516 0 0 45.393 41.352 35.431
1 90 15 0 0.5988023952095809 0 0 45.141 41.751 39.199
1 91 7 0 0.4610778443113772 0 0 45.153 45.567 38.965
1 92 3 0 0.6227544910179641 0 0 42.239 45.559 36.574
1 93 11 0 0.7784431137724551 0 0 39.912 44.030 39.214
1 94 10 0 0.5389221556886228 0 0 39.436 47.226 41.178
1 95 10 0 0.5029940119760479 0 0 38.764 49.175 38.045
1 96 20 0 0.7544910179640718 0 0 36.324 46.521 36.738
1 97 1 0 0.7065868263473054 0 0 34.399 46.389 40.045
1 98 7 0 0.46706586826347307 0 0 33.958 50.165 39.959
1 99 6 0 0.5329341317365269 0 0 32.795 49.913 36.300
1 100 11 0 0.6646706586826348 0 0 30.283 47.224 37.246
1 101 13 0 0.4491017964071856 0 0 29.063 49.392 40.118
1 102 1 0 0.20359281437125742 0 0 28.512 52.476 38.033
1 103 22 0 0.25149700598802394 0 0 25.927 50.909 35.717
1 104 13 0 0.281437125748503 0 0 24.226 49.287 38.704
1 105 3 0 0.04790419161676651 0 0 23.863 52.378 40.769
1 106 17 0 0.13772455089820357 0 0 24.977 50.172 43.610
1 107 7 0 0.221556886227545 0 0 27.932 48.860 45.580
1 108 3 0 0.3892215568862275 0 0 26.586 45.321 46.009
1 109 22 0 0.6107784431137725 0 0 26.584 43.396 42.763
1 110 16 0 0.7964071856287425 0 0 27.164 39.673 42.362
1 111 14 0 0.9161676646706587 0 0 30.621 38.811 41.120
1 112 22 0 0.9461077844311377 0 0 33.133 36.001 41.797
1 113 12 0 0.9401197604790419 0 0 36.872 36.265 41.362
1 114 22 0 0.9580838323353293 0 0 38.417 33.628 39.124
1 115 9 0 0.8622754491017964 0 0 42.044 32.695 39.532
1 116 2 0 0.8203592814371258 0 0 43.000 30.972 36.369
1 117 13 0 0.5508982035928144 0 0 46.283 29.233 35.580
1 118 5 0 0.4251497005988024 0 0 46.699 27.432 38.888
1 119 3 0 0.16167664670658677 0 0 48.206 24.262 37.478
1 120 12 0 0.06586826347305386 0 0 51.618 25.981 37.607
1 121 16 0 0.0119760479041916 0 0 53.420 26.183 40.913
1 122 17 0 0.0059880239520957446 0 0 55.217 29.499 41.019
1 123 1 0 0.0718562874251496 0 0 52.935 32.480 41.331
1 124 18 0 0.059880239520958 0 0 53.649 36.080 40.402
1 125 22 0 0.19161676646706582 0 0 50.573 37.184 42.334
1 126 3 0 0.09580838323353291 0 0 50.592 36.675 46.112
1 127 18 0 0.16766467065868274 0 0 47.848 34.397 47.356
1 128 13 0 0.053892215568862256 0 0 47.501 36.330 50.529
1 129 6 0 0.14371257485029942 0 0 46.845 39.548 48.715
1 130 0 0 0.45508982035928147 0 0 44.360 37.679 46.504
1 131 6 0 0.3413173652694611 0 0 42.507 36.613 49.638
1 132 3 0 0.15568862275449102 0 0 42.737 40.109 51.000
1 133 12 0 0.4131736526946108 0 0 41.171 41.613 47.875
1 134 0 0 0.5568862275449102 0 0 38.431 38.986 47.843
1 135 1 0 0.3053892215568862 0 0 37.594 39.423 51.539
1 136 17 0 0.17365269461077848 0 0 37.713 43.242 51.331
1 137 20 0 0.41916167664670656 0 0 34.882 43.372 48.831
1 138 9 0 0.437125748502994 0 0 33.316 40.128 50.067
1 139 11 0 0.7005988023952096 0 0 33.704 38.211 46.799
1 140 16 0 0.7425149700598803 0 0 34.435 34.509 46.540
1 141 15 0 0.7904191616766467 0 0 37.812 33.638 45.132
1 142 11 0 0.8083832335329342 0 0 37.969 30.343 43.347
1 143 7 0 0.6946107784431137 0 0 41.139 28.850 42.067
1 144 18 0 0.7664670658682635 0 0 40.673 27.450 38.602
1 145 17 0 0.5868263473053892 0 0 42.538 25.456 36.054
1 146 0 0 0.6467065868263473 0 0 40.753 25.417 32.761
1 147 13 0 0.3772455089820359 0 0 43.305 23.065 31.154
1 148 18 0 0.19760479041916168 0 0 43.149 20.376 33.823
1 149 1 0 0.39520958083832336 0 0 39.405 20.818 34.375
1 150 6 0 0.4730538922155688 0 0 39.503 21.977 38.006
1 151 9 0 0.6826347305389222 0 0 37.257 24.799 39.364
1 152 22 0 0.8323353293413174 0 0 35.749 25.900 36.039
1 153 3 0 0.7365269461077844 0 0 32.207 24.684 36.554
1 154 3 0 0.7485029940119761 0 0 32.555 25.781 40.170
1 155 0 0 0.9221556886227544 0 0 33.531 29.391 39.150
1 156 15 0 0.9101796407185628 0 0 30.240 29.609 37.285
1 157 20 0 0.7724550898203593 0 0 28.152 27.622 39.704
1 158 18 0 0.8143712574850299 0 0 29.460 29.898 42.451
1 159 12 0 0.8982035928143712 0 0 28.298 32.989 40.699
1 160 22 0 0.7305389221556886 0 0 24.937 31.321 40.261
1 161 1 0 0.5748502994011976 0 0 25.016 31.011 44.040
1 162 7 0 0.6766467065868262 0 0 26.027 34.692 44.296
1 163 11 0 0.592814371257485 0 0 22.922 35.705 42.326
1 164 1 0 0.3652694610778443 0 0 20.774 33.260 44.338
1 165 13 0 0.27544910179640725 0 0 22.122 34.635 47.571
1 166 10 0 0.3173652694610779 0 0 21.674 38.157 46.363
1 167 13 0 0.11976047904191622 0 0 17.952 38.371 45.611
