5.000000000000000000e+00 9.821428358554840088e-02 2.580400085449218750e+01 3.831999969482421875e+01 4.314199829101562500e+01
1.600000000000000000e+01 2.187500000000000000e-01 2.681200027465820312e+01 4.177600097656250000e+01 4.179000091552734375e+01
1.200000000000000000e+01 4.776785671710968018e-01 3.039399909973144531e+01 4.081299972534179688e+01 4.117599868774414062e+01
1.400000000000000000e+01 5.178571343421936035e-01 3.130400085449218750e+01 3.828099822998046875e+01 3.857600021362304688e+01
2.200000000000000000e+01 7.008928656578063965e-01 3.482600021362304688e+01 3.761999893188476562e+01 3.747900009155273438e+01
1.300000000000000000e+01 6.607142686843872070e-01 3.539199829101562500e+01 3.531800079345703125e+01 3.447600173950195312e+01
2.200000000000000000e+01 7.276785969734191895e-01 3.906999969482421875e+01 3.428400039672851562e+01 3.391899871826171875e+01
1.200000000000000000e+01 6.741071343421936035e-01 4.012599945068359375e+01 3.340700149536132812e+01 3.014399909973144531e+01
3.000000000000000000e+00 6.428571343421936035e-01 4.326900100708007812e+01 3.193700027465820312e+01 2.874500083923339844e+01
0.000000000000000000e+00 5.937500000000000000e-01 4.506999969482421875e+01 3.298500061035156250e+01 2.560700035095214844e+01
2.200000000000000000e+01 3.973214328289031982e-01 4.725199890136718750e+01 2.981100082397460938e+01 2.512199974060058594e+01
1.000000000000000000e+00 2.232142835855484009e-01 4.436299896240234375e+01 2.734799957275390625e+01 2.459399986267089844e+01
9.000000000000000000e+00 2.901785671710968018e-01 4.150799942016601562e+01 2.984900093078613281e+01 2.411800003051757812e+01
1.700000000000000000e+01 2.723214328289031982e-01 3.958900070190429688e+01 2.820199966430664062e+01 2.688599967956542969e+01
1.600000000000000000e+01 3.348214328289031982e-01 3.822999954223632812e+01 2.878400039672851562e+01 3.025099945068359375e+01
0.000000000000000000e+00 5.401785969734191895e-01 4.102000045776367188e+01 2.939100074768066406e+01 3.284600067138671875e+01
1.100000000000000000e+01 3.437500000000000000e-01 4.039400100708007812e+01 2.698299980163574219e+01 3.564599990844726562e+01
2.000000000000000000e+00 3.303571343421936035e-01 4.112799835205078125e+01 2.665200042724609375e+01 3.935100173950195312e+01
2.200000000000000000e+01 6.205357313156127930e-01 4.234400177001953125e+01 3.026199913024902344e+01 3.930400085449218750e+01
0.000000000000000000e+00 6.473214030265808105e-01 4.255300140380859375e+01 3.180699920654296875e+01 4.272900009155273438e+01
1.400000000000000000e+01 7.410714030265808105e-01 4.174499893188476562e+01 3.538899993896484375e+01 4.364300155639648438e+01
2.200000000000000000e+01 7.232142686843872070e-01 3.940999984741210938e+01 4.086500167846679688e+01 4.677399826049804688e+01
1.500000000000000000e+01 6.919642686843872070e-01 4.027099990844726562e+01 4.386299896240234375e+01 4.899599838256835938e+01
1.000000000000000000e+00 5.848214030265808105e-01 3.840200042724609375e+01 4.706399917602539062e+01 4.983300018310546875e+01
1.300000000000000000e+01 5.223214030265808105e-01 3.975500106811523438e+01 5.046300125122070312e+01 5.095999908447265625e+01
0.000000000000000000e+00 2.410714328289031982e-01 3.840000152587890625e+01 5.207099914550781250e+01 5.413000106811523438e+01
0.000000000000000000e+00 9.375000000000000000e-02 3.827500152587890625e+01 5.583000183105468750e+01 5.519800186157226562e+01
3.000000000000000000e+00 8.482142537832260132e-02 4.181299972534179688e+01 5.597200012207031250e+01 5.672200012207031250e+01
3.000000000000000000e+00 3.080357015132904053e-01 4.316699981689453125e+01 5.421099853515625000e+01 5.355699920654296875e+01
1.800000000000000000e+01 2.946428656578063965e-01 4.367300033569335938e+01 5.087500000000000000e+01 5.528900146484375000e+01
1.900000000000000000e+01 5.000000000000000000e-01 4.271599960327148438e+01 4.803699874877929688e+01 5.311700057983398438e+01
7.000000000000000000e+00 3.392857015132904053e-01 4.014400100708007812e+01 4.545000076293945312e+01 5.432099914550781250e+01
1.600000000000000000e+01 4.285714328289031982e-01 4.021599960327148438e+01 4.185200119018554688e+01 5.303699874877929688e+01
1.500000000000000000e+01 3.928571343421936035e-01 3.676699829101562500e+01 4.167599868774414062e+01 5.156000137329101562e+01
0.000000000000000000e+00 4.107142984867095947e-01 3.647900009155273438e+01 3.820899963378906250e+01 5.006000137329101562e+01
1.700000000000000000e+01 5.044642686843872070e-01 3.846699905395507812e+01 3.536000061035156250e+01 4.813899993896484375e+01
9.000000000000000000e+00 4.062500000000000000e-01 3.760200119018554688e+01 3.224000167846679688e+01 4.606000137329101562e+01
1.300000000000000000e+01 4.821428656578063965e-01 3.873699951171875000e+01 3.065200042724609375e+01 4.290499877929687500e+01
1.800000000000000000e+01 4.464285671710968018e-01 3.745299911499023438e+01 2.987100028991699219e+01 3.936100006103515625e+01
1.700000000000000000e+01 1.964285671710968018e-01 3.514799880981445312e+01 2.692000007629394531e+01 3.853699874877929688e+01
7.000000000000000000e+00 8.928571641445159912e-02 3.553599929809570312e+01 2.459000015258789062e+01 3.548600006103515625e+01
1.700000000000000000e+01 1.160714253783226013e-01 3.360900115966796875e+01 2.696599960327148438e+01 3.320199966430664062e+01
9.000000000000000000e+00 3.526785671710968018e-01 3.595700073242187500e+01 2.967200088500976562e+01 3.403499984741210938e+01
7.000000000000000000e+00 3.705357015132904053e-01 3.358599853515625000e+01 3.183799934387207031e+01 3.616899871826171875e+01
1.200000000000000000e+01 4.196428656578063965e-01 3.381000137329101562e+01 3.245199966430664062e+01 3.981700134277343750e+01
9.000000000000000000e+00 1.428571492433547974e-01 2.949600028991699219e+01 3.418700027465820312e+01 4.478200149536132812e+01
1.200000000000000000e+01 3.125000000000000000e-01 3.226599884033203125e+01 3.632899856567382812e+01 4.611199951171875000e+01
1.800000000000000000e+01 1.919642835855484009e-01 2.963400077819824219e+01 3.860699844360351562e+01 4.765999984741210938e+01
1.800000000000000000e+01 6.250000000000000000e-02 2.590299987792968750e+01 3.968999862670898438e+01 4.779899978637695312e+01
7.000000000000000000e+00 3.125000000000000000e-02 2.401399993896484375e+01 4.288700103759765625e+01 4.672399902343750000e+01
7.000000000000000000e+00 4.464285913854837418e-03 2.322100067138671875e+01 4.392300033569335938e+01 5.030799865722656250e+01
7.000000000000000000e+00 3.571428731083869934e-02 2.684000015258789062e+01 4.300699996948242188e+01 5.137900161743164062e+01
1.500000000000000000e+01 1.383928507566452026e-01 2.835099983215332031e+01 4.511700057983398438e+01 4.854100036621093750e+01
2.200000000000000000e+01 1.071428582072257996e-01 2.897900009155273438e+01 4.876900100708007812e+01 4.977600097656250000e+01
7.000000000000000000e+00 2.008928507566452026e-01 3.048900032043457031e+01 5.207699966430664062e+01 4.858900070190429688e+01
9.000000000000000000e+00 3.660714328289031982e-01 3.431200027465820312e+01 5.229999923706054688e+01 4.827299880981445312e+01
1.100000000000000000e+01 6.517857313156127930e-01 3.740000152587890625e+01 5.145100021362304688e+01 4.640499877929687500e+01
2.000000000000000000e+01 7.321428656578063965e-01 3.794800186157226562e+01 4.760800170898437500e+01 4.563700103759765625e+01
1.300000000000000000e+01 8.839285969734191895e-01 4.088299942016601562e+01 4.586800003051757812e+01 4.426200103759765625e+01
2.200000000000000000e+01 9.107142686843872070e-01 4.069100189208984375e+01 4.236800003051757812e+01 4.271300125122070312e+01
7.000000000000000000e+00 9.285714030265808105e-01 4.399900054931640625e+01 4.038199996948242188e+01 4.294100189208984375e+01
1.100000000000000000e+01 9.151785969734191895e-01 4.437699890136718750e+01 3.732899856567382812e+01 4.067200088500976562e+01
3.000000000000000000e+00 8.258928656578063965e-01 4.704199981689453125e+01 3.461899948120117188e+01 4.130199813842773438e+01
1.800000000000000000e+01 8.660714030265808105e-01 4.830099868774414062e+01 3.427500152587890625e+01 3.765800094604492188e+01
1.300000000000000000e+01 7.589285969734191895e-01 5.177899932861328125e+01 3.295399856567382812e+01 3.857799911499023438e+01
1.700000000000000000e+01 5.982142686843872070e-01 5.044499969482421875e+01 2.979599952697753906e+01 4.034400177001953125e+01
2.000000000000000000e+01 6.026785969734191895e-01 4.817100143432617188e+01 2.902199935913085938e+01 3.723500061035156250e+01
1.900000000000000000e+01 5.580357313156127930e-01 5.112400054931640625e+01 2.873800086975097656e+01 3.472200012207031250e+01
1.300000000000000000e+01 3.750000000000000000e-01 5.345800018310546875e+01 2.719400024414062500e+01 3.723500061035156250e+01
0.000000000000000000e+00 2.455357164144515991e-01 5.094900131225585938e+01 2.436599922180175781e+01 3.783300018310546875e+01
1.200000000000000000e+01 1.830357164144515991e-01 5.140800094604492188e+01 2.355400085449218750e+01 3.395999908447265625e+01
9.000000000000000000e+00 1.473214328289031982e-01 5.525199890136718750e+01 2.418199920654296875e+01 3.421099853515625000e+01
1.100000000000000000e+01 3.258928656578063965e-01 5.504700088500976562e+01 2.741799926757812500e+01 3.238100051879882812e+01
1.700000000000000000e+01 4.598214328289031982e-01 5.741199874877929688e+01 3.025000000000000000e+01 3.351900100708007812e+01
1.600000000000000000e+01 7.053571343421936035e-01 5.528799819946289062e+01 3.339599990844726562e+01 3.390999984741210938e+01
1.500000000000000000e+01 7.946428656578063965e-01 5.657099914550781250e+01 3.696900177001953125e+01 3.301699829101562500e+01
7.000000000000000000e+00 8.928571343421936035e-01 5.365800094604492188e+01 3.774900054931640625e+01 3.920500183105468750e+01
0.000000000000000000e+00 9.866071343421936035e-01 4.719200134277343750e+01 4.063399887084960938e+01 3.768600082397460938e+01
7.000000000000000000e+00 9.910714030265808105e-01 4.564400100708007812e+01 4.346099853515625000e+01 3.970000076293945312e+01
2.200000000000000000e+01 9.776785969734191895e-01 4.268199920654296875e+01 4.575899887084960938e+01 3.906200027465820312e+01
2.200000000000000000e+01 9.464285969734191895e-01 4.162200164794921875e+01 4.884400177001953125e+01 4.112300109863281250e+01
1.500000000000000000e+01 8.303571343421936035e-01 3.813100051879882812e+01 5.039899826049804688e+01 4.075799942016601562e+01
1.800000000000000000e+01 6.696428656578063965e-01 3.557300186157226562e+01 5.262599945068359375e+01 4.244699859619140625e+01
0.000000000000000000e+00 5.312500000000000000e-01 3.227199935913085938e+01 5.065000152587890625e+01 4.290100097656250000e+01
2.000000000000000000e+00 2.544642984867095947e-01 2.870299911499023438e+01 5.184199905395507812e+01 4.329499816894531250e+01
3.000000000000000000e+00 2.098214328289031982e-01 2.867799949645996094e+01 5.514500045776367188e+01 4.139599990844726562e+01
1.700000000000000000e+01 4.910714179277420044e-02 2.532500076293945312e+01 5.681299972534179688e+01 4.088600158691406250e+01
9.000000000000000000e+00 1.785714365541934967e-02 2.371800041198730469e+01 5.414699935913085938e+01 4.320199966430664062e+01
1.600000000000000000e+01 6.696428358554840088e-02 2.419300079345703125e+01 5.030099868774414062e+01 4.324300003051757812e+01
1.000000000000000000e+00 1.875000000000000000e-01 2.594700050354003906e+01 4.880599975585937500e+01 4.031999969482421875e+01
1.000000000000000000e+00 2.767857015132904053e-01 2.689800071716308594e+01 4.531200027465820312e+01 3.924100112915039062e+01
2.000000000000000000e+01 5.535714030265808105e-01 3.037700080871582031e+01 4.474499893188476562e+01 3.778599929809570312e+01
1.800000000000000000e+01 6.116071343421936035e-01 3.150799942016601562e+01 4.194400024414062500e+01 3.544200134277343750e+01
1.100000000000000000e+01 8.080357313156127930e-01 3.520299911499023438e+01 4.158800125122070312e+01 3.477500152587890625e+01
0.000000000000000000e+00 8.169642686843872070e-01 3.686500167846679688e+01 3.920100021362304688e+01 3.224300003051757812e+01
0.000000000000000000e+00 9.017857313156127930e-01 4.063399887084960938e+01 3.874800109863281250e+01 3.248799896240234375e+01
1.200000000000000000e+01 8.526785969734191895e-01 4.260400009155273438e+01 3.714300155639648438e+01 2.973200035095214844e+01
1.200000000000000000e+01 8.348214030265808105e-01 4.590800094604492188e+01 3.541099929809570312e+01 3.037700080871582031e+01
1.700000000000000000e+01 7.500000000000000000e-01 4.913800048828125000e+01 3.450099945068359375e+01 2.840699958801269531e+01
1.600000000000000000e+01 7.187500000000000000e-01 5.274700164794921875e+01 3.397100067138671875e+01 2.981999969482421875e+01
2.000000000000000000e+01 7.633928656578063965e-01 5.441600036621093750e+01 3.716199874877929688e+01 2.849300003051757812e+01
1.700000000000000000e+01 8.705357313156127930e-01 5.103699874877929688e+01 3.913899993896484375e+01 2.802199935913085938e+01
2.000000000000000000e+01 9.419642686843872070e-01 4.776399993896484375e+01 3.965100097656250000e+01 2.984300041198730469e+01
1.700000000000000000e+01 9.508928656578063965e-01 4.459700012207031250e+01 4.177899932861328125e+01 2.911499977111816406e+01
1.800000000000000000e+01 9.687500000000000000e-01 4.170999908447265625e+01 4.272499847412109375e+01 3.131999969482421875e+01
1.800000000000000000e+01 8.750000000000000000e-01 3.821400070190429688e+01 4.427000045776367188e+01 3.067600059509277344e+01
0.000000000000000000e+00 7.991071343421936035e-01 3.500699996948242188e+01 4.505599975585937500e+01 3.259899902343750000e+01
2.200000000000000000e+01 5.758928656578063965e-01 3.129999923706054688e+01 4.551399993896484375e+01 3.188899993896484375e+01
2.200000000000000000e+01 4.732142984867095947e-01 2.944400024414062500e+01 4.785300064086914062e+01 3.428200149536132812e+01
1.800000000000000000e+01 2.053571492433547974e-01 2.560600090026855469e+01 4.744400024414062500e+01 3.436700057983398438e+01
2.000000000000000000e+00 5.803571268916130066e-02 2.272800064086914062e+01 4.945999908447265625e+01 3.577700042724609375e+01
1.600000000000000000e+01 8.928571827709674835e-03 1.994099998474121094e+01 4.725999832153320312e+01 3.730199813842773438e+01
5.000000000000000000e+00 1.026785746216773987e-01 6.828700256347656250e+01 5.100099945068359375e+01 2.852700042724609375e+01
1.600000000000000000e+01 2.366071492433547974e-01 6.770300292968750000e+01 4.845000076293945312e+01 3.148699951171875000e+01
1.200000000000000000e+01 4.955357015132904053e-01 6.402700042724609375e+01 4.913399887084960938e+01 3.193799972534179688e+01
1.400000000000000000e+01 5.133928656578063965e-01 6.224900054931640625e+01 5.116400146484375000e+01 2.914800071716308594e+01
2.200000000000000000e+01 6.830357313156127930e-01 5.842200088500976562e+01 5.152099990844726562e+01 2.890500068664550781e+01
1.300000000000000000e+01 6.562500000000000000e-01 5.624300003051757812e+01 5.258000183105468750e+01 2.601700019836425781e+01
2.200000000000000000e+01 7.098214030265808105e-01 5.261700057983398438e+01 5.333100128173828125e+01 2.617000007629394531e+01
1.200000000000000000e+01 6.651785969734191895e-01 5.004000091552734375e+01 5.311700057983398438e+01 2.327599906921386719e+01
3.000000000000000000e+00 6.339285969734191895e-01 4.631499862670898438e+01 5.391400146484375000e+01 2.319000053405761719e+01
0.000000000000000000e+00 5.669642686843872070e-01 4.345299911499023438e+01 5.225299835205078125e+01 2.142900085449218750e+01
2.200000000000000000e+01 3.839285671710968018e-01 4.103300094604492188e+01 5.522200012207031250e+01 2.144300079345703125e+01
1.000000000000000000e+00 2.321428507566452026e-01 4.314400100708007812e+01 5.715299987792968750e+01 1.904299926757812500e+01
9.000000000000000000e+00 2.812500000000000000e-01 4.503300094604492188e+01 5.410599899291992188e+01 1.794700050354003906e+01
1.700000000000000000e+01 2.678571343421936035e-01 4.842900085449218750e+01 5.570899963378906250e+01 1.837400054931640625e+01
1.600000000000000000e+01 3.616071343421936035e-01 5.117200088500976562e+01 5.618899917602539062e+01 2.112299919128417969e+01
0.000000000000000000e+00 5.267857313156127930e-01 5.020000076293945312e+01 5.761000061035156250e+01 2.450399971008300781e+01
1.100000000000000000e+01 3.169642984867095947e-01 5.174599838256835938e+01 6.100500106811523438e+01 2.519499969482421875e+01
2.000000000000000000e+00 3.214285671710968018e-01 5.228499984741210938e+01 6.262099838256835938e+01 2.859900093078613281e+01
2.200000000000000000e+01 6.250000000000000000e-01 5.140100097656250000e+01 5.927199935913085938e+01 3.034300041198730469e+01
0.000000000000000000e+00 6.383928656578063965e-01 5.308599853515625000e+01 5.950400161743164062e+01 3.383100128173828125e+01
1.400000000000000000e+01 7.678571343421936035e-01 5.407699966430664062e+01 5.637500000000000000e+01 3.591299819946289062e+01
2.200000000000000000e+01 7.455357313156127930e-01 5.809299850463867188e+01 5.230300140380859375e+01 3.909299850463867188e+01
1.500000000000000000e+01 7.142857313156127930e-01 5.858100128173828125e+01 5.042900085449218750e+01 4.240999984741210938e+01
1.000000000000000000e+00 6.294642686843872070e-01 6.099800109863281250e+01 4.760699844360351562e+01 4.351699829101562500e+01
1.300000000000000000e+01 5.714285969734191895e-01 6.062400054931640625e+01 4.498300170898437500e+01 4.623300170898437500e+01
0.000000000000000000e+00 2.857142984867095947e-01 6.266799926757812500e+01 4.549900054931640625e+01 4.937500000000000000e+01
0.000000000000000000e+00 1.205357164144515991e-01 6.418800354003906250e+01 4.254899978637695312e+01 5.127999877929687500e+01
3.000000000000000000e+00 1.651785671710968018e-01 6.109400177001953125e+01 4.178400039672851562e+01 5.333399963378906250e+01
3.000000000000000000e+00 4.419642984867095947e-01 5.890800094604492188e+01 4.224800109863281250e+01 5.014899826049804688e+01
1.800000000000000000e+01 4.866071343421936035e-01 5.763000106811523438e+01 4.568199920654296875e+01 5.093199920654296875e+01
1.900000000000000000e+01 6.160714030265808105e-01 5.748699951171875000e+01 4.813999938964843750e+01 4.803499984741210938e+01
7.000000000000000000e+00 4.553571343421936035e-01 6.025000000000000000e+01 5.080099868774414062e+01 4.778799819946289062e+01
1.600000000000000000e+01 4.910714328289031982e-01 6.030799865722656250e+01 5.359899902343750000e+01 4.508200073242187500e+01
1.500000000000000000e+01 4.642857015132904053e-01 6.256999969482421875e+01 5.291099929809570312e+01 4.204100036621093750e+01
0.000000000000000000e+00 4.687500000000000000e-01 6.184700012207031250e+01 5.537500000000000000e+01 3.926499938964843750e+01
1.700000000000000000e+01 5.089285969734191895e-01 5.928200149536132812e+01 5.793700027465820312e+01 3.789599990844726562e+01
9.000000000000000000e+00 3.794642984867095947e-01 5.856399917602539062e+01 6.024700164794921875e+01 3.495199966430664062e+01
1.300000000000000000e+01 4.508928656578063965e-01 5.611000061035156250e+01 6.061999893188476562e+01 3.202999877929687500e+01
1.800000000000000000e+01 4.151785671710968018e-01 5.600899887084960938e+01 5.972399902343750000e+01 2.818700027465820312e+01
1.700000000000000000e+01 1.741071492433547974e-01 5.739899826049804688e+01 6.148099899291992188e+01 2.520700073242187500e+01
7.000000000000000000e+00 8.035714179277420044e-02 5.575199890136718750e+01 6.255300140380859375e+01 2.198299980163574219e+01
1.700000000000000000e+01 1.116071417927742004e-01 5.641899871826171875e+01 5.902700042724609375e+01 2.050099945068359375e+01
9.000000000000000000e+00 3.571428656578063965e-01 5.491099929809570312e+01 5.721900177001953125e+01 2.350499916076660156e+01
7.000000000000000000e+00 3.482142984867095947e-01 5.829199981689453125e+01 5.629299926757812500e+01 2.506699943542480469e+01
1.200000000000000000e+01 4.241071343421936035e-01 5.975000000000000000e+01 5.666500091552734375e+01 2.849099922180175781e+01
9.000000000000000000e+00 1.250000000000000000e-01 6.583000183105468750e+01 5.761199951171875000e+01 3.186000061035156250e+01
1.200000000000000000e+01 3.035714328289031982e-01 6.440200042724609375e+01 5.534799957275390625e+01 3.464199829101562500e+01
1.800000000000000000e+01 1.517857164144515991e-01 6.787100219726562500e+01 5.401699829101562500e+01 3.572299957275390625e+01
1.800000000000000000e+01 2.232142910361289978e-02 7.162799835205078125e+01 5.349599838256835938e+01 3.494499969482421875e+01
7.000000000000000000e+00 2.678571455180644989e-02 7.249700164794921875e+01 4.982099914550781250e+01 3.469599914550781250e+01
7.000000000000000000e+00 0.000000000000000000e+00 7.460099792480468750e+01 5.020199966430664062e+01 3.797000122070312500e+01
7.000000000000000000e+00 4.464285820722579956e-02 7.158100128173828125e+01 5.078799819946289062e+01 4.000699996948242188e+01
1.500000000000000000e+01 1.607142835855484009e-01 6.936199951171875000e+01 4.809099960327148438e+01 3.848199844360351562e+01
2.200000000000000000e+01 1.294642835855484009e-01 6.948999786376953125e+01 4.485900115966796875e+01 4.059000015258789062e+01
7.000000000000000000e+00 2.276785671710968018e-01 6.769499969482421875e+01 4.147499847412109375e+01 4.116999816894531250e+01
9.000000000000000000e+00 4.375000000000000000e-01 6.411000061035156250e+01 4.095100021362304688e+01 4.249300003051757812e+01
1.100000000000000000e+01 6.785714030265808105e-01 6.045000076293945312e+01 4.151499938964843750e+01 4.195899963378906250e+01
2.000000000000000000e+01 7.812500000000000000e-01 5.962699890136718750e+01 4.501699829101562500e+01 4.035300064086914062e+01
1.300000000000000000e+01 8.973214030265808105e-01 5.651100158691406250e+01 4.677899932861328125e+01 3.927999877929687500e+01
2.200000000000000000e+01 9.196428656578063965e-01 5.528099822998046875e+01 4.958800125122070312e+01 3.694699859619140625e+01
7.000000000000000000e+00 9.598214030265808105e-01 5.217599868774414062e+01 5.142200088500976562e+01 3.800600051879882812e+01
1.100000000000000000e+01 9.241071343421936035e-01 5.080099868774414062e+01 5.347200012207031250e+01 3.509999847412109375e+01
3.000000000000000000e+00 8.437500000000000000e-01 4.857899856567382812e+01 5.641500091552734375e+01 3.593199920654296875e+01
1.800000000000000000e+01 8.571428656578063965e-01 4.618999862670898438e+01 5.586600112915039062e+01 3.304299926757812500e+01
1.300000000000000000e+01 7.723214030265808105e-01 4.300400161743164062e+01 5.740499877929687500e+01 3.460699844360351562e+01
1.700000000000000000e+01 6.071428656578063965e-01 4.489899826049804688e+01 6.091299819946289062e+01 3.442499923706054688e+01
2.000000000000000000e+01 5.892857313156127930e-01 4.546300125122070312e+01 6.035800170898437500e+01 3.077499961853027344e+01
1.900000000000000000e+01 5.625000000000000000e-01 4.172600173950195312e+01 5.973300170898437500e+01 2.991099929809570312e+01
1.300000000000000000e+01 3.883928656578063965e-01 4.050899887084960938e+01 6.237200164794921875e+01 3.236199951171875000e+01
0.000000000000000000e+00 2.500000000000000000e-01 4.268700027465820312e+01 6.492600250244140625e+01 3.053800010681152344e+01
1.200000000000000000e+01 1.785714328289031982e-01 4.049800109863281250e+01 6.436399841308593750e+01 2.751700019836425781e+01
9.000000000000000000e+00 1.562500000000000000e-01 3.721699905395507812e+01 6.409500122070312500e+01 2.954700088500976562e+01
1.100000000000000000e+01 2.991071343421936035e-01 3.681200027465820312e+01 6.046900177001953125e+01 2.844000053405761719e+01
1.700000000000000000e+01 4.330357015132904053e-01 3.531600189208984375e+01 5.845299911499023438e+01 3.140399932861328125e+01
1.600000000000000000e+01 6.964285969734191895e-01 3.786700057983398438e+01 5.578699874877929688e+01 3.273799896240234375e+01
1.500000000000000000e+01 8.035714030265808105e-01 3.709099960327148438e+01 5.264599990844726562e+01 3.490100097656250000e+01
7.000000000000000000e+00 9.062500000000000000e-01 4.258900070190429688e+01 5.354000091552734375e+01 3.825999832153320312e+01
0.000000000000000000e+00 9.821428656578063965e-01 4.747999954223632812e+01 4.963899993896484375e+01 3.452000045776367188e+01
7.000000000000000000e+00 9.955357313156127930e-01 4.983000183105468750e+01 4.747700119018554688e+01 3.670000076293945312e+01
2.200000000000000000e+01 9.732142686843872070e-01 5.285100173950195312e+01 4.542399978637695312e+01 3.553400039672851562e+01
2.200000000000000000e+01 9.642857313156127930e-01 5.448699951171875000e+01 4.316199874877929688e+01 3.825000000000000000e+01
1.500000000000000000e+01 8.616071343421936035e-01 5.749599838256835938e+01 4.092599868774414062e+01 3.722999954223632812e+01
1.800000000000000000e+01 6.875000000000000000e-01 6.057799911499023438e+01 3.922700119018554688e+01 3.848199844360351562e+01
0.000000000000000000e+00 5.446428656578063965e-01 6.368899917602539062e+01 4.084099960327148438e+01 3.688999938964843750e+01
2.000000000000000000e+00 2.633928656578063965e-01 6.714600372314453125e+01 3.908900070190429688e+01 3.633700180053710938e+01
3.000000000000000000e+00 2.142857164144515991e-01 6.642400360107421875e+01 3.553900146484375000e+01 3.736299896240234375e+01
1.700000000000000000e+01 7.589285820722579956e-02 6.850000000000000000e+01 3.397299957275390625e+01 3.457099914550781250e+01
9.000000000000000000e+00 5.357142910361289978e-02 7.107599639892578125e+01 3.692900085449218750e+01 3.491799926757812500e+01
1.600000000000000000e+01 7.142857462167739868e-02 7.105799865722656250e+01 4.053699874877929688e+01 3.354399871826171875e+01
1.000000000000000000e+00 1.696428507566452026e-01 6.843699645996093750e+01 4.115499877929687500e+01 3.084300041198730469e+01
1.000000000000000000e+00 2.589285671710968018e-01 6.698600006103515625e+01 4.432099914550781250e+01 2.925699996948242188e+01
2.000000000000000000e+01 5.357142686843872070e-01 6.323099899291992188e+01 4.490299987792968750e+01 2.974699974060058594e+01
1.800000000000000000e+01 5.803571343421936035e-01 6.098300170898437500e+01 4.647299957275390625e+01 2.721699905395507812e+01
1.100000000000000000e+01 7.901785969734191895e-01 5.737099838256835938e+01 4.685800170898437500e+01 2.844599914550781250e+01
0.000000000000000000e+00 7.857142686843872070e-01 5.472299957275390625e+01 4.770999908447265625e+01 2.598699951171875000e+01
0.000000000000000000e+00 8.794642686843872070e-01 5.121200180053710938e+01 4.880099868774414062e+01 2.724200057983398438e+01
1.200000000000000000e+01 8.214285969734191895e-01 4.808900070190429688e+01 4.952500152587890625e+01 2.520499992370605469e+01
1.200000000000000000e+01 8.392857313156127930e-01 4.532099914550781250e+01 5.148899841308593750e+01 2.695499992370605469e+01
1.700000000000000000e+01 7.767857313156127930e-01 4.151599884033203125e+01 5.186399841308593750e+01 2.655999946594238281e+01
1.600000000000000000e+01 7.366071343421936035e-01 3.908800125122070312e+01 5.325299835205078125e+01 2.929000091552734375e+01
2.000000000000000000e+01 8.125000000000000000e-01 3.729000091552734375e+01 4.997600173950195312e+01 3.020400047302246094e+01
1.700000000000000000e+01 8.883928656578063965e-01 4.021699905395507812e+01 4.770100021362304688e+01 2.914399909973144531e+01
2.000000000000000000e+01 9.553571343421936035e-01 4.399700164794921875e+01 4.741699981689453125e+01 2.897100067138671875e+01
1.700000000000000000e+01 9.330357313156127930e-01 4.659000015258789062e+01 4.511399841308593750e+01 2.746599960327148438e+01
1.800000000000000000e+01 9.375000000000000000e-01 5.027600097656250000e+01 4.465599822998046875e+01 2.823299980163574219e+01
1.800000000000000000e+01 8.482142686843872070e-01 5.331800079345703125e+01 4.267200088500976562e+01 2.689599990844726562e+01
0.000000000000000000e+00 7.544642686843872070e-01 5.698899841308593750e+01 4.235200119018554688e+01 2.768199920654296875e+01
2.200000000000000000e+01 5.491071343421936035e-01 5.987799835205078125e+01 4.145399856567382812e+01 2.542900085449218750e+01
2.200000000000000000e+01 4.017857015132904053e-01 6.313600158691406250e+01 4.040999984741210938e+01 2.715699958801269531e+01
1.800000000000000000e+01 1.339285671710968018e-01 6.653800201416015625e+01 4.025699996948242188e+01 2.539900016784667969e+01
2.000000000000000000e+00 4.017857089638710022e-02 7.016899871826171875e+01 4.010499954223632812e+01 2.665200042724609375e+01
1.600000000000000000e+01 1.339285727590322495e-02 7.174099731445312500e+01 4.361600112915039062e+01 2.719300079345703125e+01
