1 1 14 0 0.041916167664670656 0 0 30.936 51.961 24.669
1 2 18 0 0.13772455089820357 0 0 32.831 50.874 27.714
1 3 7 0 0.32335329341317365 0 0 34.910 47.747 27.245
1 4 20 0 0.6047904191616766 0 0 35.251 45.199 30.024
1 5 13 0 0.718562874251497 0 0 37.720 42.330 29.915
1 6 12 0 0.9221556886227544 0 0 35.946 39.308 31.347
1 7 22 0 0.9580838323353293 0 0 37.728 36.045 32.326
1 8 22 0 0.9880239520958084 0 0 35.707 32.800 32.345
1 9 22 0 0.9700598802395209 0 0 37.182 30.295 34.711
1 10 9 0 0.9281437125748503 0 0 36.072 26.901 35.772
1 11 0 0 0.7784431137724551 0 0 37.075 23.275 35.923
1 12 9 0 0.592814371257485 0 0 36.501 20.578 33.414
1 13 9 0 0.5449101796407185 0 0 33.063 19.631 32.142
1 14 22 0 0.8083832335329342 0 0 31.256 22.559 33.706
1 15 9 0 0.8263473053892215 0 0 30.212 23.979 30.328
1 16 13 0 0.9341317365269461 0 0 32.443 26.983 30.654
1 17 17 0 0.8622754491017964 0 0 32.856 27.967 26.991
1 18 0 0 0.7964071856287425 0 0 29.358 26.988 26.220
1 19 12 0 0.8922155688622755 0 0 27.975 29.786 28.290
1 20 18 0 0.8802395209580838 0 0 30.084 32.199 26.219
1 21 11 0 0.652694610778443 0 0 28.965 30.569 22.972
1 22 6 0 0.6467065868263473 0 0 25.478 31.132 24.296
1 23 12 0 0.7245508982035929 0 0 26.334 34.799 25.008
1 24 11 0 0.5329341317365269 0 0 27.900 35.694 21.675
1 25 6 0 0.31137724550898194 0 0 26.371 33.571 18.967
1 26 2 0 0.3652694610778443 0 0 23.507 32.027 20.899
1 27 10 0 0.16766467065868274 0 0 23.689 28.691 19.132
1 28 15 0 0.19161676646706582 0 0 25.268 25.334 19.946
1 29 22 0 0.15568862275449102 0 0 28.766 24.684 18.692
1 30 3 0 0.04790419161676651 0 0 29.783 21.306 17.427
1 31 7 0 0.10778443113772451 0 0 33.203 20.987 19.024
1 32 20 0 0.35928143712574856 0 0 34.550 23.789 21.223
1 33 3 0 0.2335329341317366 0 0 37.840 25.018 19.891
1 34 16 0 0.3772455089820359 0 0 40.417 25.613 22.581
1 35 18 0 0.4850299401197605 0 0 40.587 29.407 22.740
1 36 11 0 0.28742514970059885 0 0 44.152 30.441 22.651
1 37 7 0 0.23952095808383234 0 0 43.877 33.973 21.169
1 38 3 0 0.3173652694610779 0 0 40.278 33.696 19.923
1 39 17 0 0.44311377245508976 0 0 38.351 36.833 20.749
1 40 20 0 0.5508982035928144 0 0 34.633 36.892 21.521
1 41 1 0 0.5149700598802396 0 0 32.762 40.076 22.315
1 42 13 0 0.43113772455089827 0 0 29.417 41.822 22.093
1 43 6 0 0.26347305389221565 0 0 28.197 45.229 23.039
1 44 22 0 0.24550898203592808 0 0 25.037 45.659 25.079
1 45 22 0 0.13173652694610782 0 0 23.282 48.196 27.174
1 46 11 0 0.221556886227545 0 0 23.618 47.877 30.959
1 47 3 0 0.07784431137724557 0 0 22.163 50.567 33.166
1 48 9 0 0.0119760479041916 0 0 21.958 53.302 30.551
1 49 7 0 0.03592814371257491 0 0 25.384 52.460 29.084
1 50 18 0 0.09580838323353291 0 0 26.567 50.274 26.186
1 51 5 0 0.29940119760479034 0 0 29.282 48.010 27.567
1 52 12 0 0.3892215568862275 0 0 31.460 45.864 25.338
1 53 12 0 0.6646706586826348 0 0 31.827 42.599 27.106
1 54 3 0 0.658682634730539 0 0 35.140 41.217 25.908
1 55 11 0 0.8682634730538922 0 0 35.318 37.643 27.140
1 56 12 0 0.8502994011976048 0 0 38.568 35.808 27.838
1 57 3 0 0.8562874251497006 0 0 39.352 32.134 28.377
1 58 18 0 0.7724550898203593 0 0 42.492 31.162 30.273
1 59 0 0 0.5029940119760479 0 0 44.847 29.607 27.741
1 60 9 0 0.2694610778443114 0 0 47.299 26.833 28.352
1 61 6 0 0.17964071856287422 0 0 47.207 23.424 29.887
1 62 7 0 0.06586826347305386 0 0 50.696 24.040 31.169
1 63 7 0 0.0718562874251496 0 0 51.829 26.067 34.087
1 64 20 0 0.0059880239520957446 0 0 54.864 26.951 32.124
1 65 17 0 0.0 0 0 54.922 28.792 28.815
1 66 0 0 0.10179640718562877 0 0 51.302 29.785 28.711
1 67 14 0 0.25149700598802394 0 0 48.871 32.715 28.773
1 68 1 0 0.4970059880239521 0 0 46.733 31.731 31.708
1 69 3 0 0.4131736526946108 0 0 48.000 34.522 33.878
1 70 6 0 0.3413173652694611 0 0 48.138 36.900 30.920
1 71 20 0 0.6227544910179641 0 0 44.321 36.599 30.712
1 72 14 0 0.6826347305389222 0 0 43.910 36.697 34.465
1 73 1 0 0.4610778443113772 0 0 45.867 39.963 34.781
1 74 18 0 0.49101796407185627 0 0 44.231 41.412 31.644
1 75 9 0 0.7485029940119761 0 0 40.839 40.609 33.090
1 76 7 0 0.7005988023952096 0 0 38.712 43.101 34.993
1 77 9 0 0.8862275449101796 0 0 36.090 40.709 36.348
1 78 15 0 0.9640718562874252 0 0 35.991 36.899 36.637
1 79 12 0 0.9940119760479041 0 0 33.067 34.599 35.828
1 80 5 0 0.9820359281437125 0 0 33.440 31.627 38.066
1 81 22 0 0.9760479041916168 0 0 31.683 28.543 36.812
1 82 15 0 0.874251497005988 0 0 30.750 25.371 38.599
1 83 0 0 0.7365269461077844 0 0 28.047 23.127 37.371
1 84 11 0 0.5089820359281436 0 0 25.105 21.688 39.330
1 85 2 0 0.2934131736526946 0 0 25.801 18.206 38.197
1 86 2 0 0.39520958083832336 0 0 29.529 18.331 38.731
1 87 18 0 0.2574850299401197 0 0 30.393 17.957 42.402
1 88 13 0 0.3053892215568862 0 0 34.115 18.244 41.995
1 89 17 0 0.6167664670658684 0 0 33.875 21.590 40.123
1 90 15 0 0.5868263473053892 0 0 32.338 23.216 43.243
1 91 7 0 0.41916167664670656 0 0 35.409 22.228 45.166
1 92 3 0 0.562874251497006 0 0 37.876 23.933 42.962
1 93 11 0 0.7425149700598803 0 0 36.210 27.340 43.462
1 94 10 0 0.5269461077844311 0 0 38.614 28.418 46.157
1 95 10 0 0.5209580838323353 0 0 41.406 27.591 43.774
1 96 20 0 0.8203592814371258 0 0 40.003 30.081 41.166
1 97 1 0 0.7125748502994012 0 0 39.374 32.611 43.905
1 98 7 0 0.47904191616766467 0 0 43.022 32.168 44.896
1 99 6 0 0.5688622754491017 0 0 44.098 32.493 41.306
1 100 11 0 0.6706586826347305 0 0 42.157 35.678 41.218
1 101 13 0 0.4251497005988024 0 0 43.922 37.161 44.219
1 102 1 0 0.22754491017964074 0 0 47.490 36.269 43.176
1 103 22 0 0.3532934131736526 0 0 47.311 37.826 39.783
1 104 13 0 0.38323353293413165 0 0 45.107 40.797 40.534
1 105 3 0 0.12574850299401197 0 0 46.647 42.138 43.772
1 106 17 0 0.17365269461077848 0 0 43.450 42.481 45.671
1 107 7 0 0.27544910179640725 0 0 40.755 40.581 47.592
1 108 3 0 0.33532934131736525 0 0 38.057 43.013 46.478
1 109 22 0 0.6107784431137725 0 0 38.004 41.587 42.940
1 110 16 0 0.7904191616766467 0 0 34.722 41.424 41.047
1 111 14 0 0.9101796407185628 0 0 33.657 37.799 40.663
1 112 22 0 0.9461077844311377 0 0 30.347 36.128 40.055
1 113 12 0 0.9401197604790419 0 0 29.747 32.393 40.548
1 114 22 0 0.9520958083832335 0 0 27.662 30.513 38.174
1 115 9 0 0.844311377245509 0 0 25.749 27.351 38.734
1 116 2 0 0.8383233532934131 0 0 25.565 26.094 35.217
1 117 13 0 0.5748502994011976 0 0 23.616 23.247 33.526
1 118 5 0 0.4491017964071856 0 0 20.274 24.059 34.998
1 119 3 0 0.18562874251497008 0 0 18.264 22.205 32.327
1 120 12 0 0.059880239520958 0 0 16.325 20.129 34.890
1 121 16 0 0.053892215568862256 0 0 16.170 20.777 38.602
1 122 17 0 0.02395209580838331 0 0 17.898 17.735 40.030
1 123 1 0 0.11377245508982048 0 0 21.400 18.532 41.075
1 124 18 0 0.08383233532934131 0 0 24.201 16.673 42.920
1 125 22 0 0.19760479041916168 0 0 25.581 19.860 44.302
1 126 3 0 0.11976047904191622 0 0 23.998 21.279 47.372
1 127 18 0 0.16167664670658677 0 0 22.155 24.569 46.943
1 128 13 0 0.08982035928143717 0 0 22.767 25.625 50.507
1 129 6 0 0.14371257485029942 0 0 26.470 24.889 50.074
1 130 0 0 0.45508982035928147 0 0 26.662 26.960 46.907
1 131 6 0 0.3293413173652695 0 0 24.850 29.711 48.702
1 132 3 0 0.14970059880239517 0 0 27.200 29.660 51.708
1 133 12 0 0.437125748502994 0 0 30.038 29.589 49.290
1 134 0 0 0.5389221556886228 0 0 28.748 32.749 47.712
1 135 1 0 0.281437125748503 0 0 28.259 34.398 51.067
1 136 17 0 0.20359281437125742 0 0 31.812 33.567 52.260
1 137 20 0 0.46706586826347307 0 0 33.328 35.333 49.285
1 138 9 0 0.40718562874251496 0 0 30.488 37.912 49.172
1 139 11 0 0.6766467065868262 0 0 29.957 37.040 45.555
1 140 16 0 0.7305389221556886 0 0 26.668 36.740 43.593
1 141 15 0 0.8023952095808383 0 0 25.594 33.289 42.651
1 142 11 0 0.8323353293413174 0 0 23.513 32.929 39.530
1 143 7 0 0.6946107784431137 0 0 21.839 29.799 38.297
1 144 18 0 0.7664670658682635 0 0 22.171 29.332 34.564
1 145 17 0 0.5988023952095809 0 0 21.173 27.049 31.764
1 146 0 0 0.6347305389221557 0 0 23.122 27.281 28.534
1 147 13 0 0.37125748502994016 0 0 21.160 24.584 26.783
1 148 18 0 0.20958083832335328 0 0 17.756 25.998 27.694
1 149 1 0 0.4011976047904191 0 0 18.942 29.612 27.749
1 150 6 0 0.4730538922155688 0 0 18.206 30.734 31.318
1 151 9 0 0.6287425149700598 0 0 19.984 33.618 33.040
1 152 22 0 0.8143712574850299 0 0 22.733 33.686 30.480
1 153 3 0 0.7065868263473054 0 0 22.569 37.442 30.118
1 154 3 0 0.688622754491018 0 0 21.734 37.971 33.793
1 155 0 0 0.9041916167664671 0 0 25.029 36.405 34.735
1 156 15 0 0.9161676646706587 0 0 27.349 38.596 32.693
1 157 20 0 0.7544910179640718 0 0 25.381 41.712 33.478
1 158 18 0 0.7844311377245509 0 0 25.611 41.006 37.217
1 159 12 0 0.8982035928143712 0 0 29.374 40.493 36.930
1 160 22 0 0.7604790419161677 0 0 29.660 43.851 35.308
1 161 1 0 0.5568862275449102 0 0 27.562 45.301 38.089
1 162 7 0 0.6407185628742516 0 0 29.985 43.851 40.547
1 163 11 0 0.5808383233532934 0 0 32.576 45.779 38.577
1 164 1 0 0.34730538922155685 0 0 30.383 48.854 38.841
1 165 13 0 0.21556886227544902 0 0 30.051 48.597 42.637
1 166 10 0 0.029940119760479056 0 0 29.685 51.761 44.525
1 167 13 0 0.017964071856287345 0 0 31.185 51.735 47.984
