1 1 14 0 0.02395209580838331 0 0 18.448 50.129 41.555
1 2 18 0 0.13173652694610782 0 0 21.731 48.568 42.581
1 3 7 0 0.3173652694610779 0 0 24.994 48.826 40.784
1 4 20 0 0.5688622754491017 0 0 27.438 45.949 41.289
1 5 13 0 0.7365269461077844 0 0 31.034 45.795 40.227
1 6 12 0 0.9101796407185628 0 0 31.919 42.404 38.771
1 7 22 0 0.9580838323353293 0 0 35.473 41.521 38.061
1 8 22 0 0.9880239520958084 0 0 36.223 38.668 35.688
1 9 22 0 0.9700598802395209 0 0 39.573 37.095 36.313
1 10 9 0 0.9281437125748503 0 0 41.484 34.094 35.137
1 11 0 0 0.7964071856287425 0 0 44.313 32.723 32.921
1 12 9 0 0.5988023952095809 0 0 45.029 33.043 29.267
1 13 9 0 0.5808383233532934 0 0 42.571 31.589 26.694
1 14 22 0 0.8023952095808383 0 0 40.043 30.077 29.055
1 15 9 0 0.8263473053892215 0 0 37.298 31.950 27.212
1 16 13 0 0.9461077844311377 0 0 36.639 34.490 29.988
1 17 17 0 0.8622754491017964 0 0 35.780 37.450 27.755
1 18 0 0 0.7604790419161677 0 0 33.828 35.219 25.430
1 19 12 0 0.874251497005988 0 0 31.416 34.276 28.220
1 20 18 0 0.8922155688622755 0 0 30.739 37.878 29.031
1 21 11 0 0.6706586826347305 0 0 29.934 38.824 25.455
1 22 6 0 0.592814371257485 0 0 27.621 35.880 25.309
1 23 12 0 0.6646706586826348 0 0 25.517 37.384 28.118
1 24 11 0 0.5209580838323353 0 0 25.838 40.884 26.733
1 25 6 0 0.2934131736526946 0 0 25.630 40.990 22.947
1 26 2 0 0.25149700598802394 0 0 24.105 37.539 22.633
1 27 10 0 0.12574850299401197 0 0 25.895 36.777 19.339
1 28 15 0 0.16766467065868274 0 0 29.262 35.083 18.604
1 29 22 0 0.11976047904191622 0 0 31.983 37.408 17.506
1 30 3 0 0.041916167664670656 0 0 34.530 36.742 14.811
1 31 7 0 0.07784431137724557 0 0 37.219 38.791 16.601
1 32 20 0 0.32335329341317365 0 0 36.869 39.534 20.298
1 33 3 0 0.27544910179640725 0 0 38.077 42.946 21.384
1 34 16 0 0.33532934131736525 0 0 41.383 42.626 23.215
1 35 18 0 0.4850299401197605 0 0 40.435 44.579 26.362
1 36 11 0 0.2574850299401197 0 0 41.723 48.040 26.821
1 37 7 0 0.28742514970059885 0 0 39.678 50.135 29.267
1 38 3 0 0.43113772455089827 0 0 36.406 48.569 28.245
1 39 17 0 0.47904191616766467 0 0 32.968 48.676 29.712
1 40 20 0 0.5568862275449102 0 0 30.039 46.264 29.233
1 41 1 0 0.5029940119760479 0 0 26.884 46.893 31.249
1 42 13 0 0.40718562874251496 0 0 23.354 45.492 31.085
1 43 6 0 0.21556886227544902 0 0 20.574 45.989 33.551
1 44 22 0 0.281437125748503 0 0 18.992 42.742 34.698
1 45 22 0 0.13772455089820357 0 0 16.289 41.677 37.146
1 46 11 0 0.22754491017964074 0 0 17.661 39.363 39.747
1 47 3 0 0.08982035928143717 0 0 15.452 38.211 42.644
1 48 9 0 0.0119760479041916 0 0 12.895 40.933 41.973
1 49 7 0 0.04790419161676651 0 0 15.216 43.880 41.945
1 50 18 0 0.0718562874251496 0 0 16.889 45.785 39.148
1 51 5 0 0.31137724550898194 0 0 20.641 45.048 39.079
1 52 12 0 0.39520958083832336 0 0 23.082 47.064 36.985
1 53 12 0 0.6467065868263473 0 0 26.020 44.802 36.282
1 54 3 0 0.652694610778443 0 0 29.215 46.831 35.774
1 55 11 0 0.8502994011976048 0 0 31.306 43.919 34.405
1 56 12 0 0.8562874251497006 0 0 35.086 44.444 34.517
1 57 3 0 0.8802395209580838 0 0 37.920 42.771 32.672
1 58 18 0 0.8203592814371258 0 0 41.430 43.115 34.078
1 59 0 0 0.5269461077844311 0 0 43.375 45.133 31.572
1 60 9 0 0.29940119760479034 0 0 47.129 45.795 31.704
1 61 6 0 0.17365269461077848 0 0 50.209 44.089 33.121
1 62 7 0 0.053892215568862256 0 0 52.156 47.117 34.046
1 63 7 0 0.017964071856287345 0 0 53.025 47.685 37.597
1 64 20 0 0.0 0 0 52.808 51.465 37.860
1 65 17 0 0.0059880239520957446 0 0 50.304 53.644 36.107
1 66 0 0 0.06586826347305386 0 0 47.929 50.962 34.789
1 67 14 0 0.23952095808383234 0 0 44.499 49.743 35.790
1 68 1 0 0.41916167664670656 0 0 45.823 46.182 36.408
1 69 3 0 0.4251497005988024 0 0 44.984 46.355 40.082
1 70 6 0 0.3772455089820359 0 0 42.520 49.105 40.095
1 71 20 0 0.6347305389221557 0 0 40.182 46.736 38.442
1 72 14 0 0.688622754491018 0 0 40.679 44.557 41.403
1 73 1 0 0.4610778443113772 0 0 40.393 47.240 44.003
1 74 18 0 0.4970059880239521 0 0 37.020 48.505 42.912
1 75 9 0 0.718562874251497 0 0 35.659 45.021 42.885
1 76 7 0 0.6946107784431137 0 0 32.746 43.639 44.777
1 77 9 0 0.8982035928143712 0 0 32.179 40.347 43.080
1 78 15 0 0.9640718562874252 0 0 35.020 38.308 41.771
1 79 12 0 0.9940119760479041 0 0 34.318 35.848 39.035
1 80 5 0 0.9820359281437125 0 0 37.049 33.295 38.751
1 81 22 0 0.9760479041916168 0 0 37.175 31.390 35.438
1 82 15 0 0.8682634730538922 0 0 39.071 28.278 34.468
1 83 0 0 0.7245508982035929 0 0 38.435 26.011 31.562
1 84 11 0 0.5089820359281436 0 0 37.816 22.326 31.838
1 85 2 0 0.26347305389221565 0 0 40.257 21.000 29.211
1 86 2 0 0.34730538922155685 0 0 43.184 22.975 30.548
1 87 18 0 0.2335329341317366 0 0 44.719 21.741 33.818
1 88 13 0 0.3293413173652695 0 0 46.928 24.814 34.166
1 89 17 0 0.6227544910179641 0 0 43.894 27.119 34.176
1 90 15 0 0.6167664670658684 0 0 42.322 25.347 37.089
1 91 7 0 0.44311377245508976 0 0 45.709 25.650 38.821
1 92 3 0 0.5868263473053892 0 0 46.089 29.345 38.124
1 93 11 0 0.7724550898203593 0 0 42.920 29.783 40.150
1 94 10 0 0.5508982035928144 0 0 45.002 30.243 43.259
1 95 10 0 0.5149700598802396 0 0 47.400 32.750 41.649
1 96 20 0 0.7904191616766467 0 0 44.521 34.940 40.482
1 97 1 0 0.7485029940119761 0 0 42.876 34.461 43.862
1 98 7 0 0.49101796407185627 0 0 46.010 35.791 45.600
1 99 6 0 0.5449101796407185 0 0 45.782 38.921 43.500
1 100 11 0 0.6826347305389222 0 0 42.344 39.521 44.793
1 101 13 0 0.437125748502994 0 0 43.764 38.934 48.302
1 102 1 0 0.24550898203592808 0 0 46.637 41.210 47.484
1 103 22 0 0.3413173652694611 0 0 44.292 44.058 46.655
1 104 13 0 0.37125748502994016 0 0 41.189 43.860 48.694
1 105 3 0 0.14970059880239517 0 0 42.965 42.823 51.912
1 106 17 0 0.19760479041916168 0 0 40.621 39.954 52.656
1 107 7 0 0.38323353293413165 0 0 39.468 36.525 51.792
1 108 3 0 0.35928143712574856 0 0 35.763 36.943 52.616
1 109 22 0 0.5748502994011976 0 0 35.027 38.821 49.407
1 110 16 0 0.7425149700598803 0 0 32.151 37.365 47.392
1 111 14 0 0.9041916167664671 0 0 33.273 34.895 44.810
1 112 22 0 0.9401197604790419 0 0 32.156 32.310 42.245
1 113 12 0 0.9341317365269461 0 0 34.110 29.673 40.445
1 114 22 0 0.9520958083832335 0 0 33.268 29.261 36.841
1 115 9 0 0.8383233532934131 0 0 34.052 25.989 34.995
1 116 2 0 0.844311377245509 0 0 33.937 27.280 31.468
1 117 13 0 0.6107784431137725 0 0 34.433 25.623 28.171
1 118 5 0 0.45508982035928147 0 0 32.143 22.651 28.982
1 119 3 0 0.20359281437125742 0 0 31.610 22.210 25.259
1 120 12 0 0.059880239520958 0 0 32.187 18.481 25.261
1 121 16 0 0.03592814371257491 0 0 31.853 15.772 27.886
1 122 17 0 0.029940119760479056 0 0 35.643 15.535 27.804
1 123 1 0 0.11377245508982048 0 0 37.623 17.190 30.529
1 124 18 0 0.08383233532934131 0 0 41.163 17.149 31.937
1 125 22 0 0.221556886227545 0 0 40.127 19.098 34.956
1 126 3 0 0.14371257485029942 0 0 38.328 16.923 37.498
1 127 18 0 0.19161676646706582 0 0 34.860 17.793 38.856
1 128 13 0 0.09580838323353291 0 0 35.322 16.487 42.365
1 129 6 0 0.15568862275449102 0 0 38.648 18.332 42.657
1 130 0 0 0.4491017964071856 0 0 37.066 21.502 41.412
1 131 6 0 0.3532934131736526 0 0 34.402 21.011 44.045
1 132 3 0 0.16167664670658677 0 0 36.895 20.336 46.849
1 133 12 0 0.4011976047904191 0 0 38.744 23.477 45.897
1 134 0 0 0.5389221556886228 0 0 35.511 25.424 45.906
1 135 1 0 0.2694610778443114 0 0 34.306 23.990 49.170
1 136 17 0 0.17964071856287422 0 0 37.652 24.937 50.637
1 137 20 0 0.4730538922155688 0 0 37.206 28.535 49.406
1 138 9 0 0.4131736526946108 0 0 33.522 28.461 50.314
1 139 11 0 0.6766467065868262 0 0 32.376 29.509 46.853
1 140 16 0 0.7065868263473054 0 0 29.858 28.277 44.261
1 141 15 0 0.7844311377245509 0 0 31.201 26.381 41.286
1 142 11 0 0.8323353293413174 0 0 29.085 27.211 38.210
1 143 7 0 0.7125748502994012 0 0 29.635 25.251 34.966
1 144 18 0 0.7784431137724551 0 0 29.419 27.141 31.714
1 145 17 0 0.6047904191616766 0 0 29.768 26.769 28.058
1 146 0 0 0.6407185628742516 0 0 29.967 30.001 26.034
1 147 13 0 0.3652694610778443 0 0 29.958 27.980 22.811
1 148 18 0 0.18562874251497008 0 0 27.032 25.693 23.421
1 149 1 0 0.3892215568862275 0 0 25.118 28.298 25.460
1 150 6 0 0.46706586826347307 0 0 24.875 26.777 28.930
1 151 9 0 0.658682634730539 0 0 25.218 28.363 32.343
1 152 22 0 0.8143712574850299 0 0 26.249 31.799 30.928
1 153 3 0 0.7305389221556886 0 0 23.746 33.823 32.867
1 154 3 0 0.7544910179640718 0 0 23.881 31.731 36.043
1 155 0 0 0.9221556886227544 0 0 27.507 32.719 36.491
1 156 15 0 0.9161676646706587 0 0 26.914 36.459 36.806
1 157 20 0 0.7664670658682635 0 0 23.710 36.004 38.672
1 158 18 0 0.8083832335329342 0 0 25.139 33.584 41.272
1 159 12 0 0.8862275449101796 0 0 27.765 36.221 42.079
1 160 22 0 0.7005988023952096 0 0 25.193 38.911 42.703
1 161 1 0 0.5329341317365269 0 0 23.502 36.529 45.083
1 162 7 0 0.6287425149700598 0 0 26.839 36.088 46.828
1 163 11 0 0.562874251497006 0 0 26.996 39.916 47.001
1 164 1 0 0.3053892215568862 0 0 23.699 39.862 48.882
1 165 13 0 0.20958083832335328 0 0 24.798 36.886 51.119
1 166 10 0 0.10778443113772451 0 0 26.673 37.248 54.379
1 167 13 0 0.10179640718562877 0 0 29.695 35.320 55.611
