5.000000000000000000e+00 1.116071417927742004e-01 2.592900085449218750e+01 3.790299987792968750e+01 4.189099884033203125e+01
1.600000000000000000e+01 2.098214328289031982e-01 2.650600051879882812e+01 4.174499893188476562e+01 4.096099853515625000e+01
1.200000000000000000e+01 4.866071343421936035e-01 3.026000022888183594e+01 4.102000045776367188e+01 4.061399841308593750e+01
1.400000000000000000e+01 5.312500000000000000e-01 3.135000038146972656e+01 3.829499816894531250e+01 3.823099899291992188e+01
2.200000000000000000e+01 7.098214030265808105e-01 3.511999893188476562e+01 3.761299896240234375e+01 3.757600021362304688e+01
1.300000000000000000e+01 6.741071343421936035e-01 3.590499877929687500e+01 3.540499877929687500e+01 3.455599975585937500e+01
2.200000000000000000e+01 7.276785969734191895e-01 3.938800048828125000e+01 3.409000015258789062e+01 3.376800155639648438e+01
1.200000000000000000e+01 6.651785969734191895e-01 4.058700180053710938e+01 3.289699935913085938e+01 3.040099906921386719e+01
3.000000000000000000e+00 6.116071343421936035e-01 4.380099868774414062e+01 3.112800025939941406e+01 2.892200088500976562e+01
0.000000000000000000e+00 5.892857313156127930e-01 4.491199874877929688e+01 3.293399810791015625e+01 2.561000061035156250e+01
2.200000000000000000e+01 4.062500000000000000e-01 4.739199829101562500e+01 3.006800079345703125e+01 2.516200065612792969e+01
1.000000000000000000e+00 2.142857164144515991e-01 4.465599822998046875e+01 2.739399909973144531e+01 2.439900016784667969e+01
9.000000000000000000e+00 3.035714328289031982e-01 4.186199951171875000e+01 3.004800033569335938e+01 2.386400032043457031e+01
1.700000000000000000e+01 2.857142984867095947e-01 3.985800170898437500e+01 2.848900032043457031e+01 2.660499954223632812e+01
1.600000000000000000e+01 3.258928656578063965e-01 3.871300125122070312e+01 2.832900047302246094e+01 3.026899909973144531e+01
0.000000000000000000e+00 5.089285969734191895e-01 4.133900070190429688e+01 2.858399963378906250e+01 3.290999984741210938e+01
1.100000000000000000e+01 3.125000000000000000e-01 4.023400115966796875e+01 2.649799919128417969e+01 3.592699813842773438e+01
2.000000000000000000e+00 3.526785671710968018e-01 4.128400039672851562e+01 2.707399940490722656e+01 3.951200103759765625e+01
2.200000000000000000e+01 6.562500000000000000e-01 4.276599884033203125e+01 3.068300056457519531e+01 3.896400070190429688e+01
0.000000000000000000e+00 6.785714030265808105e-01 4.315200042724609375e+01 3.221500015258789062e+01 4.243600082397460938e+01
1.400000000000000000e+01 7.812500000000000000e-01 4.183100128173828125e+01 3.568299865722656250e+01 4.314599990844726562e+01
2.200000000000000000e+01 7.232142686843872070e-01 3.920999908447265625e+01 4.080099868774414062e+01 4.659099960327148438e+01
1.500000000000000000e+01 6.919642686843872070e-01 3.994100189208984375e+01 4.386800003051757812e+01 4.886399841308593750e+01
1.000000000000000000e+00 5.491071343421936035e-01 3.749399948120117188e+01 4.656200027465820312e+01 5.007600021362304688e+01
1.300000000000000000e+01 5.044642686843872070e-01 3.856900024414062500e+01 5.014500045776367188e+01 5.101100158691406250e+01
0.000000000000000000e+00 2.053571492433547974e-01 3.700199890136718750e+01 5.173600006103515625e+01 5.400199890136718750e+01
0.000000000000000000e+00 7.589285820722579956e-02 3.628300094604492188e+01 5.532400131225585938e+01 5.538399887084960938e+01
3.000000000000000000e+00 7.142857462167739868e-02 3.983300018310546875e+01 5.563999938964843750e+01 5.702600097656250000e+01
3.000000000000000000e+00 2.633928656578063965e-01 4.135200119018554688e+01 5.431299972534179688e+01 5.379600143432617188e+01
1.800000000000000000e+01 2.678571343421936035e-01 4.228599929809570312e+01 5.090299987792968750e+01 5.536999893188476562e+01
1.900000000000000000e+01 4.776785671710968018e-01 4.171900177001953125e+01 4.771300125122070312e+01 5.326499938964843750e+01
7.000000000000000000e+00 3.348214328289031982e-01 3.939199829101562500e+01 4.484799957275390625e+01 5.429600143432617188e+01
1.600000000000000000e+01 4.464285671710968018e-01 4.005199813842773438e+01 4.140000152587890625e+01 5.272900009155273438e+01
1.500000000000000000e+01 3.616071343421936035e-01 3.648199844360351562e+01 4.127600097656250000e+01 5.141500091552734375e+01
0.000000000000000000e+00 4.375000000000000000e-01 3.644800186157226562e+01 3.802099990844726562e+01 4.952000045776367188e+01
1.700000000000000000e+01 5.223214030265808105e-01 3.841400146484375000e+01 3.518000030517578125e+01 4.777500152587890625e+01
9.000000000000000000e+00 4.107142984867095947e-01 3.831600189208984375e+01 3.191500091552734375e+01 4.587099838256835938e+01
1.300000000000000000e+01 5.178571343421936035e-01 3.953300094604492188e+01 3.052099990844726562e+01 4.262400054931640625e+01
1.800000000000000000e+01 4.553571343421936035e-01 3.765800094604492188e+01 2.985700035095214844e+01 3.924800109863281250e+01
1.700000000000000000e+01 2.008928507566452026e-01 3.518399810791015625e+01 2.716900062561035156e+01 3.847100067138671875e+01
7.000000000000000000e+00 1.026785746216773987e-01 3.566199874877929688e+01 2.477599906921386719e+01 3.540499877929687500e+01
1.700000000000000000e+01 1.473214328289031982e-01 3.423500061035156250e+01 2.716399955749511719e+01 3.279600143432617188e+01
9.000000000000000000e+00 3.794642984867095947e-01 3.624499893188476562e+01 2.990699958801269531e+01 3.467800140380859375e+01
7.000000000000000000e+00 3.750000000000000000e-01 3.366600036621093750e+01 3.205599975585937500e+01 3.628799819946289062e+01
1.200000000000000000e+01 4.196428656578063965e-01 3.398600006103515625e+01 3.263800048828125000e+01 4.007300186157226562e+01
9.000000000000000000e+00 1.205357164144515991e-01 2.892900085449218750e+01 3.382099914550781250e+01 4.449000167846679688e+01
1.200000000000000000e+01 2.991071343421936035e-01 3.145400047302246094e+01 3.637599945068359375e+01 4.568199920654296875e+01
1.800000000000000000e+01 1.562500000000000000e-01 2.901199913024902344e+01 3.885599899291992188e+01 4.732199859619140625e+01
1.800000000000000000e+01 2.678571455180644989e-02 2.536400032043457031e+01 3.999000167846679688e+01 4.773400115966796875e+01
7.000000000000000000e+00 3.571428731083869934e-02 2.427000045776367188e+01 4.353900146484375000e+01 4.644800186157226562e+01
7.000000000000000000e+00 8.928571827709674835e-03 2.357200050354003906e+01 4.438499832153320312e+01 5.015299987792968750e+01
7.000000000000000000e+00 4.464285820722579956e-02 2.709799957275390625e+01 4.315499877929687500e+01 5.108800125122070312e+01
1.500000000000000000e+01 1.651785671710968018e-01 2.859099960327148438e+01 4.496300125122070312e+01 4.822800064086914062e+01
2.200000000000000000e+01 1.071428582072257996e-01 2.864999961853027344e+01 4.852600097656250000e+01 4.986500167846679688e+01
7.000000000000000000e+00 1.875000000000000000e-01 3.018400001525878906e+01 5.158700180053710938e+01 4.828200149536132812e+01
9.000000000000000000e+00 3.660714328289031982e-01 3.408900070190429688e+01 5.188199996948242188e+01 4.813299942016601562e+01
1.100000000000000000e+01 6.428571343421936035e-01 3.736399841308593750e+01 5.165499877929687500e+01 4.627999877929687500e+01
2.000000000000000000e+01 7.321428656578063965e-01 3.778499984741210938e+01 4.786999893188476562e+01 4.563000106811523438e+01
1.300000000000000000e+01 8.750000000000000000e-01 4.081600189208984375e+01 4.593099975585937500e+01 4.453799819946289062e+01
2.200000000000000000e+01 9.107142686843872070e-01 4.100400161743164062e+01 4.249399948120117188e+01 4.277000045776367188e+01
7.000000000000000000e+00 9.285714030265808105e-01 4.434099960327148438e+01 4.070000076293945312e+01 4.308700180053710938e+01
1.100000000000000000e+01 9.241071343421936035e-01 4.454199981689453125e+01 3.772399902343750000e+01 4.064500045776367188e+01
3.000000000000000000e+00 8.571428656578063965e-01 4.739599990844726562e+01 3.528099822998046875e+01 4.130699920654296875e+01
1.800000000000000000e+01 8.660714030265808105e-01 4.834999847412109375e+01 3.434999847412109375e+01 3.775299835205078125e+01
1.300000000000000000e+01 7.633928656578063965e-01 5.191500091552734375e+01 3.325199890136718750e+01 3.854600143432617188e+01
1.700000000000000000e+01 6.160714030265808105e-01 5.089599990844726562e+01 3.014500045776367188e+01 4.061999893188476562e+01
2.000000000000000000e+01 6.250000000000000000e-01 4.865999984741210938e+01 2.929100036621093750e+01 3.757600021362304688e+01
1.900000000000000000e+01 5.669642686843872070e-01 5.133800125122070312e+01 2.920800018310546875e+01 3.486299896240234375e+01
1.300000000000000000e+01 4.241071343421936035e-01 5.379000091552734375e+01 2.776000022888183594e+01 3.742900085449218750e+01
0.000000000000000000e+00 2.589285671710968018e-01 5.155799865722656250e+01 2.483200073242187500e+01 3.825500106811523438e+01
1.200000000000000000e+01 1.964285671710968018e-01 5.176699829101562500e+01 2.389900016784667969e+01 3.443199920654296875e+01
9.000000000000000000e+00 1.517857164144515991e-01 5.562500000000000000e+01 2.440800094604492188e+01 3.487500000000000000e+01
1.100000000000000000e+01 3.303571343421936035e-01 5.586600112915039062e+01 2.767200088500976562e+01 3.297700119018554688e+01
1.700000000000000000e+01 4.955357015132904053e-01 5.776399993896484375e+01 3.062299919128417969e+01 3.485300064086914062e+01
1.600000000000000000e+01 6.964285969734191895e-01 5.587900161743164062e+01 3.381600189208984375e+01 3.353400039672851562e+01
1.500000000000000000e+01 7.991071343421936035e-01 5.704100036621093750e+01 3.745700073242187500e+01 3.311500167846679688e+01
7.000000000000000000e+00 8.928571343421936035e-01 5.375500106811523438e+01 3.781299972534179688e+01 3.917300033569335938e+01
0.000000000000000000e+00 9.910714030265808105e-01 4.728599929809570312e+01 4.096799850463867188e+01 3.788700103759765625e+01
7.000000000000000000e+00 9.866071343421936035e-01 4.574800109863281250e+01 4.346799850463867188e+01 4.034299850463867188e+01
2.200000000000000000e+01 9.776785969734191895e-01 4.288800048828125000e+01 4.576900100708007812e+01 3.902899932861328125e+01
2.200000000000000000e+01 9.419642686843872070e-01 4.155400085449218750e+01 4.863800048828125000e+01 4.121300125122070312e+01
1.500000000000000000e+01 8.303571343421936035e-01 3.818000030517578125e+01 5.058300018310546875e+01 4.065800094604492188e+01
1.800000000000000000e+01 6.607142686843872070e-01 3.539699935913085938e+01 5.257300186157226562e+01 4.240800094604492188e+01
0.000000000000000000e+00 5.446428656578063965e-01 3.249000167846679688e+01 5.025000000000000000e+01 4.299200057983398438e+01
2.000000000000000000e+00 2.812500000000000000e-01 2.889100074768066406e+01 5.142900085449218750e+01 4.308499908447265625e+01
3.000000000000000000e+00 2.500000000000000000e-01 2.959399986267089844e+01 5.500899887084960938e+01 4.185200119018554688e+01
1.700000000000000000e+01 6.696428358554840088e-02 2.639100074768066406e+01 5.695399856567382812e+01 4.134799957275390625e+01
9.000000000000000000e+00 2.232142910361289978e-02 2.456999969482421875e+01 5.415399932861328125e+01 4.323099899291992188e+01
1.600000000000000000e+01 6.250000000000000000e-02 2.400699996948242188e+01 5.038299942016601562e+01 4.264699935913085938e+01
1.000000000000000000e+00 1.830357164144515991e-01 2.593400001525878906e+01 4.872200012207031250e+01 3.984799957275390625e+01
1.000000000000000000e+00 2.455357164144515991e-01 2.635199928283691406e+01 4.520899963378906250e+01 3.858300018310546875e+01
2.000000000000000000e+01 5.267857313156127930e-01 2.973100090026855469e+01 4.420100021362304688e+01 3.699200057983398438e+01
1.800000000000000000e+01 5.758928656578063965e-01 3.125799942016601562e+01 4.156499862670898438e+01 3.476300048828125000e+01
1.100000000000000000e+01 7.901785969734191895e-01 3.506200027465820312e+01 4.136399841308593750e+01 3.459999847412109375e+01
0.000000000000000000e+00 8.080357313156127930e-01 3.714099884033203125e+01 3.919599914550781250e+01 3.226900100708007812e+01
0.000000000000000000e+00 9.062500000000000000e-01 4.083700180053710938e+01 3.837099838256835938e+01 3.282099914550781250e+01
1.200000000000000000e+01 8.526785969734191895e-01 4.293099975585937500e+01 3.698199844360351562e+01 2.994000053405761719e+01
1.200000000000000000e+01 8.482142686843872070e-01 4.606499862670898438e+01 3.537099838256835938e+01 3.093300056457519531e+01
1.700000000000000000e+01 7.678571343421936035e-01 4.927399826049804688e+01 3.448500061035156250e+01 2.908600044250488281e+01
1.600000000000000000e+01 7.142857313156127930e-01 5.312200164794921875e+01 3.373099899291992188e+01 3.008300018310546875e+01
2.000000000000000000e+01 7.723214030265808105e-01 5.443000030517578125e+01 3.719499969482421875e+01 2.892600059509277344e+01
1.700000000000000000e+01 8.883928656578063965e-01 5.117200088500976562e+01 3.925699996948242188e+01 2.870199966430664062e+01
2.000000000000000000e+01 9.553571343421936035e-01 4.779800033569335938e+01 3.987500000000000000e+01 3.014299964904785156e+01
1.700000000000000000e+01 9.508928656578063965e-01 4.459400177001953125e+01 4.173300170898437500e+01 2.934600067138671875e+01
1.800000000000000000e+01 9.642857313156127930e-01 4.152000045776367188e+01 4.285100173950195312e+01 3.120400047302246094e+01
1.800000000000000000e+01 8.705357313156127930e-01 3.814899826049804688e+01 4.410599899291992188e+01 3.052899932861328125e+01
0.000000000000000000e+00 8.125000000000000000e-01 3.545100021362304688e+01 4.532899856567382812e+01 3.273799896240234375e+01
2.200000000000000000e+01 6.071428656578063965e-01 3.174300003051757812e+01 4.577500152587890625e+01 3.168000030517578125e+01
2.200000000000000000e+01 4.821428656578063965e-01 2.948500061035156250e+01 4.768199920654296875e+01 3.422900009155273438e+01
1.800000000000000000e+01 1.919642835855484009e-01 2.566600036621093750e+01 4.780300140380859375e+01 3.413499832153320312e+01
2.000000000000000000e+00 5.803571268916130066e-02 2.300499916076660156e+01 4.978900146484375000e+01 3.592300033569335938e+01
1.600000000000000000e+01 0.000000000000000000e+00 1.978700065612792969e+01 4.820899963378906250e+01 3.713499832153320312e+01
5.000000000000000000e+00 9.821428358554840088e-02 6.838999938964843750e+01 5.007899856567382812e+01 2.744199943542480469e+01
1.600000000000000000e+01 2.366071492433547974e-01 6.746399688720703125e+01 4.811800003051757812e+01 3.057099914550781250e+01
1.200000000000000000e+01 5.000000000000000000e-01 6.396599960327148438e+01 4.919599914550781250e+01 3.118300056457519531e+01
1.400000000000000000e+01 5.357142686843872070e-01 6.176300048828125000e+01 5.078900146484375000e+01 2.866600036621093750e+01
2.200000000000000000e+01 7.008928656578063965e-01 5.799100112915039062e+01 5.110300064086914062e+01 2.873100090026855469e+01
1.300000000000000000e+01 6.339285969734191895e-01 5.606999969482421875e+01 5.233000183105468750e+01 2.559799957275390625e+01
2.200000000000000000e+01 7.187500000000000000e-01 5.241500091552734375e+01 5.333700180053710938e+01 2.594199943542480469e+01
1.200000000000000000e+01 6.517857313156127930e-01 4.952799987792968750e+01 5.335200119018554688e+01 2.337800025939941406e+01
3.000000000000000000e+00 6.383928656578063965e-01 4.574800109863281250e+01 5.384299850463867188e+01 2.339200019836425781e+01
0.000000000000000000e+00 5.714285969734191895e-01 4.284199905395507812e+01 5.200199890136718750e+01 2.188999938964843750e+01
2.200000000000000000e+01 4.419642984867095947e-01 4.044900131225585938e+01 5.497200012207031250e+01 2.211400032043457031e+01
1.000000000000000000e+00 2.276785671710968018e-01 4.209899902343750000e+01 5.740200042724609375e+01 1.954400062561035156e+01
9.000000000000000000e+00 2.901785671710968018e-01 4.466299819946289062e+01 5.478200149536132812e+01 1.828499984741210938e+01
1.700000000000000000e+01 2.232142835855484009e-01 4.784999847412109375e+01 5.690999984741210938e+01 1.840200042724609375e+01
1.600000000000000000e+01 3.482142984867095947e-01 5.090100097656250000e+01 5.627000045776367188e+01 2.070000076293945312e+01
0.000000000000000000e+00 4.910714328289031982e-01 5.027600097656250000e+01 5.796200180053710938e+01 2.397900009155273438e+01
1.100000000000000000e+01 3.080357015132904053e-01 5.205300140380859375e+01 6.127399826049804688e+01 2.514699935913085938e+01
2.000000000000000000e+00 3.437500000000000000e-01 5.257199859619140625e+01 6.245500183105468750e+01 2.880699920654296875e+01
2.200000000000000000e+01 6.294642686843872070e-01 5.128900146484375000e+01 5.926300048828125000e+01 3.056699943542480469e+01
0.000000000000000000e+00 6.473214030265808105e-01 5.313100051879882812e+01 5.922800064086914062e+01 3.387400054931640625e+01
1.400000000000000000e+01 7.544642686843872070e-01 5.421900177001953125e+01 5.618600082397460938e+01 3.593299865722656250e+01
2.200000000000000000e+01 7.366071343421936035e-01 5.855599975585937500e+01 5.206100082397460938e+01 3.901100158691406250e+01
1.500000000000000000e+01 7.053571343421936035e-01 5.892699813842773438e+01 5.048199844360351562e+01 4.247900009155273438e+01
1.000000000000000000e+00 6.026785969734191895e-01 6.128599929809570312e+01 4.771400070190429688e+01 4.371699905395507812e+01
1.300000000000000000e+01 5.535714030265808105e-01 6.070000076293945312e+01 4.520100021362304688e+01 4.643299865722656250e+01
0.000000000000000000e+00 2.723214328289031982e-01 6.311000061035156250e+01 4.566799926757812500e+01 4.934899902343750000e+01
0.000000000000000000e+00 1.160714253783226013e-01 6.454000091552734375e+01 4.271099853515625000e+01 5.143899917602539062e+01
3.000000000000000000e+00 1.383928507566452026e-01 6.131100082397460938e+01 4.234600067138671875e+01 5.348799896240234375e+01
3.000000000000000000e+00 3.883928656578063965e-01 5.918799972534179688e+01 4.250600051879882812e+01 5.029700088500976562e+01
1.800000000000000000e+01 4.732142984867095947e-01 5.816400146484375000e+01 4.621200180053710938e+01 5.063800048828125000e+01
1.900000000000000000e+01 6.205357313156127930e-01 5.788600158691406250e+01 4.858700180053710938e+01 4.761800003051757812e+01
7.000000000000000000e+00 3.839285671710968018e-01 6.082500076293945312e+01 5.096599960327148438e+01 4.769200134277343750e+01
1.600000000000000000e+01 4.687500000000000000e-01 6.057600021362304688e+01 5.382699966430664062e+01 4.495999908447265625e+01
1.500000000000000000e+01 4.017857015132904053e-01 6.299399948120117188e+01 5.313999938964843750e+01 4.212400054931640625e+01
0.000000000000000000e+00 4.330357015132904053e-01 6.247900009155273438e+01 5.528799819946289062e+01 3.908200073242187500e+01
1.700000000000000000e+01 5.133928656578063965e-01 5.976800155639648438e+01 5.760100173950195312e+01 3.744800186157226562e+01
9.000000000000000000e+00 4.508928656578063965e-01 5.867499923706054688e+01 5.931700134277343750e+01 3.415700149536132812e+01
1.300000000000000000e+01 4.598214328289031982e-01 5.622000122070312500e+01 6.027500152587890625e+01 3.146299934387207031e+01
1.800000000000000000e+01 4.285714328289031982e-01 5.589500045776367188e+01 5.924200057983398438e+01 2.780400085449218750e+01
1.700000000000000000e+01 1.607142835855484009e-01 5.774100112915039062e+01 6.122800064086914062e+01 2.510400009155273438e+01
7.000000000000000000e+00 8.035714179277420044e-02 5.618399810791015625e+01 6.259099960327148438e+01 2.188299942016601562e+01
1.700000000000000000e+01 9.375000000000000000e-02 5.682699966430664062e+01 5.931499862670898438e+01 2.013699913024902344e+01
9.000000000000000000e+00 3.392857015132904053e-01 5.497200012207031250e+01 5.723899841308593750e+01 2.281800079345703125e+01
7.000000000000000000e+00 3.571428656578063965e-01 5.807600021362304688e+01 5.605400085449218750e+01 2.463400077819824219e+01
1.200000000000000000e+01 3.928571343421936035e-01 5.980899810791015625e+01 5.630199813842773438e+01 2.813299942016601562e+01
9.000000000000000000e+00 1.294642835855484009e-01 6.623999786376953125e+01 5.649700164794921875e+01 3.082299995422363281e+01
1.200000000000000000e+01 3.169642984867095947e-01 6.444200134277343750e+01 5.471500015258789062e+01 3.362599945068359375e+01
1.800000000000000000e+01 1.785714328289031982e-01 6.758100128173828125e+01 5.316999816894531250e+01 3.513100051879882812e+01
1.800000000000000000e+01 4.017857089638710022e-02 7.123500061035156250e+01 5.240499877929687500e+01 3.487400054931640625e+01
7.000000000000000000e+00 1.785714365541934967e-02 7.281600189208984375e+01 4.883300018310546875e+01 3.478300094604492188e+01
7.000000000000000000e+00 4.464285913854837418e-03 7.441500091552734375e+01 4.950199890136718750e+01 3.815399932861328125e+01
7.000000000000000000e+00 5.357142910361289978e-02 7.126000213623046875e+01 4.987699890136718750e+01 4.024200057983398438e+01
1.500000000000000000e+01 1.696428507566452026e-01 6.892500305175781250e+01 4.752799987792968750e+01 3.839899826049804688e+01
2.200000000000000000e+01 1.250000000000000000e-01 6.963800048828125000e+01 4.459099960327148438e+01 4.065999984741210938e+01
7.000000000000000000e+00 2.187500000000000000e-01 6.780300140380859375e+01 4.128499984741210938e+01 4.083000183105468750e+01
9.000000000000000000e+00 4.151785671710968018e-01 6.431099700927734375e+01 4.099499893188476562e+01 4.237900161743164062e+01
1.100000000000000000e+01 6.696428656578063965e-01 6.068199920654296875e+01 4.181999969482421875e+01 4.201699829101562500e+01
2.000000000000000000e+01 7.500000000000000000e-01 5.966299819946289062e+01 4.522900009155273438e+01 4.063499832153320312e+01
1.300000000000000000e+01 9.017857313156127930e-01 5.638299942016601562e+01 4.676599884033203125e+01 3.966199874877929688e+01
2.200000000000000000e+01 9.151785969734191895e-01 5.515900039672851562e+01 4.975699996948242188e+01 3.740299987792968750e+01
7.000000000000000000e+00 9.330357313156127930e-01 5.213199996948242188e+01 5.165399932861328125e+01 3.860800170898437500e+01
1.100000000000000000e+01 9.196428656578063965e-01 5.079700088500976562e+01 5.347499847412109375e+01 3.545899963378906250e+01
3.000000000000000000e+00 8.214285969734191895e-01 4.884400177001953125e+01 5.667200088500976562e+01 3.597900009155273438e+01
1.800000000000000000e+01 8.392857313156127930e-01 4.584899902343750000e+01 5.599200057983398438e+01 3.369599914550781250e+01
1.300000000000000000e+01 7.410714030265808105e-01 4.335400009155273438e+01 5.780199813842773438e+01 3.571500015258789062e+01
1.700000000000000000e+01 5.982142686843872070e-01 4.502799987792968750e+01 6.115700149536132812e+01 3.515700149536132812e+01
2.000000000000000000e+01 5.937500000000000000e-01 4.567399978637695312e+01 6.053900146484375000e+01 3.133499908447265625e+01
1.900000000000000000e+01 5.803571343421936035e-01 4.190700149536132812e+01 5.962900161743164062e+01 3.086300086975097656e+01
1.300000000000000000e+01 3.705357015132904053e-01 4.054000091552734375e+01 6.252099990844726562e+01 3.298799896240234375e+01
0.000000000000000000e+00 2.410714328289031982e-01 4.268600082397460938e+01 6.499299621582031250e+01 3.108499908447265625e+01
1.200000000000000000e+01 2.321428507566452026e-01 4.155300140380859375e+01 6.375799942016601562e+01 2.770599937438964844e+01
9.000000000000000000e+00 1.339285671710968018e-01 3.775699996948242188e+01 6.408300018310546875e+01 2.831999969482421875e+01
1.100000000000000000e+01 3.214285671710968018e-01 3.711199951171875000e+01 6.033900070190429688e+01 2.853300094604492188e+01
1.700000000000000000e+01 4.642857015132904053e-01 3.583000183105468750e+01 5.867100143432617188e+01 3.180699920654296875e+01
1.600000000000000000e+01 6.830357313156127930e-01 3.836899948120117188e+01 5.670299911499023438e+01 3.395899963378906250e+01
1.500000000000000000e+01 7.455357313156127930e-01 3.703599929809570312e+01 5.346900177001953125e+01 3.534000015258789062e+01
7.000000000000000000e+00 8.839285969734191895e-01 4.227999877929687500e+01 5.370999908447265625e+01 3.905199813842773438e+01
0.000000000000000000e+00 9.821428656578063965e-01 4.713000106811523438e+01 4.978300094604492188e+01 3.535300064086914062e+01
7.000000000000000000e+00 9.955357313156127930e-01 4.984299850463867188e+01 4.770399856567382812e+01 3.718099975585937500e+01
2.200000000000000000e+01 9.732142686843872070e-01 5.271900177001953125e+01 4.560599899291992188e+01 3.581000137329101562e+01
2.200000000000000000e+01 9.687500000000000000e-01 5.429700088500976562e+01 4.333499908447265625e+01 3.854100036621093750e+01
1.500000000000000000e+01 8.616071343421936035e-01 5.742599868774414062e+01 4.118799972534179688e+01 3.766500091552734375e+01
1.800000000000000000e+01 6.875000000000000000e-01 6.062799835205078125e+01 3.947200012207031250e+01 3.852899932861328125e+01
0.000000000000000000e+00 5.580357313156127930e-01 6.346500015258789062e+01 4.113000106811523438e+01 3.669400024414062500e+01
2.000000000000000000e+00 2.946428656578063965e-01 6.687599945068359375e+01 3.959799957275390625e+01 3.564400100708007812e+01
3.000000000000000000e+00 2.767857015132904053e-01 6.570400238037109375e+01 3.602500152587890625e+01 3.661000061035156250e+01
1.700000000000000000e+01 8.928571641445159912e-02 6.830699920654296875e+01 3.398500061035156250e+01 3.477700042724609375e+01
9.000000000000000000e+00 4.910714179277420044e-02 7.081800079345703125e+01 3.691899871826171875e+01 3.447800064086914062e+01
1.600000000000000000e+01 8.482142537832260132e-02 7.088999938964843750e+01 4.056499862670898438e+01 3.335699844360351562e+01
1.000000000000000000e+00 1.741071492433547974e-01 6.814099884033203125e+01 4.129700088500976562e+01 3.080400085449218750e+01
1.000000000000000000e+00 2.544642984867095947e-01 6.675499725341796875e+01 4.426699829101562500e+01 2.890099906921386719e+01
2.000000000000000000e+01 5.401785969734191895e-01 6.288399887084960938e+01 4.462699890136718750e+01 2.917499923706054688e+01
1.800000000000000000e+01 5.848214030265808105e-01 6.052899932861328125e+01 4.638999938964843750e+01 2.676899909973144531e+01
1.100000000000000000e+01 7.946428656578063965e-01 5.710100173950195312e+01 4.661899948120117188e+01 2.814500045776367188e+01
0.000000000000000000e+00 7.857142686843872070e-01 5.429899978637695312e+01 4.784600067138671875e+01 2.580599975585937500e+01
0.000000000000000000e+00 8.794642686843872070e-01 5.100000000000000000e+01 4.907899856567382812e+01 2.735600090026855469e+01
1.200000000000000000e+01 8.258928656578063965e-01 4.768700027465820312e+01 4.943999862670898438e+01 2.544000053405761719e+01
1.200000000000000000e+01 8.437500000000000000e-01 4.521099853515625000e+01 5.164699935913085938e+01 2.738800048828125000e+01
1.700000000000000000e+01 8.035714030265808105e-01 4.147900009155273438e+01 5.189300155639648438e+01 2.723999977111816406e+01
1.600000000000000000e+01 7.767857313156127930e-01 3.922900009155273438e+01 5.319499969482421875e+01 3.007699966430664062e+01
2.000000000000000000e+01 8.169642686843872070e-01 3.749200057983398438e+01 5.011299896240234375e+01 3.131800079345703125e+01
1.700000000000000000e+01 8.973214030265808105e-01 4.009099960327148438e+01 4.771300125122070312e+01 2.979299926757812500e+01
2.000000000000000000e+01 9.598214030265808105e-01 4.385800170898437500e+01 4.738299942016601562e+01 2.939800071716308594e+01
1.700000000000000000e+01 9.375000000000000000e-01 4.650500106811523438e+01 4.507500076293945312e+01 2.787199974060058594e+01
1.800000000000000000e+01 9.464285969734191895e-01 5.026599884033203125e+01 4.472999954223632812e+01 2.861800003051757812e+01
1.800000000000000000e+01 8.348214030265808105e-01 5.257699966430664062e+01 4.273099899291992188e+01 2.632799911499023438e+01
0.000000000000000000e+00 7.589285969734191895e-01 5.631299972534179688e+01 4.247999954223632812e+01 2.722699928283691406e+01
2.200000000000000000e+01 5.625000000000000000e-01 5.939699935913085938e+01 4.093500137329101562e+01 2.576000022888183594e+01
2.200000000000000000e+01 3.973214328289031982e-01 6.277099990844726562e+01 3.995800018310546875e+01 2.724099922180175781e+01
1.800000000000000000e+01 1.428571492433547974e-01 6.625099945068359375e+01 4.002700042724609375e+01 2.546100044250488281e+01
2.000000000000000000e+00 3.125000000000000000e-02 6.992400360107421875e+01 3.992800140380859375e+01 2.645599937438964844e+01
1.600000000000000000e+01 1.339285727590322495e-02 7.183499908447265625e+01 4.329000091552734375e+01 2.646199989318847656e+01
