5.000000000000000000e+00 1.071428582072257996e-01 2.605999946594238281e+01 3.783000183105468750e+01 4.321500015258789062e+01
1.600000000000000000e+01 2.321428507566452026e-01 2.699799919128417969e+01 4.121900177001953125e+01 4.158900070190429688e+01
1.200000000000000000e+01 5.133928656578063965e-01 3.082799911499023438e+01 4.115299987792968750e+01 4.122800064086914062e+01
1.400000000000000000e+01 5.267857313156127930e-01 3.118400001525878906e+01 3.856999969482421875e+01 3.851300048828125000e+01
2.200000000000000000e+01 6.875000000000000000e-01 3.461600112915039062e+01 3.733399963378906250e+01 3.750799942016601562e+01
1.300000000000000000e+01 6.562500000000000000e-01 3.538700103759765625e+01 3.531200027465820312e+01 3.431600189208984375e+01
2.200000000000000000e+01 7.455357313156127930e-01 3.911700057983398438e+01 3.439699935913085938e+01 3.373799896240234375e+01
1.200000000000000000e+01 6.607142686843872070e-01 4.039699935913085938e+01 3.254899978637695312e+01 3.061899948120117188e+01
3.000000000000000000e+00 6.250000000000000000e-01 4.348400115966796875e+01 3.120199966430664062e+01 2.886800003051757812e+01
0.000000000000000000e+00 5.758928656578063965e-01 4.471799850463867188e+01 3.242599868774414062e+01 2.546400070190429688e+01
2.200000000000000000e+01 4.062500000000000000e-01 4.738299942016601562e+01 2.981100082397460938e+01 2.503100013732910156e+01
1.000000000000000000e+00 2.276785671710968018e-01 4.519699859619140625e+01 2.670800018310546875e+01 2.525499916076660156e+01
9.000000000000000000e+00 2.767857015132904053e-01 4.203099822998046875e+01 2.887700080871582031e+01 2.423699951171875000e+01
1.700000000000000000e+01 2.455357164144515991e-01 4.003599929809570312e+01 2.743499946594238281e+01 2.706100082397460938e+01
1.600000000000000000e+01 3.571428656578063965e-01 3.858000183105468750e+01 2.859000015258789062e+01 3.051000022888183594e+01
0.000000000000000000e+00 5.401785969734191895e-01 4.130199813842773438e+01 2.894300079345703125e+01 3.329499816894531250e+01
1.100000000000000000e+01 3.437500000000000000e-01 4.049100112915039062e+01 2.658900070190429688e+01 3.601100158691406250e+01
2.000000000000000000e+00 3.526785671710968018e-01 4.094100189208984375e+01 2.702799987792968750e+01 3.980799865722656250e+01
2.200000000000000000e+01 6.517857313156127930e-01 4.260599899291992188e+01 3.047500038146972656e+01 3.923699951171875000e+01
0.000000000000000000e+00 6.651785969734191895e-01 4.230799865722656250e+01 3.224700164794921875e+01 4.248600006103515625e+01
1.400000000000000000e+01 7.857142686843872070e-01 4.142499923706054688e+01 3.594100189208984375e+01 4.335100173950195312e+01
2.200000000000000000e+01 7.410714030265808105e-01 3.887799835205078125e+01 4.157899856567382812e+01 4.624399948120117188e+01
1.500000000000000000e+01 6.964285969734191895e-01 3.976499938964843750e+01 4.459700012207031250e+01 4.836000061035156250e+01
1.000000000000000000e+00 6.160714030265808105e-01 3.821500015258789062e+01 4.789400100708007812e+01 4.917399978637695312e+01
1.300000000000000000e+01 5.223214030265808105e-01 3.964799880981445312e+01 5.119200134277343750e+01 5.053799819946289062e+01
0.000000000000000000e+00 2.500000000000000000e-01 3.949800109863281250e+01 5.167499923706054688e+01 5.438700103759765625e+01
0.000000000000000000e+00 6.696428358554840088e-02 3.870600128173828125e+01 5.447999954223632812e+01 5.667599868774414062e+01
3.000000000000000000e+00 9.375000000000000000e-02 4.247800064086914062e+01 5.539099884033203125e+01 5.665399932861328125e+01
3.000000000000000000e+00 3.169642984867095947e-01 4.251200103759765625e+01 5.475799942016601562e+01 5.288700103759765625e+01
1.800000000000000000e+01 4.508928656578063965e-01 4.454499816894531250e+01 5.132699966430664062e+01 5.315700149536132812e+01
1.900000000000000000e+01 6.294642686843872070e-01 4.352299880981445312e+01 4.825000000000000000e+01 5.124300003051757812e+01
7.000000000000000000e+00 4.598214328289031982e-01 4.098099899291992188e+01 4.629600143432617188e+01 5.334500122070312500e+01
1.600000000000000000e+01 4.866071343421936035e-01 3.991199874877929688e+01 4.269900131225585938e+01 5.245899963378906250e+01
1.500000000000000000e+01 4.553571343421936035e-01 3.648500061035156250e+01 4.224599838256835938e+01 5.083700180053710938e+01
0.000000000000000000e+00 4.821428656578063965e-01 3.618099975585937500e+01 3.875199890136718750e+01 4.922399902343750000e+01
1.700000000000000000e+01 5.357142686843872070e-01 3.803900146484375000e+01 3.575899887084960938e+01 4.758399963378906250e+01
9.000000000000000000e+00 4.419642984867095947e-01 3.754899978637695312e+01 3.241699981689453125e+01 4.573799896240234375e+01
1.300000000000000000e+01 4.910714328289031982e-01 3.889400100708007812e+01 3.056800079345703125e+01 4.273199844360351562e+01
1.800000000000000000e+01 4.687500000000000000e-01 3.740999984741210938e+01 2.988400077819824219e+01 3.929800033569335938e+01
1.700000000000000000e+01 1.875000000000000000e-01 3.472299957275390625e+01 2.712000083923339844e+01 3.869499969482421875e+01
7.000000000000000000e+00 8.482142537832260132e-02 3.518299865722656250e+01 2.429700088500976562e+01 3.619800186157226562e+01
1.700000000000000000e+01 1.205357164144515991e-01 3.345000076293945312e+01 2.678700065612792969e+01 3.375199890136718750e+01
9.000000000000000000e+00 3.705357015132904053e-01 3.619699859619140625e+01 2.938500022888183594e+01 3.435699844360351562e+01
7.000000000000000000e+00 4.151785671710968018e-01 3.378200149536132812e+01 3.181200027465820312e+01 3.606900024414062500e+01
1.200000000000000000e+01 3.883928656578063965e-01 3.297800064086914062e+01 3.283399963378906250e+01 3.958200073242187500e+01
9.000000000000000000e+00 1.607142835855484009e-01 2.984499931335449219e+01 3.365599822998046875e+01 4.443399810791015625e+01
1.200000000000000000e+01 3.303571343421936035e-01 3.217200088500976562e+01 3.638100051879882812e+01 4.563899993896484375e+01
1.800000000000000000e+01 1.919642835855484009e-01 2.963299942016601562e+01 3.853200149536132812e+01 4.738000106811523438e+01
1.800000000000000000e+01 3.571428731083869934e-02 2.603199958801269531e+01 3.884299850463867188e+01 4.844800186157226562e+01
7.000000000000000000e+00 1.339285727590322495e-02 2.351600074768066406e+01 4.155199813842773438e+01 4.737200164794921875e+01
7.000000000000000000e+00 0.000000000000000000e+00 2.305599975585937500e+01 4.287599945068359375e+01 5.099100112915039062e+01
7.000000000000000000e+00 2.678571455180644989e-02 2.680900001525878906e+01 4.304700088500976562e+01 5.164699935913085938e+01
1.500000000000000000e+01 1.294642835855484009e-01 2.796999931335449219e+01 4.479999923706054688e+01 4.848600006103515625e+01
2.200000000000000000e+01 1.116071417927742004e-01 2.810499954223632812e+01 4.868600082397460938e+01 4.858700180053710938e+01
7.000000000000000000e+00 1.830357164144515991e-01 2.940099906921386719e+01 5.182899856567382812e+01 4.694200134277343750e+01
9.000000000000000000e+00 3.482142984867095947e-01 3.308900070190429688e+01 5.265700149536132812e+01 4.699900054931640625e+01
1.100000000000000000e+01 6.205357313156127930e-01 3.656800079345703125e+01 5.208499908447265625e+01 4.571099853515625000e+01
2.000000000000000000e+01 7.366071343421936035e-01 3.740399932861328125e+01 4.849700164794921875e+01 4.495399856567382812e+01
1.300000000000000000e+01 9.017857313156127930e-01 4.015200042724609375e+01 4.644100189208984375e+01 4.316199874877929688e+01
2.200000000000000000e+01 9.241071343421936035e-01 4.050400161743164062e+01 4.273500061035156250e+01 4.227999877929687500e+01
7.000000000000000000e+00 9.508928656578063965e-01 4.394499969482421875e+01 4.108100128173828125e+01 4.229299926757812500e+01
1.100000000000000000e+01 9.285714030265808105e-01 4.411899948120117188e+01 3.783100128173828125e+01 4.031200027465820312e+01
3.000000000000000000e+00 8.482142686843872070e-01 4.658100128173828125e+01 3.508800125122070312e+01 4.116199874877929688e+01
1.800000000000000000e+01 8.526785969734191895e-01 4.833300018310546875e+01 3.421300125122070312e+01 3.781200027465820312e+01
1.300000000000000000e+01 7.812500000000000000e-01 5.181100082397460938e+01 3.322800064086914062e+01 3.897600173950195312e+01
1.700000000000000000e+01 6.428571343421936035e-01 5.016899871826171875e+01 3.031900024414062500e+01 4.088899993896484375e+01
2.000000000000000000e+01 6.339285969734191895e-01 4.840000152587890625e+01 2.930299949645996094e+01 3.763000106811523438e+01
1.900000000000000000e+01 5.937500000000000000e-01 5.163700103759765625e+01 2.918600082397460938e+01 3.551900100708007812e+01
1.300000000000000000e+01 4.241071343421936035e-01 5.355599975585937500e+01 2.755500030517578125e+01 3.843399810791015625e+01
0.000000000000000000e+00 2.678571343421936035e-01 5.097200012207031250e+01 2.480900001525878906e+01 3.858900070190429688e+01
1.200000000000000000e+01 2.098214328289031982e-01 5.168500137329101562e+01 2.389399909973144531e+01 3.495199966430664062e+01
9.000000000000000000e+00 1.651785671710968018e-01 5.541899871826171875e+01 2.435799980163574219e+01 3.534500122070312500e+01
1.100000000000000000e+01 3.392857015132904053e-01 5.584099960327148438e+01 2.758600044250488281e+01 3.337200164794921875e+01
1.700000000000000000e+01 4.955357015132904053e-01 5.765499877929687500e+01 3.083699989318847656e+01 3.448799896240234375e+01
1.600000000000000000e+01 7.053571343421936035e-01 5.555400085449218750e+01 3.399700164794921875e+01 3.372100067138671875e+01
1.500000000000000000e+01 8.214285969734191895e-01 5.651100158691406250e+01 3.759899902343750000e+01 3.357400131225585938e+01
7.000000000000000000e+00 9.107142686843872070e-01 5.317800140380859375e+01 3.811700057983398438e+01 3.957799911499023438e+01
0.000000000000000000e+00 9.910714030265808105e-01 4.686600112915039062e+01 4.053099822998046875e+01 3.681200027465820312e+01
7.000000000000000000e+00 9.955357313156127930e-01 4.470500183105468750e+01 4.339799880981445312e+01 3.825000000000000000e+01
2.200000000000000000e+01 9.776785969734191895e-01 4.179600143432617188e+01 4.593399810791015625e+01 3.790599822998046875e+01
2.200000000000000000e+01 9.375000000000000000e-01 4.100699996948242188e+01 4.898500061035156250e+01 4.034899902343750000e+01
1.500000000000000000e+01 8.303571343421936035e-01 3.746200180053710938e+01 5.050199890136718750e+01 4.008800125122070312e+01
1.800000000000000000e+01 6.383928656578063965e-01 3.456200027465820312e+01 5.271099853515625000e+01 4.142200088500976562e+01
0.000000000000000000e+00 5.089285969734191895e-01 3.166600036621093750e+01 5.038800048828125000e+01 4.229700088500976562e+01
2.000000000000000000e+00 2.410714328289031982e-01 2.808300018310546875e+01 5.179399871826171875e+01 4.195199966430664062e+01
3.000000000000000000e+00 2.366071492433547974e-01 2.929599952697753906e+01 5.522700119018554688e+01 4.063399887084960938e+01
1.700000000000000000e+01 7.142857462167739868e-02 2.596899986267089844e+01 5.623099899291992188e+01 3.888299942016601562e+01
9.000000000000000000e+00 3.125000000000000000e-02 2.381399917602539062e+01 5.398699951171875000e+01 4.115399932861328125e+01
1.600000000000000000e+01 4.910714179277420044e-02 2.343099975585937500e+01 5.019200134277343750e+01 4.180300140380859375e+01
1.000000000000000000e+00 1.562500000000000000e-01 2.526899909973144531e+01 4.790399932861328125e+01 3.916799926757812500e+01
1.000000000000000000e+00 2.633928656578063965e-01 2.653899955749511719e+01 4.435900115966796875e+01 3.841500091552734375e+01
2.000000000000000000e+01 5.535714030265808105e-01 3.014699935913085938e+01 4.407899856567382812e+01 3.724100112915039062e+01
1.800000000000000000e+01 6.071428656578063965e-01 3.140600013732910156e+01 4.141299819946289062e+01 3.478400039672851562e+01
1.100000000000000000e+01 7.991071343421936035e-01 3.513999938964843750e+01 4.117599868774414062e+01 3.495600128173828125e+01
0.000000000000000000e+00 8.125000000000000000e-01 3.683599853515625000e+01 3.931100082397460938e+01 3.206499862670898438e+01
0.000000000000000000e+00 8.973214030265808105e-01 4.048899841308593750e+01 3.839500045776367188e+01 3.231299972534179688e+01
1.200000000000000000e+01 8.392857313156127930e-01 4.261899948120117188e+01 3.661999893188476562e+01 2.964200019836425781e+01
1.200000000000000000e+01 8.348214030265808105e-01 4.594599914550781250e+01 3.490200042724609375e+01 3.059900093078613281e+01
1.700000000000000000e+01 7.589285969734191895e-01 4.921200180053710938e+01 3.412200164794921875e+01 2.881100082397460938e+01
1.600000000000000000e+01 7.321428656578063965e-01 5.281200027465820312e+01 3.377999877929687500e+01 3.038599967956542969e+01
2.000000000000000000e+01 8.080357313156127930e-01 5.417200088500976562e+01 3.720800018310546875e+01 2.921299934387207031e+01
1.700000000000000000e+01 8.883928656578063965e-01 5.079299926757812500e+01 3.895800018310546875e+01 2.874300003051757812e+01
2.000000000000000000e+01 9.419642686843872070e-01 4.728699874877929688e+01 3.947399902343750000e+01 3.000600051879882812e+01
1.700000000000000000e+01 9.330357313156127930e-01 4.411600112915039062e+01 4.130099868774414062e+01 2.897400093078613281e+01
1.800000000000000000e+01 9.553571343421936035e-01 4.136600112915039062e+01 4.257899856567382812e+01 3.135099983215332031e+01
1.800000000000000000e+01 8.571428656578063965e-01 3.795999908447265625e+01 4.417599868774414062e+01 3.022699928283691406e+01
0.000000000000000000e+00 8.169642686843872070e-01 3.530899810791015625e+01 4.531499862670898438e+01 3.254700088500976562e+01
2.200000000000000000e+01 6.116071343421936035e-01 3.160600090026855469e+01 4.528099822998046875e+01 3.165600013732910156e+01
2.200000000000000000e+01 4.375000000000000000e-01 2.883900070190429688e+01 4.715399932861328125e+01 3.355500030517578125e+01
1.800000000000000000e+01 1.517857164144515991e-01 2.505800056457519531e+01 4.646799850463867188e+01 3.343500137329101562e+01
2.000000000000000000e+00 4.017857089638710022e-02 2.214599990844726562e+01 4.722399902343750000e+01 3.576900100708007812e+01
1.600000000000000000e+01 1.785714365541934967e-02 2.125699996948242188e+01 4.450699996948242188e+01 3.818299865722656250e+01
5.000000000000000000e+00 1.339285671710968018e-01 6.721399688720703125e+01 4.896300125122070312e+01 2.632399940490722656e+01
1.600000000000000000e+01 2.008928507566452026e-01 6.773100280761718750e+01 4.681800079345703125e+01 2.943099975585937500e+01
1.200000000000000000e+01 4.776785671710968018e-01 6.425599670410156250e+01 4.781000137329101562e+01 3.058799934387207031e+01
1.400000000000000000e+01 5.491071343421936035e-01 6.166799926757812500e+01 4.985499954223632812e+01 2.855500030517578125e+01
2.200000000000000000e+01 7.008928656578063965e-01 5.803499984741210938e+01 5.083900070190429688e+01 2.907600021362304688e+01
1.300000000000000000e+01 6.696428656578063965e-01 5.571300125122070312e+01 5.246799850463867188e+01 2.646100044250488281e+01
2.200000000000000000e+01 7.500000000000000000e-01 5.201200103759765625e+01 5.330699920654296875e+01 2.678499984741210938e+01
1.200000000000000000e+01 6.741071343421936035e-01 4.944499969482421875e+01 5.322499847412109375e+01 2.405299949645996094e+01
3.000000000000000000e+00 6.473214030265808105e-01 4.574399948120117188e+01 5.441699981689453125e+01 2.389100074768066406e+01
0.000000000000000000e+00 5.982142686843872070e-01 4.304100036621093750e+01 5.236500167846679688e+01 2.213199996948242188e+01
2.200000000000000000e+01 3.973214328289031982e-01 4.057099914550781250e+01 5.518799972534179688e+01 2.174600028991699219e+01
1.000000000000000000e+00 2.142857164144515991e-01 4.241299819946289062e+01 5.718999862670898438e+01 1.898500061035156250e+01
9.000000000000000000e+00 2.812500000000000000e-01 4.464099884033203125e+01 5.415499877929687500e+01 1.804999923706054688e+01
1.700000000000000000e+01 2.857142984867095947e-01 4.792699813842773438e+01 5.579199981689453125e+01 1.883799934387207031e+01
1.600000000000000000e+01 4.107142984867095947e-01 5.086700057983398438e+01 5.608399963378906250e+01 2.146100044250488281e+01
0.000000000000000000e+00 5.312500000000000000e-01 5.005699920654296875e+01 5.775899887084960938e+01 2.474600028991699219e+01
1.100000000000000000e+01 3.214285671710968018e-01 5.224399948120117188e+01 6.098099899291992188e+01 2.530999946594238281e+01
2.000000000000000000e+00 2.946428656578063965e-01 5.350799942016601562e+01 6.270199966430664062e+01 2.856999969482421875e+01
2.200000000000000000e+01 5.848214030265808105e-01 5.196799850463867188e+01 5.982199859619140625e+01 3.061400032043457031e+01
0.000000000000000000e+00 6.026785969734191895e-01 5.368099975585937500e+01 5.963700103759765625e+01 3.399000167846679688e+01
1.400000000000000000e+01 7.142857313156127930e-01 5.497900009155273438e+01 5.648300170898437500e+01 3.583700180053710938e+01
2.200000000000000000e+01 7.232142686843872070e-01 5.870000076293945312e+01 5.208900070190429688e+01 3.904499816894531250e+01
1.500000000000000000e+01 6.785714030265808105e-01 5.913800048828125000e+01 5.067800140380859375e+01 4.257699966430664062e+01
1.000000000000000000e+00 5.714285969734191895e-01 6.157699966430664062e+01 4.789799880981445312e+01 4.380300140380859375e+01
1.300000000000000000e+01 5.000000000000000000e-01 6.091500091552734375e+01 4.584099960327148438e+01 4.700500106811523438e+01
0.000000000000000000e+00 2.232142835855484009e-01 6.358000183105468750e+01 4.562500000000000000e+01 4.974100112915039062e+01
0.000000000000000000e+00 9.821428358554840088e-02 6.470800018310546875e+01 4.238499832153320312e+01 5.149499893188476562e+01
3.000000000000000000e+00 8.035714179277420044e-02 6.238800048828125000e+01 4.329899978637695312e+01 5.448600006103515625e+01
3.000000000000000000e+00 2.991071343421936035e-01 5.946099853515625000e+01 4.359999847412109375e+01 5.213100051879882812e+01
1.800000000000000000e+01 3.080357015132904053e-01 5.919599914550781250e+01 4.745199966430664062e+01 5.197900009155273438e+01
1.900000000000000000e+01 5.044642686843872070e-01 5.870899963378906250e+01 4.913199996948242188e+01 4.862099838256835938e+01
7.000000000000000000e+00 3.348214328289031982e-01 6.160499954223632812e+01 5.150400161743164062e+01 4.774300003051757812e+01
1.600000000000000000e+01 3.660714328289031982e-01 6.144100189208984375e+01 5.414400100708007812e+01 4.491600036621093750e+01
1.500000000000000000e+01 3.750000000000000000e-01 6.352999877929687500e+01 5.289400100708007812e+01 4.188000106811523438e+01
0.000000000000000000e+00 3.928571343421936035e-01 6.308300018310546875e+01 5.488999938964843750e+01 3.864799880981445312e+01
1.700000000000000000e+01 4.464285671710968018e-01 6.064300155639648438e+01 5.750799942016601562e+01 3.735599899291992188e+01
9.000000000000000000e+00 3.616071343421936035e-01 5.963499832153320312e+01 5.941099929809570312e+01 3.430799865722656250e+01
1.300000000000000000e+01 4.017857015132904053e-01 5.690200042724609375e+01 6.039099884033203125e+01 3.170199966430664062e+01
1.800000000000000000e+01 4.285714328289031982e-01 5.643000030517578125e+01 5.910900115966796875e+01 2.815200042724609375e+01
1.700000000000000000e+01 1.741071492433547974e-01 5.778499984741210938e+01 6.089699935913085938e+01 2.508600044250488281e+01
7.000000000000000000e+00 7.589285820722579956e-02 5.613499832153320312e+01 6.221200180053710938e+01 2.189599990844726562e+01
1.700000000000000000e+01 1.250000000000000000e-01 5.669800186157226562e+01 5.866600036621093750e+01 2.052400016784667969e+01
9.000000000000000000e+00 3.794642984867095947e-01 5.504000091552734375e+01 5.700299835205078125e+01 2.362599945068359375e+01
7.000000000000000000e+00 3.839285671710968018e-01 5.828900146484375000e+01 5.550400161743164062e+01 2.483300018310546875e+01
1.200000000000000000e+01 4.196428656578063965e-01 6.014899826049804688e+01 5.576900100708007812e+01 2.803300094604492188e+01
9.000000000000000000e+00 1.383928507566452026e-01 6.632700347900390625e+01 5.570100021362304688e+01 3.057200050354003906e+01
1.200000000000000000e+01 3.125000000000000000e-01 6.479399871826171875e+01 5.415900039672851562e+01 3.377500152587890625e+01
1.800000000000000000e+01 1.964285671710968018e-01 6.768000030517578125e+01 5.189199829101562500e+01 3.462699890136718750e+01
1.800000000000000000e+01 6.250000000000000000e-02 7.095400238037109375e+01 5.031299972534179688e+01 3.354399871826171875e+01
7.000000000000000000e+00 2.232142910361289978e-02 7.269300079345703125e+01 4.690399932861328125e+01 3.327500152587890625e+01
7.000000000000000000e+00 4.464285913854837418e-03 7.456199645996093750e+01 4.752999877929687500e+01 3.652899932861328125e+01
7.000000000000000000e+00 5.803571268916130066e-02 7.151499938964843750e+01 4.885400009155273438e+01 3.844900131225585938e+01
1.500000000000000000e+01 2.053571492433547974e-01 6.868399810791015625e+01 4.642100143432617188e+01 3.722999954223632812e+01
2.200000000000000000e+01 1.473214328289031982e-01 6.921800231933593750e+01 4.306299972534179688e+01 3.922900009155273438e+01
7.000000000000000000e+00 2.544642984867095947e-01 6.699700164794921875e+01 4.028200149536132812e+01 4.015499877929687500e+01
9.000000000000000000e+00 4.642857015132904053e-01 6.393500137329101562e+01 4.111899948120117188e+01 4.211199951171875000e+01
1.100000000000000000e+01 6.830357313156127930e-01 6.032699966430664062e+01 4.224599838256835938e+01 4.209600067138671875e+01
2.000000000000000000e+01 7.633928656578063965e-01 5.956999969482421875e+01 4.534899902343750000e+01 4.015800094604492188e+01
1.300000000000000000e+01 8.794642686843872070e-01 5.628099822998046875e+01 4.736299896240234375e+01 4.027999877929687500e+01
2.200000000000000000e+01 9.151785969734191895e-01 5.538499832153320312e+01 4.988600158691406250e+01 3.759600067138671875e+01
7.000000000000000000e+00 9.196428656578063965e-01 5.264500045776367188e+01 5.235900115966796875e+01 3.852099990844726562e+01
1.100000000000000000e+01 8.839285969734191895e-01 5.130199813842773438e+01 5.425299835205078125e+01 3.543999862670898438e+01
3.000000000000000000e+00 7.946428656578063965e-01 4.912400054931640625e+01 5.752000045776367188e+01 3.602600097656250000e+01
1.800000000000000000e+01 8.258928656578063965e-01 4.659299850463867188e+01 5.662400054931640625e+01 3.331700134277343750e+01
1.300000000000000000e+01 7.098214030265808105e-01 4.354899978637695312e+01 5.841099929809570312e+01 3.480899810791015625e+01
1.700000000000000000e+01 5.625000000000000000e-01 4.543600082397460938e+01 6.170800018310546875e+01 3.461100006103515625e+01
2.000000000000000000e+01 5.446428656578063965e-01 4.569599914550781250e+01 6.122499847412109375e+01 3.082299995422363281e+01
1.900000000000000000e+01 5.178571343421936035e-01 4.185900115966796875e+01 6.069599914550781250e+01 3.062800025939941406e+01
1.300000000000000000e+01 3.258928656578063965e-01 4.111800003051757812e+01 6.357099914550781250e+01 3.306600189208984375e+01
0.000000000000000000e+00 1.785714328289031982e-01 4.322499847412109375e+01 6.609999847412109375e+01 3.106699943542480469e+01
1.200000000000000000e+01 1.428571492433547974e-01 4.111399841308593750e+01 6.499500274658203125e+01 2.794499969482421875e+01
9.000000000000000000e+00 1.026785746216773987e-01 3.784199905395507812e+01 6.551799774169921875e+01 2.989100074768066406e+01
1.100000000000000000e+01 2.723214328289031982e-01 3.692699813842773438e+01 6.175799942016601562e+01 2.980500030517578125e+01
1.700000000000000000e+01 4.732142984867095947e-01 3.642200088500976562e+01 5.932899856567382812e+01 3.281000137329101562e+01
1.600000000000000000e+01 6.919642686843872070e-01 3.801699829101562500e+01 5.573099899291992188e+01 3.291500091552734375e+01
1.500000000000000000e+01 7.544642686843872070e-01 3.639199829101562500e+01 5.289699935913085938e+01 3.490299987792968750e+01
7.000000000000000000e+00 8.660714030265808105e-01 4.125699996948242188e+01 5.384099960327148438e+01 3.827500152587890625e+01
0.000000000000000000e+00 9.732142686843872070e-01 4.727999877929687500e+01 5.082699966430664062e+01 3.590900039672851562e+01
7.000000000000000000e+00 9.866071343421936035e-01 4.983399963378906250e+01 4.881399917602539062e+01 3.770199966430664062e+01
2.200000000000000000e+01 9.821428656578063965e-01 5.218700027465820312e+01 4.609400177001953125e+01 3.655699920654296875e+01
2.200000000000000000e+01 9.642857313156127930e-01 5.406100082397460938e+01 4.394900131225585938e+01 3.912799835205078125e+01
1.500000000000000000e+01 8.928571343421936035e-01 5.660300064086914062e+01 4.148799896240234375e+01 3.740399932861328125e+01
1.800000000000000000e+01 7.187500000000000000e-01 5.965000152587890625e+01 3.925099945068359375e+01 3.814199829101562500e+01
0.000000000000000000e+00 5.803571343421936035e-01 6.297100067138671875e+01 4.000400161743164062e+01 3.631100082397460938e+01
2.000000000000000000e+00 3.035714328289031982e-01 6.614900207519531250e+01 3.797499847412109375e+01 3.546900177001953125e+01
3.000000000000000000e+00 2.589285671710968018e-01 6.534500122070312500e+01 3.514300155639648438e+01 3.793099975585937500e+01
1.700000000000000000e+01 1.160714253783226013e-01 6.638200378417968750e+01 3.227199935913085938e+01 3.555099868774414062e+01
9.000000000000000000e+00 5.357142910361289978e-02 6.940100097656250000e+01 3.415800094604492188e+01 3.412099838256835938e+01
1.600000000000000000e+01 8.928571641445159912e-02 6.950299835205078125e+01 3.780799865722656250e+01 3.283300018310546875e+01
1.000000000000000000e+00 2.187500000000000000e-01 6.697299957275390625e+01 3.906200027465820312e+01 3.032900047302246094e+01
1.000000000000000000e+00 2.901785671710968018e-01 6.607199859619140625e+01 4.243899917602539062e+01 2.894700050354003906e+01
2.000000000000000000e+01 5.580357313156127930e-01 6.242100143432617188e+01 4.357199859619140625e+01 2.875099945068359375e+01
1.800000000000000000e+01 5.892857313156127930e-01 6.037699890136718750e+01 4.570399856567382812e+01 2.632600021362304688e+01
1.100000000000000000e+01 7.767857313156127930e-01 5.696099853515625000e+01 4.618500137329101562e+01 2.770299911499023438e+01
0.000000000000000000e+00 8.035714030265808105e-01 5.393500137329101562e+01 4.761999893188476562e+01 2.590099906921386719e+01
0.000000000000000000e+00 9.062500000000000000e-01 5.077500152587890625e+01 4.859600067138671875e+01 2.776199913024902344e+01
1.200000000000000000e+01 8.616071343421936035e-01 4.733499908447265625e+01 4.950600051879882812e+01 2.619499969482421875e+01
1.200000000000000000e+01 8.437500000000000000e-01 4.472600173950195312e+01 5.194499969482421875e+01 2.762999916076660156e+01
1.700000000000000000e+01 7.901785969734191895e-01 4.094100189208984375e+01 5.191500091552734375e+01 2.717099952697753906e+01
1.600000000000000000e+01 7.276785969734191895e-01 3.838600158691406250e+01 5.338199996948242188e+01 2.946400070190429688e+01
2.000000000000000000e+01 7.678571343421936035e-01 3.674200057983398438e+01 4.994699859619140625e+01 2.994099998474121094e+01
1.700000000000000000e+01 8.750000000000000000e-01 3.973699951171875000e+01 4.785400009155273438e+01 2.925600051879882812e+01
2.000000000000000000e+01 9.687500000000000000e-01 4.355199813842773438e+01 4.715999984741210938e+01 2.976099967956542969e+01
1.700000000000000000e+01 9.464285969734191895e-01 4.617300033569335938e+01 4.491799926757812500e+01 2.815299987792968750e+01
1.800000000000000000e+01 9.598214030265808105e-01 4.984799957275390625e+01 4.445299911499023438e+01 2.887599945068359375e+01
1.800000000000000000e+01 8.705357313156127930e-01 5.248600006103515625e+01 4.229899978637695312e+01 2.705599975585937500e+01
0.000000000000000000e+00 7.723214030265808105e-01 5.629700088500976562e+01 4.167499923706054688e+01 2.747500038146972656e+01
2.200000000000000000e+01 5.669642686843872070e-01 5.896200180053710938e+01 4.107400131225585938e+01 2.481100082397460938e+01
2.200000000000000000e+01 4.330357015132904053e-01 6.191099929809570312e+01 3.927799987792968750e+01 2.628000068664550781e+01
1.800000000000000000e+01 1.696428507566452026e-01 6.533499908447265625e+01 3.963700103759765625e+01 2.467499923706054688e+01
2.000000000000000000e+00 4.464285820722579956e-02 6.897599792480468750e+01 3.888100051879882812e+01 2.562100028991699219e+01
1.600000000000000000e+01 8.928571827709674835e-03 7.180100250244140625e+01 4.103900146484375000e+01 2.707099914550781250e+01
