5.000000000000000000e+00 9.375000000000000000e-02 2.538599967956542969e+01 3.828799819946289062e+01 4.284999847412109375e+01
1.600000000000000000e+01 1.964285671710968018e-01 2.646599960327148438e+01 4.170999908447265625e+01 4.154199981689453125e+01
1.200000000000000000e+01 4.821428656578063965e-01 3.016399955749511719e+01 4.106600189208984375e+01 4.112699890136718750e+01
1.400000000000000000e+01 5.401785969734191895e-01 3.150799942016601562e+01 3.842399978637695312e+01 3.879600143432617188e+01
2.200000000000000000e+01 7.008928656578063965e-01 3.507799911499023438e+01 3.739400100708007812e+01 3.783100128173828125e+01
1.300000000000000000e+01 6.785714030265808105e-01 3.601100158691406250e+01 3.521799850463867188e+01 3.485599899291992188e+01
2.200000000000000000e+01 7.232142686843872070e-01 3.940100097656250000e+01 3.377700042724609375e+01 3.376399993896484375e+01
1.200000000000000000e+01 6.607142686843872070e-01 4.046500015258789062e+01 3.262799835205078125e+01 3.016600036621093750e+01
3.000000000000000000e+00 6.160714030265808105e-01 4.354600143432617188e+01 3.135300064086914062e+01 2.823399925231933594e+01
0.000000000000000000e+00 5.892857313156127930e-01 4.486800003051757812e+01 3.313700103759765625e+01 2.507200050354003906e+01
2.200000000000000000e+01 3.571428656578063965e-01 4.710100173950195312e+01 3.012599945068359375e+01 2.411800003051757812e+01
1.000000000000000000e+00 2.142857164144515991e-01 4.440800094604492188e+01 2.740999984741210938e+01 2.420700073242187500e+01
9.000000000000000000e+00 2.678571343421936035e-01 4.137400054931640625e+01 2.961899948120117188e+01 2.366500091552734375e+01
1.700000000000000000e+01 2.544642984867095947e-01 3.945999908447265625e+01 2.807999992370605469e+01 2.658600044250488281e+01
1.600000000000000000e+01 3.616071343421936035e-01 3.847800064086914062e+01 2.904500007629394531e+01 3.022400093078613281e+01
0.000000000000000000e+00 5.044642686843872070e-01 4.101399993896484375e+01 2.875399971008300781e+01 3.315499877929687500e+01
1.100000000000000000e+01 3.080357015132904053e-01 3.993700027465820312e+01 2.622900009155273438e+01 3.593500137329101562e+01
2.000000000000000000e+00 3.258928656578063965e-01 4.114699935913085938e+01 2.652599906921386719e+01 3.949599838256835938e+01
2.200000000000000000e+01 6.250000000000000000e-01 4.280400085449218750e+01 2.996899986267089844e+01 3.915499877929687500e+01
0.000000000000000000e+00 6.383928656578063965e-01 4.311299896240234375e+01 3.141300010681152344e+01 4.263100051879882812e+01
1.400000000000000000e+01 7.455357313156127930e-01 4.197200012207031250e+01 3.493299865722656250e+01 4.339300155639648438e+01
2.200000000000000000e+01 7.276785969734191895e-01 3.894100189208984375e+01 4.052600097656250000e+01 4.621099853515625000e+01
1.500000000000000000e+01 6.875000000000000000e-01 3.939199829101562500e+01 4.341500091552734375e+01 4.873099899291992188e+01
1.000000000000000000e+00 5.580357313156127930e-01 3.737400054931640625e+01 4.660900115966796875e+01 4.968999862670898438e+01
1.300000000000000000e+01 5.267857313156127930e-01 3.899599838256835938e+01 4.989300155639648438e+01 5.087900161743164062e+01
0.000000000000000000e+00 2.321428507566452026e-01 3.804899978637695312e+01 5.124100112915039062e+01 5.422399902343750000e+01
0.000000000000000000e+00 1.160714253783226013e-01 3.764899826049804688e+01 5.495399856567382812e+01 5.505099868774414062e+01
3.000000000000000000e+00 8.482142537832260132e-02 4.100500106811523438e+01 5.534600067138671875e+01 5.684199905395507812e+01
3.000000000000000000e+00 3.169642984867095947e-01 4.255099868774414062e+01 5.368099975585937500e+01 5.371599960327148438e+01
1.800000000000000000e+01 2.946428656578063965e-01 4.276900100708007812e+01 5.009600067138671875e+01 5.551100158691406250e+01
1.900000000000000000e+01 5.133928656578063965e-01 4.243999862670898438e+01 4.719100189208984375e+01 5.302299880981445312e+01
7.000000000000000000e+00 3.660714328289031982e-01 3.956999969482421875e+01 4.470399856567382812e+01 5.382799911499023438e+01
1.600000000000000000e+01 4.508928656578063965e-01 3.986600112915039062e+01 4.097700119018554688e+01 5.268299865722656250e+01
1.500000000000000000e+01 3.883928656578063965e-01 3.631999969482421875e+01 4.116400146484375000e+01 5.117100143432617188e+01
0.000000000000000000e+00 4.330357015132904053e-01 3.623799896240234375e+01 3.785300064086914062e+01 4.939300155639648438e+01
1.700000000000000000e+01 4.910714328289031982e-01 3.860800170898437500e+01 3.497499847412109375e+01 4.831499862670898438e+01
9.000000000000000000e+00 4.375000000000000000e-01 3.806100082397460938e+01 3.211299896240234375e+01 4.583399963378906250e+01
1.300000000000000000e+01 4.776785671710968018e-01 3.917300033569335938e+01 3.012999916076660156e+01 4.282699966430664062e+01
1.800000000000000000e+01 4.642857015132904053e-01 3.772800064086914062e+01 2.959700012207031250e+01 3.942399978637695312e+01
1.700000000000000000e+01 1.741071492433547974e-01 3.497000122070312500e+01 2.704400062561035156e+01 3.904000091552734375e+01
7.000000000000000000e+00 9.821428358554840088e-02 3.481700134277343750e+01 2.478400039672851562e+01 3.595199966430664062e+01
1.700000000000000000e+01 1.339285671710968018e-01 3.309600067138671875e+01 2.730800056457519531e+01 3.373199844360351562e+01
9.000000000000000000e+00 3.750000000000000000e-01 3.596500015258789062e+01 2.972299957275390625e+01 3.441199874877929688e+01
7.000000000000000000e+00 4.017857015132904053e-01 3.378599929809570312e+01 3.188999938964843750e+01 3.658700180053710938e+01
1.200000000000000000e+01 4.241071343421936035e-01 3.420399856567382812e+01 3.237799835205078125e+01 4.037099838256835938e+01
9.000000000000000000e+00 1.205357164144515991e-01 2.902300071716308594e+01 3.372399902343750000e+01 4.503799819946289062e+01
1.200000000000000000e+01 2.991071343421936035e-01 3.133699989318847656e+01 3.663600158691406250e+01 4.583100128173828125e+01
1.800000000000000000e+01 1.607142835855484009e-01 2.892499923706054688e+01 3.900600051879882812e+01 4.753900146484375000e+01
1.800000000000000000e+01 3.571428731083869934e-02 2.526300048828125000e+01 4.020399856567382812e+01 4.803099822998046875e+01
7.000000000000000000e+00 1.785714365541934967e-02 2.368000030517578125e+01 4.346300125122070312e+01 4.696400070190429688e+01
7.000000000000000000e+00 0.000000000000000000e+00 2.320999908447265625e+01 4.400400161743164062e+01 5.069100189208984375e+01
7.000000000000000000e+00 4.464285820722579956e-02 2.691099929809570312e+01 4.360599899291992188e+01 5.121300125122070312e+01
1.500000000000000000e+01 1.696428507566452026e-01 2.835499954223632812e+01 4.517300033569335938e+01 4.800999832153320312e+01
2.200000000000000000e+01 1.250000000000000000e-01 2.880100059509277344e+01 4.860699844360351562e+01 4.948199844360351562e+01
7.000000000000000000e+00 1.785714328289031982e-01 3.016300010681152344e+01 5.190900039672851562e+01 4.820800018310546875e+01
9.000000000000000000e+00 3.705357015132904053e-01 3.403400039672851562e+01 5.251900100708007812e+01 4.804499816894531250e+01
1.100000000000000000e+01 6.517857313156127930e-01 3.712599945068359375e+01 5.159299850463867188e+01 4.608700180053710938e+01
2.000000000000000000e+01 7.366071343421936035e-01 3.768700027465820312e+01 4.789199829101562500e+01 4.546599960327148438e+01
1.300000000000000000e+01 8.705357313156127930e-01 4.043099975585937500e+01 4.566099929809570312e+01 4.423300170898437500e+01
2.200000000000000000e+01 9.107142686843872070e-01 4.082699966430664062e+01 4.208499908447265625e+01 4.270700073242187500e+01
7.000000000000000000e+00 9.285714030265808105e-01 4.410300064086914062e+01 4.015299987792968750e+01 4.285800170898437500e+01
1.100000000000000000e+01 9.151785969734191895e-01 4.468899917602539062e+01 3.718199920654296875e+01 4.064899826049804688e+01
3.000000000000000000e+00 8.303571343421936035e-01 4.750299835205078125e+01 3.468199920654296875e+01 4.126800155639648438e+01
1.800000000000000000e+01 8.571428656578063965e-01 4.816199874877929688e+01 3.406900024414062500e+01 3.744800186157226562e+01
1.300000000000000000e+01 7.723214030265808105e-01 5.168299865722656250e+01 3.289899826049804688e+01 3.816500091552734375e+01
1.700000000000000000e+01 6.205357313156127930e-01 5.061500167846679688e+01 2.960799980163574219e+01 3.990900039672851562e+01
2.000000000000000000e+01 6.116071343421936035e-01 4.857600021362304688e+01 2.885300064086914062e+01 3.678099822998046875e+01
1.900000000000000000e+01 5.937500000000000000e-01 5.149900054931640625e+01 2.927899932861328125e+01 3.444900131225585938e+01
1.300000000000000000e+01 3.973214328289031982e-01 5.393700027465820312e+01 2.748299980163574219e+01 3.681200027465820312e+01
0.000000000000000000e+00 2.410714328289031982e-01 5.155300140380859375e+01 2.449600028991699219e+01 3.735699844360351562e+01
1.200000000000000000e+01 2.008928507566452026e-01 5.168500137329101562e+01 2.407799911499023438e+01 3.353900146484375000e+01
9.000000000000000000e+00 1.473214328289031982e-01 5.551100158691406250e+01 2.431200027465820312e+01 3.325500106811523438e+01
1.100000000000000000e+01 3.392857015132904053e-01 5.586000061035156250e+01 2.804800033569335938e+01 3.223400115966796875e+01
1.700000000000000000e+01 5.178571343421936035e-01 5.736700057983398438e+01 3.091200065612792969e+01 3.415599822998046875e+01
1.600000000000000000e+01 7.142857313156127930e-01 5.525400161743164062e+01 3.404899978637695312e+01 3.314599990844726562e+01
1.500000000000000000e+01 8.169642686843872070e-01 5.613499832153320312e+01 3.769200134277343750e+01 3.281200027465820312e+01
7.000000000000000000e+00 9.017857313156127930e-01 5.345999908447265625e+01 3.796599960327148438e+01 3.906100082397460938e+01
0.000000000000000000e+00 9.866071343421936035e-01 4.676900100708007812e+01 4.054399871826171875e+01 3.792300033569335938e+01
7.000000000000000000e+00 9.910714030265808105e-01 4.577500152587890625e+01 4.342800140380859375e+01 4.025799942016601562e+01
2.200000000000000000e+01 9.732142686843872070e-01 4.285599899291992188e+01 4.572700119018554688e+01 3.939400100708007812e+01
2.200000000000000000e+01 9.330357313156127930e-01 4.174300003051757812e+01 4.874000167846679688e+01 4.152399826049804688e+01
1.500000000000000000e+01 8.437500000000000000e-01 3.824300003051757812e+01 5.021200180053710938e+01 4.070700073242187500e+01
1.800000000000000000e+01 6.741071343421936035e-01 3.549700164794921875e+01 5.245199966430664062e+01 4.211999893188476562e+01
0.000000000000000000e+00 5.446428656578063965e-01 3.238800048828125000e+01 5.040000152587890625e+01 4.296799850463867188e+01
2.000000000000000000e+00 2.767857015132904053e-01 2.876099967956542969e+01 5.170600128173828125e+01 4.282400131225585938e+01
3.000000000000000000e+00 2.500000000000000000e-01 2.955900001525878906e+01 5.525400161743164062e+01 4.152199935913085938e+01
1.700000000000000000e+01 5.357142910361289978e-02 2.622200012207031250e+01 5.713000106811523438e+01 4.139500045776367188e+01
9.000000000000000000e+00 2.678571455180644989e-02 2.403000068664550781e+01 5.415299987792968750e+01 4.254000091552734375e+01
1.600000000000000000e+01 6.250000000000000000e-02 2.402199935913085938e+01 5.024599838256835938e+01 4.238399887084960938e+01
1.000000000000000000e+00 2.053571492433547974e-01 2.617799949645996094e+01 4.876499938964843750e+01 3.952099990844726562e+01
1.000000000000000000e+00 2.901785671710968018e-01 2.687700080871582031e+01 4.522399902343750000e+01 3.815299987792968750e+01
2.000000000000000000e+01 5.625000000000000000e-01 3.052400016784667969e+01 4.440999984741210938e+01 3.708200073242187500e+01
1.800000000000000000e+01 6.071428656578063965e-01 3.131399917602539062e+01 4.132099914550781250e+01 3.506800079345703125e+01
1.100000000000000000e+01 7.946428656578063965e-01 3.509400177001953125e+01 4.109099960327148438e+01 3.477500152587890625e+01
0.000000000000000000e+00 8.035714030265808105e-01 3.718399810791015625e+01 3.880099868774414062e+01 3.250400161743164062e+01
0.000000000000000000e+00 8.928571343421936035e-01 4.093399810791015625e+01 3.818199920654296875e+01 3.275600051879882812e+01
1.200000000000000000e+01 8.482142686843872070e-01 4.275600051879882812e+01 3.710300064086914062e+01 2.967399978637695312e+01
1.200000000000000000e+01 8.214285969734191895e-01 4.573300170898437500e+01 3.476100158691406250e+01 3.055100059509277344e+01
1.700000000000000000e+01 7.589285969734191895e-01 4.881100082397460938e+01 3.453099822998046875e+01 2.830800056457519531e+01
1.600000000000000000e+01 7.098214030265808105e-01 5.254800033569335938e+01 3.380199813842773438e+01 2.935000038146972656e+01
2.000000000000000000e+01 7.857142686843872070e-01 5.393199920654296875e+01 3.723899841308593750e+01 2.847299957275390625e+01
1.700000000000000000e+01 8.839285969734191895e-01 5.061299896240234375e+01 3.920000076293945312e+01 2.846100044250488281e+01
2.000000000000000000e+01 9.598214030265808105e-01 4.744200134277343750e+01 3.968799972534179688e+01 3.053599929809570312e+01
1.700000000000000000e+01 9.508928656578063965e-01 4.440599822998046875e+01 4.179499816894531250e+01 2.950600051879882812e+01
1.800000000000000000e+01 9.687500000000000000e-01 4.172200012207031250e+01 4.289300155639648438e+01 3.191600036621093750e+01
1.800000000000000000e+01 8.750000000000000000e-01 3.823799896240234375e+01 4.400799942016601562e+01 3.110400009155273438e+01
0.000000000000000000e+00 8.080357313156127930e-01 3.543700027465820312e+01 4.513899993896484375e+01 3.332699966430664062e+01
2.200000000000000000e+01 6.294642686843872070e-01 3.200600051879882812e+01 4.534199905395507812e+01 3.162500000000000000e+01
2.200000000000000000e+01 5.000000000000000000e-01 2.985499954223632812e+01 4.773199844360351562e+01 3.351300048828125000e+01
1.800000000000000000e+01 2.276785671710968018e-01 2.605100059509277344e+01 4.737900161743164062e+01 3.351200103759765625e+01
2.000000000000000000e+00 7.589285820722579956e-02 2.341900062561035156e+01 4.955400085449218750e+01 3.491400146484375000e+01
1.600000000000000000e+01 8.928571827709674835e-03 2.060300064086914062e+01 4.776499938964843750e+01 3.677500152587890625e+01
5.000000000000000000e+00 1.026785746216773987e-01 6.851100158691406250e+01 5.084600067138671875e+01 2.769400024414062500e+01
1.600000000000000000e+01 2.098214328289031982e-01 6.776399993896484375e+01 4.832199859619140625e+01 3.035799980163574219e+01
1.200000000000000000e+01 4.866071343421936035e-01 6.411100006103515625e+01 4.918700027465820312e+01 3.090200042724609375e+01
1.400000000000000000e+01 5.223214030265808105e-01 6.187300109863281250e+01 5.079199981689453125e+01 2.838899993896484375e+01
2.200000000000000000e+01 6.919642686843872070e-01 5.815200042724609375e+01 5.153799819946289062e+01 2.842000007629394531e+01
1.300000000000000000e+01 6.428571343421936035e-01 5.598600006103515625e+01 5.257300186157226562e+01 2.559499931335449219e+01
2.200000000000000000e+01 7.187500000000000000e-01 5.237300109863281250e+01 5.335499954223632812e+01 2.612500000000000000e+01
1.200000000000000000e+01 6.651785969734191895e-01 4.963199996948242188e+01 5.286899948120117188e+01 2.334199905395507812e+01
3.000000000000000000e+00 6.562500000000000000e-01 4.584000015258789062e+01 5.368899917602539062e+01 2.337599945068359375e+01
0.000000000000000000e+00 5.803571343421936035e-01 4.305300140380859375e+01 5.172600173950195312e+01 2.164599990844726562e+01
2.200000000000000000e+01 4.732142984867095947e-01 4.049599838256835938e+01 5.459500122070312500e+01 2.199099922180175781e+01
1.000000000000000000e+00 2.366071492433547974e-01 4.211199951171875000e+01 5.695299911499023438e+01 1.946400070190429688e+01
9.000000000000000000e+00 3.035714328289031982e-01 4.445700073242187500e+01 5.404299926757812500e+01 1.821400070190429688e+01
1.700000000000000000e+01 2.812500000000000000e-01 4.786500167846679688e+01 5.574900054931640625e+01 1.861400032043457031e+01
1.600000000000000000e+01 3.794642984867095947e-01 5.090299987792968750e+01 5.604800033569335938e+01 2.091699981689453125e+01
0.000000000000000000e+00 5.089285969734191895e-01 5.013199996948242188e+01 5.792399978637695312e+01 2.431699943542480469e+01
1.100000000000000000e+01 3.125000000000000000e-01 5.210900115966796875e+01 6.112799835205078125e+01 2.501499938964843750e+01
2.000000000000000000e+00 3.303571343421936035e-01 5.270899963378906250e+01 6.247399902343750000e+01 2.875000000000000000e+01
2.200000000000000000e+01 6.339285969734191895e-01 5.157099914550781250e+01 5.924200057983398438e+01 3.043199920654296875e+01
0.000000000000000000e+00 6.473214030265808105e-01 5.327600097656250000e+01 5.925999832153320312e+01 3.384299850463867188e+01
1.400000000000000000e+01 7.544642686843872070e-01 5.445500183105468750e+01 5.627199935913085938e+01 3.575199890136718750e+01
2.200000000000000000e+01 7.321428656578063965e-01 5.852399826049804688e+01 5.226900100708007812e+01 3.902600097656250000e+01
1.500000000000000000e+01 7.053571343421936035e-01 5.908399963378906250e+01 5.051699829101562500e+01 4.240200042724609375e+01
1.000000000000000000e+00 6.026785969734191895e-01 6.156800079345703125e+01 4.788600158691406250e+01 4.372100067138671875e+01
1.300000000000000000e+01 5.312500000000000000e-01 6.099499893188476562e+01 4.570500183105468750e+01 4.681800079345703125e+01
0.000000000000000000e+00 2.455357164144515991e-01 6.339099884033203125e+01 4.619499969482421875e+01 4.969599914550781250e+01
0.000000000000000000e+00 8.928571641445159912e-02 6.484500122070312500e+01 4.359799957275390625e+01 5.219100189208984375e+01
3.000000000000000000e+00 1.116071417927742004e-01 6.182300186157226562e+01 4.400199890136718750e+01 5.436899948120117188e+01
3.000000000000000000e+00 3.348214328289031982e-01 5.965900039672851562e+01 4.331000137329101562e+01 5.130599975585937500e+01
1.800000000000000000e+01 3.928571343421936035e-01 5.815800094604492188e+01 4.688700103759765625e+01 5.150899887084960938e+01
1.900000000000000000e+01 5.982142686843872070e-01 5.815399932861328125e+01 4.868500137329101562e+01 4.800500106811523438e+01
7.000000000000000000e+00 4.062500000000000000e-01 6.071500015258789062e+01 5.146400070190429688e+01 4.763800048828125000e+01
1.600000000000000000e+01 4.598214328289031982e-01 6.068000030517578125e+01 5.429600143432617188e+01 4.491500091552734375e+01
1.500000000000000000e+01 4.107142984867095947e-01 6.305099868774414062e+01 5.336199951171875000e+01 4.200000000000000000e+01
0.000000000000000000e+00 4.687500000000000000e-01 6.232500076293945312e+01 5.533900070190429688e+01 3.881900024414062500e+01
1.700000000000000000e+01 4.955357015132904053e-01 5.981299972534179688e+01 5.781900024414062500e+01 3.743999862670898438e+01
9.000000000000000000e+00 4.553571343421936035e-01 5.868199920654296875e+01 5.951399993896484375e+01 3.434899902343750000e+01
1.300000000000000000e+01 4.464285671710968018e-01 5.631900024414062500e+01 6.062200164794921875e+01 3.164500045776367188e+01
1.800000000000000000e+01 4.151785671710968018e-01 5.618799972534179688e+01 5.934500122070312500e+01 2.795499992370605469e+01
1.700000000000000000e+01 1.651785671710968018e-01 5.795000076293945312e+01 6.153900146484375000e+01 2.547299957275390625e+01
7.000000000000000000e+00 6.696428358554840088e-02 5.667699813842773438e+01 6.249399948120117188e+01 2.193000030517578125e+01
1.700000000000000000e+01 1.294642835855484009e-01 5.682400131225585938e+01 5.891799926757812500e+01 2.053400039672851562e+01
9.000000000000000000e+00 3.482142984867095947e-01 5.486000061035156250e+01 5.747800064086914062e+01 2.350300025939941406e+01
7.000000000000000000e+00 3.437500000000000000e-01 5.827700042724609375e+01 5.610699844360351562e+01 2.474399948120117188e+01
1.200000000000000000e+01 3.526785671710968018e-01 6.019900131225585938e+01 5.683499908447265625e+01 2.808499908447265625e+01
9.000000000000000000e+00 1.071428582072257996e-01 6.654499816894531250e+01 5.731700134277343750e+01 3.104100036621093750e+01
1.200000000000000000e+01 2.857142984867095947e-01 6.480000305175781250e+01 5.540999984741210938e+01 3.386600112915039062e+01
1.800000000000000000e+01 1.562500000000000000e-01 6.792500305175781250e+01 5.374800109863281250e+01 3.540299987792968750e+01
1.800000000000000000e+01 2.232142910361289978e-02 7.170200347900390625e+01 5.322900009155273438e+01 3.511299896240234375e+01
7.000000000000000000e+00 3.125000000000000000e-02 7.248400115966796875e+01 4.946799850463867188e+01 3.479899978637695312e+01
7.000000000000000000e+00 4.464285913854837418e-03 7.405100250244140625e+01 4.939099884033203125e+01 3.829100036621093750e+01
7.000000000000000000e+00 5.803571268916130066e-02 7.090899658203125000e+01 5.015100097656250000e+01 4.038499832153320312e+01
1.500000000000000000e+01 1.875000000000000000e-01 6.879199981689453125e+01 4.755899810791015625e+01 3.854800033569335938e+01
2.200000000000000000e+01 1.383928507566452026e-01 6.959300231933593750e+01 4.448199844360351562e+01 4.071599960327148438e+01
7.000000000000000000e+00 2.187500000000000000e-01 6.784400177001953125e+01 4.112900161743164062e+01 4.109199905395507812e+01
9.000000000000000000e+00 4.419642984867095947e-01 6.432800292968750000e+01 4.191699981689453125e+01 4.273899841308593750e+01
1.100000000000000000e+01 6.830357313156127930e-01 6.052500152587890625e+01 4.211999893188476562e+01 4.238899993896484375e+01
2.000000000000000000e+01 7.678571343421936035e-01 5.965499877929687500e+01 4.538199996948242188e+01 4.055899810791015625e+01
1.300000000000000000e+01 8.973214030265808105e-01 5.631600189208984375e+01 4.699200057983398438e+01 3.979199981689453125e+01
2.200000000000000000e+01 9.241071343421936035e-01 5.537500000000000000e+01 4.971699905395507812e+01 3.736700057983398438e+01
7.000000000000000000e+00 9.375000000000000000e-01 5.206299972534179688e+01 5.165299987792968750e+01 3.831100082397460938e+01
1.100000000000000000e+01 9.196428656578063965e-01 5.079199981689453125e+01 5.381100082397460938e+01 3.541199874877929688e+01
3.000000000000000000e+00 8.258928656578063965e-01 4.842499923706054688e+01 5.688000106811523438e+01 3.591999816894531250e+01
1.800000000000000000e+01 8.348214030265808105e-01 4.579899978637695312e+01 5.612599945068359375e+01 3.320999908447265625e+01
1.300000000000000000e+01 7.410714030265808105e-01 4.315100097656250000e+01 5.800099945068359375e+01 3.530899810791015625e+01
1.700000000000000000e+01 5.848214030265808105e-01 4.500899887084960938e+01 6.140499877929687500e+01 3.475500106811523438e+01
2.000000000000000000e+01 5.758928656578063965e-01 4.553300094604492188e+01 6.074700164794921875e+01 3.105599975585937500e+01
1.900000000000000000e+01 5.669642686843872070e-01 4.185800170898437500e+01 5.975699996948242188e+01 3.027199935913085938e+01
1.300000000000000000e+01 3.839285671710968018e-01 4.046099853515625000e+01 6.248099899291992188e+01 3.255099868774414062e+01
0.000000000000000000e+00 2.232142835855484009e-01 4.238700103759765625e+01 6.547200012207031250e+01 3.119499969482421875e+01
1.200000000000000000e+01 1.919642835855484009e-01 4.145999908447265625e+01 6.423999786376953125e+01 2.763699913024902344e+01
9.000000000000000000e+00 1.428571492433547974e-01 3.778099822998046875e+01 6.435399627685546875e+01 2.882500076293945312e+01
1.100000000000000000e+01 3.214285671710968018e-01 3.716799926757812500e+01 6.053799819946289062e+01 2.851700019836425781e+01
1.700000000000000000e+01 4.196428656578063965e-01 3.559899902343750000e+01 5.902399826049804688e+01 3.158900070190429688e+01
1.600000000000000000e+01 6.696428656578063965e-01 3.812900161743164062e+01 5.684799957275390625e+01 3.364899826049804688e+01
1.500000000000000000e+01 7.767857313156127930e-01 3.735100173950195312e+01 5.364199829101562500e+01 3.536299896240234375e+01
7.000000000000000000e+00 8.794642686843872070e-01 4.269200134277343750e+01 5.385100173950195312e+01 3.927899932861328125e+01
0.000000000000000000e+00 9.821428656578063965e-01 4.727399826049804688e+01 5.008800125122070312e+01 3.487599945068359375e+01
7.000000000000000000e+00 9.955357313156127930e-01 4.969100189208984375e+01 4.779700088500976562e+01 3.671599960327148438e+01
2.200000000000000000e+01 9.776785969734191895e-01 5.247100067138671875e+01 4.540299987792968750e+01 3.605300140380859375e+01
2.200000000000000000e+01 9.553571343421936035e-01 5.448600006103515625e+01 4.340299987792968750e+01 3.863000106811523438e+01
1.500000000000000000e+01 8.616071343421936035e-01 5.740599822998046875e+01 4.116299819946289062e+01 3.760100173950195312e+01
1.800000000000000000e+01 6.964285969734191895e-01 6.055899810791015625e+01 3.947299957275390625e+01 3.892200088500976562e+01
0.000000000000000000e+00 5.491071343421936035e-01 6.374800109863281250e+01 4.075999832153320312e+01 3.738800048828125000e+01
2.000000000000000000e+00 2.723214328289031982e-01 6.707099914550781250e+01 3.915900039672851562e+01 3.631299972534179688e+01
3.000000000000000000e+00 2.633928656578063965e-01 6.573000335693359375e+01 3.565000152587890625e+01 3.693500137329101562e+01
1.700000000000000000e+01 7.142857462167739868e-02 6.874400329589843750e+01 3.376100158691406250e+01 3.533100128173828125e+01
9.000000000000000000e+00 4.910714179277420044e-02 7.099800109863281250e+01 3.670100021362304688e+01 3.491799926757812500e+01
1.600000000000000000e+01 8.035714179277420044e-02 7.058200073242187500e+01 4.034400177001953125e+01 3.382400131225585938e+01
1.000000000000000000e+00 1.830357164144515991e-01 6.817700195312500000e+01 4.112300109863281250e+01 3.114500045776367188e+01
1.000000000000000000e+00 2.589285671710968018e-01 6.692099761962890625e+01 4.406299972534179688e+01 2.910199928283691406e+01
2.000000000000000000e+01 5.357142686843872070e-01 6.303799819946289062e+01 4.446400070190429688e+01 2.904299926757812500e+01
1.800000000000000000e+01 5.714285969734191895e-01 6.072700119018554688e+01 4.649599838256835938e+01 2.668499946594238281e+01
1.100000000000000000e+01 7.812500000000000000e-01 5.717699813842773438e+01 4.676399993896484375e+01 2.789800071716308594e+01
0.000000000000000000e+00 7.901785969734191895e-01 5.421900177001953125e+01 4.793799972534179688e+01 2.575699996948242188e+01
0.000000000000000000e+00 8.883928656578063965e-01 5.097800064086914062e+01 4.890100097656250000e+01 2.752000045776367188e+01
1.200000000000000000e+01 8.392857313156127930e-01 4.777700042724609375e+01 4.939799880981445312e+01 2.565600013732910156e+01
1.200000000000000000e+01 8.526785969734191895e-01 4.518099975585937500e+01 5.151599884033203125e+01 2.730400085449218750e+01
1.700000000000000000e+01 7.991071343421936035e-01 4.131299972534179688e+01 5.171599960327148438e+01 2.712100028991699219e+01
1.600000000000000000e+01 7.633928656578063965e-01 3.895800018310546875e+01 5.325199890136718750e+01 2.990699958801269531e+01
2.000000000000000000e+01 8.125000000000000000e-01 3.728499984741210938e+01 5.022900009155273438e+01 3.149200057983398438e+01
1.700000000000000000e+01 9.062500000000000000e-01 3.993399810791015625e+01 4.760300064086914062e+01 3.018899917602539062e+01
2.000000000000000000e+01 9.642857313156127930e-01 4.371900177001953125e+01 4.753200149536132812e+01 2.962700080871582031e+01
1.700000000000000000e+01 9.419642686843872070e-01 4.626200103759765625e+01 4.520000076293945312e+01 2.794099998474121094e+01
1.800000000000000000e+01 9.464285969734191895e-01 4.992399978637695312e+01 4.487699890136718750e+01 2.864999961853027344e+01
1.800000000000000000e+01 8.660714030265808105e-01 5.283399963378906250e+01 4.288800048828125000e+01 2.713599967956542969e+01
0.000000000000000000e+00 7.500000000000000000e-01 5.671699905395507812e+01 4.261299896240234375e+01 2.715900039672851562e+01
2.200000000000000000e+01 5.535714030265808105e-01 5.969599914550781250e+01 4.122600173950195312e+01 2.544199943542480469e+01
2.200000000000000000e+01 4.285714328289031982e-01 6.281600189208984375e+01 4.004700088500976562e+01 2.725300025939941406e+01
1.800000000000000000e+01 1.517857164144515991e-01 6.628700256347656250e+01 4.002600097656250000e+01 2.548200035095214844e+01
2.000000000000000000e+00 4.017857089638710022e-02 6.997200012207031250e+01 3.963600158691406250e+01 2.634399986267089844e+01
1.600000000000000000e+01 1.339285727590322495e-02 7.216300201416015625e+01 4.278699874877929688e+01 2.731200027465820312e+01
