5.000000000000000000e+00 8.928571641445159912e-02 2.587199974060058594e+01 3.754800033569335938e+01 4.321699905395507812e+01
1.600000000000000000e+01 2.098214328289031982e-01 2.645100021362304688e+01 4.100699996948242188e+01 4.171599960327148438e+01
1.200000000000000000e+01 4.866071343421936035e-01 3.022100067138671875e+01 4.114500045776367188e+01 4.149900054931640625e+01
1.400000000000000000e+01 5.535714030265808105e-01 3.157699966430664062e+01 3.851699829101562500e+01 3.900799942016601562e+01
2.200000000000000000e+01 7.008928656578063965e-01 3.509700012207031250e+01 3.746699905395507812e+01 3.792200088500976562e+01
1.300000000000000000e+01 6.830357313156127930e-01 3.608599853515625000e+01 3.524399948120117188e+01 3.503799819946289062e+01
2.200000000000000000e+01 7.500000000000000000e-01 3.953099822998046875e+01 3.408700180053710938e+01 3.387200164794921875e+01
1.200000000000000000e+01 6.741071343421936035e-01 4.073699951171875000e+01 3.270600128173828125e+01 3.046999931335449219e+01
3.000000000000000000e+00 6.071428656578063965e-01 4.382600021362304688e+01 3.097900009155273438e+01 2.900499916076660156e+01
0.000000000000000000e+00 5.803571343421936035e-01 4.529000091552734375e+01 3.225199890136718750e+01 2.577199935913085938e+01
2.200000000000000000e+01 3.839285671710968018e-01 4.785100173950195312e+01 2.940600013732910156e+01 2.524600028991699219e+01
1.000000000000000000e+00 2.366071492433547974e-01 4.526300048828125000e+01 2.660499954223632812e+01 2.563500022888183594e+01
9.000000000000000000e+00 2.589285671710968018e-01 4.218600082397460938e+01 2.858799934387207031e+01 2.433099937438964844e+01
1.700000000000000000e+01 2.678571343421936035e-01 3.995000076293945312e+01 2.777000045776367188e+01 2.723100090026855469e+01
1.600000000000000000e+01 3.616071343421936035e-01 3.856399917602539062e+01 2.868000030517578125e+01 3.057500076293945312e+01
0.000000000000000000e+00 5.267857313156127930e-01 4.117100143432617188e+01 2.870100021362304688e+01 3.336299896240234375e+01
1.100000000000000000e+01 3.125000000000000000e-01 4.023699951171875000e+01 2.639699935913085938e+01 3.633000183105468750e+01
2.000000000000000000e+00 3.214285671710968018e-01 4.114300155639648438e+01 2.668300056457519531e+01 4.008599853515625000e+01
2.200000000000000000e+01 6.205357313156127930e-01 4.259299850463867188e+01 3.009399986267089844e+01 3.967900085449218750e+01
0.000000000000000000e+00 6.562500000000000000e-01 4.258100128173828125e+01 3.187400054931640625e+01 4.303499984741210938e+01
1.400000000000000000e+01 7.589285969734191895e-01 4.180599975585937500e+01 3.558499908447265625e+01 4.358499908447265625e+01
2.200000000000000000e+01 7.276785969734191895e-01 3.878799819946289062e+01 4.133900070190429688e+01 4.645199966430664062e+01
1.500000000000000000e+01 6.964285969734191895e-01 3.953400039672851562e+01 4.433200073242187500e+01 4.839400100708007812e+01
1.000000000000000000e+00 5.982142686843872070e-01 3.782600021362304688e+01 4.778300094604492188e+01 4.904199981689453125e+01
1.300000000000000000e+01 5.089285969734191895e-01 3.908100128173828125e+01 5.108200073242187500e+01 5.062400054931640625e+01
0.000000000000000000e+00 2.410714328289031982e-01 3.870999908447265625e+01 5.200400161743164062e+01 5.421400070190429688e+01
0.000000000000000000e+00 7.142857462167739868e-02 3.845600128173828125e+01 5.550699996948242188e+01 5.603099822998046875e+01
3.000000000000000000e+00 9.375000000000000000e-02 4.231600189208984375e+01 5.567800140380859375e+01 5.645000076293945312e+01
3.000000000000000000e+00 2.991071343421936035e-01 4.249000167846679688e+01 5.512400054931640625e+01 5.270700073242187500e+01
1.800000000000000000e+01 4.687500000000000000e-01 4.405199813842773438e+01 5.167100143432617188e+01 5.288700103759765625e+01
1.900000000000000000e+01 6.160714030265808105e-01 4.278699874877929688e+01 4.844800186157226562e+01 5.109500122070312500e+01
7.000000000000000000e+00 4.330357015132904053e-01 4.042699813842773438e+01 4.634799957275390625e+01 5.332099914550781250e+01
1.600000000000000000e+01 4.732142984867095947e-01 3.978599929809570312e+01 4.261100006103515625e+01 5.266500091552734375e+01
1.500000000000000000e+01 3.973214328289031982e-01 3.626699829101562500e+01 4.201399993896484375e+01 5.121400070190429688e+01
0.000000000000000000e+00 4.464285671710968018e-01 3.598500061035156250e+01 3.868999862670898438e+01 4.937900161743164062e+01
1.700000000000000000e+01 5.178571343421936035e-01 3.817800140380859375e+01 3.574900054931640625e+01 4.809600067138671875e+01
9.000000000000000000e+00 4.508928656578063965e-01 3.790299987792968750e+01 3.251499938964843750e+01 4.606299972534179688e+01
1.300000000000000000e+01 4.419642984867095947e-01 3.892300033569335938e+01 3.004999923706054688e+01 4.327199935913085938e+01
1.800000000000000000e+01 4.375000000000000000e-01 3.730400085449218750e+01 2.974200057983398438e+01 3.976699829101562500e+01
1.700000000000000000e+01 1.875000000000000000e-01 3.453099822998046875e+01 2.722500038146972656e+01 3.884700012207031250e+01
7.000000000000000000e+00 8.035714179277420044e-02 3.479199981689453125e+01 2.459199905395507812e+01 3.619100189208984375e+01
1.700000000000000000e+01 1.339285671710968018e-01 3.351499938964843750e+01 2.730800056457519531e+01 3.368399810791015625e+01
9.000000000000000000e+00 4.151785671710968018e-01 3.642200088500976562e+01 2.971999931335449219e+01 3.454299926757812500e+01
7.000000000000000000e+00 4.241071343421936035e-01 3.378599929809570312e+01 3.200099945068359375e+01 3.623799896240234375e+01
1.200000000000000000e+01 4.062500000000000000e-01 3.335100173950195312e+01 3.274800109863281250e+01 3.977099990844726562e+01
9.000000000000000000e+00 1.696428507566452026e-01 3.083200073242187500e+01 3.318199920654296875e+01 4.495999908447265625e+01
1.200000000000000000e+01 3.258928656578063965e-01 3.242699813842773438e+01 3.645600128173828125e+01 4.594100189208984375e+01
1.800000000000000000e+01 1.741071492433547974e-01 2.950000000000000000e+01 3.846099853515625000e+01 4.748300170898437500e+01
1.800000000000000000e+01 4.017857089638710022e-02 2.574699974060058594e+01 3.902299880981445312e+01 4.810499954223632812e+01
7.000000000000000000e+00 1.339285727590322495e-02 2.323600006103515625e+01 4.174599838256835938e+01 4.709299850463867188e+01
7.000000000000000000e+00 0.000000000000000000e+00 2.301099967956542969e+01 4.277899932861328125e+01 5.077899932861328125e+01
7.000000000000000000e+00 3.571428731083869934e-02 2.689299964904785156e+01 4.316899871826171875e+01 5.119599914550781250e+01
1.500000000000000000e+01 1.250000000000000000e-01 2.764699935913085938e+01 4.481900024414062500e+01 4.796500015258789062e+01
2.200000000000000000e+01 1.071428582072257996e-01 2.751300048828125000e+01 4.861500167846679688e+01 4.838899993896484375e+01
7.000000000000000000e+00 1.651785671710968018e-01 2.927599906921386719e+01 5.182099914550781250e+01 4.709899902343750000e+01
9.000000000000000000e+00 3.437500000000000000e-01 3.307600021362304688e+01 5.225500106811523438e+01 4.726300048828125000e+01
1.100000000000000000e+01 6.294642686843872070e-01 3.635800170898437500e+01 5.193600082397460938e+01 4.545399856567382812e+01
2.000000000000000000e+01 7.366071343421936035e-01 3.716799926757812500e+01 4.809999847412109375e+01 4.491299819946289062e+01
1.300000000000000000e+01 8.839285969734191895e-01 3.991400146484375000e+01 4.608399963378906250e+01 4.343799972534179688e+01
2.200000000000000000e+01 9.241071343421936035e-01 4.047399902343750000e+01 4.249200057983398438e+01 4.236800003051757812e+01
7.000000000000000000e+00 9.375000000000000000e-01 4.395500183105468750e+01 4.087300109863281250e+01 4.272900009155273438e+01
1.100000000000000000e+01 9.285714030265808105e-01 4.427999877929687500e+01 3.758599853515625000e+01 4.077399826049804688e+01
3.000000000000000000e+00 8.392857313156127930e-01 4.695000076293945312e+01 3.497700119018554688e+01 4.172499847412109375e+01
1.800000000000000000e+01 8.705357313156127930e-01 4.806299972534179688e+01 3.458200073242187500e+01 3.797299957275390625e+01
1.300000000000000000e+01 7.901785969734191895e-01 5.148899841308593750e+01 3.322399902343750000e+01 3.867900085449218750e+01
1.700000000000000000e+01 6.428571343421936035e-01 5.012300109863281250e+01 3.032200050354003906e+01 4.076100158691406250e+01
2.000000000000000000e+01 6.339285969734191895e-01 4.847299957275390625e+01 2.928400039672851562e+01 3.742800140380859375e+01
1.900000000000000000e+01 6.026785969734191895e-01 5.162799835205078125e+01 2.951399993896484375e+01 3.550999832153320312e+01
1.300000000000000000e+01 4.107142984867095947e-01 5.377999877929687500e+01 2.755699920654296875e+01 3.804600143432617188e+01
0.000000000000000000e+00 2.767857015132904053e-01 5.103200149536132812e+01 2.490900039672851562e+01 3.804100036621093750e+01
1.200000000000000000e+01 2.500000000000000000e-01 5.152899932861328125e+01 2.437000083923339844e+01 3.429800033569335938e+01
9.000000000000000000e+00 1.562500000000000000e-01 5.536899948120117188e+01 2.437400054931640625e+01 3.470800018310546875e+01
1.100000000000000000e+01 3.392857015132904053e-01 5.576300048828125000e+01 2.777000045776367188e+01 3.299499893188476562e+01
1.700000000000000000e+01 5.000000000000000000e-01 5.785499954223632812e+01 3.070499992370605469e+01 3.432300186157226562e+01
1.600000000000000000e+01 7.098214030265808105e-01 5.560300064086914062e+01 3.401200103759765625e+01 3.386399841308593750e+01
1.500000000000000000e+01 8.169642686843872070e-01 5.651800155639648438e+01 3.761700057983398438e+01 3.368099975585937500e+01
7.000000000000000000e+00 9.196428656578063965e-01 5.307099914550781250e+01 3.835699844360351562e+01 3.963600158691406250e+01
0.000000000000000000e+00 9.910714030265808105e-01 4.661199951171875000e+01 4.060699844360351562e+01 3.694599914550781250e+01
7.000000000000000000e+00 9.955357313156127930e-01 4.454299926757812500e+01 4.334199905395507812e+01 3.875099945068359375e+01
2.200000000000000000e+01 9.732142686843872070e-01 4.181299972534179688e+01 4.591199874877929688e+01 3.824000167846679688e+01
2.200000000000000000e+01 9.330357313156127930e-01 4.071699905395507812e+01 4.895800018310546875e+01 4.030699920654296875e+01
1.500000000000000000e+01 8.258928656578063965e-01 3.724900054931640625e+01 5.044100189208984375e+01 3.993999862670898438e+01
1.800000000000000000e+01 6.383928656578063965e-01 3.454899978637695312e+01 5.275000000000000000e+01 4.144599914550781250e+01
0.000000000000000000e+00 4.955357015132904053e-01 3.132099914550781250e+01 5.083399963378906250e+01 4.221500015258789062e+01
2.000000000000000000e+00 2.187500000000000000e-01 2.767799949645996094e+01 5.217800140380859375e+01 4.207400131225585938e+01
3.000000000000000000e+00 1.785714328289031982e-01 2.864100074768066406e+01 5.581299972534179688e+01 4.085499954223632812e+01
1.700000000000000000e+01 6.696428358554840088e-02 2.547800064086914062e+01 5.627399826049804688e+01 3.883499908447265625e+01
9.000000000000000000e+00 2.232142910361289978e-02 2.334700012207031250e+01 5.365499877929687500e+01 4.079299926757812500e+01
1.600000000000000000e+01 4.464285820722579956e-02 2.305900001525878906e+01 4.993199920654296875e+01 4.109700012207031250e+01
1.000000000000000000e+00 1.607142835855484009e-01 2.534399986267089844e+01 4.792300033569335938e+01 3.872200012207031250e+01
1.000000000000000000e+00 2.544642984867095947e-01 2.643899917602539062e+01 4.432099914550781250e+01 3.838199996948242188e+01
2.000000000000000000e+01 5.491071343421936035e-01 3.006100082397460938e+01 4.421099853515625000e+01 3.723099899291992188e+01
1.800000000000000000e+01 6.517857313156127930e-01 3.196100044250488281e+01 4.155599975585937500e+01 3.540999984741210938e+01
1.100000000000000000e+01 8.214285969734191895e-01 3.569300079345703125e+01 4.108399963378906250e+01 3.511299896240234375e+01
0.000000000000000000e+00 8.035714030265808105e-01 3.669499969482421875e+01 3.901200103759765625e+01 3.207300186157226562e+01
0.000000000000000000e+00 8.973214030265808105e-01 4.047200012207031250e+01 3.860300064086914062e+01 3.214500045776367188e+01
1.200000000000000000e+01 8.482142686843872070e-01 4.282500076293945312e+01 3.674499893188476562e+01 2.983300018310546875e+01
1.200000000000000000e+01 8.571428656578063965e-01 4.644300079345703125e+01 3.550899887084960938e+01 3.059600067138671875e+01
1.700000000000000000e+01 7.812500000000000000e-01 4.936199951171875000e+01 3.488999938964843750e+01 2.844700050354003906e+01
1.600000000000000000e+01 7.321428656578063965e-01 5.299800109863281250e+01 3.424900054931640625e+01 2.985199928283691406e+01
2.000000000000000000e+01 8.125000000000000000e-01 5.429999923706054688e+01 3.776599884033203125e+01 2.923900032043457031e+01
1.700000000000000000e+01 9.107142686843872070e-01 5.098600006103515625e+01 3.936299896240234375e+01 2.887700080871582031e+01
2.000000000000000000e+01 9.553571343421936035e-01 4.744400024414062500e+01 4.013899993896484375e+01 3.018899917602539062e+01
1.700000000000000000e+01 9.419642686843872070e-01 4.416600036621093750e+01 4.162300109863281250e+01 2.895599937438964844e+01
1.800000000000000000e+01 9.642857313156127930e-01 4.168799972534179688e+01 4.269499969482421875e+01 3.160199928283691406e+01
1.800000000000000000e+01 8.660714030265808105e-01 3.817300033569335938e+01 4.391500091552734375e+01 3.041399955749511719e+01
0.000000000000000000e+00 8.080357313156127930e-01 3.517300033569335938e+01 4.488299942016601562e+01 3.244100189208984375e+01
2.200000000000000000e+01 5.892857313156127930e-01 3.147500038146972656e+01 4.490299987792968750e+01 3.162899971008300781e+01
2.200000000000000000e+01 4.598214328289031982e-01 2.912800025939941406e+01 4.724900054931640625e+01 3.331200027465820312e+01
1.800000000000000000e+01 2.008928507566452026e-01 2.547500038146972656e+01 4.634799957275390625e+01 3.326900100708007812e+01
2.000000000000000000e+00 5.803571268916130066e-02 2.230999946594238281e+01 4.724700164794921875e+01 3.517100143432617188e+01
1.600000000000000000e+01 1.785714365541934967e-02 2.121699905395507812e+01 4.438399887084960938e+01 3.761500167846679688e+01
5.000000000000000000e+00 1.294642835855484009e-01 6.759400177001953125e+01 4.860300064086914062e+01 2.662000083923339844e+01
1.600000000000000000e+01 2.321428507566452026e-01 6.745200347900390625e+01 4.668199920654296875e+01 3.000600051879882812e+01
1.200000000000000000e+01 5.044642686843872070e-01 6.380500030517578125e+01 4.773099899291992188e+01 3.057799911499023438e+01
1.400000000000000000e+01 5.357142686843872070e-01 6.176800155639648438e+01 5.004700088500976562e+01 2.822400093078613281e+01
2.200000000000000000e+01 6.919642686843872070e-01 5.811600112915039062e+01 5.096400070190429688e+01 2.877499961853027344e+01
1.300000000000000000e+01 6.651785969734191895e-01 5.571500015258789062e+01 5.240800094604492188e+01 2.615600013732910156e+01
2.200000000000000000e+01 7.544642686843872070e-01 5.208900070190429688e+01 5.320199966430664062e+01 2.669199943542480469e+01
1.200000000000000000e+01 6.696428656578063965e-01 4.940599822998046875e+01 5.353099822998046875e+01 2.400000000000000000e+01
3.000000000000000000e+00 6.473214030265808105e-01 4.564500045776367188e+01 5.448899841308593750e+01 2.377300071716308594e+01
0.000000000000000000e+00 5.580357313156127930e-01 4.287300109863281250e+01 5.290599822998046875e+01 2.173600006103515625e+01
2.200000000000000000e+01 3.571428656578063965e-01 4.038899993896484375e+01 5.589099884033203125e+01 2.174300003051757812e+01
1.000000000000000000e+00 2.232142835855484009e-01 4.270399856567382812e+01 5.742599868774414062e+01 1.910099983215332031e+01
9.000000000000000000e+00 2.946428656578063965e-01 4.463100051879882812e+01 5.418000030517578125e+01 1.840399932861328125e+01
1.700000000000000000e+01 2.857142984867095947e-01 4.785100173950195312e+01 5.600299835205078125e+01 1.895599937438964844e+01
1.600000000000000000e+01 3.705357015132904053e-01 5.086500167846679688e+01 5.645199966430664062e+01 2.131399917602539062e+01
0.000000000000000000e+00 5.446428656578063965e-01 5.004100036621093750e+01 5.776699829101562500e+01 2.481800079345703125e+01
1.100000000000000000e+01 3.080357015132904053e-01 5.204499816894531250e+01 6.100899887084960938e+01 2.554800033569335938e+01
2.000000000000000000e+00 3.169642984867095947e-01 5.327299880981445312e+01 6.229000091552734375e+01 2.901000022888183594e+01
2.200000000000000000e+01 6.250000000000000000e-01 5.188499832153320312e+01 5.923600006103515625e+01 3.083399963378906250e+01
0.000000000000000000e+00 6.116071343421936035e-01 5.373400115966796875e+01 5.943199920654296875e+01 3.413800048828125000e+01
1.400000000000000000e+01 7.232142686843872070e-01 5.477199935913085938e+01 5.646599960327148438e+01 3.619300079345703125e+01
2.200000000000000000e+01 7.053571343421936035e-01 5.888999938964843750e+01 5.227500152587890625e+01 3.944400024414062500e+01
1.500000000000000000e+01 6.607142686843872070e-01 5.948300170898437500e+01 5.059999847412109375e+01 4.278300094604492188e+01
1.000000000000000000e+00 5.848214030265808105e-01 6.143600082397460938e+01 4.749200057983398438e+01 4.368799972534179688e+01
1.300000000000000000e+01 5.223214030265808105e-01 6.101399993896484375e+01 4.541099929809570312e+01 4.682899856567382812e+01
0.000000000000000000e+00 2.276785671710968018e-01 6.354800033569335938e+01 4.579199981689453125e+01 4.974900054931640625e+01
0.000000000000000000e+00 8.482142537832260132e-02 6.468099975585937500e+01 4.294900131225585938e+01 5.198699951171875000e+01
3.000000000000000000e+00 1.116071417927742004e-01 6.147299957275390625e+01 4.314799880981445312e+01 5.415700149536132812e+01
3.000000000000000000e+00 3.482142984867095947e-01 5.927000045776367188e+01 4.340399932861328125e+01 5.104199981689453125e+01
1.800000000000000000e+01 3.526785671710968018e-01 5.865999984741210938e+01 4.717399978637695312e+01 5.142900085449218750e+01
1.900000000000000000e+01 5.401785969734191895e-01 5.876499938964843750e+01 4.927000045776367188e+01 4.823400115966796875e+01
7.000000000000000000e+00 3.348214328289031982e-01 6.177999877929687500e+01 5.141799926757812500e+01 4.731399917602539062e+01
1.600000000000000000e+01 3.928571343421936035e-01 6.172000122070312500e+01 5.377500152587890625e+01 4.426599884033203125e+01
1.500000000000000000e+01 3.660714328289031982e-01 6.396900177001953125e+01 5.249700164794921875e+01 4.143999862670898438e+01
0.000000000000000000e+00 3.750000000000000000e-01 6.317300033569335938e+01 5.497000122070312500e+01 3.860499954223632812e+01
1.700000000000000000e+01 4.910714328289031982e-01 6.035599899291992188e+01 5.728400039672851562e+01 3.723199844360351562e+01
9.000000000000000000e+00 3.883928656578063965e-01 5.942900085449218750e+01 5.923400115966796875e+01 3.406999969482421875e+01
1.300000000000000000e+01 4.821428656578063965e-01 5.659600067138671875e+01 5.990700149536132812e+01 3.166300010681152344e+01
1.800000000000000000e+01 4.642857015132904053e-01 5.605899810791015625e+01 5.883399963378906250e+01 2.802400016784667969e+01
1.700000000000000000e+01 2.142857164144515991e-01 5.748899841308593750e+01 6.049399948120117188e+01 2.488699913024902344e+01
7.000000000000000000e+00 9.821428358554840088e-02 5.554499816894531250e+01 6.165299987792968750e+01 2.182600021362304688e+01
1.700000000000000000e+01 1.383928507566452026e-01 5.593799972534179688e+01 5.820800018310546875e+01 2.030599975585937500e+01
9.000000000000000000e+00 4.017857015132904053e-01 5.465100097656250000e+01 5.688499832153320312e+01 2.364399909973144531e+01
7.000000000000000000e+00 3.794642984867095947e-01 5.809899902343750000e+01 5.560499954223632812e+01 2.469000053405761719e+01
1.200000000000000000e+01 4.196428656578063965e-01 5.997999954223632812e+01 5.584099960327148438e+01 2.809799957275390625e+01
9.000000000000000000e+00 1.205357164144515991e-01 6.663099670410156250e+01 5.575999832153320312e+01 3.047699928283691406e+01
1.200000000000000000e+01 2.812500000000000000e-01 6.504799652099609375e+01 5.441999816894531250e+01 3.362400054931640625e+01
1.800000000000000000e+01 1.517857164144515991e-01 6.810099792480468750e+01 5.224700164794921875e+01 3.441500091552734375e+01
1.800000000000000000e+01 5.357142910361289978e-02 7.132800292968750000e+01 5.051699829101562500e+01 3.329899978637695312e+01
7.000000000000000000e+00 2.678571455180644989e-02 7.258599853515625000e+01 4.693299865722656250e+01 3.298699951171875000e+01
7.000000000000000000e+00 4.464285913854837418e-03 7.476499938964843750e+01 4.671500015258789062e+01 3.620199966430664062e+01
7.000000000000000000e+00 4.910714179277420044e-02 7.184600067138671875e+01 4.813000106811523438e+01 3.824900054931640625e+01
1.500000000000000000e+01 2.053571492433547974e-01 6.890899658203125000e+01 4.611000061035156250e+01 3.683900070190429688e+01
2.200000000000000000e+01 1.919642835855484009e-01 6.880300140380859375e+01 4.265100097656250000e+01 3.856100082397460938e+01
7.000000000000000000e+00 2.633928656578063965e-01 6.676799774169921875e+01 3.973600006103515625e+01 4.008399963378906250e+01
9.000000000000000000e+00 4.776785671710968018e-01 6.383200073242187500e+01 4.090900039672851562e+01 4.235800170898437500e+01
1.100000000000000000e+01 6.785714030265808105e-01 6.011199951171875000e+01 4.189699935913085938e+01 4.257500076293945312e+01
2.000000000000000000e+01 7.678571343421936035e-01 5.937799835205078125e+01 4.520899963378906250e+01 4.061600112915039062e+01
1.300000000000000000e+01 8.750000000000000000e-01 5.636700057983398438e+01 4.748099899291992188e+01 4.044900131225585938e+01
2.200000000000000000e+01 9.017857313156127930e-01 5.544300079345703125e+01 5.024000167846679688e+01 3.794599914550781250e+01
7.000000000000000000e+00 9.151785969734191895e-01 5.250799942016601562e+01 5.241099929809570312e+01 3.899900054931640625e+01
1.100000000000000000e+01 8.794642686843872070e-01 5.131100082397460938e+01 5.451599884033203125e+01 3.604100036621093750e+01
3.000000000000000000e+00 7.991071343421936035e-01 4.904399871826171875e+01 5.757099914550781250e+01 3.621400070190429688e+01
1.800000000000000000e+01 8.303571343421936035e-01 4.666099929809570312e+01 5.635100173950195312e+01 3.345600128173828125e+01
1.300000000000000000e+01 7.187500000000000000e-01 4.370199966430664062e+01 5.828599929809570312e+01 3.491199874877929688e+01
1.700000000000000000e+01 5.714285969734191895e-01 4.571099853515625000e+01 6.156700134277343750e+01 3.490100097656250000e+01
2.000000000000000000e+01 5.625000000000000000e-01 4.630199813842773438e+01 6.110699844360351562e+01 3.123699951171875000e+01
1.900000000000000000e+01 5.312500000000000000e-01 4.261500167846679688e+01 6.077899932861328125e+01 3.041500091552734375e+01
1.300000000000000000e+01 3.303571343421936035e-01 4.167399978637695312e+01 6.354299926757812500e+01 3.304399871826171875e+01
0.000000000000000000e+00 1.830357164144515991e-01 4.384600067138671875e+01 6.610600280761718750e+01 3.115299987792968750e+01
1.200000000000000000e+01 1.428571492433547974e-01 4.210699844360351562e+01 6.507199859619140625e+01 2.785400009155273438e+01
9.000000000000000000e+00 1.160714253783226013e-01 3.866299819946289062e+01 6.542400360107421875e+01 2.964100074768066406e+01
1.100000000000000000e+01 2.901785671710968018e-01 3.791600036621093750e+01 6.175099945068359375e+01 2.964900016784667969e+01
1.700000000000000000e+01 4.553571343421936035e-01 3.629299926757812500e+01 5.935699844360351562e+01 3.230300140380859375e+01
1.600000000000000000e+01 6.875000000000000000e-01 3.780799865722656250e+01 5.575799942016601562e+01 3.273199844360351562e+01
1.500000000000000000e+01 7.455357313156127930e-01 3.632799911499023438e+01 5.286700057983398438e+01 3.456600189208984375e+01
7.000000000000000000e+00 8.526785969734191895e-01 4.100600051879882812e+01 5.393099975585937500e+01 3.838899993896484375e+01
0.000000000000000000e+00 9.776785969734191895e-01 4.717100143432617188e+01 5.075699996948242188e+01 3.660699844360351562e+01
7.000000000000000000e+00 9.821428656578063965e-01 4.968999862670898438e+01 4.887200164794921875e+01 3.877299880981445312e+01
2.200000000000000000e+01 9.866071343421936035e-01 5.186000061035156250e+01 4.625899887084960938e+01 3.715700149536132812e+01
2.200000000000000000e+01 9.598214030265808105e-01 5.379600143432617188e+01 4.393399810791015625e+01 3.958900070190429688e+01
1.500000000000000000e+01 9.062500000000000000e-01 5.639799880981445312e+01 4.173500061035156250e+01 3.795500183105468750e+01
1.800000000000000000e+01 7.410714030265808105e-01 5.942900085449218750e+01 3.937099838256835938e+01 3.820299911499023438e+01
0.000000000000000000e+00 5.937500000000000000e-01 6.263100051879882812e+01 3.990599822998046875e+01 3.615399932861328125e+01
2.000000000000000000e+00 3.035714328289031982e-01 6.589099884033203125e+01 3.814799880981445312e+01 3.534000015258789062e+01
3.000000000000000000e+00 2.723214328289031982e-01 6.506800079345703125e+01 3.489899826049804688e+01 3.715399932861328125e+01
1.700000000000000000e+01 1.026785746216773987e-01 6.688800048828125000e+01 3.231600189208984375e+01 3.487400054931640625e+01
9.000000000000000000e+00 6.250000000000000000e-02 6.977899932861328125e+01 3.479700088500976562e+01 3.395600128173828125e+01
1.600000000000000000e+01 7.589285820722579956e-02 6.998500061035156250e+01 3.827500152587890625e+01 3.244699859619140625e+01
1.000000000000000000e+00 1.964285671710968018e-01 6.736599731445312500e+01 3.935200119018554688e+01 2.976300048828125000e+01
1.000000000000000000e+00 2.455357164144515991e-01 6.658799743652343750e+01 4.265700149536132812e+01 2.797500038146972656e+01
2.000000000000000000e+01 5.133928656578063965e-01 6.303400039672851562e+01 4.380699920654296875e+01 2.841600036621093750e+01
1.800000000000000000e+01 5.758928656578063965e-01 6.056399917602539062e+01 4.606800079345703125e+01 2.634399986267089844e+01
1.100000000000000000e+01 7.723214030265808105e-01 5.690900039672851562e+01 4.650000000000000000e+01 2.771699905395507812e+01
0.000000000000000000e+00 7.857142686843872070e-01 5.405300140380859375e+01 4.802600097656250000e+01 2.574399948120117188e+01
0.000000000000000000e+00 8.883928656578063965e-01 5.075400161743164062e+01 4.905699920654296875e+01 2.743499946594238281e+01
1.200000000000000000e+01 8.437500000000000000e-01 4.727299880981445312e+01 4.997999954223632812e+01 2.604199981689453125e+01
1.200000000000000000e+01 8.348214030265808105e-01 4.477500152587890625e+01 5.239599990844726562e+01 2.763599967956542969e+01
1.700000000000000000e+01 7.946428656578063965e-01 4.103799819946289062e+01 5.175000000000000000e+01 2.715699958801269531e+01
1.600000000000000000e+01 7.142857313156127930e-01 3.835699844360351562e+01 5.335400009155273438e+01 2.931999969482421875e+01
2.000000000000000000e+01 7.767857313156127930e-01 3.681100082397460938e+01 4.987799835205078125e+01 3.025699996948242188e+01
1.700000000000000000e+01 8.928571343421936035e-01 3.984199905395507812e+01 4.775000000000000000e+01 2.960099983215332031e+01
2.000000000000000000e+01 9.687500000000000000e-01 4.362300109863281250e+01 4.745199966430664062e+01 3.008799934387207031e+01
1.700000000000000000e+01 9.508928656578063965e-01 4.615100097656250000e+01 4.525099945068359375e+01 2.842000007629394531e+01
1.800000000000000000e+01 9.464285969734191895e-01 4.996599960327148438e+01 4.505400085449218750e+01 2.858699989318847656e+01
1.800000000000000000e+01 8.616071343421936035e-01 5.253599929809570312e+01 4.287599945068359375e+01 2.684799957275390625e+01
0.000000000000000000e+00 7.633928656578063965e-01 5.630500030517578125e+01 4.221900177001953125e+01 2.719199943542480469e+01
2.200000000000000000e+01 5.669642686843872070e-01 5.925600051879882812e+01 4.125699996948242188e+01 2.495100021362304688e+01
2.200000000000000000e+01 4.285714328289031982e-01 6.201300048828125000e+01 3.916999816894531250e+01 2.656100082397460938e+01
1.800000000000000000e+01 1.473214328289031982e-01 6.526499938964843750e+01 3.879399871826171875e+01 2.469899940490722656e+01
2.000000000000000000e+00 3.125000000000000000e-02 6.883300018310546875e+01 3.756900024414062500e+01 2.522699928283691406e+01
1.600000000000000000e+01 8.928571827709674835e-03 7.186100006103515625e+01 3.974800109863281250e+01 2.606900024414062500e+01
