1 1 14 0 0.017964071856287345 0 0 32.665 34.770 54.938
1 2 18 0 0.15568862275449102 0 0 33.697 33.163 51.639
1 3 7 0 0.34730538922155685 0 0 35.975 33.859 48.698
1 4 20 0 0.6107784431137725 0 0 35.338 32.663 45.117
1 5 13 0 0.7245508982035929 0 0 37.952 32.965 42.396
1 6 12 0 0.9101796407185628 0 0 35.867 33.582 39.344
1 7 22 0 0.9520958083832335 0 0 37.204 33.172 35.889
1 8 22 0 0.9880239520958084 0 0 35.791 34.901 32.855
1 9 22 0 0.9700598802395209 0 0 36.157 33.391 29.456
1 10 9 0 0.9281437125748503 0 0 34.488 34.004 26.150
1 11 0 0 0.7724550898203593 0 0 35.347 35.099 22.590
1 12 9 0 0.6407185628742516 0 0 36.863 38.553 22.144
1 13 9 0 0.592814371257485 0 0 34.313 41.319 21.884
1 14 22 0 0.8083832335329342 0 0 31.239 39.882 23.632
1 15 9 0 0.8323353293413174 0 0 31.455 42.271 26.539
1 16 13 0 0.9401197604790419 0 0 33.247 39.989 28.919
1 17 17 0 0.8682634730538922 0 0 35.066 42.827 30.679
1 18 0 0 0.7664670658682635 0 0 32.093 45.158 30.266
1 19 12 0 0.8802395209580838 0 0 30.307 43.096 32.784
1 20 18 0 0.8622754491017964 0 0 33.154 43.356 35.195
1 21 11 0 0.6167664670658684 0 0 33.587 47.112 34.787
1 22 6 0 0.5568862275449102 0 0 29.851 47.795 35.025
1 23 12 0 0.6347305389221557 0 0 29.743 45.723 38.210
1 24 11 0 0.5149700598802396 0 0 32.845 46.753 39.974
1 25 6 0 0.3173652694610779 0 0 33.676 50.221 38.680
1 26 2 0 0.23952095808383234 0 0 30.239 51.267 37.594
1 27 10 0 0.13173652694610782 0 0 31.465 53.762 34.983
1 28 15 0 0.11377245508982048 0 0 31.361 54.123 31.210
1 29 22 0 0.14970059880239517 0 0 34.541 53.168 29.541
1 30 3 0 0.04790419161676651 0 0 35.268 54.672 26.124
1 31 7 0 0.08982035928143717 0 0 37.846 52.238 24.907
1 32 20 0 0.29940119760479034 0 0 38.502 48.849 26.613
1 33 3 0 0.26347305389221565 0 0 41.900 47.707 27.874
1 34 16 0 0.3532934131736526 0 0 42.955 44.414 26.466
1 35 18 0 0.47904191616766467 0 0 43.764 42.772 29.796
1 36 11 0 0.281437125748503 0 0 47.246 41.755 30.714
1 37 7 0 0.28742514970059885 0 0 47.234 41.512 34.501
1 38 3 0 0.4610778443113772 0 0 43.983 42.836 35.886
1 39 17 0 0.4970059880239521 0 0 42.283 42.465 39.181
1 40 20 0 0.5449101796407185 0 0 38.920 43.497 40.448
1 41 1 0 0.5029940119760479 0 0 37.380 42.327 43.717
1 42 13 0 0.3413173652694611 0 0 34.930 43.338 46.376
1 43 6 0 0.19760479041916168 0 0 32.809 41.960 49.183
1 44 22 0 0.2574850299401197 0 0 29.104 41.693 48.477
1 45 22 0 0.14371257485029942 0 0 26.155 40.322 50.435
1 46 11 0 0.21556886227544902 0 0 24.482 37.370 48.752
1 47 3 0 0.10179640718562877 0 0 21.337 35.856 50.229
1 48 9 0 0.0119760479041916 0 0 22.162 36.981 53.771
1 49 7 0 0.029940119760479056 0 0 25.944 36.304 53.727
1 50 18 0 0.08383233532934131 0 0 29.029 38.329 52.906
1 51 5 0 0.2694610778443114 0 0 30.784 36.831 50.012
1 52 12 0 0.39520958083832336 0 0 33.974 37.951 48.266
1 53 12 0 0.652694610778443 0 0 34.064 38.119 44.534
1 54 3 0 0.6946107784431137 0 0 37.381 37.966 42.850
1 55 11 0 0.8562874251497006 0 0 37.516 38.462 39.123
1 56 12 0 0.844311377245509 0 0 40.060 36.923 36.779
1 57 3 0 0.874251497005988 0 0 40.207 37.628 33.007
1 58 18 0 0.7964071856287425 0 0 42.386 35.156 31.135
1 59 0 0 0.5209580838323353 0 0 45.230 36.568 29.137
1 60 9 0 0.2934131736526946 0 0 47.806 34.648 27.192
1 61 6 0 0.20958083832335328 0 0 47.091 32.299 24.310
1 62 7 0 0.06586826347305386 0 0 50.347 30.431 24.842
1 63 7 0 0.041916167664670656 0 0 50.748 26.829 26.018
1 64 20 0 0.0059880239520957446 0 0 54.000 26.532 27.803
1 65 17 0 0.0 0 0 55.531 29.010 30.165
1 66 0 0 0.053892215568862256 0 0 52.486 31.324 30.123
1 67 14 0 0.17964071856287422 0 0 49.869 32.561 32.543
1 68 1 0 0.44311377245508976 0 0 46.669 31.597 30.738
1 69 3 0 0.4131736526946108 0 0 46.087 28.148 32.212
1 70 6 0 0.33532934131736525 0 0 47.262 29.698 35.508
1 71 20 0 0.5988023952095809 0 0 44.243 31.963 35.992
1 72 14 0 0.6766467065868262 0 0 42.234 28.941 35.343
1 73 1 0 0.4251497005988024 0 0 44.198 26.766 37.739
1 74 18 0 0.4730538922155688 0 0 43.482 29.254 40.478
1 75 9 0 0.718562874251497 0 0 39.860 29.707 39.556
1 76 7 0 0.7005988023952096 0 0 37.170 27.404 40.747
1 77 9 0 0.8862275449101796 0 0 34.170 28.911 39.012
1 78 15 0 0.9640718562874252 0 0 33.961 29.707 35.285
1 79 12 0 0.9940119760479041 0 0 31.795 32.425 33.665
1 80 5 0 0.9820359281437125 0 0 31.457 31.679 29.978
1 81 22 0 0.9760479041916168 0 0 30.298 34.808 28.216
1 82 15 0 0.8922155688622755 0 0 28.864 34.710 24.794
1 83 0 0 0.7425149700598803 0 0 26.815 37.341 23.088
1 84 11 0 0.5269461077844311 0 0 23.391 36.729 21.775
1 85 2 0 0.3053892215568862 0 0 23.855 38.496 18.457
1 86 2 0 0.3652694610778443 0 0 27.109 36.791 17.610
1 87 18 0 0.27544910179640725 0 0 26.473 33.213 16.434
1 88 13 0 0.32335329341317365 0 0 30.174 32.406 16.466
1 89 17 0 0.6227544910179641 0 0 30.492 33.254 20.179
1 90 15 0 0.5808383233532934 0 0 28.020 30.578 20.845
1 91 7 0 0.437125748502994 0 0 30.130 28.043 18.998
1 92 3 0 0.5868263473053892 0 0 33.161 28.448 21.278
1 93 11 0 0.7784431137724551 0 0 31.285 27.689 24.424
1 94 10 0 0.5508982035928144 0 0 31.620 23.923 24.189
1 95 10 0 0.5089820359281436 0 0 35.216 24.630 23.309
1 96 20 0 0.7844311377245509 0 0 35.641 26.838 26.303
1 97 1 0 0.7125748502994012 0 0 34.294 24.119 28.446
1 98 7 0 0.46706586826347307 0 0 36.753 21.647 26.995
1 99 6 0 0.5329341317365269 0 0 39.489 24.031 27.823
1 100 11 0 0.6826347305389222 0 0 38.088 24.339 31.303
1 101 13 0 0.4491017964071856 0 0 37.969 20.585 31.583
1 102 1 0 0.25149700598802394 0 0 41.645 20.442 30.516
1 103 22 0 0.35928143712574856 0 0 43.018 22.863 33.046
1 104 13 0 0.37125748502994016 0 0 40.858 21.679 35.954
1 105 3 0 0.13772455089820357 0 0 41.505 18.019 35.290
1 106 17 0 0.16766467065868274 0 0 37.856 17.107 35.887
1 107 7 0 0.16167664670658677 0 0 34.777 16.036 34.053
1 108 3 0 0.40718562874251496 0 0 32.820 18.999 35.206
1 109 22 0 0.6287425149700598 0 0 33.128 22.425 36.761
1 110 16 0 0.7604790419161677 0 0 31.068 25.003 38.517
1 111 14 0 0.9041916167664671 0 0 30.073 27.262 35.618
1 112 22 0 0.9461077844311377 0 0 27.421 29.657 34.486
1 113 12 0 0.9341317365269461 0 0 26.281 30.515 30.944
1 114 22 0 0.9580838323353293 0 0 26.110 34.236 30.255
1 115 9 0 0.8502994011976048 0 0 24.253 35.543 27.252
1 116 2 0 0.8383233532934131 0 0 25.402 39.105 26.649
1 117 13 0 0.5688622754491017 0 0 24.452 41.878 24.296
1 118 5 0 0.45508982035928147 0 0 20.699 41.339 25.014
1 119 3 0 0.2335329341317366 0 0 20.546 45.122 24.565
1 120 12 0 0.0718562874251496 0 0 17.432 45.099 22.465
1 121 16 0 0.02395209580838331 0 0 15.040 42.398 21.331
1 122 17 0 0.03592814371257491 0 0 17.148 41.345 18.332
1 123 1 0 0.11976047904191622 0 0 18.905 38.029 18.645
1 124 18 0 0.09580838323353291 0 0 20.504 35.845 15.997
1 125 22 0 0.19161676646706582 0 0 21.197 33.002 18.359
1 126 3 0 0.12574850299401197 0 0 18.158 31.117 19.444
1 127 18 0 0.20359281437125742 0 0 17.142 31.504 23.064
1 128 13 0 0.10778443113772451 0 0 15.876 27.942 23.136
1 129 6 0 0.17365269461077848 0 0 19.161 26.553 21.984
1 130 0 0 0.4850299401197605 0 0 21.014 28.628 24.567
1 131 6 0 0.38323353293413165 0 0 18.776 27.011 27.229
1 132 3 0 0.18562874251497008 0 0 19.268 23.597 25.668
1 133 12 0 0.43113772455089827 0 0 23.052 23.957 25.815
1 134 0 0 0.562874251497006 0 0 22.697 25.201 29.409
1 135 1 0 0.31137724550898194 0 0 20.376 22.330 30.330
1 136 17 0 0.22754491017964074 0 0 22.934 19.912 28.853
1 137 20 0 0.41916167664670656 0 0 25.305 20.424 31.647
1 138 9 0 0.3892215568862275 0 0 22.552 21.529 34.021
1 139 11 0 0.6646706586826348 0 0 24.086 24.990 34.362
1 140 16 0 0.7065868263473054 0 0 22.180 28.167 34.824
1 141 15 0 0.7544910179640718 0 0 21.351 30.433 31.848
1 142 11 0 0.8143712574850299 0 0 21.306 34.206 32.174
1 143 7 0 0.688622754491018 0 0 20.376 36.936 29.854
1 144 18 0 0.8023952095808383 0 0 22.804 39.795 30.336
1 145 17 0 0.6047904191616766 0 0 22.986 43.297 28.992
1 146 0 0 0.658682634730539 0 0 25.970 45.157 30.140
1 147 13 0 0.3772455089820359 0 0 24.893 48.265 28.215
1 148 18 0 0.221556886227545 0 0 21.217 48.273 29.398
1 149 1 0 0.4011976047904191 0 0 22.486 47.382 32.892
1 150 6 0 0.49101796407185627 0 0 20.634 44.169 33.400
1 151 9 0 0.6706586826347305 0 0 21.552 40.891 35.056
1 152 22 0 0.8263473053892215 0 0 25.189 41.875 35.292
1 153 3 0 0.7365269461077844 0 0 25.239 41.504 39.044
1 154 3 0 0.7485029940119761 0 0 22.981 38.452 38.763
1 155 0 0 0.9161676646706587 0 0 25.420 36.567 36.542
1 156 15 0 0.9221556886227544 0 0 28.264 36.688 39.020
1 157 20 0 0.7904191616766467 0 0 26.014 36.043 41.938
1 158 18 0 0.8203592814371258 0 0 24.637 33.037 40.178
1 159 12 0 0.8982035928143712 0 0 28.097 31.556 39.754
1 160 22 0 0.7305389221556886 0 0 28.495 31.888 43.483
1 161 1 0 0.5389221556886228 0 0 25.354 29.691 44.082
1 162 7 0 0.6467065868263473 0 0 26.687 27.184 41.663
1 163 11 0 0.5748502994011976 0 0 29.919 27.022 43.584
1 164 1 0 0.3293413173652695 0 0 27.952 26.492 46.779
1 165 13 0 0.24550898203592808 0 0 25.970 23.690 45.205
1 166 10 0 0.07784431137724557 0 0 25.945 20.139 46.440
1 167 13 0 0.059880239520958 0 0 27.159 17.621 43.931
