5.000000000000000000e+00 8.928571641445159912e-02 2.539200019836425781e+01 3.800600051879882812e+01 4.326100158691406250e+01
1.600000000000000000e+01 2.053571492433547974e-01 2.644199943542480469e+01 4.139500045776367188e+01 4.173899841308593750e+01
1.200000000000000000e+01 4.821428656578063965e-01 3.022800064086914062e+01 4.088499832153320312e+01 4.080199813842773438e+01
1.400000000000000000e+01 5.133928656578063965e-01 3.093600082397460938e+01 3.804800033569335938e+01 3.823099899291992188e+01
2.200000000000000000e+01 6.830357313156127930e-01 3.453499984741210938e+01 3.703799819946289062e+01 3.727099990844726562e+01
1.300000000000000000e+01 6.517857313156127930e-01 3.543199920654296875e+01 3.521599960327148438e+01 3.395899963378906250e+01
2.200000000000000000e+01 7.232142686843872070e-01 3.911100006103515625e+01 3.407099914550781250e+01 3.333700180053710938e+01
1.200000000000000000e+01 6.741071343421936035e-01 4.046200180053710938e+01 3.297800064086914062e+01 2.989200019836425781e+01
3.000000000000000000e+00 6.250000000000000000e-01 4.379499816894531250e+01 3.133699989318847656e+01 2.866600036621093750e+01
0.000000000000000000e+00 5.803571343421936035e-01 4.487200164794921875e+01 3.259099960327148438e+01 2.522299957275390625e+01
2.200000000000000000e+01 3.794642984867095947e-01 4.751399993896484375e+01 2.979599952697753906e+01 2.452400016784667969e+01
1.000000000000000000e+00 2.366071492433547974e-01 4.513199996948242188e+01 2.682999992370605469e+01 2.511700057983398438e+01
9.000000000000000000e+00 2.544642984867095947e-01 4.212900161743164062e+01 2.874699974060058594e+01 2.365999984741210938e+01
1.700000000000000000e+01 2.678571343421936035e-01 3.958700180053710938e+01 2.828400039672851562e+01 2.644499969482421875e+01
1.600000000000000000e+01 3.973214328289031982e-01 3.859500122070312500e+01 2.923699951171875000e+01 2.993600082397460938e+01
0.000000000000000000e+00 5.446428656578063965e-01 4.125099945068359375e+01 2.927199935913085938e+01 3.273500061035156250e+01
1.100000000000000000e+01 3.482142984867095947e-01 4.030799865722656250e+01 2.682299995422363281e+01 3.551900100708007812e+01
2.000000000000000000e+00 3.616071343421936035e-01 4.127399826049804688e+01 2.689500045776367188e+01 3.932699966430664062e+01
2.200000000000000000e+01 6.562500000000000000e-01 4.267800140380859375e+01 3.054599952697753906e+01 3.896500015258789062e+01
0.000000000000000000e+00 6.785714030265808105e-01 4.246400070190429688e+01 3.220500183105468750e+01 4.246799850463867188e+01
1.400000000000000000e+01 7.901785969734191895e-01 4.161700057983398438e+01 3.591699981689453125e+01 4.293500137329101562e+01
2.200000000000000000e+01 7.410714030265808105e-01 3.883700180053710938e+01 4.101599884033203125e+01 4.613299942016601562e+01
1.500000000000000000e+01 7.008928656578063965e-01 3.975400161743164062e+01 4.390399932861328125e+01 4.843799972534179688e+01
1.000000000000000000e+00 6.116071343421936035e-01 3.839199829101562500e+01 4.743199920654296875e+01 4.923799896240234375e+01
1.300000000000000000e+01 5.223214030265808105e-01 3.958499908447265625e+01 5.072299957275390625e+01 5.084400177001953125e+01
0.000000000000000000e+00 2.500000000000000000e-01 3.925999832153320312e+01 5.135699844360351562e+01 5.463700103759765625e+01
0.000000000000000000e+00 7.142857462167739868e-02 3.918999862670898438e+01 5.411800003051757812e+01 5.736000061035156250e+01
3.000000000000000000e+00 9.821428358554840088e-02 4.299499893188476562e+01 5.453099822998046875e+01 5.750699996948242188e+01
3.000000000000000000e+00 2.901785671710968018e-01 4.312200164794921875e+01 5.428699874877929688e+01 5.368199920654296875e+01
1.800000000000000000e+01 4.196428656578063965e-01 4.473300170898437500e+01 5.088499832153320312e+01 5.361299896240234375e+01
1.900000000000000000e+01 5.982142686843872070e-01 4.341099929809570312e+01 4.789899826049804688e+01 5.158700180053710938e+01
7.000000000000000000e+00 4.330357015132904053e-01 4.083800125122070312e+01 4.570100021362304688e+01 5.349599838256835938e+01
1.600000000000000000e+01 4.776785671710968018e-01 3.999599838256835938e+01 4.200899887084960938e+01 5.242399978637695312e+01
1.500000000000000000e+01 4.285714328289031982e-01 3.649800109863281250e+01 4.151599884033203125e+01 5.085900115966796875e+01
0.000000000000000000e+00 4.241071343421936035e-01 3.607199859619140625e+01 3.802399826049804688e+01 4.931700134277343750e+01
1.700000000000000000e+01 4.955357015132904053e-01 3.807099914550781250e+01 3.510800170898437500e+01 4.794400024414062500e+01
9.000000000000000000e+00 4.151785671710968018e-01 3.806499862670898438e+01 3.194199943542480469e+01 4.599900054931640625e+01
1.300000000000000000e+01 5.000000000000000000e-01 3.897600173950195312e+01 3.055299949645996094e+01 4.261700057983398438e+01
1.800000000000000000e+01 5.044642686843872070e-01 3.758200073242187500e+01 3.026600074768066406e+01 3.903900146484375000e+01
1.700000000000000000e+01 2.187500000000000000e-01 3.503499984741210938e+01 2.738100051879882812e+01 3.885100173950195312e+01
7.000000000000000000e+00 9.375000000000000000e-02 3.494599914550781250e+01 2.439299964904785156e+01 3.633700180053710938e+01
1.700000000000000000e+01 1.250000000000000000e-01 3.319400024414062500e+01 2.676199913024902344e+01 3.381100082397460938e+01
9.000000000000000000e+00 3.705357015132904053e-01 3.598099899291992188e+01 2.940399932861328125e+01 3.430799865722656250e+01
7.000000000000000000e+00 4.375000000000000000e-01 3.392200088500976562e+01 3.203900146484375000e+01 3.594100189208984375e+01
1.200000000000000000e+01 4.017857015132904053e-01 3.293299865722656250e+01 3.292499923706054688e+01 3.944300079345703125e+01
9.000000000000000000e+00 1.428571492433547974e-01 2.975900077819824219e+01 3.334700012207031250e+01 4.438299942016601562e+01
1.200000000000000000e+01 3.035714328289031982e-01 3.175300025939941406e+01 3.619599914550781250e+01 4.571699905395507812e+01
1.800000000000000000e+01 1.607142835855484009e-01 2.916699981689453125e+01 3.849100112915039062e+01 4.745199966430664062e+01
1.800000000000000000e+01 4.464285820722579956e-02 2.548399925231933594e+01 3.984299850463867188e+01 4.768600082397460938e+01
7.000000000000000000e+00 2.232142910361289978e-02 2.384900093078613281e+01 4.329600143432617188e+01 4.724700164794921875e+01
7.000000000000000000e+00 0.000000000000000000e+00 2.346899986267089844e+01 4.360900115966796875e+01 5.102799987792968750e+01
7.000000000000000000e+00 4.910714179277420044e-02 2.729199981689453125e+01 4.329999923706054688e+01 5.121599960327148438e+01
1.500000000000000000e+01 1.696428507566452026e-01 2.854500007629394531e+01 4.482300186157226562e+01 4.797600173950195312e+01
2.200000000000000000e+01 1.205357164144515991e-01 2.801399993896484375e+01 4.857899856567382812e+01 4.850000000000000000e+01
7.000000000000000000e+00 1.919642835855484009e-01 2.978800010681152344e+01 5.180799865722656250e+01 4.741699981689453125e+01
9.000000000000000000e+00 3.348214328289031982e-01 3.352899932861328125e+01 5.281100082397460938e+01 4.757699966430664062e+01
1.100000000000000000e+01 6.339285969734191895e-01 3.694800186157226562e+01 5.181600189208984375e+01 4.602099990844726562e+01
2.000000000000000000e+01 7.500000000000000000e-01 3.765100097656250000e+01 4.814899826049804688e+01 4.525400161743164062e+01
1.300000000000000000e+01 8.883928656578063965e-01 4.014400100708007812e+01 4.588800048828125000e+01 4.357699966430664062e+01
2.200000000000000000e+01 9.151785969734191895e-01 4.070700073242187500e+01 4.232199859619140625e+01 4.257099914550781250e+01
7.000000000000000000e+00 9.375000000000000000e-01 4.418500137329101562e+01 4.077299880981445312e+01 4.255699920654296875e+01
1.100000000000000000e+01 9.285714030265808105e-01 4.417300033569335938e+01 3.760599899291992188e+01 4.053200149536132812e+01
3.000000000000000000e+00 8.526785969734191895e-01 4.695000076293945312e+01 3.519400024414062500e+01 4.134700012207031250e+01
1.800000000000000000e+01 8.794642686843872070e-01 4.829700088500976562e+01 3.463100051879882812e+01 3.782300186157226562e+01
1.300000000000000000e+01 7.857142686843872070e-01 5.175699996948242188e+01 3.352899932861328125e+01 3.903900146484375000e+01
1.700000000000000000e+01 6.383928656578063965e-01 5.030500030517578125e+01 3.026499938964843750e+01 4.063100051879882812e+01
2.000000000000000000e+01 6.473214030265808105e-01 4.835100173950195312e+01 2.963599967956542969e+01 3.724399948120117188e+01
1.900000000000000000e+01 6.026785969734191895e-01 5.141899871826171875e+01 2.937100028991699219e+01 3.515399932861328125e+01
1.300000000000000000e+01 4.464285671710968018e-01 5.354499816894531250e+01 2.772699928283691406e+01 3.785699844360351562e+01
0.000000000000000000e+00 2.767857015132904053e-01 5.098799896240234375e+01 2.491099929809570312e+01 3.783200073242187500e+01
1.200000000000000000e+01 2.321428507566452026e-01 5.181700134277343750e+01 2.427199935913085938e+01 3.418899917602539062e+01
9.000000000000000000e+00 1.830357164144515991e-01 5.544499969482421875e+01 2.467000007629394531e+01 3.468399810791015625e+01
1.100000000000000000e+01 3.750000000000000000e-01 5.572900009155273438e+01 2.807299995422363281e+01 3.291099929809570312e+01
1.700000000000000000e+01 5.178571343421936035e-01 5.782699966430664062e+01 3.087400054931640625e+01 3.460400009155273438e+01
1.600000000000000000e+01 7.098214030265808105e-01 5.575600051879882812e+01 3.395600128173828125e+01 3.388199996948242188e+01
1.500000000000000000e+01 8.214285969734191895e-01 5.643500137329101562e+01 3.775500106811523438e+01 3.365000152587890625e+01
7.000000000000000000e+00 9.062500000000000000e-01 5.336199951171875000e+01 3.820100021362304688e+01 3.983399963378906250e+01
0.000000000000000000e+00 9.910714030265808105e-01 4.690000152587890625e+01 4.061500167846679688e+01 3.724200057983398438e+01
7.000000000000000000e+00 9.955357313156127930e-01 4.466099929809570312e+01 4.333800125122070312e+01 3.865599822998046875e+01
2.200000000000000000e+01 9.732142686843872070e-01 4.164500045776367188e+01 4.560499954223632812e+01 3.814699935913085938e+01
2.200000000000000000e+01 9.330357313156127930e-01 4.065499877929687500e+01 4.863000106811523438e+01 4.038100051879882812e+01
1.500000000000000000e+01 8.169642686843872070e-01 3.724100112915039062e+01 5.042900085449218750e+01 4.041999816894531250e+01
1.800000000000000000e+01 6.160714030265808105e-01 3.458000183105468750e+01 5.276499938964843750e+01 4.211399841308593750e+01
0.000000000000000000e+00 4.687500000000000000e-01 3.138100051879882812e+01 5.097700119018554688e+01 4.288100051879882812e+01
2.000000000000000000e+00 1.964285671710968018e-01 2.772599983215332031e+01 5.217499923706054688e+01 4.289300155639648438e+01
3.000000000000000000e+00 1.875000000000000000e-01 2.885600090026855469e+01 5.575899887084960938e+01 4.172600173950195312e+01
1.700000000000000000e+01 5.357142910361289978e-02 2.548699951171875000e+01 5.668199920654296875e+01 4.010599899291992188e+01
9.000000000000000000e+00 1.785714365541934967e-02 2.332200050354003906e+01 5.427099990844726562e+01 4.207400131225585938e+01
1.600000000000000000e+01 4.017857089638710022e-02 2.336199951171875000e+01 5.045100021362304688e+01 4.196599960327148438e+01
1.000000000000000000e+00 1.473214328289031982e-01 2.520199966430664062e+01 4.849700164794921875e+01 3.920299911499023438e+01
1.000000000000000000e+00 2.455357164144515991e-01 2.617799949645996094e+01 4.487799835205078125e+01 3.881800079345703125e+01
2.000000000000000000e+01 5.267857313156127930e-01 2.967399978637695312e+01 4.430799865722656250e+01 3.752799987792968750e+01
1.800000000000000000e+01 5.892857313156127930e-01 3.121500015258789062e+01 4.175699996948242188e+01 3.518199920654296875e+01
1.100000000000000000e+01 7.812500000000000000e-01 3.503099822998046875e+01 4.137300109863281250e+01 3.495899963378906250e+01
0.000000000000000000e+00 7.991071343421936035e-01 3.659600067138671875e+01 3.945199966430664062e+01 3.219900131225585938e+01
0.000000000000000000e+00 8.928571343421936035e-01 4.024599838256835938e+01 3.854299926757812500e+01 3.233200073242187500e+01
1.200000000000000000e+01 8.348214030265808105e-01 4.219800186157226562e+01 3.711500167846679688e+01 2.938500022888183594e+01
1.200000000000000000e+01 8.616071343421936035e-01 4.580199813842773438e+01 3.593500137329101562e+01 3.006999969482421875e+01
1.700000000000000000e+01 7.723214030265808105e-01 4.906600189208984375e+01 3.474800109863281250e+01 2.847400093078613281e+01
1.600000000000000000e+01 7.455357313156127930e-01 5.266600036621093750e+01 3.413199996948242188e+01 3.002499961853027344e+01
2.000000000000000000e+01 8.258928656578063965e-01 5.400600051879882812e+01 3.768000030517578125e+01 2.966900062561035156e+01
1.700000000000000000e+01 9.241071343421936035e-01 5.077399826049804688e+01 3.969400024414062500e+01 2.941300010681152344e+01
2.000000000000000000e+01 9.687500000000000000e-01 4.741299819946289062e+01 4.036000061035156250e+01 3.106800079345703125e+01
1.700000000000000000e+01 9.553571343421936035e-01 4.409299850463867188e+01 4.167399978637695312e+01 2.967000007629394531e+01
1.800000000000000000e+01 9.508928656578063965e-01 4.101100158691406250e+01 4.265999984741210938e+01 3.158799934387207031e+01
1.800000000000000000e+01 8.482142686843872070e-01 3.768700027465820312e+01 4.395100021362304688e+01 3.031399917602539062e+01
0.000000000000000000e+00 7.767857313156127930e-01 3.486299896240234375e+01 4.536800003051757812e+01 3.233000183105468750e+01
2.200000000000000000e+01 5.848214030265808105e-01 3.115099906921386719e+01 4.487200164794921875e+01 3.159799957275390625e+01
2.200000000000000000e+01 4.508928656578063965e-01 2.901600074768066406e+01 4.720899963378906250e+01 3.354899978637695312e+01
1.800000000000000000e+01 1.741071492433547974e-01 2.527499961853027344e+01 4.640900039672851562e+01 3.380400085449218750e+01
2.000000000000000000e+00 3.571428731083869934e-02 2.209600067138671875e+01 4.769900131225585938e+01 3.556900024414062500e+01
1.600000000000000000e+01 8.928571827709674835e-03 2.004100036621093750e+01 4.512599945068359375e+01 3.756399917602539062e+01
5.000000000000000000e+00 1.339285671710968018e-01 6.789199829101562500e+01 4.853799819946289062e+01 2.731900024414062500e+01
1.600000000000000000e+01 2.633928656578063965e-01 6.705500030517578125e+01 4.675000000000000000e+01 3.062500000000000000e+01
1.200000000000000000e+01 5.357142686843872070e-01 6.346799850463867188e+01 4.796900177001953125e+01 3.117600059509277344e+01
1.400000000000000000e+01 5.535714030265808105e-01 6.157400131225585938e+01 4.995999908447265625e+01 2.859600067138671875e+01
2.200000000000000000e+01 7.142857313156127930e-01 5.787599945068359375e+01 5.092499923706054688e+01 2.919899940490722656e+01
1.300000000000000000e+01 6.875000000000000000e-01 5.560699844360351562e+01 5.196099853515625000e+01 2.613500022888183594e+01
2.200000000000000000e+01 7.366071343421936035e-01 5.205099868774414062e+01 5.315299987792968750e+01 2.628800010681152344e+01
1.200000000000000000e+01 6.696428656578063965e-01 4.934899902343750000e+01 5.314599990844726562e+01 2.360099983215332031e+01
3.000000000000000000e+00 6.428571343421936035e-01 4.562699890136718750e+01 5.411999893188476562e+01 2.372299957275390625e+01
0.000000000000000000e+00 5.758928656578063965e-01 4.314799880981445312e+01 5.220299911499023438e+01 2.166099929809570312e+01
2.200000000000000000e+01 3.883928656578063965e-01 4.063600158691406250e+01 5.501200103759765625e+01 2.125900077819824219e+01
1.000000000000000000e+00 2.142857164144515991e-01 4.281399917602539062e+01 5.698600006103515625e+01 1.871599960327148438e+01
9.000000000000000000e+00 3.125000000000000000e-01 4.469200134277343750e+01 5.371699905395507812e+01 1.836800003051757812e+01
1.700000000000000000e+01 2.857142984867095947e-01 4.808700180053710938e+01 5.538299942016601562e+01 1.858399963378906250e+01
1.600000000000000000e+01 3.839285671710968018e-01 5.113299942016601562e+01 5.583399963378906250e+01 2.093000030517578125e+01
0.000000000000000000e+00 4.866071343421936035e-01 5.024399948120117188e+01 5.798400115966796875e+01 2.401099967956542969e+01
1.100000000000000000e+01 2.991071343421936035e-01 5.208700180053710938e+01 6.112300109863281250e+01 2.504199981689453125e+01
2.000000000000000000e+00 3.214285671710968018e-01 5.285200119018554688e+01 6.240800094604492188e+01 2.864200019836425781e+01
2.200000000000000000e+01 6.071428656578063965e-01 5.172499847412109375e+01 5.919599914550781250e+01 3.040200042724609375e+01
0.000000000000000000e+00 6.205357313156127930e-01 5.333599853515625000e+01 5.946900177001953125e+01 3.378900146484375000e+01
1.400000000000000000e+01 7.276785969734191895e-01 5.481299972534179688e+01 5.643500137329101562e+01 3.550099945068359375e+01
2.200000000000000000e+01 7.053571343421936035e-01 5.895800018310546875e+01 5.246599960327148438e+01 3.922999954223632812e+01
1.500000000000000000e+01 6.651785969734191895e-01 5.969300079345703125e+01 5.080300140380859375e+01 4.246400070190429688e+01
1.000000000000000000e+00 5.714285969734191895e-01 6.179299926757812500e+01 4.783800125122070312e+01 4.362699890136718750e+01
1.300000000000000000e+01 5.089285969734191895e-01 6.118899917602539062e+01 4.579499816894531250e+01 4.696400070190429688e+01
0.000000000000000000e+00 2.098214328289031982e-01 6.377999877929687500e+01 4.616199874877929688e+01 4.981000137329101562e+01
0.000000000000000000e+00 7.589285820722579956e-02 6.494400024414062500e+01 4.349599838256835938e+01 5.233200073242187500e+01
3.000000000000000000e+00 1.116071417927742004e-01 6.174800109863281250e+01 4.389599990844726562e+01 5.439099884033203125e+01
3.000000000000000000e+00 3.258928656578063965e-01 5.941299819946289062e+01 4.372399902343750000e+01 5.129000091552734375e+01
1.800000000000000000e+01 3.526785671710968018e-01 5.880899810791015625e+01 4.753699874877929688e+01 5.125699996948242188e+01
1.900000000000000000e+01 5.580357313156127930e-01 5.862200164794921875e+01 4.925199890136718750e+01 4.779100036621093750e+01
7.000000000000000000e+00 3.303571343421936035e-01 6.140299987792968750e+01 5.181000137329101562e+01 4.744900131225585938e+01
1.600000000000000000e+01 3.437500000000000000e-01 6.157400131225585938e+01 5.454700088500976562e+01 4.485100173950195312e+01
1.500000000000000000e+01 3.392857015132904053e-01 6.368799972534179688e+01 5.328900146484375000e+01 4.193700027465820312e+01
0.000000000000000000e+00 3.571428656578063965e-01 6.306800079345703125e+01 5.546300125122070312e+01 3.891099929809570312e+01
1.700000000000000000e+01 4.642857015132904053e-01 6.038299942016601562e+01 5.769800186157226562e+01 3.716099929809570312e+01
9.000000000000000000e+00 3.660714328289031982e-01 5.945800018310546875e+01 5.963399887084960938e+01 3.406600189208984375e+01
1.300000000000000000e+01 4.553571343421936035e-01 5.670000076293945312e+01 6.002500152587890625e+01 3.145000076293945312e+01
1.800000000000000000e+01 4.598214328289031982e-01 5.626499938964843750e+01 5.873500061035156250e+01 2.794700050354003906e+01
1.700000000000000000e+01 2.008928507566452026e-01 5.797200012207031250e+01 6.009500122070312500e+01 2.481200027465820312e+01
7.000000000000000000e+00 8.035714179277420044e-02 5.642300033569335938e+01 6.181299972534179688e+01 2.177400016784667969e+01
1.700000000000000000e+01 1.383928507566452026e-01 5.671500015258789062e+01 5.824499893188476562e+01 2.027499961853027344e+01
9.000000000000000000e+00 3.928571343421936035e-01 5.486899948120117188e+01 5.674300003051757812e+01 2.343400001525878906e+01
7.000000000000000000e+00 4.419642984867095947e-01 5.785200119018554688e+01 5.498199844360351562e+01 2.483699989318847656e+01
1.200000000000000000e+01 4.062500000000000000e-01 6.034400177001953125e+01 5.555099868774414062e+01 2.778199958801269531e+01
9.000000000000000000e+00 1.294642835855484009e-01 6.676200103759765625e+01 5.562799835205078125e+01 3.097400093078613281e+01
1.200000000000000000e+01 3.080357015132904053e-01 6.497899627685546875e+01 5.409199905395507812e+01 3.408800125122070312e+01
1.800000000000000000e+01 1.785714328289031982e-01 6.796600341796875000e+01 5.204800033569335938e+01 3.502799987792968750e+01
1.800000000000000000e+01 5.803571268916130066e-02 7.128900146484375000e+01 5.072800064086914062e+01 3.366299819946289062e+01
7.000000000000000000e+00 3.125000000000000000e-02 7.204100036621093750e+01 4.709299850463867188e+01 3.263999938964843750e+01
7.000000000000000000e+00 4.464285913854837418e-03 7.472499847412109375e+01 4.698799896240234375e+01 3.545800018310546875e+01
7.000000000000000000e+00 2.678571455180644989e-02 7.230799865722656250e+01 4.848899841308593750e+01 3.802099990844726562e+01
1.500000000000000000e+01 1.517857164144515991e-01 6.943399810791015625e+01 4.623600006103515625e+01 3.708499908447265625e+01
2.200000000000000000e+01 1.160714253783226013e-01 7.015799713134765625e+01 4.335800170898437500e+01 3.956399917602539062e+01
7.000000000000000000e+00 2.232142835855484009e-01 6.767500305175781250e+01 4.065800094604492188e+01 4.069599914550781250e+01
9.000000000000000000e+00 4.107142984867095947e-01 6.451799774169921875e+01 4.204199981689453125e+01 4.258599853515625000e+01
1.100000000000000000e+01 6.607142686843872070e-01 6.081100082397460938e+01 4.236500167846679688e+01 4.255500030517578125e+01
2.000000000000000000e+01 7.544642686843872070e-01 5.990900039672851562e+01 4.535300064086914062e+01 4.041099929809570312e+01
1.300000000000000000e+01 8.750000000000000000e-01 5.675199890136718750e+01 4.732199859619140625e+01 3.984199905395507812e+01
2.200000000000000000e+01 9.017857313156127930e-01 5.575199890136718750e+01 4.990599822998046875e+01 3.728699874877929688e+01
7.000000000000000000e+00 9.196428656578063965e-01 5.281600189208984375e+01 5.211700057983398438e+01 3.819300079345703125e+01
1.100000000000000000e+01 8.973214030265808105e-01 5.129899978637695312e+01 5.407199859619140625e+01 3.532600021362304688e+01
3.000000000000000000e+00 8.035714030265808105e-01 4.929600143432617188e+01 5.708000183105468750e+01 3.609099960327148438e+01
1.800000000000000000e+01 8.303571343421936035e-01 4.675699996948242188e+01 5.622299957275390625e+01 3.345399856567382812e+01
1.300000000000000000e+01 7.321428656578063965e-01 4.365700149536132812e+01 5.815299987792968750e+01 3.457500076293945312e+01
1.700000000000000000e+01 5.669642686843872070e-01 4.525999832153320312e+01 6.161399841308593750e+01 3.415100097656250000e+01
2.000000000000000000e+01 5.491071343421936035e-01 4.561100006103515625e+01 6.101100158691406250e+01 3.042600059509277344e+01
1.900000000000000000e+01 5.312500000000000000e-01 4.181399917602539062e+01 6.041199874877929688e+01 3.001499938964843750e+01
1.300000000000000000e+01 3.169642984867095947e-01 4.083200073242187500e+01 6.342800140380859375e+01 3.213000106811523438e+01
0.000000000000000000e+00 1.651785671710968018e-01 4.286899948120117188e+01 6.577999877929687500e+01 2.985199928283691406e+01
1.200000000000000000e+01 1.562500000000000000e-01 4.101599884033203125e+01 6.431999969482421875e+01 2.693600082397460938e+01
9.000000000000000000e+00 1.071428582072257996e-01 3.749700164794921875e+01 6.496700286865234375e+01 2.855500030517578125e+01
1.100000000000000000e+01 2.946428656578063965e-01 3.729399871826171875e+01 6.115499877929687500e+01 2.911700057983398438e+01
1.700000000000000000e+01 4.732142984867095947e-01 3.661700057983398438e+01 5.925500106811523438e+01 3.236700057983398438e+01
1.600000000000000000e+01 6.964285969734191895e-01 3.797600173950195312e+01 5.570399856567382812e+01 3.269900131225585938e+01
1.500000000000000000e+01 7.589285969734191895e-01 3.629800033569335938e+01 5.278799819946289062e+01 3.456700134277343750e+01
7.000000000000000000e+00 8.660714030265808105e-01 4.139599990844726562e+01 5.377899932861328125e+01 3.830400085449218750e+01
0.000000000000000000e+00 9.821428656578063965e-01 4.730400085449218750e+01 5.018799972534179688e+01 3.628200149536132812e+01
7.000000000000000000e+00 9.866071343421936035e-01 5.007899856567382812e+01 4.859600067138671875e+01 3.843700027465820312e+01
2.200000000000000000e+01 9.776785969734191895e-01 5.244900131225585938e+01 4.605599975585937500e+01 3.693899917602539062e+01
2.200000000000000000e+01 9.464285969734191895e-01 5.443099975585937500e+01 4.368299865722656250e+01 3.907899856567382812e+01
1.500000000000000000e+01 8.571428656578063965e-01 5.732600021362304688e+01 4.149100112915039062e+01 3.809899902343750000e+01
1.800000000000000000e+01 6.919642686843872070e-01 6.028200149536132812e+01 3.938000106811523438e+01 3.924599838256835938e+01
0.000000000000000000e+00 5.625000000000000000e-01 6.337300109863281250e+01 4.030699920654296875e+01 3.719499969482421875e+01
2.000000000000000000e+00 2.812500000000000000e-01 6.644300079345703125e+01 3.814300155639648438e+01 3.645899963378906250e+01
3.000000000000000000e+00 2.589285671710968018e-01 6.531600189208984375e+01 3.465900039672851562e+01 3.784500122070312500e+01
1.700000000000000000e+01 1.026785746216773987e-01 6.717400360107421875e+01 3.245700073242187500e+01 3.517499923706054688e+01
9.000000000000000000e+00 6.250000000000000000e-02 6.990200042724609375e+01 3.507400131225585938e+01 3.444200134277343750e+01
1.600000000000000000e+01 8.482142537832260132e-02 7.007299804687500000e+01 3.873699951171875000e+01 3.311700057983398438e+01
1.000000000000000000e+00 2.410714328289031982e-01 6.707800292968750000e+01 3.981800079345703125e+01 3.076300048828125000e+01
1.000000000000000000e+00 2.723214328289031982e-01 6.628299713134765625e+01 4.285100173950195312e+01 2.855900001525878906e+01
2.000000000000000000e+01 5.401785969734191895e-01 6.258800125122070312e+01 4.355699920654296875e+01 2.884199905395507812e+01
1.800000000000000000e+01 6.294642686843872070e-01 5.997000122070312500e+01 4.558200073242187500e+01 2.679800033569335938e+01
1.100000000000000000e+01 8.125000000000000000e-01 5.655199813842773438e+01 4.618799972534179688e+01 2.844700050354003906e+01
0.000000000000000000e+00 8.080357313156127930e-01 5.375099945068359375e+01 4.764500045776367188e+01 2.617399978637695312e+01
0.000000000000000000e+00 9.107142686843872070e-01 5.045100021362304688e+01 4.873500061035156250e+01 2.762400054931640625e+01
1.200000000000000000e+01 8.437500000000000000e-01 4.715900039672851562e+01 4.940000152587890625e+01 2.576499938964843750e+01
1.200000000000000000e+01 8.392857313156127930e-01 4.476300048828125000e+01 5.183700180053710938e+01 2.741900062561035156e+01
1.700000000000000000e+01 7.633928656578063965e-01 4.098799896240234375e+01 5.182300186157226562e+01 2.683699989318847656e+01
1.600000000000000000e+01 7.187500000000000000e-01 3.823400115966796875e+01 5.332500076293945312e+01 2.919300079345703125e+01
2.000000000000000000e+01 7.678571343421936035e-01 3.669200134277343750e+01 4.993199920654296875e+01 3.009300041198730469e+01
1.700000000000000000e+01 8.705357313156127930e-01 3.956900024414062500e+01 4.757400131225585938e+01 2.909600067138671875e+01
2.000000000000000000e+01 9.598214030265808105e-01 4.332899856567382812e+01 4.715299987792968750e+01 2.962800025939941406e+01
1.700000000000000000e+01 9.419642686843872070e-01 4.599900054931640625e+01 4.501399993896484375e+01 2.816600036621093750e+01
1.800000000000000000e+01 9.642857313156127930e-01 4.967100143432617188e+01 4.502799987792968750e+01 2.917799949645996094e+01
1.800000000000000000e+01 8.839285969734191895e-01 5.211199951171875000e+01 4.276599884033203125e+01 2.722500038146972656e+01
0.000000000000000000e+00 7.946428656578063965e-01 5.588100051879882812e+01 4.208300018310546875e+01 2.747500038146972656e+01
2.200000000000000000e+01 5.937500000000000000e-01 5.884099960327148438e+01 4.059799957275390625e+01 2.567300033569335938e+01
2.200000000000000000e+01 4.910714328289031982e-01 6.158000183105468750e+01 3.856100082397460938e+01 2.750799942016601562e+01
1.800000000000000000e+01 2.276785671710968018e-01 6.489399719238281250e+01 3.924100112915039062e+01 2.549799919128417969e+01
2.000000000000000000e+00 6.696428358554840088e-02 6.843800354003906250e+01 3.783700180053710938e+01 2.565800094604492188e+01
1.600000000000000000e+01 1.339285727590322495e-02 7.146900177001953125e+01 4.025199890136718750e+01 2.625799942016601562e+01
