5.000000000000000000e+00 1.116071417927742004e-01 2.583499908447265625e+01 3.852399826049804688e+01 4.256200027465820312e+01
1.600000000000000000e+01 2.455357164144515991e-01 2.717600059509277344e+01 4.215000152587890625e+01 4.207799911499023438e+01
1.200000000000000000e+01 5.089285969734191895e-01 3.078700065612792969e+01 4.120800018310546875e+01 4.145199966430664062e+01
1.400000000000000000e+01 5.401785969734191895e-01 3.147500038146972656e+01 3.864400100708007812e+01 3.860900115966796875e+01
2.200000000000000000e+01 7.053571343421936035e-01 3.506700134277343750e+01 3.775299835205078125e+01 3.764400100708007812e+01
1.300000000000000000e+01 6.785714030265808105e-01 3.577000045776367188e+01 3.555699920654296875e+01 3.450999832153320312e+01
2.200000000000000000e+01 7.410714030265808105e-01 3.926699829101562500e+01 3.434899902343750000e+01 3.391699981689453125e+01
1.200000000000000000e+01 6.741071343421936035e-01 4.044699859619140625e+01 3.295700073242187500e+01 3.050300025939941406e+01
3.000000000000000000e+00 6.250000000000000000e-01 4.365800094604492188e+01 3.129100036621093750e+01 2.915299987792968750e+01
0.000000000000000000e+00 6.071428656578063965e-01 4.535300064086914062e+01 3.281600189208984375e+01 2.590699958801269531e+01
2.200000000000000000e+01 3.750000000000000000e-01 4.745399856567382812e+01 2.984600067138671875e+01 2.505900001525878906e+01
1.000000000000000000e+00 2.321428507566452026e-01 4.504100036621093750e+01 2.710400009155273438e+01 2.520100021362304688e+01
9.000000000000000000e+00 2.991071343421936035e-01 4.214300155639648438e+01 2.958300018310546875e+01 2.434399986267089844e+01
1.700000000000000000e+01 2.857142984867095947e-01 3.952700042724609375e+01 2.853700065612792969e+01 2.682600021362304688e+01
1.600000000000000000e+01 3.571428656578063965e-01 3.831000137329101562e+01 2.928499984741210938e+01 3.036400032043457031e+01
0.000000000000000000e+00 5.178571343421936035e-01 4.102000045776367188e+01 2.917300033569335938e+01 3.310599899291992188e+01
1.100000000000000000e+01 3.258928656578063965e-01 4.027199935913085938e+01 2.665900039672851562e+01 3.585800170898437500e+01
2.000000000000000000e+00 3.482142984867095947e-01 4.147600173950195312e+01 2.687899971008300781e+01 3.942100143432617188e+01
2.200000000000000000e+01 6.383928656578063965e-01 4.274599838256835938e+01 3.050900077819824219e+01 3.922700119018554688e+01
0.000000000000000000e+00 6.517857313156127930e-01 4.279700088500976562e+01 3.191399955749511719e+01 4.280599975585937500e+01
1.400000000000000000e+01 7.589285969734191895e-01 4.219800186157226562e+01 3.556000137329101562e+01 4.360100173950195312e+01
2.200000000000000000e+01 7.187500000000000000e-01 3.913600158691406250e+01 4.060100173950195312e+01 4.670100021362304688e+01
1.500000000000000000e+01 6.830357313156127930e-01 3.967100143432617188e+01 4.366899871826171875e+01 4.893600082397460938e+01
1.000000000000000000e+00 5.580357313156127930e-01 3.761800003051757812e+01 4.674700164794921875e+01 5.000899887084960938e+01
1.300000000000000000e+01 5.223214030265808105e-01 3.938199996948242188e+01 5.010900115966796875e+01 5.086299896240234375e+01
0.000000000000000000e+00 2.366071492433547974e-01 3.837599945068359375e+01 5.136100006103515625e+01 5.440999984741210938e+01
0.000000000000000000e+00 8.482142537832260132e-02 3.788899993896484375e+01 5.480899810791015625e+01 5.599200057983398438e+01
3.000000000000000000e+00 7.589285820722579956e-02 4.137099838256835938e+01 5.478099822998046875e+01 5.745600128173828125e+01
3.000000000000000000e+00 2.946428656578063965e-01 4.219599914550781250e+01 5.393000030517578125e+01 5.381499862670898438e+01
1.800000000000000000e+01 3.080357015132904053e-01 4.306499862670898438e+01 5.026699829101562500e+01 5.490000152587890625e+01
1.900000000000000000e+01 5.312500000000000000e-01 4.245500183105468750e+01 4.722499847412109375e+01 5.265299987792968750e+01
7.000000000000000000e+00 3.437500000000000000e-01 3.988800048828125000e+01 4.489199829101562500e+01 5.423899841308593750e+01
1.600000000000000000e+01 4.285714328289031982e-01 4.008599853515625000e+01 4.130699920654296875e+01 5.297900009155273438e+01
1.500000000000000000e+01 3.705357015132904053e-01 3.666500091552734375e+01 4.142100143432617188e+01 5.146099853515625000e+01
0.000000000000000000e+00 4.062500000000000000e-01 3.644200134277343750e+01 3.805099868774414062e+01 4.971200180053710938e+01
1.700000000000000000e+01 4.642857015132904053e-01 3.840800094604492188e+01 3.498699951171875000e+01 4.852700042724609375e+01
9.000000000000000000e+00 3.973214328289031982e-01 3.777299880981445312e+01 3.224900054931640625e+01 4.591699981689453125e+01
1.300000000000000000e+01 4.866071343421936035e-01 3.920899963378906250e+01 3.046100044250488281e+01 4.295800018310546875e+01
1.800000000000000000e+01 4.687500000000000000e-01 3.772800064086914062e+01 2.991099929809570312e+01 3.939400100708007812e+01
1.700000000000000000e+01 2.142857164144515991e-01 3.519800186157226562e+01 2.727899932861328125e+01 3.825899887084960938e+01
7.000000000000000000e+00 9.375000000000000000e-02 3.508399963378906250e+01 2.482399940490722656e+01 3.524300003051757812e+01
1.700000000000000000e+01 1.517857164144515991e-01 3.341199874877929688e+01 2.771400070190429688e+01 3.330799865722656250e+01
9.000000000000000000e+00 4.375000000000000000e-01 3.627500152587890625e+01 3.022400093078613281e+01 3.438100051879882812e+01
7.000000000000000000e+00 4.419642984867095947e-01 3.379800033569335938e+01 3.233300018310546875e+01 3.635599899291992188e+01
1.200000000000000000e+01 4.598214328289031982e-01 3.432099914550781250e+01 3.280300140380859375e+01 4.006100082397460938e+01
9.000000000000000000e+00 1.383928507566452026e-01 2.970800018310546875e+01 3.384299850463867188e+01 4.504800033569335938e+01
1.200000000000000000e+01 3.125000000000000000e-01 3.197400093078613281e+01 3.673300170898437500e+01 4.572100067138671875e+01
1.800000000000000000e+01 1.785714328289031982e-01 2.945999908447265625e+01 3.904600143432617188e+01 4.752999877929687500e+01
1.800000000000000000e+01 5.803571268916130066e-02 2.577199935913085938e+01 3.969499969482421875e+01 4.795899963378906250e+01
7.000000000000000000e+00 1.785714365541934967e-02 2.367900085449218750e+01 4.270999908447265625e+01 4.715000152587890625e+01
7.000000000000000000e+00 0.000000000000000000e+00 2.318899917602539062e+01 4.354000091552734375e+01 5.084600067138671875e+01
7.000000000000000000e+00 2.678571455180644989e-02 2.697400093078613281e+01 4.327399826049804688e+01 5.173400115966796875e+01
1.500000000000000000e+01 1.294642835855484009e-01 2.815600013732910156e+01 4.518600082397460938e+01 4.852999877929687500e+01
2.200000000000000000e+01 1.205357164144515991e-01 2.847599983215332031e+01 4.895000076293945312e+01 4.930199813842773438e+01
7.000000000000000000e+00 1.875000000000000000e-01 2.976499938964843750e+01 5.200999832153320312e+01 4.744599914550781250e+01
9.000000000000000000e+00 3.660714328289031982e-01 3.352299880981445312e+01 5.238100051879882812e+01 4.710400009155273438e+01
1.100000000000000000e+01 6.473214030265808105e-01 3.706700134277343750e+01 5.140900039672851562e+01 4.601900100708007812e+01
2.000000000000000000e+01 7.366071343421936035e-01 3.751599884033203125e+01 4.775799942016601562e+01 4.533700180053710938e+01
1.300000000000000000e+01 8.750000000000000000e-01 4.068700027465820312e+01 4.571799850463867188e+01 4.453900146484375000e+01
2.200000000000000000e+01 9.107142686843872070e-01 4.086399841308593750e+01 4.225400161743164062e+01 4.298699951171875000e+01
7.000000000000000000e+00 9.285714030265808105e-01 4.419400024414062500e+01 4.048500061035156250e+01 4.351200103759765625e+01
1.100000000000000000e+01 9.241071343421936035e-01 4.466600036621093750e+01 3.759600067138671875e+01 4.093500137329101562e+01
3.000000000000000000e+00 8.348214030265808105e-01 4.742499923706054688e+01 3.490100097656250000e+01 4.119800186157226562e+01
1.800000000000000000e+01 8.705357313156127930e-01 4.811500167846679688e+01 3.446799850463867188e+01 3.757500076293945312e+01
1.300000000000000000e+01 7.901785969734191895e-01 5.166799926757812500e+01 3.327500152587890625e+01 3.809999847412109375e+01
1.700000000000000000e+01 6.294642686843872070e-01 5.066400146484375000e+01 3.013800048828125000e+01 4.004299926757812500e+01
2.000000000000000000e+01 5.937500000000000000e-01 4.860900115966796875e+01 2.886300086975097656e+01 3.714699935913085938e+01
1.900000000000000000e+01 5.714285969734191895e-01 5.152199935913085938e+01 2.912800025939941406e+01 3.456100082397460938e+01
1.300000000000000000e+01 4.241071343421936035e-01 5.420800018310546875e+01 2.783300018310546875e+01 3.699800109863281250e+01
0.000000000000000000e+00 2.500000000000000000e-01 5.221699905395507812e+01 2.464100074768066406e+01 3.747600173950195312e+01
1.200000000000000000e+01 1.741071492433547974e-01 5.210599899291992188e+01 2.386199951171875000e+01 3.361500167846679688e+01
9.000000000000000000e+00 1.428571492433547974e-01 5.584500122070312500e+01 2.458699989318847656e+01 3.309000015258789062e+01
1.100000000000000000e+01 3.348214328289031982e-01 5.550999832153320312e+01 2.797400093078613281e+01 3.160300064086914062e+01
1.700000000000000000e+01 4.955357015132904053e-01 5.758000183105468750e+01 3.068700027465820312e+01 3.353499984741210938e+01
1.600000000000000000e+01 7.098214030265808105e-01 5.549800109863281250e+01 3.388399887084960938e+01 3.359899902343750000e+01
1.500000000000000000e+01 8.125000000000000000e-01 5.671200180053710938e+01 3.758900070190429688e+01 3.333599853515625000e+01
7.000000000000000000e+00 9.062500000000000000e-01 5.368500137329101562e+01 3.809500122070312500e+01 3.926900100708007812e+01
0.000000000000000000e+00 9.910714030265808105e-01 4.717699813842773438e+01 4.073799896240234375e+01 3.791299819946289062e+01
7.000000000000000000e+00 9.866071343421936035e-01 4.571099853515625000e+01 4.341600036621093750e+01 4.038800048828125000e+01
2.200000000000000000e+01 9.776785969734191895e-01 4.278200149536132812e+01 4.561600112915039062e+01 3.927000045776367188e+01
2.200000000000000000e+01 9.464285969734191895e-01 4.154600143432617188e+01 4.868500137329101562e+01 4.116899871826171875e+01
1.500000000000000000e+01 8.482142686843872070e-01 3.817900085449218750e+01 5.011299896240234375e+01 4.046099853515625000e+01
1.800000000000000000e+01 6.651785969734191895e-01 3.506299972534179688e+01 5.195899963378906250e+01 4.194400024414062500e+01
0.000000000000000000e+00 5.133928656578063965e-01 3.167799949645996094e+01 5.029999923706054688e+01 4.277600097656250000e+01
2.000000000000000000e+00 2.410714328289031982e-01 2.825099945068359375e+01 5.198799896240234375e+01 4.260599899291992188e+01
3.000000000000000000e+00 2.008928507566452026e-01 2.867600059509277344e+01 5.522200012207031250e+01 4.082199859619140625e+01
1.700000000000000000e+01 4.017857089638710022e-02 2.545800018310546875e+01 5.718099975585937500e+01 4.038800048828125000e+01
9.000000000000000000e+00 1.339285727590322495e-02 2.349799919128417969e+01 5.425600051879882812e+01 4.217100143432617188e+01
1.600000000000000000e+01 4.910714179277420044e-02 2.339599990844726562e+01 5.050000000000000000e+01 4.203099822998046875e+01
1.000000000000000000e+00 1.651785671710968018e-01 2.568899917602539062e+01 4.885800170898437500e+01 3.951300048828125000e+01
1.000000000000000000e+00 2.812500000000000000e-01 2.664399909973144531e+01 4.518999862670898438e+01 3.867800140380859375e+01
2.000000000000000000e+01 5.446428656578063965e-01 3.012100028991699219e+01 4.453799819946289062e+01 3.744300079345703125e+01
1.800000000000000000e+01 6.026785969734191895e-01 3.146699905395507812e+01 4.170999908447265625e+01 3.512300109863281250e+01
1.100000000000000000e+01 8.080357313156127930e-01 3.531999969482421875e+01 4.136700057983398438e+01 3.479399871826171875e+01
0.000000000000000000e+00 7.767857313156127930e-01 3.663600158691406250e+01 3.930500030517578125e+01 3.183499908447265625e+01
0.000000000000000000e+00 8.839285969734191895e-01 4.043500137329101562e+01 3.876800155639648438e+01 3.217599868774414062e+01
1.200000000000000000e+01 8.437500000000000000e-01 4.274499893188476562e+01 3.722900009155273438e+01 2.956100082397460938e+01
1.200000000000000000e+01 8.616071343421936035e-01 4.583200073242187500e+01 3.556600189208984375e+01 3.115999984741210938e+01
1.700000000000000000e+01 8.169642686843872070e-01 4.929199981689453125e+01 3.491899871826171875e+01 2.958499908447265625e+01
1.600000000000000000e+01 7.321428656578063965e-01 5.290900039672851562e+01 3.396200180053710938e+01 3.070800018310546875e+01
2.000000000000000000e+01 7.946428656578063965e-01 5.398099899291992188e+01 3.715900039672851562e+01 2.884799957275390625e+01
1.700000000000000000e+01 8.928571343421936035e-01 5.079199981689453125e+01 3.935200119018554688e+01 2.871999931335449219e+01
2.000000000000000000e+01 9.642857313156127930e-01 4.750299835205078125e+01 4.014300155639648438e+01 3.037599945068359375e+01
1.700000000000000000e+01 9.553571343421936035e-01 4.433100128173828125e+01 4.196099853515625000e+01 2.939999961853027344e+01
1.800000000000000000e+01 9.687500000000000000e-01 4.139799880981445312e+01 4.313000106811523438e+01 3.170199966430664062e+01
1.800000000000000000e+01 8.660714030265808105e-01 3.794499969482421875e+01 4.437799835205078125e+01 3.062000083923339844e+01
0.000000000000000000e+00 8.035714030265808105e-01 3.507799911499023438e+01 4.546099853515625000e+01 3.289300155639648438e+01
2.200000000000000000e+01 5.982142686843872070e-01 3.152400016784667969e+01 4.562799835205078125e+01 3.186100006103515625e+01
2.200000000000000000e+01 4.732142984867095947e-01 2.936499977111816406e+01 4.779499816894531250e+01 3.403499984741210938e+01
1.800000000000000000e+01 1.919642835855484009e-01 2.563199996948242188e+01 4.740100097656250000e+01 3.412400054931640625e+01
2.000000000000000000e+00 6.250000000000000000e-02 2.250099945068359375e+01 4.875400161743164062e+01 3.568799972534179688e+01
1.600000000000000000e+01 8.928571827709674835e-03 2.004000091552734375e+01 4.627899932861328125e+01 3.716299819946289062e+01
5.000000000000000000e+00 1.071428582072257996e-01 6.839499664306640625e+01 4.982099914550781250e+01 2.756800079345703125e+01
1.600000000000000000e+01 2.276785671710968018e-01 6.759999847412109375e+01 4.779499816894531250e+01 3.082200050354003906e+01
1.200000000000000000e+01 5.044642686843872070e-01 6.396200180053710938e+01 4.882400131225585938e+01 3.143499946594238281e+01
1.400000000000000000e+01 5.267857313156127930e-01 6.185100173950195312e+01 5.062900161743164062e+01 2.868799972534179688e+01
2.200000000000000000e+01 7.008928656578063965e-01 5.816199874877929688e+01 5.112400054931640625e+01 2.898200035095214844e+01
1.300000000000000000e+01 6.696428656578063965e-01 5.585200119018554688e+01 5.220800018310546875e+01 2.609600067138671875e+01
2.200000000000000000e+01 7.276785969734191895e-01 5.214099884033203125e+01 5.335900115966796875e+01 2.632699966430664062e+01
1.200000000000000000e+01 6.562500000000000000e-01 4.967200088500976562e+01 5.321500015258789062e+01 2.341300010681152344e+01
3.000000000000000000e+00 5.848214030265808105e-01 4.618700027465820312e+01 5.470399856567382812e+01 2.290200042724609375e+01
0.000000000000000000e+00 5.625000000000000000e-01 4.357600021362304688e+01 5.243000030517578125e+01 2.140399932861328125e+01
2.200000000000000000e+01 3.526785671710968018e-01 4.101699829101562500e+01 5.531200027465820312e+01 2.129199981689453125e+01
1.000000000000000000e+00 2.187500000000000000e-01 4.315499877929687500e+01 5.730199813842773438e+01 1.883300018310546875e+01
9.000000000000000000e+00 2.544642984867095947e-01 4.533000183105468750e+01 5.438499832153320312e+01 1.734300041198730469e+01
1.700000000000000000e+01 2.232142835855484009e-01 4.820299911499023438e+01 5.660200119018554688e+01 1.833200073242187500e+01
1.600000000000000000e+01 3.303571343421936035e-01 5.106299972534179688e+01 5.687599945068359375e+01 2.092300033569335938e+01
0.000000000000000000e+00 5.000000000000000000e-01 5.030199813842773438e+01 5.823600006103515625e+01 2.442000007629394531e+01
1.100000000000000000e+01 3.035714328289031982e-01 5.222700119018554688e+01 6.130699920654296875e+01 2.550399971008300781e+01
2.000000000000000000e+00 3.392857015132904053e-01 5.327299880981445312e+01 6.222800064086914062e+01 2.906699943542480469e+01
2.200000000000000000e+01 6.339285969734191895e-01 5.146599960327148438e+01 5.932099914550781250e+01 3.078100013732910156e+01
0.000000000000000000e+00 6.428571343421936035e-01 5.321699905395507812e+01 5.926800155639648438e+01 3.400999832153320312e+01
1.400000000000000000e+01 7.633928656578063965e-01 5.427299880981445312e+01 5.610800170898437500e+01 3.575899887084960938e+01
2.200000000000000000e+01 7.232142686843872070e-01 5.871300125122070312e+01 5.249399948120117188e+01 3.920299911499023438e+01
1.500000000000000000e+01 6.964285969734191895e-01 5.900899887084960938e+01 5.057300186157226562e+01 4.247000122070312500e+01
1.000000000000000000e+00 6.205357313156127930e-01 6.110400009155273438e+01 4.777799987792968750e+01 4.366799926757812500e+01
1.300000000000000000e+01 5.535714030265808105e-01 6.078699874877929688e+01 4.519800186157226562e+01 4.647900009155273438e+01
0.000000000000000000e+00 2.723214328289031982e-01 6.327899932861328125e+01 4.608200073242187500e+01 4.933900070190429688e+01
0.000000000000000000e+00 8.928571641445159912e-02 6.512000274658203125e+01 4.360100173950195312e+01 5.174399948120117188e+01
3.000000000000000000e+00 1.026785746216773987e-01 6.211399841308593750e+01 4.305500030517578125e+01 5.419200134277343750e+01
3.000000000000000000e+00 3.214285671710968018e-01 6.006000137329101562e+01 4.254399871826171875e+01 5.094900131225585938e+01
1.800000000000000000e+01 3.883928656578063965e-01 5.838199996948242188e+01 4.605699920654296875e+01 5.124900054931640625e+01
1.900000000000000000e+01 6.160714030265808105e-01 5.761500167846679688e+01 4.817499923706054688e+01 4.805199813842773438e+01
7.000000000000000000e+00 4.553571343421936035e-01 6.035599899291992188e+01 5.090399932861328125e+01 4.775699996948242188e+01
1.600000000000000000e+01 4.821428656578063965e-01 6.025899887084960938e+01 5.373899841308593750e+01 4.517499923706054688e+01
1.500000000000000000e+01 4.151785671710968018e-01 6.296799850463867188e+01 5.295899963378906250e+01 4.243399810791015625e+01
0.000000000000000000e+00 3.928571343421936035e-01 6.230199813842773438e+01 5.567200088500976562e+01 3.977500152587890625e+01
1.700000000000000000e+01 4.776785671710968018e-01 5.979999923706054688e+01 5.795199966430664062e+01 3.819699859619140625e+01
9.000000000000000000e+00 4.464285671710968018e-01 5.895100021362304688e+01 5.937699890136718750e+01 3.466199874877929688e+01
1.300000000000000000e+01 4.910714328289031982e-01 5.646099853515625000e+01 5.989099884033203125e+01 3.182500076293945312e+01
1.800000000000000000e+01 4.017857015132904053e-01 5.638499832153320312e+01 5.914199829101562500e+01 2.793199920654296875e+01
1.700000000000000000e+01 1.696428507566452026e-01 5.779499816894531250e+01 6.085100173950195312e+01 2.481299972534179688e+01
7.000000000000000000e+00 9.821428358554840088e-02 5.563899993896484375e+01 6.173199844360351562e+01 2.164900016784667969e+01
1.700000000000000000e+01 1.473214328289031982e-01 5.637200164794921875e+01 5.821200180053710938e+01 2.047999954223632812e+01
9.000000000000000000e+00 4.196428656578063965e-01 5.484199905395507812e+01 5.669100189208984375e+01 2.370899963378906250e+01
7.000000000000000000e+00 3.794642984867095947e-01 5.824499893188476562e+01 5.560100173950195312e+01 2.505100059509277344e+01
1.200000000000000000e+01 4.508928656578063965e-01 5.991199874877929688e+01 5.607600021362304688e+01 2.850499916076660156e+01
9.000000000000000000e+00 1.339285671710968018e-01 6.573899841308593750e+01 5.741699981689453125e+01 3.182399940490722656e+01
1.200000000000000000e+01 3.169642984867095947e-01 6.423300170898437500e+01 5.513199996948242188e+01 3.468799972534179688e+01
1.800000000000000000e+01 1.830357164144515991e-01 6.753600311279296875e+01 5.330599975585937500e+01 3.555699920654296875e+01
1.800000000000000000e+01 5.357142910361289978e-02 7.119599914550781250e+01 5.235499954223632812e+01 3.465900039672851562e+01
7.000000000000000000e+00 4.464285820722579956e-02 7.215399932861328125e+01 4.873300170898437500e+01 3.446699905395507812e+01
7.000000000000000000e+00 4.464285913854837418e-03 7.419100189208984375e+01 4.888999938964843750e+01 3.782500076293945312e+01
7.000000000000000000e+00 7.142857462167739868e-02 7.095400238037109375e+01 4.959199905395507812e+01 3.969400024414062500e+01
1.500000000000000000e+01 2.053571492433547974e-01 6.868000030517578125e+01 4.736199951171875000e+01 3.767100143432617188e+01
2.200000000000000000e+01 1.250000000000000000e-01 6.967500305175781250e+01 4.439799880981445312e+01 3.986999893188476562e+01
7.000000000000000000e+00 2.098214328289031982e-01 6.799500274658203125e+01 4.108499908447265625e+01 4.063499832153320312e+01
9.000000000000000000e+00 3.616071343421936035e-01 6.475199890136718750e+01 4.155699920654296875e+01 4.274800109863281250e+01
1.100000000000000000e+01 6.607142686843872070e-01 6.088700103759765625e+01 4.191799926757812500e+01 4.222299957275390625e+01
2.000000000000000000e+01 7.544642686843872070e-01 5.970999908447265625e+01 4.521300125122070312e+01 4.072299957275390625e+01
1.300000000000000000e+01 8.883928656578063965e-01 5.659099960327148438e+01 4.697200012207031250e+01 3.947700119018554688e+01
2.200000000000000000e+01 9.151785969734191895e-01 5.553699874877929688e+01 4.986800003051757812e+01 3.729600143432617188e+01
7.000000000000000000e+00 9.375000000000000000e-01 5.233900070190429688e+01 5.171599960327148438e+01 3.809700012207031250e+01
1.100000000000000000e+01 9.196428656578063965e-01 5.089300155639648438e+01 5.362099838256835938e+01 3.507799911499023438e+01
3.000000000000000000e+00 8.392857313156127930e-01 4.843799972534179688e+01 5.634700012207031250e+01 3.603099822998046875e+01
1.800000000000000000e+01 8.303571343421936035e-01 4.573799896240234375e+01 5.602500152587890625e+01 3.330899810791015625e+01
1.300000000000000000e+01 7.500000000000000000e-01 4.297200012207031250e+01 5.771900177001953125e+01 3.536000061035156250e+01
1.700000000000000000e+01 6.116071343421936035e-01 4.493399810791015625e+01 6.096699905395507812e+01 3.492100143432617188e+01
2.000000000000000000e+01 5.892857313156127930e-01 4.521400070190429688e+01 6.051900100708007812e+01 3.119099998474121094e+01
1.900000000000000000e+01 5.669642686843872070e-01 4.150400161743164062e+01 5.972100067138671875e+01 3.049399948120117188e+01
1.300000000000000000e+01 3.839285671710968018e-01 4.048300170898437500e+01 6.237200164794921875e+01 3.305300140380859375e+01
0.000000000000000000e+00 2.633928656578063965e-01 4.250500106811523438e+01 6.487799835205078125e+01 3.092900085449218750e+01
1.200000000000000000e+01 1.964285671710968018e-01 4.062099838256835938e+01 6.397700119018554688e+01 2.770800018310546875e+01
9.000000000000000000e+00 1.160714253783226013e-01 3.692599868774414062e+01 6.453600311279296875e+01 2.873800086975097656e+01
1.100000000000000000e+01 2.901785671710968018e-01 3.643899917602539062e+01 6.083900070190429688e+01 2.901099967956542969e+01
1.700000000000000000e+01 4.107142984867095947e-01 3.532600021362304688e+01 5.892599868774414062e+01 3.222499847412109375e+01
1.600000000000000000e+01 6.919642686843872070e-01 3.809099960327148438e+01 5.624499893188476562e+01 3.305199813842773438e+01
1.500000000000000000e+01 7.678571343421936035e-01 3.701900100708007812e+01 5.296300125122070312e+01 3.474100112915039062e+01
7.000000000000000000e+00 9.017857313156127930e-01 4.255599975585937500e+01 5.371099853515625000e+01 3.854700088500976562e+01
0.000000000000000000e+00 9.821428656578063965e-01 4.733399963378906250e+01 4.987500000000000000e+01 3.471799850463867188e+01
7.000000000000000000e+00 9.955357313156127930e-01 4.998300170898437500e+01 4.788499832153320312e+01 3.661199951171875000e+01
2.200000000000000000e+01 9.732142686843872070e-01 5.275999832153320312e+01 4.554399871826171875e+01 3.577099990844726562e+01
2.200000000000000000e+01 9.598214030265808105e-01 5.444400024414062500e+01 4.348099899291992188e+01 3.856000137329101562e+01
1.500000000000000000e+01 8.571428656578063965e-01 5.752099990844726562e+01 4.144300079345703125e+01 3.761000061035156250e+01
1.800000000000000000e+01 6.875000000000000000e-01 6.077399826049804688e+01 3.968399810791015625e+01 3.869200134277343750e+01
0.000000000000000000e+00 5.491071343421936035e-01 6.380799865722656250e+01 4.100500106811523438e+01 3.684799957275390625e+01
2.000000000000000000e+00 2.767857015132904053e-01 6.722499847412109375e+01 3.954999923706054688e+01 3.569400024414062500e+01
3.000000000000000000e+00 2.589285671710968018e-01 6.621299743652343750e+01 3.603499984741210938e+01 3.678499984741210938e+01
1.700000000000000000e+01 8.035714179277420044e-02 6.830400085449218750e+01 3.369900131225585938e+01 3.469699859619140625e+01
9.000000000000000000e+00 3.125000000000000000e-02 7.103099822998046875e+01 3.652299880981445312e+01 3.472499847412109375e+01
1.600000000000000000e+01 6.696428358554840088e-02 7.104199981689453125e+01 4.017300033569335938e+01 3.359099960327148438e+01
1.000000000000000000e+00 1.607142835855484009e-01 6.847599792480468750e+01 4.097600173950195312e+01 3.091200065612792969e+01
1.000000000000000000e+00 2.678571343421936035e-01 6.686100006103515625e+01 4.388700103759765625e+01 2.920800018310546875e+01
2.000000000000000000e+01 5.357142686843872070e-01 6.309799957275390625e+01 4.439199829101562500e+01 2.942399978637695312e+01
1.800000000000000000e+01 5.758928656578063965e-01 6.086999893188476562e+01 4.629700088500976562e+01 2.685300064086914062e+01
1.100000000000000000e+01 7.723214030265808105e-01 5.720100021362304688e+01 4.659899902343750000e+01 2.812299919128417969e+01
0.000000000000000000e+00 7.812500000000000000e-01 5.433100128173828125e+01 4.767599868774414062e+01 2.582999992370605469e+01
0.000000000000000000e+00 8.794642686843872070e-01 5.089799880981445312e+01 4.859400177001953125e+01 2.707999992370605469e+01
1.200000000000000000e+01 8.214285969734191895e-01 4.767399978637695312e+01 4.915200042724609375e+01 2.510300064086914062e+01
1.200000000000000000e+01 8.258928656578063965e-01 4.517499923706054688e+01 5.142699813842773438e+01 2.692900085449218750e+01
1.700000000000000000e+01 7.455357313156127930e-01 4.140800094604492188e+01 5.213899993896484375e+01 2.640399932861328125e+01
1.600000000000000000e+01 7.142857313156127930e-01 3.876200103759765625e+01 5.358100128173828125e+01 2.882099914550781250e+01
2.000000000000000000e+01 7.991071343421936035e-01 3.723899841308593750e+01 5.037599945068359375e+01 3.033399963378906250e+01
1.700000000000000000e+01 8.973214030265808105e-01 4.020399856567382812e+01 4.812699890136718750e+01 2.963699913024902344e+01
2.000000000000000000e+01 9.508928656578063965e-01 4.396200180053710938e+01 4.780599975585937500e+01 2.922299957275390625e+01
1.700000000000000000e+01 9.330357313156127930e-01 4.597600173950195312e+01 4.506100082397460938e+01 2.730100059509277344e+01
1.800000000000000000e+01 9.419642686843872070e-01 4.971500015258789062e+01 4.480599975585937500e+01 2.810099983215332031e+01
1.800000000000000000e+01 8.526785969734191895e-01 5.260300064086914062e+01 4.274000167846679688e+01 2.674099922180175781e+01
0.000000000000000000e+00 7.857142686843872070e-01 5.627000045776367188e+01 4.258399963378906250e+01 2.746699905395507812e+01
2.200000000000000000e+01 5.803571343421936035e-01 5.954899978637695312e+01 4.125699996948242188e+01 2.596199989318847656e+01
2.200000000000000000e+01 4.330357015132904053e-01 6.287900161743164062e+01 4.028599929809570312e+01 2.741399955749511719e+01
1.800000000000000000e+01 1.562500000000000000e-01 6.623799896240234375e+01 4.020100021362304688e+01 2.560899925231933594e+01
2.000000000000000000e+00 3.571428731083869934e-02 6.996600341796875000e+01 3.981700134277343750e+01 2.633200073242187500e+01
1.600000000000000000e+01 2.232142910361289978e-02 7.150900268554687500e+01 4.306900024414062500e+01 2.742000007629394531e+01
