5.000000000000000000e+00 1.250000000000000000e-01 2.612500000000000000e+01 3.828599929809570312e+01 4.165800094604492188e+01
1.600000000000000000e+01 2.366071492433547974e-01 2.708900070190429688e+01 4.203300094604492188e+01 4.151599884033203125e+01
1.200000000000000000e+01 5.223214030265808105e-01 3.085000038146972656e+01 4.120399856567382812e+01 4.111700057983398438e+01
1.400000000000000000e+01 5.357142686843872070e-01 3.147100067138671875e+01 3.855199813842773438e+01 3.842499923706054688e+01
2.200000000000000000e+01 7.008928656578063965e-01 3.500099945068359375e+01 3.758599853515625000e+01 3.757500076293945312e+01
1.300000000000000000e+01 6.741071343421936035e-01 3.575199890136718750e+01 3.527500152587890625e+01 3.457600021362304688e+01
2.200000000000000000e+01 7.142857313156127930e-01 3.915800094604492188e+01 3.383100128173828125e+01 3.365000152587890625e+01
1.200000000000000000e+01 6.473214030265808105e-01 4.020500183105468750e+01 3.256700134277343750e+01 3.023699951171875000e+01
3.000000000000000000e+00 6.116071343421936035e-01 4.354199981689453125e+01 3.109900093078613281e+01 2.905999946594238281e+01
0.000000000000000000e+00 5.937500000000000000e-01 4.516600036621093750e+01 3.253300094604492188e+01 2.584700012207031250e+01
2.200000000000000000e+01 3.794642984867095947e-01 4.761800003051757812e+01 2.958699989318847656e+01 2.517499923706054688e+01
1.000000000000000000e+00 2.008928507566452026e-01 4.501100158691406250e+01 2.677599906921386719e+01 2.491500091552734375e+01
9.000000000000000000e+00 2.991071343421936035e-01 4.244699859619140625e+01 2.948200035095214844e+01 2.407299995422363281e+01
1.700000000000000000e+01 2.723214328289031982e-01 3.975199890136718750e+01 2.858799934387207031e+01 2.655699920654296875e+01
1.600000000000000000e+01 3.482142984867095947e-01 3.797999954223632812e+01 2.910400009155273438e+01 2.999699974060058594e+01
0.000000000000000000e+00 4.866071343421936035e-01 4.029100036621093750e+01 2.857200050354003906e+01 3.288499832153320312e+01
1.100000000000000000e+01 2.812500000000000000e-01 3.974399948120117188e+01 2.605900001525878906e+01 3.577799987792968750e+01
2.000000000000000000e+00 3.348214328289031982e-01 4.064699935913085938e+01 2.682699966430664062e+01 3.956900024414062500e+01
2.200000000000000000e+01 6.294642686843872070e-01 4.236399841308593750e+01 3.023800086975097656e+01 3.904399871826171875e+01
0.000000000000000000e+00 6.607142686843872070e-01 4.300500106811523438e+01 3.185099983215332031e+01 4.254899978637695312e+01
1.400000000000000000e+01 7.589285969734191895e-01 4.175999832153320312e+01 3.547100067138671875e+01 4.342900085449218750e+01
2.200000000000000000e+01 7.276785969734191895e-01 3.869400024414062500e+01 4.082300186157226562e+01 4.639899826049804688e+01
1.500000000000000000e+01 6.830357313156127930e-01 3.940700149536132812e+01 4.364699935913085938e+01 4.894200134277343750e+01
1.000000000000000000e+00 5.669642686843872070e-01 3.767800140380859375e+01 4.699700164794921875e+01 4.977099990844726562e+01
1.300000000000000000e+01 5.491071343421936035e-01 3.971799850463867188e+01 5.011399841308593750e+01 5.050500106811523438e+01
0.000000000000000000e+00 2.633928656578063965e-01 3.812099838256835938e+01 5.132400131225585938e+01 5.378699874877929688e+01
0.000000000000000000e+00 1.026785746216773987e-01 3.738999938964843750e+01 5.489699935913085938e+01 5.511199951171875000e+01
3.000000000000000000e+00 9.821428358554840088e-02 4.095399856567382812e+01 5.529000091552734375e+01 5.643299865722656250e+01
3.000000000000000000e+00 3.437500000000000000e-01 4.235200119018554688e+01 5.386199951171875000e+01 5.308599853515625000e+01
1.800000000000000000e+01 3.303571343421936035e-01 4.331600189208984375e+01 5.047299957275390625e+01 5.477299880981445312e+01
1.900000000000000000e+01 5.133928656578063965e-01 4.251900100708007812e+01 4.733499908447265625e+01 5.298500061035156250e+01
7.000000000000000000e+00 3.392857015132904053e-01 3.959700012207031250e+01 4.526499938964843750e+01 5.429000091552734375e+01
1.600000000000000000e+01 3.883928656578063965e-01 3.981200027465820312e+01 4.154999923706054688e+01 5.329700088500976562e+01
1.500000000000000000e+01 3.526785671710968018e-01 3.643399810791015625e+01 4.097299957275390625e+01 5.168399810791015625e+01
0.000000000000000000e+00 4.151785671710968018e-01 3.596400070190429688e+01 3.800699996948242188e+01 4.939500045776367188e+01
1.700000000000000000e+01 5.044642686843872070e-01 3.817599868774414062e+01 3.525999832153320312e+01 4.789699935913085938e+01
9.000000000000000000e+00 4.107142984867095947e-01 3.768500137329101562e+01 3.212599945068359375e+01 4.580500030517578125e+01
1.300000000000000000e+01 4.776785671710968018e-01 3.893899917602539062e+01 3.018199920654296875e+01 4.272399902343750000e+01
1.800000000000000000e+01 4.241071343421936035e-01 3.735200119018554688e+01 2.953100013732910156e+01 3.931499862670898438e+01
1.700000000000000000e+01 1.741071492433547974e-01 3.472499847412109375e+01 2.705299949645996094e+01 3.816799926757812500e+01
7.000000000000000000e+00 8.928571641445159912e-02 3.528300094604492188e+01 2.472500038146972656e+01 3.525500106811523438e+01
1.700000000000000000e+01 1.473214328289031982e-01 3.387699890136718750e+01 2.722299957275390625e+01 3.282400131225585938e+01
9.000000000000000000e+00 4.017857015132904053e-01 3.603799819946289062e+01 3.013500022888183594e+01 3.417200088500976562e+01
7.000000000000000000e+00 4.062500000000000000e-01 3.365999984741210938e+01 3.210400009155273438e+01 3.628599929809570312e+01
1.200000000000000000e+01 3.973214328289031982e-01 3.376499938964843750e+01 3.252999877929687500e+01 4.014899826049804688e+01
9.000000000000000000e+00 1.071428582072257996e-01 2.882900047302246094e+01 3.369400024414062500e+01 4.510599899291992188e+01
1.200000000000000000e+01 2.857142984867095947e-01 3.152400016784667969e+01 3.627700042724609375e+01 4.588700103759765625e+01
1.800000000000000000e+01 1.517857164144515991e-01 2.921199989318847656e+01 3.874399948120117188e+01 4.773899841308593750e+01
1.800000000000000000e+01 4.017857089638710022e-02 2.568799972534179688e+01 4.000699996948242188e+01 4.827399826049804688e+01
7.000000000000000000e+00 2.232142910361289978e-02 2.358600044250488281e+01 4.308900070190429688e+01 4.735699844360351562e+01
7.000000000000000000e+00 0.000000000000000000e+00 2.328100013732910156e+01 4.350000000000000000e+01 5.111600112915039062e+01
7.000000000000000000e+00 3.571428731083869934e-02 2.709900093078613281e+01 4.345299911499023438e+01 5.141799926757812500e+01
1.500000000000000000e+01 1.607142835855484009e-01 2.865800094604492188e+01 4.525299835205078125e+01 4.837200164794921875e+01
2.200000000000000000e+01 1.294642835855484009e-01 2.896500015258789062e+01 4.900000000000000000e+01 4.913199996948242188e+01
7.000000000000000000e+00 1.964285671710968018e-01 3.002400016784667969e+01 5.227199935913085938e+01 4.740000152587890625e+01
9.000000000000000000e+00 3.839285671710968018e-01 3.376699829101562500e+01 5.311700057983398438e+01 4.698600006103515625e+01
1.100000000000000000e+01 6.517857313156127930e-01 3.728699874877929688e+01 5.181100082397460938e+01 4.604499816894531250e+01
2.000000000000000000e+01 7.544642686843872070e-01 3.795399856567382812e+01 4.802199935913085938e+01 4.541899871826171875e+01
1.300000000000000000e+01 8.839285969734191895e-01 4.092900085449218750e+01 4.593999862670898438e+01 4.467599868774414062e+01
2.200000000000000000e+01 9.151785969734191895e-01 4.114500045776367188e+01 4.253900146484375000e+01 4.305899810791015625e+01
7.000000000000000000e+00 9.330357313156127930e-01 4.434500122070312500e+01 4.051900100708007812e+01 4.295500183105468750e+01
1.100000000000000000e+01 9.196428656578063965e-01 4.436700057983398438e+01 3.758499908447265625e+01 4.074000167846679688e+01
3.000000000000000000e+00 8.482142686843872070e-01 4.719699859619140625e+01 3.489400100708007812e+01 4.107400131225585938e+01
1.800000000000000000e+01 8.616071343421936035e-01 4.849599838256835938e+01 3.435300064086914062e+01 3.761500167846679688e+01
1.300000000000000000e+01 7.767857313156127930e-01 5.207199859619140625e+01 3.323199844360351562e+01 3.852299880981445312e+01
1.700000000000000000e+01 6.071428656578063965e-01 5.107400131225585938e+01 2.989399909973144531e+01 4.020999908447265625e+01
2.000000000000000000e+01 6.205357313156127930e-01 4.877799987792968750e+01 2.914500045776367188e+01 3.726100158691406250e+01
1.900000000000000000e+01 5.714285969734191895e-01 5.150799942016601562e+01 2.924500083923339844e+01 3.465999984741210938e+01
1.300000000000000000e+01 4.285714328289031982e-01 5.402399826049804688e+01 2.777300071716308594e+01 3.713700103759765625e+01
0.000000000000000000e+00 2.455357164144515991e-01 5.182899856567382812e+01 2.473200035095214844e+01 3.748600006103515625e+01
1.200000000000000000e+01 2.276785671710968018e-01 5.150999832153320312e+01 2.434000015258789062e+01 3.372000122070312500e+01
9.000000000000000000e+00 1.562500000000000000e-01 5.534299850463867188e+01 2.446100044250488281e+01 3.366899871826171875e+01
1.100000000000000000e+01 3.258928656578063965e-01 5.636000061035156250e+01 2.796800041198730469e+01 3.222100067138671875e+01
1.700000000000000000e+01 4.955357015132904053e-01 5.813399887084960938e+01 3.087199974060058594e+01 3.386899948120117188e+01
1.600000000000000000e+01 7.053571343421936035e-01 5.551200103759765625e+01 3.370199966430664062e+01 3.356100082397460938e+01
1.500000000000000000e+01 8.080357313156127930e-01 5.651499938964843750e+01 3.737599945068359375e+01 3.315399932861328125e+01
7.000000000000000000e+00 8.928571343421936035e-01 5.363600158691406250e+01 3.791199874877929688e+01 3.922000122070312500e+01
0.000000000000000000e+00 9.866071343421936035e-01 4.736800003051757812e+01 4.076599884033203125e+01 3.809400177001953125e+01
7.000000000000000000e+00 9.910714030265808105e-01 4.579800033569335938e+01 4.350299835205078125e+01 4.026399993896484375e+01
2.200000000000000000e+01 9.732142686843872070e-01 4.271400070190429688e+01 4.579899978637695312e+01 3.935499954223632812e+01
2.200000000000000000e+01 9.419642686843872070e-01 4.169400024414062500e+01 4.894100189208984375e+01 4.127000045776367188e+01
1.500000000000000000e+01 8.303571343421936035e-01 3.824800109863281250e+01 5.058100128173828125e+01 4.072900009155273438e+01
1.800000000000000000e+01 6.696428656578063965e-01 3.515800094604492188e+01 5.215299987792968750e+01 4.219300079345703125e+01
0.000000000000000000e+00 5.312500000000000000e-01 3.211299896240234375e+01 5.005799865722656250e+01 4.281200027465820312e+01
2.000000000000000000e+00 2.589285671710968018e-01 2.853599929809570312e+01 5.164300155639648438e+01 4.261399841308593750e+01
3.000000000000000000e+00 2.142857164144515991e-01 2.889299964904785156e+01 5.509500122070312500e+01 4.111199951171875000e+01
1.700000000000000000e+01 5.803571268916130066e-02 2.571800041198730469e+01 5.710499954223632812e+01 4.011700057983398438e+01
9.000000000000000000e+00 1.785714365541934967e-02 2.334600067138671875e+01 5.458300018310546875e+01 4.170700073242187500e+01
1.600000000000000000e+01 5.357142910361289978e-02 2.373699951171875000e+01 5.078400039672851562e+01 4.238499832153320312e+01
1.000000000000000000e+00 1.785714328289031982e-01 2.590399932861328125e+01 4.911100006103515625e+01 3.976399993896484375e+01
1.000000000000000000e+00 2.901785671710968018e-01 2.692499923706054688e+01 4.552700042724609375e+01 3.865299987792968750e+01
2.000000000000000000e+01 5.580357313156127930e-01 3.040399932861328125e+01 4.452899932861328125e+01 3.746400070190429688e+01
1.800000000000000000e+01 6.160714030265808105e-01 3.153100013732910156e+01 4.179000091552734375e+01 3.515900039672851562e+01
1.100000000000000000e+01 7.946428656578063965e-01 3.527999877929687500e+01 4.145800018310546875e+01 3.472200012207031250e+01
0.000000000000000000e+00 8.125000000000000000e-01 3.711000061035156250e+01 3.907099914550781250e+01 3.221699905395507812e+01
0.000000000000000000e+00 8.973214030265808105e-01 4.080599975585937500e+01 3.844900131225585938e+01 3.237599945068359375e+01
1.200000000000000000e+01 8.258928656578063965e-01 4.284600067138671875e+01 3.677999877929687500e+01 2.961100006103515625e+01
1.200000000000000000e+01 8.392857313156127930e-01 4.613399887084960938e+01 3.523799896240234375e+01 3.073600006103515625e+01
1.700000000000000000e+01 7.678571343421936035e-01 4.929999923706054688e+01 3.438999938964843750e+01 2.889500045776367188e+01
1.600000000000000000e+01 7.187500000000000000e-01 5.287400054931640625e+01 3.375999832153320312e+01 3.011899948120117188e+01
2.000000000000000000e+01 7.455357313156127930e-01 5.421900177001953125e+01 3.689500045776367188e+01 2.812299919128417969e+01
1.700000000000000000e+01 8.794642686843872070e-01 5.111100006103515625e+01 3.907600021362304688e+01 2.832799911499023438e+01
2.000000000000000000e+01 9.508928656578063965e-01 4.782899856567382812e+01 3.991299819946289062e+01 3.001300048828125000e+01
1.700000000000000000e+01 9.553571343421936035e-01 4.473199844360351562e+01 4.193299865722656250e+01 2.937500000000000000e+01
1.800000000000000000e+01 9.598214030265808105e-01 4.163499832153320312e+01 4.265100097656250000e+01 3.140900039672851562e+01
1.800000000000000000e+01 8.705357313156127930e-01 3.810900115966796875e+01 4.400500106811523438e+01 3.047500038146972656e+01
0.000000000000000000e+00 8.035714030265808105e-01 3.530799865722656250e+01 4.556200027465820312e+01 3.247000122070312500e+01
2.200000000000000000e+01 5.982142686843872070e-01 3.159600067138671875e+01 4.523500061035156250e+01 3.155299949645996094e+01
2.200000000000000000e+01 5.089285969734191895e-01 2.983099937438964844e+01 4.780400085449218750e+01 3.382400131225585938e+01
1.800000000000000000e+01 2.232142835855484009e-01 2.611199951171875000e+01 4.755500030517578125e+01 3.398699951171875000e+01
2.000000000000000000e+00 6.696428358554840088e-02 2.306599998474121094e+01 4.924000167846679688e+01 3.564799880981445312e+01
1.600000000000000000e+01 1.339285727590322495e-02 2.072900009155273438e+01 4.686000061035156250e+01 3.752199935913085938e+01
5.000000000000000000e+00 1.116071417927742004e-01 6.847699737548828125e+01 4.973699951171875000e+01 2.750600051879882812e+01
1.600000000000000000e+01 2.098214328289031982e-01 6.784400177001953125e+01 4.756800079345703125e+01 3.070899963378906250e+01
1.200000000000000000e+01 5.000000000000000000e-01 6.426100158691406250e+01 4.863199996948242188e+01 3.123600006103515625e+01
1.400000000000000000e+01 5.178571343421936035e-01 6.220100021362304688e+01 5.060800170898437500e+01 2.880800056457519531e+01
2.200000000000000000e+01 6.875000000000000000e-01 5.841999816894531250e+01 5.112599945068359375e+01 2.881999969482421875e+01
1.300000000000000000e+01 6.651785969734191895e-01 5.605099868774414062e+01 5.249399948120117188e+01 2.611199951171875000e+01
2.200000000000000000e+01 7.232142686843872070e-01 5.231800079345703125e+01 5.351300048828125000e+01 2.621500015258789062e+01
1.200000000000000000e+01 6.562500000000000000e-01 4.966400146484375000e+01 5.316999816894531250e+01 2.336499977111816406e+01
3.000000000000000000e+00 6.339285969734191895e-01 4.595899963378906250e+01 5.433100128173828125e+01 2.329000091552734375e+01
0.000000000000000000e+00 6.383928656578063965e-01 4.301100158691406250e+01 5.204600143432617188e+01 2.257600021362304688e+01
2.200000000000000000e+01 4.375000000000000000e-01 4.045199966430664062e+01 5.476100158691406250e+01 2.182099914550781250e+01
1.000000000000000000e+00 2.500000000000000000e-01 4.259299850463867188e+01 5.707400131225585938e+01 1.966200065612792969e+01
9.000000000000000000e+00 3.080357015132904053e-01 4.473699951171875000e+01 5.410800170898437500e+01 1.844499969482421875e+01
1.700000000000000000e+01 2.946428656578063965e-01 4.806700134277343750e+01 5.581700134277343750e+01 1.879400062561035156e+01
1.600000000000000000e+01 3.660714328289031982e-01 5.116099929809570312e+01 5.628799819946289062e+01 2.103100013732910156e+01
0.000000000000000000e+00 4.821428656578063965e-01 5.039400100708007812e+01 5.845100021362304688e+01 2.408900070190429688e+01
1.100000000000000000e+01 2.767857015132904053e-01 5.229199981689453125e+01 6.167399978637695312e+01 2.519499969482421875e+01
2.000000000000000000e+00 3.125000000000000000e-01 5.296200180053710938e+01 6.277899932861328125e+01 2.877099990844726562e+01
2.200000000000000000e+01 6.026785969734191895e-01 5.154299926757812500e+01 5.974900054931640625e+01 3.056500053405761719e+01
0.000000000000000000e+00 6.428571343421936035e-01 5.272399902343750000e+01 5.968899917602539062e+01 3.417699813842773438e+01
1.400000000000000000e+01 7.410714030265808105e-01 5.416600036621093750e+01 5.665800094604492188e+01 3.593199920654296875e+01
2.200000000000000000e+01 7.366071343421936035e-01 5.836100006103515625e+01 5.238399887084960938e+01 3.896599960327148438e+01
1.500000000000000000e+01 7.098214030265808105e-01 5.894200134277343750e+01 5.041400146484375000e+01 4.212900161743164062e+01
1.000000000000000000e+00 6.250000000000000000e-01 6.119300079345703125e+01 4.774399948120117188e+01 4.361800003051757812e+01
1.300000000000000000e+01 5.401785969734191895e-01 6.060800170898437500e+01 4.570100021362304688e+01 4.691899871826171875e+01
0.000000000000000000e+00 2.544642984867095947e-01 6.327500152587890625e+01 4.664300155639648438e+01 4.953599929809570312e+01
0.000000000000000000e+00 8.482142537832260132e-02 6.543499755859375000e+01 4.416500091552734375e+01 5.157300186157226562e+01
3.000000000000000000e+00 9.375000000000000000e-02 6.255799865722656250e+01 4.331900024414062500e+01 5.401599884033203125e+01
3.000000000000000000e+00 3.214285671710968018e-01 6.044400024414062500e+01 4.291699981689453125e+01 5.084299850463867188e+01
1.800000000000000000e+01 3.928571343421936035e-01 5.836299896240234375e+01 4.614099884033203125e+01 5.147399902343750000e+01
1.900000000000000000e+01 5.803571343421936035e-01 5.786800003051757812e+01 4.833900070190429688e+01 4.837900161743164062e+01
7.000000000000000000e+00 4.553571343421936035e-01 6.028900146484375000e+01 5.127700042724609375e+01 4.760499954223632812e+01
1.600000000000000000e+01 4.732142984867095947e-01 6.060900115966796875e+01 5.405699920654296875e+01 4.493399810791015625e+01
1.500000000000000000e+01 4.508928656578063965e-01 6.291999816894531250e+01 5.283300018310546875e+01 4.209799957275390625e+01
0.000000000000000000e+00 4.642857015132904053e-01 6.225000000000000000e+01 5.523300170898437500e+01 3.913499832153320312e+01
1.700000000000000000e+01 4.910714328289031982e-01 5.994499969482421875e+01 5.799200057983398438e+01 3.799800109863281250e+01
9.000000000000000000e+00 4.330357015132904053e-01 5.886700057983398438e+01 5.956399917602539062e+01 3.468199920654296875e+01
1.300000000000000000e+01 4.687500000000000000e-01 5.641099929809570312e+01 6.036299896240234375e+01 3.184600067138671875e+01
1.800000000000000000e+01 4.419642984867095947e-01 5.616199874877929688e+01 5.929800033569335938e+01 2.816500091552734375e+01
1.700000000000000000e+01 1.696428507566452026e-01 5.800199890136718750e+01 6.109099960327148438e+01 2.534300041198730469e+01
7.000000000000000000e+00 7.589285820722579956e-02 5.625400161743164062e+01 6.225500106811523438e+01 2.219000053405761719e+01
1.700000000000000000e+01 1.205357164144515991e-01 5.706600189208984375e+01 5.889699935913085938e+01 2.060700035095214844e+01
9.000000000000000000e+00 3.571428656578063965e-01 5.516600036621093750e+01 5.746300125122070312e+01 2.360700035095214844e+01
7.000000000000000000e+00 3.750000000000000000e-01 5.831200027465820312e+01 5.608100128173828125e+01 2.504199981689453125e+01
1.200000000000000000e+01 4.598214328289031982e-01 5.986100006103515625e+01 5.602999877929687500e+01 2.850300025939941406e+01
9.000000000000000000e+00 1.428571492433547974e-01 6.604100036621093750e+01 5.670399856567382812e+01 3.140900039672851562e+01
1.200000000000000000e+01 3.169642984867095947e-01 6.432599639892578125e+01 5.503599929809570312e+01 3.434600067138671875e+01
1.800000000000000000e+01 1.830357164144515991e-01 6.754100036621093750e+01 5.327600097656250000e+01 3.536800003051757812e+01
1.800000000000000000e+01 4.910714179277420044e-02 7.112000274658203125e+01 5.242499923706054688e+01 3.457799911499023438e+01
7.000000000000000000e+00 3.125000000000000000e-02 7.235199737548828125e+01 4.878300094604492188e+01 3.410100173950195312e+01
7.000000000000000000e+00 4.464285913854837418e-03 7.408100128173828125e+01 4.915299987792968750e+01 3.757699966430664062e+01
7.000000000000000000e+00 6.250000000000000000e-02 7.103199768066406250e+01 4.991899871826171875e+01 3.975699996948242188e+01
1.500000000000000000e+01 1.875000000000000000e-01 6.894000244140625000e+01 4.746200180053710938e+01 3.755799865722656250e+01
2.200000000000000000e+01 1.339285671710968018e-01 6.954199981689453125e+01 4.466799926757812500e+01 4.013600158691406250e+01
7.000000000000000000e+00 2.053571492433547974e-01 6.791100311279296875e+01 4.123699951171875000e+01 4.064799880981445312e+01
9.000000000000000000e+00 4.196428656578063965e-01 6.455100250244140625e+01 4.151499938964843750e+01 4.234000015258789062e+01
1.100000000000000000e+01 6.785714030265808105e-01 6.081000137329101562e+01 4.217100143432617188e+01 4.215399932861328125e+01
2.000000000000000000e+01 7.812500000000000000e-01 5.957699966430664062e+01 4.520500183105468750e+01 4.024300003051757812e+01
1.300000000000000000e+01 9.107142686843872070e-01 5.632300186157226562e+01 4.682600021362304688e+01 3.923300170898437500e+01
2.200000000000000000e+01 9.241071343421936035e-01 5.506900024414062500e+01 4.966500091552734375e+01 3.701300048828125000e+01
7.000000000000000000e+00 9.285714030265808105e-01 5.225299835205078125e+01 5.198400115966796875e+01 3.827500152587890625e+01
1.100000000000000000e+01 9.017857313156127930e-01 5.051200103759765625e+01 5.429700088500976562e+01 3.566600036621093750e+01
3.000000000000000000e+00 8.214285969734191895e-01 4.797299957275390625e+01 5.690299987792968750e+01 3.641400146484375000e+01
1.800000000000000000e+01 8.437500000000000000e-01 4.535100173950195312e+01 5.600199890136718750e+01 3.370600128173828125e+01
1.300000000000000000e+01 7.321428656578063965e-01 4.255500030517578125e+01 5.783900070190429688e+01 3.552799987792968750e+01
1.700000000000000000e+01 5.848214030265808105e-01 4.420700073242187500e+01 6.126100158691406250e+01 3.508200073242187500e+01
2.000000000000000000e+01 5.892857313156127930e-01 4.485699844360351562e+01 6.062699890136718750e+01 3.130400085449218750e+01
1.900000000000000000e+01 5.535714030265808105e-01 4.104700088500976562e+01 5.983399963378906250e+01 3.063299942016601562e+01
1.300000000000000000e+01 3.616071343421936035e-01 4.032600021362304688e+01 6.279700088500976562e+01 3.292300033569335938e+01
0.000000000000000000e+00 2.187500000000000000e-01 4.250500106811523438e+01 6.525000000000000000e+01 3.070499992370605469e+01
1.200000000000000000e+01 1.919642835855484009e-01 4.046900177001953125e+01 6.401100158691406250e+01 2.777899932861328125e+01
9.000000000000000000e+00 1.383928507566452026e-01 3.715499877929687500e+01 6.431700134277343750e+01 2.967499923706054688e+01
1.100000000000000000e+01 3.035714328289031982e-01 3.641199874877929688e+01 6.059799957275390625e+01 2.942300033569335938e+01
1.700000000000000000e+01 4.464285671710968018e-01 3.504899978637695312e+01 5.860900115966796875e+01 3.246300125122070312e+01
1.600000000000000000e+01 6.919642686843872070e-01 3.733599853515625000e+01 5.552600097656250000e+01 3.341299819946289062e+01
1.500000000000000000e+01 7.723214030265808105e-01 3.645199966430664062e+01 5.248500061035156250e+01 3.552000045776367188e+01
7.000000000000000000e+00 8.750000000000000000e-01 4.206200027465820312e+01 5.411800003051757812e+01 3.887099838256835938e+01
0.000000000000000000e+00 9.776785969734191895e-01 4.734700012207031250e+01 5.042499923706054688e+01 3.511299896240234375e+01
7.000000000000000000e+00 9.955357313156127930e-01 4.981800079345703125e+01 4.822200012207031250e+01 3.698400115966796875e+01
2.200000000000000000e+01 9.821428656578063965e-01 5.228799819946289062e+01 4.549200057983398438e+01 3.582899856567382812e+01
2.200000000000000000e+01 9.687500000000000000e-01 5.441500091552734375e+01 4.342200088500976562e+01 3.841099929809570312e+01
1.500000000000000000e+01 8.660714030265808105e-01 5.736899948120117188e+01 4.126800155639648438e+01 3.737599945068359375e+01
1.800000000000000000e+01 6.964285969734191895e-01 6.057500076293945312e+01 3.966500091552734375e+01 3.862699890136718750e+01
0.000000000000000000e+00 5.625000000000000000e-01 6.350699996948242188e+01 4.070399856567382812e+01 3.632899856567382812e+01
2.000000000000000000e+00 2.678571343421936035e-01 6.699199676513671875e+01 3.903699874877929688e+01 3.589699935913085938e+01
3.000000000000000000e+00 2.410714328289031982e-01 6.591000366210937500e+01 3.549599838256835938e+01 3.683200073242187500e+01
1.700000000000000000e+01 8.035714179277420044e-02 6.829499816894531250e+01 3.402199935913085938e+01 3.420700073242187500e+01
9.000000000000000000e+00 4.464285820722579956e-02 7.084799957275390625e+01 3.660599899291992188e+01 3.500699996948242188e+01
1.600000000000000000e+01 7.142857462167739868e-02 7.108200073242187500e+01 4.020100021362304688e+01 3.369900131225585938e+01
1.000000000000000000e+00 1.651785671710968018e-01 6.842700195312500000e+01 4.105599975585937500e+01 3.096699905395507812e+01
1.000000000000000000e+00 2.321428507566452026e-01 6.701999664306640625e+01 4.406600189208984375e+01 2.900300025939941406e+01
2.000000000000000000e+01 5.267857313156127930e-01 6.326699829101562500e+01 4.452399826049804688e+01 2.915800094604492188e+01
1.800000000000000000e+01 5.758928656578063965e-01 6.081200027465820312e+01 4.628599929809570312e+01 2.689299964904785156e+01
1.100000000000000000e+01 7.901785969734191895e-01 5.712599945068359375e+01 4.649499893188476562e+01 2.814299964904785156e+01
0.000000000000000000e+00 7.857142686843872070e-01 5.432300186157226562e+01 4.787599945068359375e+01 2.586400032043457031e+01
0.000000000000000000e+00 8.883928656578063965e-01 5.092499923706054688e+01 4.875099945068359375e+01 2.747200012207031250e+01
1.200000000000000000e+01 8.348214030265808105e-01 4.757199859619140625e+01 4.982699966430664062e+01 2.587299919128417969e+01
1.200000000000000000e+01 8.526785969734191895e-01 4.520399856567382812e+01 5.219900131225585938e+01 2.762599945068359375e+01
1.700000000000000000e+01 7.991071343421936035e-01 4.147900009155273438e+01 5.205699920654296875e+01 2.748999977111816406e+01
1.600000000000000000e+01 7.500000000000000000e-01 3.874100112915039062e+01 5.344599914550781250e+01 2.996899986267089844e+01
2.000000000000000000e+01 8.169642686843872070e-01 3.740700149536132812e+01 5.000600051879882812e+01 3.081999969482421875e+01
1.700000000000000000e+01 9.062500000000000000e-01 4.035900115966796875e+01 4.787300109863281250e+01 2.984399986267089844e+01
2.000000000000000000e+01 9.642857313156127930e-01 4.407199859619140625e+01 4.765299987792968750e+01 2.957299995422363281e+01
1.700000000000000000e+01 9.464285969734191895e-01 4.656700134277343750e+01 4.524100112915039062e+01 2.789699935913085938e+01
1.800000000000000000e+01 9.375000000000000000e-01 5.029800033569335938e+01 4.463700103759765625e+01 2.825300025939941406e+01
1.800000000000000000e+01 8.571428656578063965e-01 5.305400085449218750e+01 4.238100051879882812e+01 2.693799972534179688e+01
0.000000000000000000e+00 7.633928656578063965e-01 5.691999816894531250e+01 4.228099822998046875e+01 2.777599906921386719e+01
2.200000000000000000e+01 5.446428656578063965e-01 5.990599822998046875e+01 4.089500045776367188e+01 2.574200057983398438e+01
2.200000000000000000e+01 3.705357015132904053e-01 6.334799957275390625e+01 3.989899826049804688e+01 2.708699989318847656e+01
1.800000000000000000e+01 1.160714253783226013e-01 6.684700012207031250e+01 4.020299911499023438e+01 2.514900016784667969e+01
2.000000000000000000e+00 2.678571455180644989e-02 7.042700195312500000e+01 3.962300109863281250e+01 2.628899955749511719e+01
1.600000000000000000e+01 8.928571827709674835e-03 7.287799835205078125e+01 4.242699813842773438e+01 2.760899925231933594e+01
