1 1 14 0 0.029940119760479056 0 0 33.706 35.455 54.884
1 2 18 0 0.16167664670658677 0 0 35.558 34.595 51.677
1 3 7 0 0.32335329341317365 0 0 36.392 37.313 49.237
1 4 20 0 0.5988023952095809 0 0 36.514 36.569 45.532
1 5 13 0 0.7305389221556886 0 0 37.960 38.433 42.656
1 6 12 0 0.9101796407185628 0 0 35.773 37.110 39.864
1 7 22 0 0.9580838323353293 0 0 36.848 38.582 36.550
1 8 22 0 0.9880239520958084 0 0 34.418 38.169 33.661
1 9 22 0 0.9700598802395209 0 0 36.107 38.068 30.309
1 10 9 0 0.9341317365269461 0 0 34.975 37.709 26.674
1 11 0 0 0.8083832335329342 0 0 34.747 38.836 23.090
1 12 9 0 0.6167664670658684 0 0 32.612 41.583 21.613
1 13 9 0 0.5508982035928144 0 0 28.856 41.538 21.532
1 14 22 0 0.7904191616766467 0 0 28.400 38.549 23.721
1 15 9 0 0.8143712574850299 0 0 26.589 40.570 26.424
1 16 13 0 0.9281437125748503 0 0 29.128 40.064 29.169
1 17 17 0 0.8562874251497006 0 0 28.011 42.983 31.328
1 18 0 0 0.7844311377245509 0 0 24.431 41.936 31.256
1 19 12 0 0.8982035928143712 0 0 25.644 39.201 33.662
1 20 18 0 0.844311377245509 0 0 26.547 41.882 36.219
1 21 11 0 0.6047904191616766 0 0 23.693 44.223 35.620
1 22 6 0 0.562874251497006 0 0 21.197 41.414 35.720
1 23 12 0 0.6467065868263473 0 0 22.584 39.818 38.838
1 24 11 0 0.4491017964071856 0 0 22.329 43.143 40.574
1 25 6 0 0.2335329341317366 0 0 19.844 45.604 39.093
1 26 2 0 0.23952095808383234 0 0 17.609 43.205 37.202
1 27 10 0 0.11976047904191622 0 0 16.469 45.958 34.830
1 28 15 0 0.08982035928143717 0 0 16.024 46.836 31.218
1 29 22 0 0.11377245508982048 0 0 18.823 48.738 29.545
1 30 3 0 0.02395209580838331 0 0 18.415 51.681 27.164
1 31 7 0 0.0718562874251496 0 0 22.118 52.235 26.931
1 32 20 0 0.20359281437125742 0 0 25.207 50.731 28.504
1 33 3 0 0.17365269461077848 0 0 27.890 52.986 29.855
1 34 16 0 0.25149700598802394 0 0 31.439 52.271 28.561
1 35 18 0 0.46706586826347307 0 0 33.465 50.045 30.861
1 36 11 0 0.29940119760479034 0 0 36.418 52.098 32.212
1 37 7 0 0.33532934131736525 0 0 36.605 51.141 35.838
1 38 3 0 0.4970059880239521 0 0 33.384 49.337 36.551
1 39 17 0 0.5149700598802396 0 0 32.435 47.817 39.861
1 40 20 0 0.5868263473053892 0 0 29.719 45.332 40.860
1 41 1 0 0.5329341317365269 0 0 29.546 43.324 44.053
1 42 13 0 0.4730538922155688 0 0 27.432 40.682 45.669
1 43 6 0 0.28742514970059885 0 0 27.628 39.220 49.097
1 44 22 0 0.2694610778443114 0 0 25.949 35.860 49.136
1 45 22 0 0.13173652694610782 0 0 25.986 32.596 51.045
1 46 11 0 0.21556886227544902 0 0 27.625 29.825 49.110
1 47 3 0 0.10179640718562877 0 0 27.736 26.231 50.400
1 48 9 0 0.0119760479041916 0 0 26.834 27.343 53.923
1 49 7 0 0.041916167664670656 0 0 29.757 29.780 53.895
1 50 18 0 0.07784431137724557 0 0 29.402 33.449 53.545
1 51 5 0 0.26347305389221565 0 0 31.157 34.870 50.509
1 52 12 0 0.34730538922155685 0 0 31.846 38.285 49.078
1 53 12 0 0.6347305389221557 0 0 31.930 38.349 45.271
1 54 3 0 0.6766467065868262 0 0 33.825 41.174 43.627
1 55 11 0 0.8622754491017964 0 0 33.132 41.220 39.930
1 56 12 0 0.8682634730538922 0 0 35.529 42.592 37.434
1 57 3 0 0.874251497005988 0 0 35.193 43.707 33.809
1 58 18 0 0.8203592814371258 0 0 38.387 43.928 31.817
1 59 0 0 0.5449101796407185 0 0 39.385 47.048 29.932
1 60 9 0 0.3053892215568862 0 0 42.230 48.596 27.910
1 61 6 0 0.18562874251497008 0 0 44.488 47.050 25.455
1 62 7 0 0.053892215568862256 0 0 47.547 49.372 25.470
1 63 7 0 0.017964071856287345 0 0 50.978 48.112 26.723
1 64 20 0 0.0 0 0 51.860 51.016 28.894
1 65 17 0 0.0059880239520957446 0 0 49.520 52.793 31.335
1 66 0 0 0.09580838323353291 0 0 46.781 50.196 31.452
1 67 14 0 0.281437125748503 0 0 44.748 48.100 33.862
1 68 1 0 0.41916167664670656 0 0 44.309 45.411 31.216
1 69 3 0 0.39520958083832336 0 0 46.646 42.842 32.677
1 70 6 0 0.35928143712574856 0 0 46.075 44.238 36.142
1 71 20 0 0.6407185628742516 0 0 42.690 42.587 36.262
1 72 14 0 0.6706586826347305 0 0 44.326 39.479 35.011
1 73 1 0 0.4131736526946108 0 0 46.838 39.482 37.915
1 74 18 0 0.49101796407185627 0 0 44.206 40.448 40.483
1 75 9 0 0.7425149700598803 0 0 41.682 37.860 39.464
1 76 7 0 0.7005988023952096 0 0 41.241 34.498 41.135
1 77 9 0 0.8922155688622755 0 0 38.311 33.057 39.221
1 78 15 0 0.9640718562874252 0 0 37.761 33.856 35.574
1 79 12 0 0.9940119760479041 0 0 34.480 33.845 33.883
1 80 5 0 0.9820359281437125 0 0 34.636 33.385 30.176
1 81 22 0 0.9760479041916168 0 0 31.497 34.645 28.403
1 82 15 0 0.8862275449101796 0 0 30.734 33.755 24.809
1 83 0 0 0.718562874251497 0 0 27.415 33.963 22.917
1 84 11 0 0.5089820359281436 0 0 25.867 31.004 21.149
1 85 2 0 0.3173652694610779 0 0 24.627 33.245 18.390
1 86 2 0 0.38323353293413165 0 0 28.148 34.472 17.667
1 87 18 0 0.2934131736526946 0 0 30.738 32.362 15.964
1 88 13 0 0.3413173652694611 0 0 33.478 34.829 16.571
1 89 17 0 0.652694610778443 0 0 33.321 34.583 20.416
1 90 15 0 0.5688622754491017 0 0 33.680 30.850 20.384
1 91 7 0 0.43113772455089827 0 0 37.203 31.041 18.904
1 92 3 0 0.592814371257485 0 0 38.572 33.724 21.209
1 93 11 0 0.7784431137724551 0 0 38.336 31.541 24.309
1 94 10 0 0.5389221556886228 0 0 41.572 29.628 23.720
1 95 10 0 0.5029940119760479 0 0 43.407 32.903 23.395
1 96 20 0 0.7485029940119761 0 0 41.973 34.292 26.577
1 97 1 0 0.7245508982035929 0 0 42.714 31.258 28.683
1 98 7 0 0.4610778443113772 0 0 46.223 31.503 27.382
1 99 6 0 0.5209580838323353 0 0 46.427 35.150 28.429
1 100 11 0 0.6646706586826348 0 0 45.169 34.294 31.905
1 101 13 0 0.44311377245508976 0 0 47.523 31.281 32.409
1 102 1 0 0.2574850299401197 0 0 50.338 33.522 31.431
1 103 22 0 0.3293413173652695 0 0 49.565 36.523 33.612
1 104 13 0 0.37125748502994016 0 0 48.644 34.403 36.531
1 105 3 0 0.15568862275449102 0 0 51.603 32.260 35.766
1 106 17 0 0.17964071856287422 0 0 49.969 28.933 36.164
1 107 7 0 0.14371257485029942 0 0 49.713 25.788 34.014
1 108 3 0 0.3652694610778443 0 0 45.898 25.757 34.497
1 109 22 0 0.6107784431137725 0 0 43.519 28.334 36.023
1 110 16 0 0.7365269461077844 0 0 40.212 28.132 37.893
1 111 14 0 0.9041916167664671 0 0 37.745 29.120 35.243
1 112 22 0 0.9461077844311377 0 0 34.208 28.695 33.936
1 113 12 0 0.9401197604790419 0 0 32.779 28.732 30.378
1 114 22 0 0.9520958083832335 0 0 29.582 30.559 29.859
1 115 9 0 0.8502994011976048 0 0 27.388 30.390 26.791
1 116 2 0 0.8323353293413174 0 0 25.124 33.384 27.036
1 117 13 0 0.5748502994011976 0 0 22.382 34.668 24.742
1 118 5 0 0.437125748502994 0 0 20.410 31.426 24.955
1 119 3 0 0.22754491017964074 0 0 17.239 33.579 24.777
1 120 12 0 0.08383233532934131 0 0 15.885 31.709 21.802
1 121 16 0 0.03592814371257491 0 0 16.150 28.040 20.852
1 122 17 0 0.04790419161676651 0 0 18.422 28.908 17.904
1 123 1 0 0.14970059880239517 0 0 22.199 28.988 18.153
1 124 18 0 0.10778443113772451 0 0 25.028 28.955 15.656
1 125 22 0 0.19760479041916168 0 0 27.451 27.172 17.977
1 126 3 0 0.13772455089820357 0 0 26.882 23.513 18.624
1 127 18 0 0.221556886227545 0 0 26.183 22.750 22.233
1 128 13 0 0.12574850299401197 0 0 28.177 19.541 22.165
1 129 6 0 0.16766467065868274 0 0 31.169 21.189 20.553
1 130 0 0 0.45508982035928147 0 0 31.092 23.765 23.339
1 131 6 0 0.3892215568862275 0 0 30.822 20.984 25.944
1 132 3 0 0.19161676646706582 0 0 33.889 19.318 24.500
1 133 12 0 0.40718562874251496 0 0 35.754 22.585 24.239
1 134 0 0 0.5808383233532934 0 0 35.137 23.290 27.914
1 135 1 0 0.3532934131736526 0 0 36.018 19.741 28.986
1 136 17 0 0.27544910179640725 0 0 39.169 20.050 26.893
1 137 20 0 0.47904191616766467 0 0 40.048 23.006 29.096
1 138 9 0 0.4251497005988024 0 0 38.681 21.065 32.072
1 139 11 0 0.6826347305389222 0 0 36.252 23.844 32.932
1 140 16 0 0.7125748502994012 0 0 32.558 23.675 33.374
1 141 15 0 0.7544910179640718 0 0 29.972 24.747 30.756
1 142 11 0 0.8263473053892215 0 0 27.092 26.887 31.915
1 143 7 0 0.7065868263473054 0 0 24.341 27.975 29.691
1 144 18 0 0.7964071856287425 0 0 23.118 31.478 30.471
1 145 17 0 0.6227544910179641 0 0 20.428 33.917 29.404
1 146 0 0 0.658682634730539 0 0 20.817 37.447 30.654
1 147 13 0 0.3772455089820359 0 0 17.606 38.783 29.150
1 148 18 0 0.24550898203592808 0 0 15.379 35.929 30.236
1 149 1 0 0.4011976047904191 0 0 17.224 35.826 33.589
1 150 6 0 0.4850299401197605 0 0 18.525 32.229 33.813
1 151 9 0 0.688622754491018 0 0 21.949 31.051 34.933
1 152 22 0 0.8383233532934131 0 0 23.576 34.391 35.714
1 153 3 0 0.7724550898203593 0 0 24.105 33.184 39.260
1 154 3 0 0.7664670658682635 0 0 24.859 29.637 38.222
1 155 0 0 0.9221556886227544 0 0 27.828 30.989 36.302
1 156 15 0 0.9161676646706587 0 0 29.448 32.751 39.260
1 157 20 0 0.7604790419161677 0 0 28.481 30.053 41.766
1 158 18 0 0.8023952095808383 0 0 30.219 27.351 39.728
1 159 12 0 0.8802395209580838 0 0 33.336 29.455 39.574
1 160 22 0 0.6946107784431137 0 0 33.451 29.732 43.361
1 161 1 0 0.5269461077844311 0 0 33.049 25.977 43.626
1 162 7 0 0.6287425149700598 0 0 35.852 25.638 41.093
1 163 11 0 0.5568862275449102 0 0 38.141 27.889 43.046
1 164 1 0 0.31137724550898194 0 0 37.694 25.834 46.201
1 165 13 0 0.20958083832335328 0 0 37.697 22.477 44.442
1 166 10 0 0.06586826347305386 0 0 40.594 20.225 45.469
1 167 13 0 0.059880239520958 0 0 43.219 19.484 42.883
