1 1 14 0 0.029940119760479056 0 0 29.366 35.034 55.357
1 2 18 0 0.17365269461077848 0 0 31.930 33.811 52.937
1 3 7 0 0.3532934131736526 0 0 32.343 36.478 50.316
1 4 20 0 0.6167664670658684 0 0 34.375 35.569 47.286
1 5 13 0 0.7245508982035929 0 0 35.819 38.187 45.027
1 6 12 0 0.9221556886227544 0 0 35.632 36.668 41.604
1 7 22 0 0.9520958083832335 0 0 37.565 38.187 38.747
1 8 22 0 0.9880239520958084 0 0 36.023 37.826 35.283
1 9 22 0 0.9640718562874252 0 0 38.574 38.443 32.572
1 10 9 0 0.9341317365269461 0 0 38.747 37.634 28.870
1 11 0 0 0.7844311377245509 0 0 39.222 38.994 25.337
1 12 9 0 0.5988023952095809 0 0 37.215 41.666 23.559
1 13 9 0 0.6107784431137725 0 0 33.736 40.335 22.780
1 14 22 0 0.8203592814371258 0 0 33.750 37.054 24.745
1 15 9 0 0.8383233532934131 0 0 30.712 37.973 26.783
1 16 13 0 0.9461077844311377 0 0 32.551 38.623 30.044
1 17 17 0 0.844311377245509 0 0 30.581 41.654 31.171
1 18 0 0 0.7904191616766467 0 0 27.596 40.046 29.442
1 19 12 0 0.8982035928143712 0 0 27.710 36.887 31.610
1 20 18 0 0.8802395209580838 0 0 27.643 38.820 34.802
1 21 11 0 0.6467065868263473 0 0 24.870 41.059 33.469
1 22 6 0 0.6047904191616766 0 0 22.804 38.097 32.404
1 23 12 0 0.652694610778443 0 0 23.127 36.298 35.716
1 24 11 0 0.49101796407185627 0 0 21.918 39.376 37.543
1 25 6 0 0.29940119760479034 0 0 20.061 41.994 35.424
1 26 2 0 0.281437125748503 0 0 18.901 39.281 33.077
1 27 10 0 0.11976047904191622 0 0 17.442 41.411 30.333
1 28 15 0 0.08383233532934131 0 0 18.289 42.511 26.826
1 29 22 0 0.14371257485029942 0 0 21.198 44.886 26.561
1 30 3 0 0.03592814371257491 0 0 21.545 47.483 23.791
1 31 7 0 0.059880239520958 0 0 24.623 49.380 24.627
1 32 20 0 0.19760479041916168 0 0 27.599 49.098 27.074
1 33 3 0 0.13772455089820357 0 0 29.481 51.829 28.804
1 34 16 0 0.23952095808383234 0 0 33.102 51.155 29.882
1 35 18 0 0.44311377245508976 0 0 33.658 49.306 33.105
1 36 11 0 0.25149700598802394 0 0 34.223 51.627 35.961
1 37 7 0 0.221556886227545 0 0 32.678 51.174 39.367
1 38 3 0 0.43113772455089827 0 0 30.561 48.224 38.230
1 39 17 0 0.47904191616766467 0 0 29.277 45.970 41.049
1 40 20 0 0.5868263473053892 0 0 27.555 42.623 41.075
1 41 1 0 0.5029940119760479 0 0 26.520 40.484 43.976
1 42 13 0 0.5329341317365269 0 0 25.038 37.038 43.673
1 43 6 0 0.3173652694610779 0 0 23.716 35.045 46.631
1 44 22 0 0.2934131736526946 0 0 23.630 31.302 46.616
1 45 22 0 0.12574850299401197 0 0 23.745 28.503 49.113
1 46 11 0 0.20359281437125742 0 0 26.269 25.986 47.942
1 47 3 0 0.053892215568862256 0 0 26.386 22.680 49.874
1 48 9 0 0.0059880239520957446 0 0 24.977 24.233 52.986
1 49 7 0 0.04790419161676651 0 0 27.387 27.157 52.878
1 50 18 0 0.0718562874251496 0 0 25.793 30.549 52.341
1 51 5 0 0.28742514970059885 0 0 28.018 32.332 49.823
1 52 12 0 0.4011976047904191 0 0 28.273 35.863 48.550
1 53 12 0 0.6766467065868262 0 0 29.644 36.122 45.038
1 54 3 0 0.688622754491018 0 0 31.153 39.541 44.453
1 55 11 0 0.874251497005988 0 0 31.629 39.537 40.732
1 56 12 0 0.8502994011976048 0 0 34.451 41.795 39.577
1 57 3 0 0.8682634730538922 0 0 35.390 43.144 36.189
1 58 18 0 0.7664670658682635 0 0 38.885 44.549 35.606
1 59 0 0 0.5209580838323353 0 0 38.523 48.262 34.722
1 60 9 0 0.33532934131736525 0 0 40.784 49.778 32.078
1 61 6 0 0.31137724550898194 0 0 43.434 48.473 29.706
1 62 7 0 0.10778443113772451 0 0 46.380 50.321 31.186
1 63 7 0 0.07784431137724557 0 0 49.652 48.630 32.151
1 64 20 0 0.017964071856287345 0 0 50.684 51.078 34.833
1 65 17 0 0.0 0 0 48.685 53.502 37.033
1 66 0 0 0.08982035928143717 0 0 45.470 51.629 36.621
1 67 14 0 0.2335329341317366 0 0 42.937 49.614 38.545
1 68 1 0 0.4850299401197605 0 0 43.162 46.587 36.273
1 69 3 0 0.4251497005988024 0 0 45.830 44.676 38.214
1 70 6 0 0.3413173652694611 0 0 44.557 46.076 41.465
1 71 20 0 0.5748502994011976 0 0 41.307 44.360 40.565
1 72 14 0 0.7005988023952096 0 0 43.311 41.212 39.748
1 73 1 0 0.4610778443113772 0 0 44.916 41.462 43.167
1 74 18 0 0.5389221556886228 0 0 41.433 41.697 44.650
1 75 9 0 0.7964071856287425 0 0 40.486 38.524 42.807
1 76 7 0 0.7065868263473054 0 0 40.646 35.322 44.762
1 77 9 0 0.8922155688622755 0 0 39.022 33.260 42.047
1 78 15 0 0.9700598802395209 0 0 39.125 33.601 38.345
1 79 12 0 0.9940119760479041 0 0 36.847 32.899 35.423
1 80 5 0 0.9820359281437125 0 0 38.956 32.973 32.305
1 81 22 0 0.9760479041916168 0 0 36.532 33.377 29.549
1 82 15 0 0.8862275449101796 0 0 36.866 32.568 25.855
1 83 0 0 0.718562874251497 0 0 34.413 32.335 23.028
1 84 11 0 0.5269461077844311 0 0 34.048 29.070 21.161
1 85 2 0 0.3293413173652695 0 0 33.512 31.066 18.006
1 86 2 0 0.3772455089820359 0 0 36.517 33.412 18.413
1 87 18 0 0.2694610778443114 0 0 39.806 31.662 17.804
1 88 13 0 0.32335329341317365 0 0 42.052 34.523 18.905
1 89 17 0 0.6227544910179641 0 0 40.416 34.497 22.340
1 90 15 0 0.592814371257485 0 0 41.668 31.072 23.117
1 91 7 0 0.41916167664670656 0 0 45.260 32.196 22.627
1 92 3 0 0.5688622754491017 0 0 44.972 35.040 25.106
1 93 11 0 0.7784431137724551 0 0 44.001 32.615 27.825
1 94 10 0 0.5508982035928144 0 0 47.639 31.989 28.554
1 95 10 0 0.5449101796407185 0 0 48.190 35.703 29.044
1 96 20 0 0.8023952095808383 0 0 45.639 36.073 31.861
1 97 1 0 0.7125748502994012 0 0 46.852 32.942 33.621
1 98 7 0 0.4491017964071856 0 0 50.423 34.009 33.204
1 99 6 0 0.4970059880239521 0 0 49.572 37.441 34.561
1 100 11 0 0.6407185628742516 0 0 47.489 36.040 37.458
1 101 13 0 0.40718562874251496 0 0 50.440 33.819 38.350
1 102 1 0 0.21556886227544902 0 0 52.668 36.876 38.691
1 103 22 0 0.34730538922155685 0 0 49.969 39.060 40.277
1 104 13 0 0.35928143712574856 0 0 49.042 36.414 42.869
1 105 3 0 0.13173652694610782 0 0 52.705 35.423 43.262
1 106 17 0 0.18562874251497008 0 0 51.796 31.875 42.664
1 107 7 0 0.15568862275449102 0 0 52.648 28.778 40.698
1 108 3 0 0.39520958083832336 0 0 49.084 28.047 39.567
1 109 22 0 0.658682634730539 0 0 45.762 29.886 39.513
1 110 16 0 0.7604790419161677 0 0 42.481 28.845 41.031
1 111 14 0 0.9041916167664671 0 0 40.461 29.167 37.856
1 112 22 0 0.9401197604790419 0 0 37.768 27.789 35.598
1 113 12 0 0.9281437125748503 0 0 37.955 27.823 31.845
1 114 22 0 0.9580838323353293 0 0 34.796 29.416 30.575
1 115 9 0 0.8562874251497006 0 0 33.526 28.734 27.084
1 116 2 0 0.8323353293413174 0 0 30.854 31.274 26.196
1 117 13 0 0.5808383233532934 0 0 28.954 31.681 22.938
1 118 5 0 0.46706586826347307 0 0 27.756 28.176 22.975
1 119 3 0 0.26347305389221565 0 0 24.345 29.420 21.757
1 120 12 0 0.10179640718562877 0 0 24.591 26.887 18.955
1 121 16 0 0.06586826347305386 0 0 26.390 23.554 18.658
1 122 17 0 0.041916167664670656 0 0 28.609 25.173 16.058
1 123 1 0 0.14970059880239517 0 0 32.094 26.022 17.138
1 124 18 0 0.09580838323353291 0 0 35.305 27.097 15.485
1 125 22 0 0.24550898203592808 0 0 37.111 26.416 18.700
1 126 3 0 0.16766467065868274 0 0 37.586 22.646 19.232
1 127 18 0 0.22754491017964074 0 0 36.067 21.097 22.407
1 128 13 0 0.11377245508982048 0 0 38.859 18.675 22.687
1 129 6 0 0.17964071856287422 0 0 41.555 21.282 22.429
1 130 0 0 0.45508982035928147 0 0 39.650 23.312 25.018
1 131 6 0 0.3652694610778443 0 0 39.440 20.184 27.137
1 132 3 0 0.19161676646706582 0 0 43.057 19.094 26.809
1 133 12 0 0.38323353293413165 0 0 44.192 22.524 27.972
1 134 0 0 0.562874251497006 0 0 41.791 22.623 30.906
1 135 1 0 0.3053892215568862 0 0 42.864 19.075 31.920
1 136 17 0 0.20958083832335328 0 0 46.446 20.076 31.453
1 137 20 0 0.4131736526946108 0 0 46.068 22.872 34.010
1 138 9 0 0.37125748502994016 0 0 43.867 20.514 36.072
1 139 11 0 0.6287425149700598 0 0 40.812 22.697 36.395
1 140 16 0 0.6826347305389222 0 0 37.374 22.130 34.852
1 141 15 0 0.7485029940119761 0 0 35.969 23.275 31.518
1 142 11 0 0.8263473053892215 0 0 32.604 24.946 31.683
1 143 7 0 0.7425149700598803 0 0 30.557 25.663 28.652
1 144 18 0 0.8083832335329342 0 0 28.060 28.583 28.859
1 145 17 0 0.6347305389221557 0 0 25.544 30.605 26.860
1 146 0 0 0.6646706586826348 0 0 24.741 34.161 28.021
1 147 13 0 0.3892215568862275 0 0 21.957 35.183 25.643
1 148 18 0 0.2574850299401197 0 0 20.226 31.799 25.968
1 149 1 0 0.437125748502994 0 0 20.895 31.847 29.764
1 150 6 0 0.4730538922155688 0 0 22.340 28.346 30.066
1 151 9 0 0.6706586826347305 0 0 25.176 27.508 32.305
1 152 22 0 0.8143712574850299 0 0 25.402 31.011 33.637
1 153 3 0 0.7305389221556886 0 0 25.045 30.300 37.293
1 154 3 0 0.7544910179640718 0 0 26.960 27.105 36.938
1 155 0 0 0.9161676646706587 0 0 30.311 28.489 35.892
1 156 15 0 0.9101796407185628 0 0 30.370 30.512 39.142
1 157 20 0 0.7365269461077844 0 0 29.253 27.668 41.367
1 158 18 0 0.7724550898203593 0 0 31.790 25.335 39.842
1 159 12 0 0.8622754491017964 0 0 34.602 27.650 40.835
1 160 22 0 0.6946107784431137 0 0 33.345 27.742 44.469
1 161 1 0 0.5149700598802396 0 0 33.100 24.039 44.392
1 162 7 0 0.5568862275449102 0 0 36.709 23.758 43.177
1 163 11 0 0.5089820359281436 0 0 37.922 26.036 45.994
1 164 1 0 0.27544910179640725 0 0 35.748 24.505 48.647
1 165 13 0 0.16167664670658677 0 0 36.160 20.809 48.054
1 166 10 0 0.02395209580838331 0 0 37.550 18.654 50.836
1 167 13 0 0.0119760479041916 0 0 41.169 18.165 49.983
