5.000000000000000000e+00 1.160714253783226013e-01 2.576399993896484375e+01 3.820000076293945312e+01 4.176900100708007812e+01
1.600000000000000000e+01 2.455357164144515991e-01 2.706900024414062500e+01 4.186600112915039062e+01 4.168700027465820312e+01
1.200000000000000000e+01 5.044642686843872070e-01 3.081800079345703125e+01 4.127500152587890625e+01 4.159099960327148438e+01
1.400000000000000000e+01 5.580357313156127930e-01 3.187500000000000000e+01 3.874000167846679688e+01 3.898600006103515625e+01
2.200000000000000000e+01 7.142857313156127930e-01 3.509400177001953125e+01 3.770399856567382812e+01 3.749399948120117188e+01
1.300000000000000000e+01 6.785714030265808105e-01 3.568500137329101562e+01 3.551599884033203125e+01 3.441400146484375000e+01
2.200000000000000000e+01 7.366071343421936035e-01 3.929299926757812500e+01 3.431499862670898438e+01 3.349399948120117188e+01
1.200000000000000000e+01 6.830357313156127930e-01 4.057199859619140625e+01 3.297900009155273438e+01 3.015500068664550781e+01
3.000000000000000000e+00 6.383928656578063965e-01 4.393099975585937500e+01 3.140699958801269531e+01 2.911499977111816406e+01
0.000000000000000000e+00 6.250000000000000000e-01 4.518199920654296875e+01 3.307400131225585938e+01 2.586700057983398438e+01
2.200000000000000000e+01 4.419642984867095947e-01 4.752500152587890625e+01 3.015200042724609375e+01 2.509799957275390625e+01
1.000000000000000000e+00 2.544642984867095947e-01 4.483900070190429688e+01 2.749699974060058594e+01 2.477199935913085938e+01
9.000000000000000000e+00 3.035714328289031982e-01 4.224200057983398438e+01 3.009300041198730469e+01 2.386300086975097656e+01
1.700000000000000000e+01 2.901785671710968018e-01 3.975299835205078125e+01 2.889599990844726562e+01 2.656599998474121094e+01
1.600000000000000000e+01 3.928571343421936035e-01 3.850699996948242188e+01 2.944300079345703125e+01 3.016099929809570312e+01
0.000000000000000000e+00 5.223214030265808105e-01 4.106000137329101562e+01 2.911100006103515625e+01 3.292699813842773438e+01
1.100000000000000000e+01 3.169642984867095947e-01 3.991400146484375000e+01 2.670299911499023438e+01 3.573600006103515625e+01
2.000000000000000000e+00 3.392857015132904053e-01 4.120000076293945312e+01 2.690800094604492188e+01 3.927000045776367188e+01
2.200000000000000000e+01 6.473214030265808105e-01 4.263399887084960938e+01 3.044499969482421875e+01 3.897600173950195312e+01
0.000000000000000000e+00 6.562500000000000000e-01 4.254899978637695312e+01 3.176600074768066406e+01 4.262400054931640625e+01
1.400000000000000000e+01 7.544642686843872070e-01 4.194699859619140625e+01 3.531600189208984375e+01 4.355300140380859375e+01
2.200000000000000000e+01 7.053571343421936035e-01 3.852999877929687500e+01 4.061100006103515625e+01 4.680599975585937500e+01
1.500000000000000000e+01 6.875000000000000000e-01 3.949800109863281250e+01 4.343999862670898438e+01 4.901499938964843750e+01
1.000000000000000000e+00 5.625000000000000000e-01 3.762200164794921875e+01 4.662300109863281250e+01 4.987400054931640625e+01
1.300000000000000000e+01 5.178571343421936035e-01 3.897399902343750000e+01 4.980699920654296875e+01 5.097200012207031250e+01
0.000000000000000000e+00 2.276785671710968018e-01 3.857699966430664062e+01 5.091699981689453125e+01 5.471300125122070312e+01
0.000000000000000000e+00 9.375000000000000000e-02 3.794400024414062500e+01 5.473600006103515625e+01 5.551900100708007812e+01
3.000000000000000000e+00 8.928571641445159912e-02 4.154899978637695312e+01 5.534600067138671875e+01 5.662400054931640625e+01
3.000000000000000000e+00 3.258928656578063965e-01 4.263999938964843750e+01 5.382899856567382812e+01 5.330799865722656250e+01
1.800000000000000000e+01 3.571428656578063965e-01 4.379199981689453125e+01 5.033300018310546875e+01 5.443500137329101562e+01
1.900000000000000000e+01 5.491071343421936035e-01 4.258200073242187500e+01 4.736999893188476562e+01 5.240499877929687500e+01
7.000000000000000000e+00 3.526785671710968018e-01 4.005400085449218750e+01 4.514099884033203125e+01 5.410499954223632812e+01
1.600000000000000000e+01 4.107142984867095947e-01 4.002000045776367188e+01 4.140000152587890625e+01 5.310900115966796875e+01
1.500000000000000000e+01 3.482142984867095947e-01 3.642699813842773438e+01 4.109400177001953125e+01 5.168700027465820312e+01
0.000000000000000000e+00 3.705357015132904053e-01 3.572399902343750000e+01 3.781900024414062500e+01 4.980899810791015625e+01
1.700000000000000000e+01 4.910714328289031982e-01 3.793899917602539062e+01 3.499499893188476562e+01 4.822600173950195312e+01
9.000000000000000000e+00 3.839285671710968018e-01 3.782400131225585938e+01 3.184900093078613281e+01 4.598600006103515625e+01
1.300000000000000000e+01 4.955357015132904053e-01 3.900899887084960938e+01 3.022900009155273438e+01 4.272299957275390625e+01
1.800000000000000000e+01 4.642857015132904053e-01 3.729000091552734375e+01 2.995999908447265625e+01 3.929999923706054688e+01
1.700000000000000000e+01 2.142857164144515991e-01 3.494300079345703125e+01 2.734199905395507812e+01 3.797399902343750000e+01
7.000000000000000000e+00 9.821428358554840088e-02 3.517100143432617188e+01 2.503300094604492188e+01 3.481999969482421875e+01
1.700000000000000000e+01 1.651785671710968018e-01 3.352700042724609375e+01 2.772699928283691406e+01 3.258200073242187500e+01
9.000000000000000000e+00 4.285714328289031982e-01 3.598099899291992188e+01 3.038199996948242188e+01 3.400400161743164062e+01
7.000000000000000000e+00 4.330357015132904053e-01 3.357099914550781250e+01 3.242200088500976562e+01 3.603799819946289062e+01
1.200000000000000000e+01 4.196428656578063965e-01 3.394900131225585938e+01 3.244100189208984375e+01 3.991799926757812500e+01
9.000000000000000000e+00 1.026785746216773987e-01 2.850900077819824219e+01 3.369200134277343750e+01 4.434000015258789062e+01
1.200000000000000000e+01 2.812500000000000000e-01 3.119199943542480469e+01 3.613199996948242188e+01 4.576699829101562500e+01
1.800000000000000000e+01 1.696428507566452026e-01 2.876600074768066406e+01 3.879499816894531250e+01 4.721200180053710938e+01
1.800000000000000000e+01 4.017857089638710022e-02 2.494400024414062500e+01 3.985499954223632812e+01 4.746200180053710938e+01
7.000000000000000000e+00 1.339285727590322495e-02 2.318300056457519531e+01 4.327799987792968750e+01 4.661800003051757812e+01
7.000000000000000000e+00 0.000000000000000000e+00 2.261300086975097656e+01 4.422999954223632812e+01 5.033399963378906250e+01
7.000000000000000000e+00 2.678571455180644989e-02 2.623999977111816406e+01 4.316500091552734375e+01 5.104100036621093750e+01
1.500000000000000000e+01 1.428571492433547974e-01 2.788800048828125000e+01 4.507199859619140625e+01 4.823500061035156250e+01
2.200000000000000000e+01 7.589285820722579956e-02 2.794400024414062500e+01 4.866400146484375000e+01 4.958900070190429688e+01
7.000000000000000000e+00 1.562500000000000000e-01 2.919300079345703125e+01 5.179899978637695312e+01 4.789500045776367188e+01
9.000000000000000000e+00 3.214285671710968018e-01 3.299700164794921875e+01 5.217499923706054688e+01 4.797200012207031250e+01
1.100000000000000000e+01 6.205357313156127930e-01 3.629600143432617188e+01 5.108000183105468750e+01 4.628499984741210938e+01
2.000000000000000000e+01 7.187500000000000000e-01 3.696400070190429688e+01 4.738100051879882812e+01 4.568000030517578125e+01
1.300000000000000000e+01 8.660714030265808105e-01 4.001699829101562500e+01 4.544400024414062500e+01 4.452700042724609375e+01
2.200000000000000000e+01 8.839285969734191895e-01 4.036700057983398438e+01 4.200000000000000000e+01 4.310200119018554688e+01
7.000000000000000000e+00 9.285714030265808105e-01 4.397200012207031250e+01 4.040299987792968750e+01 4.338199996948242188e+01
1.100000000000000000e+01 9.196428656578063965e-01 4.470299911499023438e+01 3.750500106811523438e+01 4.109700012207031250e+01
3.000000000000000000e+00 8.258928656578063965e-01 4.735100173950195312e+01 3.497499847412109375e+01 4.181800079345703125e+01
1.800000000000000000e+01 8.705357313156127930e-01 4.824200057983398438e+01 3.435800170898437500e+01 3.808300018310546875e+01
1.300000000000000000e+01 7.678571343421936035e-01 5.177399826049804688e+01 3.310100173950195312e+01 3.833800125122070312e+01
1.700000000000000000e+01 6.116071343421936035e-01 5.106100082397460938e+01 2.977799987792968750e+01 4.013299942016601562e+01
2.000000000000000000e+01 5.803571343421936035e-01 4.867699813842773438e+01 2.871500015258789062e+01 3.725999832153320312e+01
1.900000000000000000e+01 5.669642686843872070e-01 5.164599990844726562e+01 2.897999954223632812e+01 3.483100128173828125e+01
1.300000000000000000e+01 3.750000000000000000e-01 5.403200149536132812e+01 2.731100082397460938e+01 3.738700103759765625e+01
0.000000000000000000e+00 2.321428507566452026e-01 5.160699844360351562e+01 2.440699958801269531e+01 3.776100158691406250e+01
1.200000000000000000e+01 1.964285671710968018e-01 5.209099960327148438e+01 2.385000038146972656e+01 3.394599914550781250e+01
9.000000000000000000e+00 1.294642835855484009e-01 5.600299835205078125e+01 2.390099906921386719e+01 3.419599914550781250e+01
1.100000000000000000e+01 3.080357015132904053e-01 5.605199813842773438e+01 2.745499992370605469e+01 3.288700103759765625e+01
1.700000000000000000e+01 4.732142984867095947e-01 5.808100128173828125e+01 3.043099975585937500e+01 3.431600189208984375e+01
1.600000000000000000e+01 7.008928656578063965e-01 5.570399856567382812e+01 3.351200103759765625e+01 3.363800048828125000e+01
1.500000000000000000e+01 7.946428656578063965e-01 5.682699966430664062e+01 3.716400146484375000e+01 3.342699813842773438e+01
7.000000000000000000e+00 8.883928656578063965e-01 5.375699996948242188e+01 3.793399810791015625e+01 3.937400054931640625e+01
0.000000000000000000e+00 9.866071343421936035e-01 4.751699829101562500e+01 4.091199874877929688e+01 3.854100036621093750e+01
7.000000000000000000e+00 9.910714030265808105e-01 4.582199859619140625e+01 4.361500167846679688e+01 4.049499893188476562e+01
2.200000000000000000e+01 9.732142686843872070e-01 4.267100143432617188e+01 4.575799942016601562e+01 3.948500061035156250e+01
2.200000000000000000e+01 9.330357313156127930e-01 4.122999954223632812e+01 4.853300094604492188e+01 4.179499816894531250e+01
1.500000000000000000e+01 8.214285969734191895e-01 3.786299896240234375e+01 5.002199935913085938e+01 4.104600143432617188e+01
1.800000000000000000e+01 6.607142686843872070e-01 3.501399993896484375e+01 5.240900039672851562e+01 4.238000106811523438e+01
0.000000000000000000e+00 5.133928656578063965e-01 3.180500030517578125e+01 5.030599975585937500e+01 4.289300155639648438e+01
2.000000000000000000e+00 2.410714328289031982e-01 2.827499961853027344e+01 5.176900100708007812e+01 4.286899948120117188e+01
3.000000000000000000e+00 2.232142835855484009e-01 2.936499977111816406e+01 5.531100082397460938e+01 4.159299850463867188e+01
1.700000000000000000e+01 6.250000000000000000e-02 2.619700050354003906e+01 5.724399948120117188e+01 4.154700088500976562e+01
9.000000000000000000e+00 2.232142910361289978e-02 2.388199996948242188e+01 5.443799972534179688e+01 4.274399948120117188e+01
1.600000000000000000e+01 6.696428358554840088e-02 2.387700080871582031e+01 5.055400085449218750e+01 4.240599822998046875e+01
1.000000000000000000e+00 1.830357164144515991e-01 2.572400093078613281e+01 4.866299819946289062e+01 3.952000045776367188e+01
1.000000000000000000e+00 2.767857015132904053e-01 2.663899993896484375e+01 4.504600143432617188e+01 3.873199844360351562e+01
2.000000000000000000e+01 5.446428656578063965e-01 3.016900062561035156e+01 4.434500122070312500e+01 3.716299819946289062e+01
1.800000000000000000e+01 6.026785969734191895e-01 3.134499931335449219e+01 4.144499969482421875e+01 3.501699829101562500e+01
1.100000000000000000e+01 8.035714030265808105e-01 3.518399810791015625e+01 4.153400039672851562e+01 3.467499923706054688e+01
0.000000000000000000e+00 8.125000000000000000e-01 3.697100067138671875e+01 3.921200180053710938e+01 3.220199966430664062e+01
0.000000000000000000e+00 9.107142686843872070e-01 4.075699996948242188e+01 3.880799865722656250e+01 3.246300125122070312e+01
1.200000000000000000e+01 8.571428656578063965e-01 4.295899963378906250e+01 3.701300048828125000e+01 2.982500076293945312e+01
1.200000000000000000e+01 8.616071343421936035e-01 4.627700042724609375e+01 3.539099884033203125e+01 3.088199996948242188e+01
1.700000000000000000e+01 7.767857313156127930e-01 4.959000015258789062e+01 3.486800003051757812e+01 2.881800079345703125e+01
1.600000000000000000e+01 7.276785969734191895e-01 5.302799987792968750e+01 3.407600021362304688e+01 3.033600044250488281e+01
2.000000000000000000e+01 7.857142686843872070e-01 5.427999877929687500e+01 3.736500167846679688e+01 2.885400009155273438e+01
1.700000000000000000e+01 8.928571343421936035e-01 5.102199935913085938e+01 3.940999984741210938e+01 2.864299964904785156e+01
2.000000000000000000e+01 9.687500000000000000e-01 4.778400039672851562e+01 4.013100051879882812e+01 3.041399955749511719e+01
1.700000000000000000e+01 9.598214030265808105e-01 4.452899932861328125e+01 4.188899993896484375e+01 2.955100059509277344e+01
1.800000000000000000e+01 9.642857313156127930e-01 4.145100021362304688e+01 4.280599975585937500e+01 3.169000053405761719e+01
1.800000000000000000e+01 8.750000000000000000e-01 3.809799957275390625e+01 4.427899932861328125e+01 3.070999908447265625e+01
0.000000000000000000e+00 8.080357313156127930e-01 3.510499954223632812e+01 4.563700103759765625e+01 3.263000106811523438e+01
2.200000000000000000e+01 5.848214030265808105e-01 3.136800003051757812e+01 4.590999984741210938e+01 3.178000068664550781e+01
2.200000000000000000e+01 4.598214328289031982e-01 2.926700019836425781e+01 4.834899902343750000e+01 3.372600173950195312e+01
1.800000000000000000e+01 2.098214328289031982e-01 2.566200065612792969e+01 4.712200164794921875e+01 3.418199920654296875e+01
2.000000000000000000e+00 5.803571268916130066e-02 2.261800003051757812e+01 4.864199829101562500e+01 3.576399993896484375e+01
1.600000000000000000e+01 8.928571827709674835e-03 2.027599906921386719e+01 4.651100158691406250e+01 3.789199829101562500e+01
5.000000000000000000e+00 1.071428582072257996e-01 6.823500061035156250e+01 5.022399902343750000e+01 2.724900054931640625e+01
1.600000000000000000e+01 2.053571492433547974e-01 6.804199981689453125e+01 4.826900100708007812e+01 3.069300079345703125e+01
1.200000000000000000e+01 4.866071343421936035e-01 6.430300140380859375e+01 4.911700057983398438e+01 3.106500053405761719e+01
1.400000000000000000e+01 5.267857313156127930e-01 6.194300079345703125e+01 5.084999847412109375e+01 2.889299964904785156e+01
2.200000000000000000e+01 7.098214030265808105e-01 5.811600112915039062e+01 5.131000137329101562e+01 2.912599945068359375e+01
1.300000000000000000e+01 6.696428656578063965e-01 5.592499923706054688e+01 5.261500167846679688e+01 2.625200080871582031e+01
2.200000000000000000e+01 7.232142686843872070e-01 5.224900054931640625e+01 5.347100067138671875e+01 2.628100013732910156e+01
1.200000000000000000e+01 6.651785969734191895e-01 4.960900115966796875e+01 5.313100051879882812e+01 2.350699996948242188e+01
3.000000000000000000e+00 6.294642686843872070e-01 4.600500106811523438e+01 5.449399948120117188e+01 2.331999969482421875e+01
0.000000000000000000e+00 5.982142686843872070e-01 4.326800155639648438e+01 5.226499938964843750e+01 2.195800018310546875e+01
2.200000000000000000e+01 3.794642984867095947e-01 4.069300079345703125e+01 5.502500152587890625e+01 2.137400054931640625e+01
1.000000000000000000e+00 2.366071492433547974e-01 4.309299850463867188e+01 5.697700119018554688e+01 1.910799980163574219e+01
9.000000000000000000e+00 2.991071343421936035e-01 4.496599960327148438e+01 5.372999954223632812e+01 1.806900024414062500e+01
1.700000000000000000e+01 2.857142984867095947e-01 4.814099884033203125e+01 5.558599853515625000e+01 1.856999969482421875e+01
1.600000000000000000e+01 3.348214328289031982e-01 5.102399826049804688e+01 5.661999893188476562e+01 2.090399932861328125e+01
0.000000000000000000e+00 5.089285969734191895e-01 5.000000000000000000e+01 5.798699951171875000e+01 2.440900039672851562e+01
1.100000000000000000e+01 3.125000000000000000e-01 5.172000122070312500e+01 6.131000137329101562e+01 2.536700057983398438e+01
2.000000000000000000e+00 3.303571343421936035e-01 5.250000000000000000e+01 6.259899902343750000e+01 2.883499908447265625e+01
2.200000000000000000e+01 6.339285969734191895e-01 5.132600021362304688e+01 5.943399810791015625e+01 3.055699920654296875e+01
0.000000000000000000e+00 6.517857313156127930e-01 5.303200149536132812e+01 5.942100143432617188e+01 3.390399932861328125e+01
1.400000000000000000e+01 7.633928656578063965e-01 5.412500000000000000e+01 5.631299972534179688e+01 3.576599884033203125e+01
2.200000000000000000e+01 7.321428656578063965e-01 5.856200027465820312e+01 5.224300003051757812e+01 3.928200149536132812e+01
1.500000000000000000e+01 6.964285969734191895e-01 5.950500106811523438e+01 5.034799957275390625e+01 4.247200012207031250e+01
1.000000000000000000e+00 5.937500000000000000e-01 6.168899917602539062e+01 4.755599975585937500e+01 4.358300018310546875e+01
1.300000000000000000e+01 5.312500000000000000e-01 6.115299987792968750e+01 4.517100143432617188e+01 4.653499984741210938e+01
0.000000000000000000e+00 2.633928656578063965e-01 6.316699981689453125e+01 4.638999938964843750e+01 4.951100158691406250e+01
0.000000000000000000e+00 8.035714179277420044e-02 6.507800292968750000e+01 4.406700134277343750e+01 5.175899887084960938e+01
3.000000000000000000e+00 1.205357164144515991e-01 6.191600036621093750e+01 4.356499862670898438e+01 5.396599960327148438e+01
3.000000000000000000e+00 3.616071343421936035e-01 5.972399902343750000e+01 4.328499984741210938e+01 5.075299835205078125e+01
1.800000000000000000e+01 4.553571343421936035e-01 5.812799835205078125e+01 4.677600097656250000e+01 5.096400070190429688e+01
1.900000000000000000e+01 6.160714030265808105e-01 5.807400131225585938e+01 4.869499969482421875e+01 4.769499969482421875e+01
7.000000000000000000e+00 3.883928656578063965e-01 6.096500015258789062e+01 5.115000152587890625e+01 4.776599884033203125e+01
1.600000000000000000e+01 4.776785671710968018e-01 6.072999954223632812e+01 5.374800109863281250e+01 4.506000137329101562e+01
1.500000000000000000e+01 4.241071343421936035e-01 6.308300018310546875e+01 5.314799880981445312e+01 4.209400177001953125e+01
0.000000000000000000e+00 4.151785671710968018e-01 6.240299987792968750e+01 5.567699813842773438e+01 3.925899887084960938e+01
1.700000000000000000e+01 5.000000000000000000e-01 5.977899932861328125e+01 5.800099945068359375e+01 3.777199935913085938e+01
9.000000000000000000e+00 4.375000000000000000e-01 5.881100082397460938e+01 5.962200164794921875e+01 3.460400009155273438e+01
1.300000000000000000e+01 4.821428656578063965e-01 5.613999938964843750e+01 6.052500152587890625e+01 3.191399955749511719e+01
1.800000000000000000e+01 4.062500000000000000e-01 5.609099960327148438e+01 5.955099868774414062e+01 2.812400054931640625e+01
1.700000000000000000e+01 1.875000000000000000e-01 5.750699996948242188e+01 6.098199844360351562e+01 2.500300025939941406e+01
7.000000000000000000e+00 8.482142537832260132e-02 5.561800003051757812e+01 6.201800155639648438e+01 2.186199951171875000e+01
1.700000000000000000e+01 1.607142835855484009e-01 5.618700027465820312e+01 5.840900039672851562e+01 2.044000053405761719e+01
9.000000000000000000e+00 3.973214328289031982e-01 5.470999908447265625e+01 5.710300064086914062e+01 2.378899955749511719e+01
7.000000000000000000e+00 4.017857015132904053e-01 5.804100036621093750e+01 5.590999984741210938e+01 2.525900077819824219e+01
1.200000000000000000e+01 4.464285671710968018e-01 5.980799865722656250e+01 5.649300003051757812e+01 2.858099937438964844e+01
9.000000000000000000e+00 1.116071417927742004e-01 6.632700347900390625e+01 5.725099945068359375e+01 3.091300010681152344e+01
1.200000000000000000e+01 2.678571343421936035e-01 6.508799743652343750e+01 5.551499938964843750e+01 3.414699935913085938e+01
1.800000000000000000e+01 1.383928507566452026e-01 6.831800079345703125e+01 5.380300140380859375e+01 3.516799926757812500e+01
1.800000000000000000e+01 3.571428731083869934e-02 7.169499969482421875e+01 5.264699935913085938e+01 3.391899871826171875e+01
7.000000000000000000e+00 3.125000000000000000e-02 7.255899810791015625e+01 4.888700103759765625e+01 3.379999923706054688e+01
7.000000000000000000e+00 4.464285913854837418e-03 7.487899780273437500e+01 4.940900039672851562e+01 3.675799942016601562e+01
7.000000000000000000e+00 4.464285820722579956e-02 7.201999664306640625e+01 5.019300079345703125e+01 3.919900131225585938e+01
1.500000000000000000e+01 1.473214328289031982e-01 6.968499755859375000e+01 4.757899856567382812e+01 3.767300033569335938e+01
2.200000000000000000e+01 1.250000000000000000e-01 7.005899810791015625e+01 4.453900146484375000e+01 3.970600128173828125e+01
7.000000000000000000e+00 1.919642835855484009e-01 6.836900329589843750e+01 4.125199890136718750e+01 4.075299835205078125e+01
9.000000000000000000e+00 3.660714328289031982e-01 6.507299804687500000e+01 4.162300109863281250e+01 4.259000015258789062e+01
1.100000000000000000e+01 6.428571343421936035e-01 6.136399841308593750e+01 4.199599838256835938e+01 4.217399978637695312e+01
2.000000000000000000e+01 7.500000000000000000e-01 5.984700012207031250e+01 4.511399841308593750e+01 4.058300018310546875e+01
1.300000000000000000e+01 9.017857313156127930e-01 5.646200180053710938e+01 4.661700057983398438e+01 3.984000015258789062e+01
2.200000000000000000e+01 9.151785969734191895e-01 5.555199813842773438e+01 4.956299972534179688e+01 3.752399826049804688e+01
7.000000000000000000e+00 9.419642686843872070e-01 5.226300048828125000e+01 5.161899948120117188e+01 3.825500106811523438e+01
1.100000000000000000e+01 9.241071343421936035e-01 5.079899978637695312e+01 5.368399810791015625e+01 3.521400070190429688e+01
3.000000000000000000e+00 8.348214030265808105e-01 4.824700164794921875e+01 5.660100173950195312e+01 3.582199859619140625e+01
1.800000000000000000e+01 8.437500000000000000e-01 4.569400024414062500e+01 5.585200119018554688e+01 3.311999893188476562e+01
1.300000000000000000e+01 7.455357313156127930e-01 4.296599960327148438e+01 5.779999923706054688e+01 3.512300109863281250e+01
1.700000000000000000e+01 6.071428656578063965e-01 4.483000183105468750e+01 6.119599914550781250e+01 3.457500076293945312e+01
2.000000000000000000e+01 5.758928656578063965e-01 4.528599929809570312e+01 6.062900161743164062e+01 3.092000007629394531e+01
1.900000000000000000e+01 5.535714030265808105e-01 4.151900100708007812e+01 5.995800018310546875e+01 3.028199958801269531e+01
1.300000000000000000e+01 3.437500000000000000e-01 4.061899948120117188e+01 6.294400024414062500e+01 3.250099945068359375e+01
0.000000000000000000e+00 2.187500000000000000e-01 4.290299987792968750e+01 6.535399627685546875e+01 3.049600028991699219e+01
1.200000000000000000e+01 1.785714328289031982e-01 4.103400039672851562e+01 6.449400329589843750e+01 2.735400009155273438e+01
9.000000000000000000e+00 1.517857164144515991e-01 3.758900070190429688e+01 6.429199981689453125e+01 2.911700057983398438e+01
1.100000000000000000e+01 2.946428656578063965e-01 3.658399963378906250e+01 6.057199859619140625e+01 2.862400054931640625e+01
1.700000000000000000e+01 4.508928656578063965e-01 3.550799942016601562e+01 5.878200149536132812e+01 3.169099998474121094e+01
1.600000000000000000e+01 6.919642686843872070e-01 3.841899871826171875e+01 5.665900039672851562e+01 3.312500000000000000e+01
1.500000000000000000e+01 7.812500000000000000e-01 3.751399993896484375e+01 5.338700103759765625e+01 3.511600112915039062e+01
7.000000000000000000e+00 8.973214030265808105e-01 4.269800186157226562e+01 5.369800186157226562e+01 3.897000122070312500e+01
0.000000000000000000e+00 9.821428656578063965e-01 4.767300033569335938e+01 4.989699935913085938e+01 3.511399841308593750e+01
7.000000000000000000e+00 9.955357313156127930e-01 5.002000045776367188e+01 4.768600082397460938e+01 3.720000076293945312e+01
2.200000000000000000e+01 9.776785969734191895e-01 5.269900131225585938e+01 4.534999847412109375e+01 3.590999984741210938e+01
2.200000000000000000e+01 9.508928656578063965e-01 5.469300079345703125e+01 4.321500015258789062e+01 3.845000076293945312e+01
1.500000000000000000e+01 8.392857313156127930e-01 5.783300018310546875e+01 4.109600067138671875e+01 3.757799911499023438e+01
1.800000000000000000e+01 6.741071343421936035e-01 6.096799850463867188e+01 3.924800109863281250e+01 3.882899856567382812e+01
0.000000000000000000e+00 5.357142686843872070e-01 6.386899948120117188e+01 4.089300155639648438e+01 3.715399932861328125e+01
2.000000000000000000e+00 2.589285671710968018e-01 6.723100280761718750e+01 3.923899841308593750e+01 3.625199890136718750e+01
3.000000000000000000e+00 2.500000000000000000e-01 6.612000274658203125e+01 3.572000122070312500e+01 3.745299911499023438e+01
1.700000000000000000e+01 1.339285671710968018e-01 6.705200195312500000e+01 3.387799835205078125e+01 3.428900146484375000e+01
9.000000000000000000e+00 5.357142910361289978e-02 7.033599853515625000e+01 3.570800018310546875e+01 3.449200057983398438e+01
1.600000000000000000e+01 7.142857462167739868e-02 7.074099731445312500e+01 3.928599929809570312e+01 3.334099960327148438e+01
1.000000000000000000e+00 2.008928507566452026e-01 6.809999847412109375e+01 4.087900161743164062e+01 3.096800041198730469e+01
1.000000000000000000e+00 2.723214328289031982e-01 6.673799896240234375e+01 4.409500122070312500e+01 2.916699981689453125e+01
2.000000000000000000e+01 5.401785969734191895e-01 6.300999832153320312e+01 4.462099838256835938e+01 2.951300048828125000e+01
1.800000000000000000e+01 5.714285969734191895e-01 6.090900039672851562e+01 4.650299835205078125e+01 2.696699905395507812e+01
1.100000000000000000e+01 7.723214030265808105e-01 5.725000000000000000e+01 4.683900070190429688e+01 2.807799911499023438e+01
0.000000000000000000e+00 7.991071343421936035e-01 5.421099853515625000e+01 4.788199996948242188e+01 2.587500000000000000e+01
0.000000000000000000e+00 8.794642686843872070e-01 5.081299972534179688e+01 4.905599975585937500e+01 2.745299911499023438e+01
1.200000000000000000e+01 8.303571343421936035e-01 4.763199996948242188e+01 4.960100173950195312e+01 2.552700042724609375e+01
1.200000000000000000e+01 8.526785969734191895e-01 4.490900039672851562e+01 5.168299865722656250e+01 2.737199974060058594e+01
1.700000000000000000e+01 7.589285969734191895e-01 4.125400161743164062e+01 5.184500122070312500e+01 2.648800086975097656e+01
1.600000000000000000e+01 7.410714030265808105e-01 3.877000045776367188e+01 5.327299880981445312e+01 2.922999954223632812e+01
2.000000000000000000e+01 8.169642686843872070e-01 3.738199996948242188e+01 4.991799926757812500e+01 3.064299964904785156e+01
1.700000000000000000e+01 9.062500000000000000e-01 4.029800033569335938e+01 4.770500183105468750e+01 2.944799995422363281e+01
2.000000000000000000e+01 9.553571343421936035e-01 4.410599899291992188e+01 4.754399871826171875e+01 2.930200004577636719e+01
1.700000000000000000e+01 9.375000000000000000e-01 4.625199890136718750e+01 4.501399993896484375e+01 2.753300094604492188e+01
1.800000000000000000e+01 9.464285969734191895e-01 5.009600067138671875e+01 4.493399810791015625e+01 2.824500083923339844e+01
1.800000000000000000e+01 8.482142686843872070e-01 5.284400177001953125e+01 4.274599838256835938e+01 2.673800086975097656e+01
0.000000000000000000e+00 7.901785969734191895e-01 5.651399993896484375e+01 4.250199890136718750e+01 2.779199981689453125e+01
2.200000000000000000e+01 5.892857313156127930e-01 5.933599853515625000e+01 4.138800048828125000e+01 2.567499923706054688e+01
2.200000000000000000e+01 4.687500000000000000e-01 6.266500091552734375e+01 4.043500137329101562e+01 2.737000083923339844e+01
1.800000000000000000e+01 1.741071492433547974e-01 6.614299774169921875e+01 3.997999954223632812e+01 2.571599960327148438e+01
2.000000000000000000e+00 4.910714179277420044e-02 6.975599670410156250e+01 3.965200042724609375e+01 2.681100082397460938e+01
1.600000000000000000e+01 1.785714365541934967e-02 7.155699920654296875e+01 4.306600189208984375e+01 2.721599960327148438e+01
