1 1 14 0 0.04790419161676651 0 0 23.900 32.690 53.824
1 2 18 0 0.13173652694610782 0 0 27.382 31.659 53.155
1 3 7 0 0.33532934131736525 0 0 28.748 33.460 50.139
1 4 20 0 0.5748502994011976 0 0 31.512 32.386 47.848
1 5 13 0 0.7664670658682635 0 0 32.961 34.686 45.212
1 6 12 0 0.9221556886227544 0 0 33.531 33.149 41.798
1 7 22 0 0.9580838323353293 0 0 35.195 34.840 38.906
1 8 22 0 0.9880239520958084 0 0 35.247 34.051 35.204
1 9 22 0 0.9760479041916168 0 0 38.575 34.921 33.652
1 10 9 0 0.9101796407185628 0 0 39.861 34.864 30.136
1 11 0 0 0.7724550898203593 0 0 40.967 36.118 26.821
1 12 9 0 0.6167664670658684 0 0 38.515 37.531 24.329
1 13 9 0 0.5808383233532934 0 0 36.406 35.081 22.382
1 14 22 0 0.8323353293413174 0 0 36.125 32.580 25.177
1 15 9 0 0.844311377245509 0 0 32.576 33.117 26.405
1 16 13 0 0.9401197604790419 0 0 33.313 34.404 29.906
1 17 17 0 0.8622754491017964 0 0 30.125 36.395 30.241
1 18 0 0 0.8023952095808383 0 0 28.234 33.868 28.100
1 19 12 0 0.8922155688622755 0 0 28.979 31.039 30.379
1 20 18 0 0.8862275449101796 0 0 27.688 32.988 33.322
1 21 11 0 0.6766467065868262 0 0 24.705 34.201 31.365
1 22 6 0 0.6107784431137725 0 0 23.568 30.784 30.307
1 23 12 0 0.6467065868263473 0 0 23.505 29.756 33.912
1 24 11 0 0.5149700598802396 0 0 21.584 32.656 35.394
1 25 6 0 0.3413173652694611 0 0 19.517 33.767 32.494
1 26 2 0 0.32335329341317365 0 0 19.633 30.791 30.173
1 27 10 0 0.15568862275449102 0 0 18.366 32.168 26.869
1 28 15 0 0.12574850299401197 0 0 19.643 33.804 23.762
1 29 22 0 0.14970059880239517 0 0 21.385 37.178 23.823
1 30 3 0 0.03592814371257491 0 0 20.777 39.259 20.771
1 31 7 0 0.041916167664670656 0 0 22.172 42.560 21.905
1 32 20 0 0.14371257485029942 0 0 24.894 42.884 24.545
1 33 3 0 0.11976047904191622 0 0 24.780 45.648 27.117
1 34 16 0 0.19760479041916168 0 0 28.201 46.265 28.500
1 35 18 0 0.4011976047904191 0 0 29.594 44.980 31.773
1 36 11 0 0.24550898203592808 0 0 30.210 47.838 34.155
1 37 7 0 0.28742514970059885 0 0 29.181 46.641 37.522
1 38 3 0 0.4730538922155688 0 0 27.593 43.199 37.190
1 39 17 0 0.49101796407185627 0 0 26.155 41.003 39.923
1 40 20 0 0.6047904191616766 0 0 25.118 37.514 39.001
1 41 1 0 0.5389221556886228 0 0 24.176 35.184 41.800
1 42 13 0 0.43113772455089827 0 0 22.243 32.067 42.762
1 43 6 0 0.25149700598802394 0 0 21.700 30.265 46.062
1 44 22 0 0.31137724550898194 0 0 22.627 26.724 45.226
1 45 22 0 0.17964071856287422 0 0 22.892 23.560 47.242
1 46 11 0 0.2574850299401197 0 0 26.100 21.572 46.847
1 47 3 0 0.08383233532934131 0 0 26.140 18.300 48.638
1 48 9 0 0.017964071856287345 0 0 23.770 19.297 51.410
1 49 7 0 0.07784431137724557 0 0 25.467 22.661 51.886
1 50 18 0 0.10179640718562877 0 0 23.628 25.804 50.860
1 51 5 0 0.2934131736526946 0 0 26.088 28.001 49.079
1 52 12 0 0.3652694610778443 0 0 25.484 31.461 47.674
1 53 12 0 0.6347305389221557 0 0 27.427 31.637 44.498
1 54 3 0 0.6706586826347305 0 0 28.414 35.236 43.783
1 55 11 0 0.8682634730538922 0 0 29.774 35.570 40.306
1 56 12 0 0.8502994011976048 0 0 32.062 38.360 39.183
1 57 3 0 0.8562874251497006 0 0 32.948 39.687 35.792
1 58 18 0 0.8143712574850299 0 0 36.359 41.277 35.087
1 59 0 0 0.5329341317365269 0 0 36.012 44.901 34.007
1 60 9 0 0.27544910179640725 0 0 38.088 48.056 33.527
1 61 6 0 0.16167664670658677 0 0 41.422 49.001 32.153
1 62 7 0 0.053892215568862256 0 0 42.562 51.888 34.289
1 63 7 0 0.029940119760479056 0 0 44.907 51.347 37.183
1 64 20 0 0.0059880239520957446 0 0 43.310 54.088 39.227
1 65 17 0 0.0 0 0 39.746 54.979 40.105
1 66 0 0 0.0718562874251496 0 0 38.241 51.704 39.159
1 67 14 0 0.2335329341317366 0 0 37.357 48.229 40.349
1 68 1 0 0.37125748502994016 0 0 39.467 46.306 37.888
1 69 3 0 0.41916167664670656 0 0 41.654 44.401 40.220
1 70 6 0 0.40718562874251496 0 0 39.066 44.121 42.934
1 71 20 0 0.6646706586826348 0 0 37.340 41.463 40.883
1 72 14 0 0.7305389221556886 0 0 40.417 39.278 41.364
1 73 1 0 0.4970059880239521 0 0 41.079 40.454 44.910
1 74 18 0 0.5269461077844311 0 0 37.537 39.700 46.116
1 75 9 0 0.7904191616766467 0 0 37.686 36.400 44.311
1 76 7 0 0.7485029940119761 0 0 37.814 33.004 45.994
1 77 9 0 0.9041916167664671 0 0 37.453 30.745 43.033
1 78 15 0 0.9700598802395209 0 0 38.538 31.107 39.475
1 79 12 0 0.9940119760479041 0 0 37.087 29.664 36.325
1 80 5 0 0.9820359281437125 0 0 40.056 29.920 33.883
1 81 22 0 0.9640718562874252 0 0 38.299 30.009 30.525
1 82 15 0 0.874251497005988 0 0 39.686 29.059 27.245
1 83 0 0 0.718562874251497 0 0 37.974 28.185 24.013
1 84 11 0 0.5029940119760479 0 0 38.512 25.013 22.019
1 85 2 0 0.3173652694610779 0 0 38.470 26.945 18.770
1 86 2 0 0.34730538922155685 0 0 41.197 29.408 19.528
1 87 18 0 0.281437125748503 0 0 44.753 28.662 20.550
1 88 13 0 0.3532934131736526 0 0 45.690 32.025 21.927
1 89 17 0 0.6287425149700598 0 0 43.002 31.763 24.534
1 90 15 0 0.5988023952095809 0 0 44.825 28.731 25.793
1 91 7 0 0.39520958083832336 0 0 48.250 30.308 25.552
1 92 3 0 0.5508982035928144 0 0 47.036 33.269 27.700
1 93 11 0 0.7425149700598803 0 0 46.078 31.094 30.601
1 94 10 0 0.5449101796407185 0 0 49.383 30.805 32.342
1 95 10 0 0.4850299401197605 0 0 49.892 34.544 32.771
1 96 20 0 0.7365269461077844 0 0 46.390 34.825 34.209
1 97 1 0 0.7065868263473054 0 0 47.239 32.201 36.832
1 98 7 0 0.437125748502994 0 0 50.656 33.574 37.585
1 99 6 0 0.4610778443113772 0 0 49.204 36.827 38.666
1 100 11 0 0.6407185628742516 0 0 46.271 35.144 40.434
1 101 13 0 0.44311377245508976 0 0 48.706 33.631 42.822
1 102 1 0 0.23952095808383234 0 0 50.276 36.959 43.638
1 103 22 0 0.3772455089820359 0 0 46.847 38.613 43.739
1 104 13 0 0.3892215568862275 0 0 45.806 36.114 46.383
1 105 3 0 0.16766467065868274 0 0 49.341 35.751 47.792
1 106 17 0 0.20359281437125742 0 0 49.145 32.047 47.547
1 107 7 0 0.17365269461077848 0 0 51.060 28.967 46.517
1 108 3 0 0.35928143712574856 0 0 48.188 27.109 44.870
1 109 22 0 0.6227544910179641 0 0 44.711 28.361 44.164
1 110 16 0 0.7604790419161677 0 0 41.285 26.704 43.926
1 111 14 0 0.8982035928143712 0 0 40.407 26.620 40.242
1 112 22 0 0.9461077844311377 0 0 38.419 25.154 37.411
1 113 12 0 0.9341317365269461 0 0 39.680 24.957 33.843
1 114 22 0 0.9520958083832335 0 0 36.879 25.690 31.456
1 115 9 0 0.8383233532934131 0 0 37.401 24.592 27.877
1 116 2 0 0.8263473053892215 0 0 34.533 26.376 26.146
1 117 13 0 0.5688622754491017 0 0 33.018 25.972 22.698
1 118 5 0 0.4131736526946108 0 0 32.747 22.204 22.453
1 119 3 0 0.221556886227545 0 0 29.970 22.664 19.915
1 120 12 0 0.08982035928143717 0 0 32.245 21.086 17.286
1 121 16 0 0.06586826347305386 0 0 34.835 18.319 17.665
1 122 17 0 0.02395209580838331 0 0 36.983 20.154 15.222
1 123 1 0 0.13772455089820357 0 0 39.124 21.733 17.942
1 124 18 0 0.09580838323353291 0 0 42.371 23.500 17.062
1 125 22 0 0.22754491017964074 0 0 43.660 23.289 20.572
1 126 3 0 0.11377245508982048 0 0 45.446 20.010 21.108
1 127 18 0 0.19161676646706582 0 0 43.568 18.290 23.961
1 128 13 0 0.10778443113772451 0 0 46.659 16.758 25.496
1 129 6 0 0.18562874251497008 0 0 48.161 20.214 26.182
1 130 0 0 0.45508982035928147 0 0 44.927 21.142 27.914
1 131 6 0 0.3293413173652695 0 0 45.139 17.993 29.847
1 132 3 0 0.21556886227544902 0 0 48.742 18.841 30.789
1 133 12 0 0.4491017964071856 0 0 47.955 22.363 31.872
1 134 0 0 0.5568862275449102 0 0 45.189 20.967 34.009
1 135 1 0 0.29940119760479034 0 0 47.289 18.140 35.357
1 136 17 0 0.26347305389221565 0 0 50.118 20.530 36.028
1 137 20 0 0.47904191616766467 0 0 47.900 22.873 38.018
1 138 9 0 0.4251497005988024 0 0 45.979 19.959 39.604
1 139 11 0 0.658682634730539 0 0 42.581 21.481 38.976
1 140 16 0 0.7125748502994012 0 0 39.476 20.038 37.415
1 141 15 0 0.6946107784431137 0 0 39.373 19.835 33.568
1 142 11 0 0.8083832335329342 0 0 35.882 20.681 32.492
1 143 7 0 0.688622754491018 0 0 35.014 20.717 28.846
1 144 18 0 0.7784431137724551 0 0 32.207 23.135 28.112
1 145 17 0 0.592814371257485 0 0 29.711 24.118 25.467
1 146 0 0 0.652694610778443 0 0 27.738 27.206 26.506
1 147 13 0 0.38323353293413165 0 0 25.235 26.845 23.726
1 148 18 0 0.2694610778443114 0 0 24.176 23.243 24.382
1 149 1 0 0.46706586826347307 0 0 24.248 24.095 28.072
1 150 6 0 0.5209580838323353 0 0 26.919 21.582 28.885
1 151 9 0 0.7005988023952096 0 0 29.475 21.594 31.678
1 152 22 0 0.8203592814371258 0 0 27.927 25.069 32.259
1 153 3 0 0.7245508982035929 0 0 26.434 24.096 35.589
1 154 3 0 0.7544910179640718 0 0 29.270 21.772 36.402
1 155 0 0 0.9161676646706587 0 0 32.032 24.299 35.918
1 156 15 0 0.9281437125748503 0 0 30.758 26.744 38.570
1 157 20 0 0.7964071856287425 0 0 29.607 24.053 40.931
1 158 18 0 0.7844311377245509 0 0 32.795 22.052 41.000
1 159 12 0 0.8802395209580838 0 0 34.702 25.200 41.999
1 160 22 0 0.6826347305389222 0 0 32.845 25.255 45.299
1 161 1 0 0.5089820359281436 0 0 33.748 21.668 46.195
1 162 7 0 0.5868263473053892 0 0 37.381 22.608 45.382
1 163 11 0 0.562874251497006 0 0 37.003 25.646 47.728
1 164 1 0 0.3053892215568862 0 0 36.019 23.222 50.515
1 165 13 0 0.20958083832335328 0 0 39.193 21.173 50.262
1 166 10 0 0.059880239520958 0 0 41.037 19.926 53.292
1 167 13 0 0.0119760479041916 0 0 44.790 19.586 53.767
