1 1 14 0 0.0059880239520957446 0 0 47.547 16.230 40.737
1 2 18 0 0.08383233532934131 0 0 44.177 17.973 40.883
1 3 7 0 0.281437125748503 0 0 43.970 20.968 38.574
1 4 20 0 0.5868263473053892 0 0 41.156 23.481 38.635
1 5 13 0 0.7365269461077844 0 0 40.459 25.350 35.433
1 6 12 0 0.9221556886227544 0 0 38.432 28.401 36.330
1 7 22 0 0.9580838323353293 0 0 37.139 30.955 33.885
1 8 22 0 0.9880239520958084 0 0 36.585 34.660 34.275
1 9 22 0 0.9760479041916168 0 0 33.395 35.587 32.671
1 10 9 0 0.9281437125748503 0 0 31.770 38.939 32.132
1 11 0 0 0.7844311377245509 0 0 31.196 41.918 29.840
1 12 9 0 0.6167664670658684 0 0 33.541 44.617 28.655
1 13 9 0 0.592814371257485 0 0 35.209 46.741 31.227
1 14 22 0 0.8143712574850299 0 0 34.609 44.822 34.446
1 15 9 0 0.8323353293413174 0 0 38.236 44.303 35.289
1 16 13 0 0.9341317365269461 0 0 38.524 40.601 34.441
1 17 17 0 0.8383233532934131 0 0 42.234 40.627 33.731
1 18 0 0 0.7664670658682635 0 0 42.973 42.618 36.813
1 19 12 0 0.8982035928143712 0 0 41.323 40.066 39.148
1 20 18 0 0.8802395209580838 0 0 43.363 37.161 37.751
1 21 11 0 0.6646706586826348 0 0 46.552 39.152 37.776
1 22 6 0 0.6287425149700598 0 0 46.173 39.676 41.486
1 23 12 0 0.688622754491018 0 0 45.807 36.039 42.311
1 24 11 0 0.5389221556886228 0 0 48.676 34.840 40.199
1 25 6 0 0.3173652694610779 0 0 51.180 37.665 39.617
1 26 2 0 0.2934131736526946 0 0 50.185 39.859 42.615
1 27 10 0 0.2694610778443114 0 0 49.738 43.070 40.667
1 28 15 0 0.35928143712574856 0 0 47.452 45.371 38.580
1 29 22 0 0.3532934131736526 0 0 47.470 45.073 34.830
1 30 3 0 0.16766467065868274 0 0 46.549 48.192 32.934
1 31 7 0 0.10778443113772451 0 0 47.638 47.484 29.388
1 32 20 0 0.20958083832335328 0 0 45.245 45.559 27.185
1 33 3 0 0.2335329341317366 0 0 45.964 42.102 25.749
1 34 16 0 0.41916167664670656 0 0 43.369 39.559 24.907
1 35 18 0 0.49101796407185627 0 0 44.985 36.780 26.972
1 36 11 0 0.4011976047904191 0 0 44.552 33.606 24.996
1 37 7 0 0.12574850299401197 0 0 48.140 32.853 24.009
1 38 3 0 0.23952095808383234 0 0 49.197 33.802 27.515
1 39 17 0 0.4131736526946108 0 0 48.472 31.379 30.309
1 40 20 0 0.5149700598802396 0 0 48.327 31.649 34.088
1 41 1 0 0.4730538922155688 0 0 48.578 29.056 36.866
1 42 13 0 0.34730538922155685 0 0 49.616 28.795 40.486
1 43 6 0 0.15568862275449102 0 0 49.684 26.153 43.227
1 44 22 0 0.19760479041916168 0 0 47.997 27.008 46.453
1 45 22 0 0.08982035928143717 0 0 47.054 25.490 49.778
1 46 11 0 0.20359281437125742 0 0 43.324 25.981 50.240
1 47 3 0 0.059880239520958 0 0 41.872 24.543 53.406
1 48 9 0 0.0 0 0 44.706 22.146 53.916
1 49 7 0 0.017964071856287345 0 0 44.689 20.491 50.498
1 50 18 0 0.04790419161676651 0 0 46.935 22.012 47.893
1 51 5 0 0.16167664670658677 0 0 45.570 22.392 44.365
1 52 12 0 0.29940119760479034 0 0 46.726 23.918 41.073
1 53 12 0 0.5988023952095809 0 0 44.681 26.789 39.678
1 54 3 0 0.6347305389221557 0 0 44.831 27.421 35.941
1 55 11 0 0.844311377245509 0 0 42.854 30.493 34.967
1 56 12 0 0.8622754491017964 0 0 41.021 31.348 31.790
1 57 3 0 0.874251497005988 0 0 40.515 34.948 30.720
1 58 18 0 0.8502994011976048 0 0 37.715 35.880 28.343
1 59 0 0 0.652694610778443 0 0 38.087 38.538 25.731
1 60 9 0 0.437125748502994 0 0 36.105 40.184 22.906
1 61 6 0 0.33532934131736525 0 0 32.703 39.332 21.647
1 62 7 0 0.31137724550898194 0 0 30.214 36.450 21.545
1 63 7 0 0.06586826347305386 0 0 29.565 35.124 18.035
1 64 20 0 0.053892215568862256 0 0 28.296 31.530 18.465
1 65 17 0 0.041916167664670656 0 0 31.645 30.201 17.437
1 66 0 0 0.03592814371257491 0 0 32.712 26.697 18.144
1 67 14 0 0.11976047904191622 0 0 35.823 28.206 19.598
1 68 1 0 0.3892215568862275 0 0 34.237 30.257 22.316
1 69 3 0 0.37125748502994016 0 0 32.080 27.423 23.575
1 70 6 0 0.26347305389221565 0 0 34.943 24.921 23.753
1 71 20 0 0.5269461077844311 0 0 36.880 27.535 25.697
1 72 14 0 0.6766467065868262 0 0 33.898 27.635 28.001
1 73 1 0 0.4850299401197605 0 0 33.876 23.800 28.340
1 74 18 0 0.5329341317365269 0 0 37.404 23.847 29.472
1 75 9 0 0.7724550898203593 0 0 36.381 25.558 32.636
1 76 7 0 0.7485029940119761 0 0 35.135 23.902 35.731
1 77 9 0 0.8922155688622755 0 0 33.785 26.989 37.478
1 78 15 0 0.9640718562874252 0 0 32.845 30.444 36.451
1 79 12 0 0.9940119760479041 0 0 33.814 33.726 38.106
1 80 5 0 0.9820359281437125 0 0 31.147 35.963 36.805
1 81 22 0 0.9700598802395209 0 0 32.106 39.579 36.916
1 82 15 0 0.8682634730538922 0 0 30.128 42.792 36.758
1 83 0 0 0.7125748502994012 0 0 31.102 46.339 37.553
1 84 11 0 0.5029940119760479 0 0 29.136 48.281 40.023
1 85 2 0 0.24550898203592808 0 0 29.074 51.550 37.995
1 86 2 0 0.3413173652694611 0 0 27.973 49.851 34.872
1 87 18 0 0.2574850299401197 0 0 24.361 48.663 34.967
1 88 13 0 0.3293413173652695 0 0 24.608 46.804 31.681
1 89 17 0 0.6227544910179641 0 0 27.425 44.712 33.088
1 90 15 0 0.6047904191616766 0 0 25.155 43.815 35.980
1 91 7 0 0.44311377245508976 0 0 22.282 42.998 33.617
1 92 3 0 0.5748502994011976 0 0 24.531 40.983 31.266
1 93 11 0 0.7904191616766467 0 0 25.267 38.340 33.774
1 94 10 0 0.5568862275449102 0 0 21.951 36.538 33.205
1 95 10 0 0.4970059880239521 0 0 22.682 36.175 29.526
1 96 20 0 0.7544910179640718 0 0 26.072 34.828 30.411
1 97 1 0 0.718562874251497 0 0 24.503 32.305 32.830
1 98 7 0 0.45508982035928147 0 0 22.281 31.273 29.920
1 99 6 0 0.5209580838323353 0 0 25.400 30.645 27.913
1 100 11 0 0.6706586826347305 0 0 27.028 28.669 30.715
1 101 13 0 0.43113772455089827 0 0 23.872 26.574 30.877
1 102 1 0 0.22754491017964074 0 0 23.864 25.890 27.184
1 103 22 0 0.32335329341317365 0 0 27.385 24.576 27.188
1 104 13 0 0.40718562874251496 0 0 27.502 22.978 30.666
1 105 3 0 0.13173652694610782 0 0 23.926 21.649 30.406
1 106 17 0 0.21556886227544902 0 0 23.190 22.159 34.102
1 107 7 0 0.3652694610778443 0 0 22.497 24.870 36.626
1 108 3 0 0.38323353293413165 0 0 24.414 23.349 39.522
1 109 22 0 0.5808383233532934 0 0 27.657 23.985 37.740
1 110 16 0 0.8023952095808383 0 0 29.677 26.298 39.938
1 111 14 0 0.9101796407185628 0 0 29.083 29.984 39.635
1 112 22 0 0.9461077844311377 0 0 30.429 32.722 41.911
1 113 12 0 0.9401197604790419 0 0 29.271 36.285 41.351
1 114 22 0 0.9520958083832335 0 0 31.886 39.015 41.565
1 115 9 0 0.8562874251497006 0 0 30.999 42.740 41.779
1 116 2 0 0.8203592814371258 0 0 34.192 44.627 40.875
1 117 13 0 0.562874251497006 0 0 35.162 48.276 41.205
1 118 5 0 0.46706586826347307 0 0 34.238 48.458 44.900
1 119 3 0 0.19161676646706582 0 0 36.803 51.228 45.227
1 120 12 0 0.09580838323353291 0 0 34.781 53.849 43.427
1 121 16 0 0.02395209580838331 0 0 32.088 55.451 45.537
1 122 17 0 0.0119760479041916 0 0 29.912 56.064 42.483
1 123 1 0 0.10179640718562877 0 0 27.989 52.873 42.002
1 124 18 0 0.07784431137724557 0 0 25.048 52.484 39.685
1 125 22 0 0.221556886227545 0 0 24.274 49.079 41.179
1 126 3 0 0.11377245508982048 0 0 23.251 48.914 44.791
1 127 18 0 0.17964071856287422 0 0 24.482 46.215 47.092
1 128 13 0 0.0718562874251496 0 0 20.844 45.305 47.653
1 129 6 0 0.14371257485029942 0 0 20.223 44.961 43.918
1 130 0 0 0.4610778443113772 0 0 23.325 42.807 43.760
1 131 6 0 0.3053892215568862 0 0 22.191 40.723 46.737
1 132 3 0 0.14970059880239517 0 0 18.746 40.139 45.273
1 133 12 0 0.39520958083832336 0 0 20.132 38.621 42.087
1 134 0 0 0.5449101796407185 0 0 22.657 36.568 43.998
1 135 1 0 0.25149700598802394 0 0 19.938 34.980 46.115
1 136 17 0 0.18562874251497008 0 0 17.836 34.397 42.952
1 137 20 0 0.4491017964071856 0 0 20.537 32.123 41.585
1 138 9 0 0.3772455089820359 0 0 21.513 30.786 45.018
1 139 11 0 0.6407185628742516 0 0 25.140 31.570 44.693
1 140 16 0 0.6946107784431137 0 0 27.687 33.407 46.806
1 141 15 0 0.7784431137724551 0 0 28.392 36.963 46.001
1 142 11 0 0.8083832335329342 0 0 31.533 38.970 46.369
1 143 7 0 0.6826347305389222 0 0 32.063 42.638 46.440
1 144 18 0 0.7245508982035929 0 0 35.658 43.367 45.564
1 145 17 0 0.6107784431137725 0 0 38.336 45.729 44.308
1 146 0 0 0.7005988023952096 0 0 40.975 44.493 41.895
1 147 13 0 0.4251497005988024 0 0 42.851 47.778 42.294
1 148 18 0 0.27544910179640725 0 0 43.068 47.422 46.022
1 149 1 0 0.5089820359281436 0 0 42.970 43.594 46.124
1 150 6 0 0.47904191616766467 0 0 40.110 43.337 48.512
1 151 9 0 0.658682634730539 0 0 38.226 40.014 48.449
1 152 22 0 0.8263473053892215 0 0 39.862 38.949 45.221
1 153 3 0 0.7425149700598803 0 0 41.545 35.954 46.777
1 154 3 0 0.7065868263473054 0 0 38.435 35.072 48.742
1 155 0 0 0.9041916167664671 0 0 36.572 35.115 45.496
1 156 15 0 0.9161676646706587 0 0 38.897 32.600 43.813
1 157 20 0 0.7604790419161677 0 0 38.830 30.279 46.826
1 158 18 0 0.7964071856287425 0 0 35.043 30.464 47.041
1 159 12 0 0.8862275449101796 0 0 35.018 29.134 43.511
1 160 22 0 0.7305389221556886 0 0 37.555 26.415 44.394
1 161 1 0 0.5508982035928144 0 0 35.325 25.639 47.427
1 162 7 0 0.6467065868263473 0 0 32.347 25.478 45.140
1 163 11 0 0.5688622754491017 0 0 34.179 22.899 42.964
1 164 1 0 0.28742514970059885 0 0 34.701 20.728 46.043
1 165 13 0 0.17365269461077848 0 0 31.104 20.547 47.129
1 166 10 0 0.13772455089820357 0 0 30.439 18.240 44.241
1 167 13 0 0.029940119760479056 0 0 31.672 14.672 44.353
