5.000000000000000000e+00 1.071428582072257996e-01 2.563999938964843750e+01 3.856700134277343750e+01 4.277799987792968750e+01
1.600000000000000000e+01 2.455357164144515991e-01 2.684799957275390625e+01 4.199499893188476562e+01 4.154700088500976562e+01
1.200000000000000000e+01 5.133928656578063965e-01 3.052899932861328125e+01 4.152700042724609375e+01 4.077999877929687500e+01
1.400000000000000000e+01 5.312500000000000000e-01 3.108300018310546875e+01 3.856600189208984375e+01 3.841899871826171875e+01
2.200000000000000000e+01 6.919642686843872070e-01 3.468500137329101562e+01 3.740499877929687500e+01 3.755300140380859375e+01
1.300000000000000000e+01 6.607142686843872070e-01 3.563299942016601562e+01 3.509600067138671875e+01 3.453900146484375000e+01
2.200000000000000000e+01 7.276785969734191895e-01 3.913199996948242188e+01 3.381800079345703125e+01 3.380899810791015625e+01
1.200000000000000000e+01 6.830357313156127930e-01 4.029800033569335938e+01 3.290599822998046875e+01 3.027199935913085938e+01
3.000000000000000000e+00 6.026785969734191895e-01 4.341199874877929688e+01 3.097100067138671875e+01 2.899200057983398438e+01
0.000000000000000000e+00 5.625000000000000000e-01 4.510599899291992188e+01 3.189699935913085938e+01 2.561800003051757812e+01
2.200000000000000000e+01 3.660714328289031982e-01 4.748799896240234375e+01 2.893099975585937500e+01 2.551700019836425781e+01
1.000000000000000000e+00 2.142857164144515991e-01 4.471599960327148438e+01 2.631800079345703125e+01 2.556500053405761719e+01
9.000000000000000000e+00 2.723214328289031982e-01 4.194499969482421875e+01 2.864800071716308594e+01 2.431900024414062500e+01
1.700000000000000000e+01 2.678571343421936035e-01 3.930199813842773438e+01 2.804299926757812500e+01 2.685099983215332031e+01
1.600000000000000000e+01 3.883928656578063965e-01 3.835800170898437500e+01 2.911300086975097656e+01 3.036599922180175781e+01
0.000000000000000000e+00 5.178571343421936035e-01 4.099200057983398438e+01 2.880999946594238281e+01 3.318099975585937500e+01
1.100000000000000000e+01 3.125000000000000000e-01 4.020100021362304688e+01 2.657299995422363281e+01 3.632199859619140625e+01
2.000000000000000000e+00 3.437500000000000000e-01 4.104000091552734375e+01 2.694199943542480469e+01 4.007199859619140625e+01
2.200000000000000000e+01 6.428571343421936035e-01 4.273199844360351562e+01 3.030200004577636719e+01 3.959099960327148438e+01
0.000000000000000000e+00 6.651785969734191895e-01 4.310400009155273438e+01 3.196500015258789062e+01 4.291199874877929688e+01
1.400000000000000000e+01 7.678571343421936035e-01 4.183300018310546875e+01 3.555699920654296875e+01 4.354299926757812500e+01
2.200000000000000000e+01 7.321428656578063965e-01 3.893199920654296875e+01 4.133800125122070312e+01 4.658300018310546875e+01
1.500000000000000000e+01 7.008928656578063965e-01 3.995399856567382812e+01 4.442599868774414062e+01 4.856100082397460938e+01
1.000000000000000000e+00 6.205357313156127930e-01 3.852600097656250000e+01 4.779999923706054688e+01 4.928200149536132812e+01
1.300000000000000000e+01 5.357142686843872070e-01 4.013600158691406250e+01 5.088700103759765625e+01 5.083000183105468750e+01
0.000000000000000000e+00 2.544642984867095947e-01 3.892499923706054688e+01 5.135300064086914062e+01 5.438800048828125000e+01
0.000000000000000000e+00 7.589285820722579956e-02 3.841500091552734375e+01 5.469499969482421875e+01 5.637200164794921875e+01
3.000000000000000000e+00 7.142857462167739868e-02 4.214199829101562500e+01 5.488299942016601562e+01 5.759299850463867188e+01
3.000000000000000000e+00 2.901785671710968018e-01 4.330799865722656250e+01 5.431100082397460938e+01 5.399000167846679688e+01
1.800000000000000000e+01 3.526785671710968018e-01 4.432600021362304688e+01 5.065900039672851562e+01 5.441999816894531250e+01
1.900000000000000000e+01 5.714285969734191895e-01 4.326499938964843750e+01 4.793500137329101562e+01 5.216899871826171875e+01
7.000000000000000000e+00 3.973214328289031982e-01 4.046599960327148438e+01 4.585100173950195312e+01 5.384899902343750000e+01
1.600000000000000000e+01 4.732142984867095947e-01 4.000999832153320312e+01 4.212200164794921875e+01 5.265000152587890625e+01
1.500000000000000000e+01 4.196428656578063965e-01 3.647299957275390625e+01 4.188800048828125000e+01 5.119800186157226562e+01
0.000000000000000000e+00 4.776785671710968018e-01 3.641400146484375000e+01 3.856499862670898438e+01 4.938600158691406250e+01
1.700000000000000000e+01 4.866071343421936035e-01 3.818500137329101562e+01 3.535200119018554688e+01 4.837599945068359375e+01
9.000000000000000000e+00 4.419642984867095947e-01 3.803599929809570312e+01 3.230699920654296875e+01 4.623600006103515625e+01
1.300000000000000000e+01 4.910714328289031982e-01 3.924700164794921875e+01 3.042099952697753906e+01 4.309299850463867188e+01
1.800000000000000000e+01 4.598214328289031982e-01 3.747999954223632812e+01 2.978100013732910156e+01 3.974700164794921875e+01
1.700000000000000000e+01 1.875000000000000000e-01 3.481600189208984375e+01 2.708699989318847656e+01 3.922900009155273438e+01
7.000000000000000000e+00 8.482142537832260132e-02 3.491600036621093750e+01 2.424099922180175781e+01 3.665599822998046875e+01
1.700000000000000000e+01 1.205357164144515991e-01 3.333000183105468750e+01 2.670599937438964844e+01 3.411600112915039062e+01
9.000000000000000000e+00 3.571428656578063965e-01 3.626699829101562500e+01 2.914200019836425781e+01 3.483399963378906250e+01
7.000000000000000000e+00 3.839285671710968018e-01 3.364799880981445312e+01 3.157600021362304688e+01 3.621300125122070312e+01
1.200000000000000000e+01 3.750000000000000000e-01 3.301399993896484375e+01 3.275799942016601562e+01 3.981800079345703125e+01
9.000000000000000000e+00 1.741071492433547974e-01 3.016399955749511719e+01 3.393399810791015625e+01 4.489500045776367188e+01
1.200000000000000000e+01 3.258928656578063965e-01 3.220199966430664062e+01 3.693999862670898438e+01 4.579199981689453125e+01
1.800000000000000000e+01 1.964285671710968018e-01 2.945499992370605469e+01 3.910800170898437500e+01 4.752999877929687500e+01
1.800000000000000000e+01 6.696428358554840088e-02 2.571100044250488281e+01 3.999700164794921875e+01 4.784799957275390625e+01
7.000000000000000000e+00 2.232142910361289978e-02 2.370999908447265625e+01 4.324599838256835938e+01 4.706900024414062500e+01
7.000000000000000000e+00 0.000000000000000000e+00 2.358499908447265625e+01 4.407600021362304688e+01 5.079899978637695312e+01
7.000000000000000000e+00 5.357142910361289978e-02 2.727099990844726562e+01 4.345299911499023438e+01 5.133300018310546875e+01
1.500000000000000000e+01 1.517857164144515991e-01 2.837299919128417969e+01 4.538800048828125000e+01 4.816600036621093750e+01
2.200000000000000000e+01 9.375000000000000000e-02 2.780500030517578125e+01 4.901900100708007812e+01 4.941799926757812500e+01
7.000000000000000000e+00 1.562500000000000000e-01 2.959399986267089844e+01 5.213100051879882812e+01 4.785800170898437500e+01
9.000000000000000000e+00 3.214285671710968018e-01 3.339500045776367188e+01 5.284700012207031250e+01 4.763000106811523438e+01
1.100000000000000000e+01 6.160714030265808105e-01 3.669400024414062500e+01 5.198699951171875000e+01 4.599399948120117188e+01
2.000000000000000000e+01 7.455357313156127930e-01 3.746900177001953125e+01 4.839799880981445312e+01 4.516799926757812500e+01
1.300000000000000000e+01 8.839285969734191895e-01 4.010900115966796875e+01 4.615800094604492188e+01 4.355699920654296875e+01
2.200000000000000000e+01 9.107142686843872070e-01 4.013800048828125000e+01 4.251300048828125000e+01 4.240299987792968750e+01
7.000000000000000000e+00 9.464285969734191895e-01 4.359799957275390625e+01 4.080599975585937500e+01 4.244100189208984375e+01
1.100000000000000000e+01 9.285714030265808105e-01 4.408100128173828125e+01 3.756700134277343750e+01 4.046699905395507812e+01
3.000000000000000000e+00 8.526785969734191895e-01 4.703599929809570312e+01 3.520399856567382812e+01 4.142800140380859375e+01
1.800000000000000000e+01 8.794642686843872070e-01 4.800799942016601562e+01 3.459899902343750000e+01 3.779600143432617188e+01
1.300000000000000000e+01 7.901785969734191895e-01 5.167499923706054688e+01 3.335100173950195312e+01 3.839300155639648438e+01
1.700000000000000000e+01 6.562500000000000000e-01 5.052799987792968750e+01 3.050000000000000000e+01 4.055199813842773438e+01
2.000000000000000000e+01 6.250000000000000000e-01 4.833000183105468750e+01 2.914800071716308594e+01 3.781800079345703125e+01
1.900000000000000000e+01 5.982142686843872070e-01 5.100099945068359375e+01 2.928499984741210938e+01 3.498600006103515625e+01
1.300000000000000000e+01 4.687500000000000000e-01 5.364899826049804688e+01 2.795400047302246094e+01 3.747399902343750000e+01
0.000000000000000000e+00 2.812500000000000000e-01 5.143000030517578125e+01 2.477700042724609375e+01 3.800500106811523438e+01
1.200000000000000000e+01 2.232142835855484009e-01 5.139099884033203125e+01 2.407999992370605469e+01 3.432899856567382812e+01
9.000000000000000000e+00 1.473214328289031982e-01 5.518600082397460938e+01 2.408399963378906250e+01 3.416099929809570312e+01
1.100000000000000000e+01 3.169642984867095947e-01 5.491699981689453125e+01 2.734499931335449219e+01 3.217399978637695312e+01
1.700000000000000000e+01 5.000000000000000000e-01 5.688299942016601562e+01 3.037000083923339844e+01 3.318399810791015625e+01
1.600000000000000000e+01 7.187500000000000000e-01 5.490700149536132812e+01 3.359299850463867188e+01 3.357600021362304688e+01
1.500000000000000000e+01 7.991071343421936035e-01 5.638999938964843750e+01 3.701100158691406250e+01 3.320299911499023438e+01
7.000000000000000000e+00 9.196428656578063965e-01 5.332799911499023438e+01 3.836999893188476562e+01 3.913899993896484375e+01
0.000000000000000000e+00 9.910714030265808105e-01 4.671799850463867188e+01 4.070700073242187500e+01 3.745999908447265625e+01
7.000000000000000000e+00 9.955357313156127930e-01 4.447999954223632812e+01 4.344599914550781250e+01 3.889799880981445312e+01
2.200000000000000000e+01 9.732142686843872070e-01 4.196400070190429688e+01 4.639799880981445312e+01 3.817399978637695312e+01
2.200000000000000000e+01 9.375000000000000000e-01 4.097700119018554688e+01 4.921599960327148438e+01 4.045299911499023438e+01
1.500000000000000000e+01 8.214285969734191895e-01 3.744400024414062500e+01 5.072299957275390625e+01 4.019900131225585938e+01
1.800000000000000000e+01 6.339285969734191895e-01 3.488399887084960938e+01 5.295199966430664062e+01 4.198099899291992188e+01
0.000000000000000000e+00 4.955357015132904053e-01 3.171299934387207031e+01 5.094100189208984375e+01 4.276200103759765625e+01
2.000000000000000000e+00 2.187500000000000000e-01 2.802899932861328125e+01 5.205699920654296875e+01 4.281800079345703125e+01
3.000000000000000000e+00 1.830357164144515991e-01 2.901399993896484375e+01 5.577600097656250000e+01 4.222800064086914062e+01
1.700000000000000000e+01 5.803571268916130066e-02 2.581200027465820312e+01 5.710100173950195312e+01 4.076300048828125000e+01
9.000000000000000000e+00 1.785714365541934967e-02 2.359300041198730469e+01 5.433100128173828125e+01 4.221400070190429688e+01
1.600000000000000000e+01 6.250000000000000000e-02 2.373600006103515625e+01 5.057600021362304688e+01 4.263499832153320312e+01
1.000000000000000000e+00 1.294642835855484009e-01 2.479800033569335938e+01 4.870100021362304688e+01 3.934299850463867188e+01
1.000000000000000000e+00 2.321428507566452026e-01 2.599500083923339844e+01 4.523300170898437500e+01 3.835599899291992188e+01
2.000000000000000000e+01 5.044642686843872070e-01 2.940999984741210938e+01 4.446599960327148438e+01 3.686100006103515625e+01
1.800000000000000000e+01 6.071428656578063965e-01 3.141099929809570312e+01 4.174599838256835938e+01 3.482199859619140625e+01
1.100000000000000000e+01 8.035714030265808105e-01 3.517200088500976562e+01 4.151599884033203125e+01 3.497900009155273438e+01
0.000000000000000000e+00 8.080357313156127930e-01 3.684400177001953125e+01 3.912400054931640625e+01 3.243700027465820312e+01
0.000000000000000000e+00 9.017857313156127930e-01 4.065499877929687500e+01 3.850099945068359375e+01 3.225500106811523438e+01
1.200000000000000000e+01 8.392857313156127930e-01 4.244400024414062500e+01 3.666600036621093750e+01 2.948800086975097656e+01
1.200000000000000000e+01 8.437500000000000000e-01 4.566400146484375000e+01 3.516500091552734375e+01 3.074099922180175781e+01
1.700000000000000000e+01 7.812500000000000000e-01 4.865000152587890625e+01 3.440800094604492188e+01 2.869899940490722656e+01
1.600000000000000000e+01 7.232142686843872070e-01 5.229100036621093750e+01 3.362599945068359375e+01 2.985700035095214844e+01
2.000000000000000000e+01 7.946428656578063965e-01 5.368500137329101562e+01 3.711199951171875000e+01 2.875300025939941406e+01
1.700000000000000000e+01 8.883928656578063965e-01 5.057600021362304688e+01 3.918799972534179688e+01 2.827599906921386719e+01
2.000000000000000000e+01 9.553571343421936035e-01 4.729100036621093750e+01 4.003900146484375000e+01 2.986300086975097656e+01
1.700000000000000000e+01 9.419642686843872070e-01 4.402700042724609375e+01 4.169800186157226562e+01 2.881900024414062500e+01
1.800000000000000000e+01 9.687500000000000000e-01 4.136500167846679688e+01 4.291199874877929688e+01 3.119000053405761719e+01
1.800000000000000000e+01 8.616071343421936035e-01 3.792200088500976562e+01 4.437599945068359375e+01 3.045599937438964844e+01
0.000000000000000000e+00 7.857142686843872070e-01 3.501300048828125000e+01 4.554700088500976562e+01 3.247700119018554688e+01
2.200000000000000000e+01 5.892857313156127930e-01 3.137299919128417969e+01 4.585300064086914062e+01 3.145700073242187500e+01
2.200000000000000000e+01 4.330357015132904053e-01 2.884700012207031250e+01 4.782799911499023438e+01 3.368500137329101562e+01
1.800000000000000000e+01 1.696428507566452026e-01 2.513899993896484375e+01 4.658800125122070312e+01 3.350099945068359375e+01
2.000000000000000000e+00 3.125000000000000000e-02 2.177199935913085938e+01 4.744699859619140625e+01 3.498799896240234375e+01
1.600000000000000000e+01 1.339285727590322495e-02 2.057699966430664062e+01 4.482199859619140625e+01 3.746599960327148438e+01
5.000000000000000000e+00 1.383928507566452026e-01 6.786299896240234375e+01 4.923500061035156250e+01 2.807299995422363281e+01
1.600000000000000000e+01 2.589285671710968018e-01 6.743399810791015625e+01 4.661999893188476562e+01 3.088899993896484375e+01
1.200000000000000000e+01 5.223214030265808105e-01 6.377799987792968750e+01 4.759299850463867188e+01 3.136000061035156250e+01
1.400000000000000000e+01 5.535714030265808105e-01 6.183300018310546875e+01 5.014599990844726562e+01 2.913500022888183594e+01
2.200000000000000000e+01 7.053571343421936035e-01 5.804399871826171875e+01 5.087900161743164062e+01 2.931399917602539062e+01
1.300000000000000000e+01 6.785714030265808105e-01 5.606700134277343750e+01 5.202299880981445312e+01 2.624099922180175781e+01
2.200000000000000000e+01 7.366071343421936035e-01 5.232400131225585938e+01 5.311199951171875000e+01 2.626399993896484375e+01
1.200000000000000000e+01 6.473214030265808105e-01 4.993600082397460938e+01 5.340000152587890625e+01 2.333499908447265625e+01
3.000000000000000000e+00 6.116071343421936035e-01 4.619599914550781250e+01 5.433200073242187500e+01 2.311400032043457031e+01
0.000000000000000000e+00 5.669642686843872070e-01 4.371400070190429688e+01 5.216699981689453125e+01 2.130400085449218750e+01
2.200000000000000000e+01 3.348214328289031982e-01 4.141199874877929688e+01 5.504199981689453125e+01 2.044099998474121094e+01
1.000000000000000000e+00 2.053571492433547974e-01 4.379299926757812500e+01 5.650500106811523438e+01 1.789399909973144531e+01
9.000000000000000000e+00 2.991071343421936035e-01 4.578400039672851562e+01 5.314899826049804688e+01 1.763899993896484375e+01
1.700000000000000000e+01 2.857142984867095947e-01 4.888000106811523438e+01 5.520500183105468750e+01 1.826600074768066406e+01
1.600000000000000000e+01 3.303571343421936035e-01 5.156100082397460938e+01 5.635300064086914062e+01 2.091200065612792969e+01
0.000000000000000000e+00 5.089285969734191895e-01 5.020100021362304688e+01 5.768099975585937500e+01 2.430500030517578125e+01
1.100000000000000000e+01 3.080357015132904053e-01 5.210800170898437500e+01 6.079199981689453125e+01 2.521899986267089844e+01
2.000000000000000000e+00 3.482142984867095947e-01 5.259999847412109375e+01 6.211500167846679688e+01 2.884300041198730469e+01
2.200000000000000000e+01 6.383928656578063965e-01 5.128300094604492188e+01 5.909000015258789062e+01 3.055200004577636719e+01
0.000000000000000000e+00 6.517857313156127930e-01 5.299300003051757812e+01 5.918999862670898438e+01 3.399000167846679688e+01
1.400000000000000000e+01 7.500000000000000000e-01 5.461700057983398438e+01 5.638399887084960938e+01 3.589699935913085938e+01
2.200000000000000000e+01 7.142857313156127930e-01 5.854199981689453125e+01 5.245600128173828125e+01 3.930500030517578125e+01
1.500000000000000000e+01 6.964285969734191895e-01 5.904399871826171875e+01 5.044200134277343750e+01 4.254399871826171875e+01
1.000000000000000000e+00 5.848214030265808105e-01 6.166099929809570312e+01 4.781700134277343750e+01 4.359999847412109375e+01
1.300000000000000000e+01 5.267857313156127930e-01 6.120199966430664062e+01 4.530899810791015625e+01 4.648500061035156250e+01
0.000000000000000000e+00 2.410714328289031982e-01 6.364400100708007812e+01 4.559899902343750000e+01 4.947700119018554688e+01
0.000000000000000000e+00 8.035714179277420044e-02 6.575000000000000000e+01 4.310900115966796875e+01 5.126599884033203125e+01
3.000000000000000000e+00 1.116071417927742004e-01 6.262400054931640625e+01 4.234500122070312500e+01 5.326300048828125000e+01
3.000000000000000000e+00 3.392857015132904053e-01 6.029899978637695312e+01 4.247800064086914062e+01 5.020100021362304688e+01
1.800000000000000000e+01 4.107142984867095947e-01 5.874900054931640625e+01 4.597600173950195312e+01 5.097499847412109375e+01
1.900000000000000000e+01 5.580357313156127930e-01 5.837900161743164062e+01 4.856100082397460938e+01 4.821099853515625000e+01
7.000000000000000000e+00 3.616071343421936035e-01 6.109999847412109375e+01 5.124399948120117188e+01 4.771799850463867188e+01
1.600000000000000000e+01 4.375000000000000000e-01 6.077600097656250000e+01 5.398600006103515625e+01 4.504399871826171875e+01
1.500000000000000000e+01 3.928571343421936035e-01 6.312900161743164062e+01 5.331700134277343750e+01 4.205599975585937500e+01
0.000000000000000000e+00 4.151785671710968018e-01 6.242699813842773438e+01 5.551499938964843750e+01 3.897499847412109375e+01
1.700000000000000000e+01 4.464285671710968018e-01 5.995399856567382812e+01 5.830699920654296875e+01 3.797200012207031250e+01
9.000000000000000000e+00 4.062500000000000000e-01 5.867200088500976562e+01 5.996699905395507812e+01 3.474599838256835938e+01
1.300000000000000000e+01 4.821428656578063965e-01 5.622299957275390625e+01 6.019499969482421875e+01 3.189900016784667969e+01
1.800000000000000000e+01 4.642857015132904053e-01 5.609000015258789062e+01 5.882899856567382812e+01 2.822200012207031250e+01
1.700000000000000000e+01 1.919642835855484009e-01 5.803599929809570312e+01 6.085499954223632812e+01 2.563800048828125000e+01
7.000000000000000000e+00 9.821428358554840088e-02 5.670899963378906250e+01 6.165399932861328125e+01 2.202899932861328125e+01
1.700000000000000000e+01 1.339285671710968018e-01 5.729199981689453125e+01 5.806700134277343750e+01 2.061899948120117188e+01
9.000000000000000000e+00 3.794642984867095947e-01 5.515900039672851562e+01 5.683300018310546875e+01 2.357799911499023438e+01
7.000000000000000000e+00 4.017857015132904053e-01 5.841799926757812500e+01 5.560599899291992188e+01 2.513299942016601562e+01
1.200000000000000000e+01 4.553571343421936035e-01 5.987200164794921875e+01 5.608900070190429688e+01 2.859600067138671875e+01
9.000000000000000000e+00 1.250000000000000000e-01 6.668800354003906250e+01 5.574700164794921875e+01 3.095299911499023438e+01
1.200000000000000000e+01 3.035714328289031982e-01 6.473799896240234375e+01 5.440000152587890625e+01 3.378099822998046875e+01
1.800000000000000000e+01 2.098214328289031982e-01 6.761399841308593750e+01 5.221300125122070312e+01 3.485300064086914062e+01
1.800000000000000000e+01 4.017857089638710022e-02 7.141200256347656250e+01 5.128900146484375000e+01 3.427899932861328125e+01
7.000000000000000000e+00 2.678571455180644989e-02 7.247200012207031250e+01 4.753200149536132812e+01 3.387500000000000000e+01
7.000000000000000000e+00 4.464285913854837418e-03 7.467199707031250000e+01 4.793799972534179688e+01 3.709000015258789062e+01
7.000000000000000000e+00 4.910714179277420044e-02 7.170500183105468750e+01 4.931399917602539062e+01 3.899800109863281250e+01
1.500000000000000000e+01 1.785714328289031982e-01 6.904499816894531250e+01 4.679999923706054688e+01 3.757099914550781250e+01
2.200000000000000000e+01 1.428571492433547974e-01 6.931999969482421875e+01 4.369499969482421875e+01 3.954399871826171875e+01
7.000000000000000000e+00 2.366071492433547974e-01 6.743399810791015625e+01 4.045800018310546875e+01 4.056800079345703125e+01
9.000000000000000000e+00 4.241071343421936035e-01 6.427700042724609375e+01 4.107899856567382812e+01 4.250600051879882812e+01
1.100000000000000000e+01 6.741071343421936035e-01 6.066600036621093750e+01 4.200199890136718750e+01 4.210900115966796875e+01
2.000000000000000000e+01 7.633928656578063965e-01 5.966199874877929688e+01 4.513999938964843750e+01 4.014199829101562500e+01
1.300000000000000000e+01 8.928571343421936035e-01 5.634700012207031250e+01 4.691500091552734375e+01 3.998300170898437500e+01
2.200000000000000000e+01 9.062500000000000000e-01 5.563399887084960938e+01 4.965100097656250000e+01 3.747299957275390625e+01
7.000000000000000000e+00 9.241071343421936035e-01 5.273400115966796875e+01 5.186199951171875000e+01 3.855500030517578125e+01
1.100000000000000000e+01 9.151785969734191895e-01 5.123500061035156250e+01 5.376300048828125000e+01 3.563000106811523438e+01
3.000000000000000000e+00 8.258928656578063965e-01 4.881900024414062500e+01 5.674599838256835938e+01 3.607899856567382812e+01
1.800000000000000000e+01 8.482142686843872070e-01 4.648099899291992188e+01 5.573199844360351562e+01 3.334000015258789062e+01
1.300000000000000000e+01 7.589285969734191895e-01 4.307199859619140625e+01 5.740100097656250000e+01 3.437200164794921875e+01
1.700000000000000000e+01 5.937500000000000000e-01 4.476100158691406250e+01 6.084700012207031250e+01 3.403499984741210938e+01
2.000000000000000000e+01 5.803571343421936035e-01 4.541299819946289062e+01 6.042499923706054688e+01 3.034000015258789062e+01
1.900000000000000000e+01 5.491071343421936035e-01 4.165599822998046875e+01 5.987400054931640625e+01 2.971800041198730469e+01
1.300000000000000000e+01 3.705357015132904053e-01 4.049200057983398438e+01 6.243799972534179688e+01 3.230500030517578125e+01
0.000000000000000000e+00 2.276785671710968018e-01 4.265599822998046875e+01 6.500000000000000000e+01 3.049099922180175781e+01
1.200000000000000000e+01 1.651785671710968018e-01 4.067900085449218750e+01 6.433499908447265625e+01 2.726199913024902344e+01
9.000000000000000000e+00 1.160714253783226013e-01 3.743000030517578125e+01 6.471800231933593750e+01 2.934499931335449219e+01
1.100000000000000000e+01 2.946428656578063965e-01 3.645899963378906250e+01 6.101699829101562500e+01 2.911899948120117188e+01
1.700000000000000000e+01 4.285714328289031982e-01 3.561700057983398438e+01 5.920100021362304688e+01 3.238999938964843750e+01
1.600000000000000000e+01 6.696428656578063965e-01 3.709700012207031250e+01 5.562900161743164062e+01 3.248199844360351562e+01
1.500000000000000000e+01 7.410714030265808105e-01 3.584099960327148438e+01 5.265700149536132812e+01 3.462500000000000000e+01
7.000000000000000000e+00 8.660714030265808105e-01 4.129100036621093750e+01 5.384199905395507812e+01 3.764400100708007812e+01
0.000000000000000000e+00 9.821428656578063965e-01 4.727000045776367188e+01 5.020000076293945312e+01 3.595500183105468750e+01
7.000000000000000000e+00 9.866071343421936035e-01 4.993700027465820312e+01 4.814300155639648438e+01 3.788899993896484375e+01
2.200000000000000000e+01 9.776785969734191895e-01 5.247999954223632812e+01 4.579100036621093750e+01 3.612799835205078125e+01
2.200000000000000000e+01 9.508928656578063965e-01 5.468600082397460938e+01 4.355099868774414062e+01 3.832300186157226562e+01
1.500000000000000000e+01 8.571428656578063965e-01 5.743099975585937500e+01 4.112200164794921875e+01 3.727299880981445312e+01
1.800000000000000000e+01 6.875000000000000000e-01 6.037200164794921875e+01 3.916899871826171875e+01 3.858900070190429688e+01
0.000000000000000000e+00 5.446428656578063965e-01 6.371400070190429688e+01 4.018500137329101562e+01 3.707400131225585938e+01
2.000000000000000000e+00 2.767857015132904053e-01 6.686799621582031250e+01 3.847000122070312500e+01 3.590900039672851562e+01
3.000000000000000000e+00 2.500000000000000000e-01 6.581400299072265625e+01 3.498199844360351562e+01 3.718600082397460938e+01
1.700000000000000000e+01 1.026785746216773987e-01 6.745899963378906250e+01 3.312599945068359375e+01 3.435699844360351562e+01
9.000000000000000000e+00 4.464285820722579956e-02 7.038200378417968750e+01 3.555500030517578125e+01 3.416500091552734375e+01
1.600000000000000000e+01 8.928571641445159912e-02 7.023300170898437500e+01 3.920299911499023438e+01 3.289899826049804688e+01
1.000000000000000000e+00 2.008928507566452026e-01 6.754199981689453125e+01 3.973899841308593750e+01 3.035400009155273438e+01
1.000000000000000000e+00 2.633928656578063965e-01 6.646199798583984375e+01 4.278799819946289062e+01 2.848500061035156250e+01
2.000000000000000000e+01 5.401785969734191895e-01 6.282500076293945312e+01 4.385699844360351562e+01 2.892700004577636719e+01
1.800000000000000000e+01 6.294642686843872070e-01 6.031800079345703125e+01 4.609400177001953125e+01 2.718000030517578125e+01
1.100000000000000000e+01 8.169642686843872070e-01 5.682099914550781250e+01 4.645100021362304688e+01 2.877700042724609375e+01
0.000000000000000000e+00 8.125000000000000000e-01 5.417399978637695312e+01 4.755500030517578125e+01 2.624799919128417969e+01
0.000000000000000000e+00 8.973214030265808105e-01 5.068500137329101562e+01 4.879700088500976562e+01 2.739900016784667969e+01
1.200000000000000000e+01 8.303571343421936035e-01 4.759199905395507812e+01 4.966500091552734375e+01 2.530500030517578125e+01
1.200000000000000000e+01 8.348214030265808105e-01 4.493500137329101562e+01 5.187099838256835938e+01 2.691699981689453125e+01
1.700000000000000000e+01 7.544642686843872070e-01 4.123600006103515625e+01 5.215700149536132812e+01 2.642600059509277344e+01
1.600000000000000000e+01 7.098214030265808105e-01 3.859600067138671875e+01 5.361000061035156250e+01 2.892700004577636719e+01
2.000000000000000000e+01 7.767857313156127930e-01 3.700799942016601562e+01 5.022800064086914062e+01 2.994000053405761719e+01
1.700000000000000000e+01 8.705357313156127930e-01 3.986999893188476562e+01 4.792100143432617188e+01 2.891799926757812500e+01
2.000000000000000000e+01 9.598214030265808105e-01 4.357899856567382812e+01 4.732600021362304688e+01 2.946299934387207031e+01
1.700000000000000000e+01 9.330357313156127930e-01 4.601800155639648438e+01 4.528099822998046875e+01 2.738400077819824219e+01
1.800000000000000000e+01 9.642857313156127930e-01 4.953499984741210938e+01 4.478099822998046875e+01 2.859399986267089844e+01
1.800000000000000000e+01 8.750000000000000000e-01 5.240700149536132812e+01 4.243299865722656250e+01 2.721400070190429688e+01
0.000000000000000000e+00 7.723214030265808105e-01 5.620899963378906250e+01 4.209000015258789062e+01 2.708799934387207031e+01
2.200000000000000000e+01 5.758928656578063965e-01 5.924800109863281250e+01 4.184600067138671875e+01 2.488800048828125000e+01
2.200000000000000000e+01 4.508928656578063965e-01 6.211299896240234375e+01 3.984000015258789062e+01 2.643000030517578125e+01
1.800000000000000000e+01 1.607142835855484009e-01 6.551200103759765625e+01 3.970700073242187500e+01 2.460700035095214844e+01
2.000000000000000000e+00 3.571428731083869934e-02 6.886900329589843750e+01 3.804000091552734375e+01 2.534799957275390625e+01
1.600000000000000000e+01 8.928571827709674835e-03 7.181800079345703125e+01 4.030699920654296875e+01 2.630299949645996094e+01
