1 1 14 0 0.017964071856287345 0 0 18.157 43.582 43.220
1 2 18 0 0.11976047904191622 0 0 21.705 42.641 44.248
1 3 7 0 0.281437125748503 0 0 24.180 43.473 41.659
1 4 20 0 0.5688622754491017 0 0 27.274 41.246 41.477
1 5 13 0 0.6946107784431137 0 0 30.570 42.463 40.119
1 6 12 0 0.9041916167664671 0 0 32.135 39.333 38.711
1 7 22 0 0.9520958083832335 0 0 35.630 39.532 37.331
1 8 22 0 0.9880239520958084 0 0 37.397 37.257 34.814
1 9 22 0 0.9640718562874252 0 0 41.122 36.857 35.421
1 10 9 0 0.9341317365269461 0 0 43.487 34.707 33.425
1 11 0 0 0.7844311377245509 0 0 46.718 34.442 31.419
1 12 9 0 0.6047904191616766 0 0 47.076 35.448 27.817
1 13 9 0 0.5568862275449102 0 0 45.558 33.075 25.303
1 14 22 0 0.7664670658682635 0 0 43.812 30.688 27.654
1 15 9 0 0.8023952095808383 0 0 40.449 31.262 26.071
1 16 13 0 0.9281437125748503 0 0 38.823 33.233 28.725
1 17 17 0 0.8622754491017964 0 0 36.404 35.650 27.084
1 18 0 0 0.7904191616766467 0 0 34.601 32.750 25.454
1 19 12 0 0.8982035928143712 0 0 33.099 31.997 28.795
1 20 18 0 0.8562874251497006 0 0 31.206 35.287 28.743
1 21 11 0 0.6287425149700598 0 0 30.340 35.381 25.093
1 22 6 0 0.5808383233532934 0 0 29.176 31.771 24.952
1 23 12 0 0.6467065868263473 0 0 27.016 32.046 28.035
1 24 11 0 0.437125748502994 0 0 25.030 34.930 26.519
1 25 6 0 0.24550898203592808 0 0 25.511 35.571 22.811
1 26 2 0 0.23952095808383234 0 0 26.067 31.879 22.260
1 27 10 0 0.08982035928143717 0 0 26.823 31.959 18.529
1 28 15 0 0.04790419161676651 0 0 29.499 32.376 15.923
1 29 22 0 0.13173652694610782 0 0 32.732 33.960 16.869
1 30 3 0 0.02395209580838331 0 0 35.332 34.299 14.095
1 31 7 0 0.12574850299401197 0 0 37.827 35.699 16.538
1 32 20 0 0.34730538922155685 0 0 37.586 36.940 20.076
1 33 3 0 0.2574850299401197 0 0 37.968 40.645 20.107
1 34 16 0 0.33532934131736525 0 0 40.260 42.376 22.424
1 35 18 0 0.46706586826347307 0 0 38.582 43.772 25.522
1 36 11 0 0.27544910179640725 0 0 39.198 47.419 26.259
1 37 7 0 0.25149700598802394 0 0 35.770 48.579 27.344
1 38 3 0 0.41916167664670656 0 0 33.473 45.615 27.160
1 39 17 0 0.43113772455089827 0 0 30.219 45.377 29.150
1 40 20 0 0.5329341317365269 0 0 27.949 42.425 29.761
1 41 1 0 0.4850299401197605 0 0 25.263 41.433 32.205
1 42 13 0 0.4011976047904191 0 0 22.520 38.889 32.861
1 43 6 0 0.19161676646706582 0 0 19.459 38.641 35.109
1 44 22 0 0.17964071856287422 0 0 18.643 35.204 36.480
1 45 22 0 0.10179640718562877 0 0 17.285 33.552 39.629
1 46 11 0 0.20359281437125742 0 0 19.822 31.475 41.554
1 47 3 0 0.0718562874251496 0 0 18.374 29.407 44.370
1 48 9 0 0.0 0 0 15.387 31.504 45.162
1 49 7 0 0.041916167664670656 0 0 17.325 34.751 44.619
1 50 18 0 0.06586826347305386 0 0 17.049 36.983 41.580
1 51 5 0 0.2335329341317366 0 0 20.655 37.867 40.893
1 52 12 0 0.3413173652694611 0 0 22.197 40.444 38.571
1 53 12 0 0.6227544910179641 0 0 25.643 39.658 37.241
1 54 3 0 0.6347305389221557 0 0 27.740 42.418 35.702
1 55 11 0 0.8383233532934131 0 0 30.578 40.676 33.993
1 56 12 0 0.8502994011976048 0 0 34.010 42.240 33.892
1 57 3 0 0.8682634730538922 0 0 36.859 41.320 31.635
1 58 18 0 0.8143712574850299 0 0 40.377 42.663 32.229
1 59 0 0 0.5089820359281436 0 0 41.793 45.449 30.110
1 60 9 0 0.3293413173652695 0 0 45.424 46.224 29.719
1 61 6 0 0.29940119760479034 0 0 48.596 44.545 30.618
1 62 7 0 0.09580838323353291 0 0 50.752 47.206 32.399
1 63 7 0 0.07784431137724557 0 0 51.437 47.960 36.086
1 64 20 0 0.0119760479041916 0 0 50.641 51.648 35.603
1 65 17 0 0.0059880239520957446 0 0 48.133 53.341 33.281
1 66 0 0 0.13772455089820357 0 0 45.927 50.301 32.818
1 67 14 0 0.31137724550898194 0 0 42.501 49.285 33.872
1 68 1 0 0.5209580838323353 0 0 43.697 45.878 34.999
1 69 3 0 0.45508982035928147 0 0 43.772 46.304 38.791
1 70 6 0 0.38323353293413165 0 0 40.755 48.654 38.728
1 71 20 0 0.652694610778443 0 0 38.485 45.815 37.716
1 72 14 0 0.7245508982035929 0 0 40.033 43.489 40.243
1 73 1 0 0.47904191616766467 0 0 39.355 45.939 43.078
1 74 18 0 0.5029940119760479 0 0 35.688 46.418 42.204
1 75 9 0 0.7604790419161677 0 0 35.180 42.619 42.087
1 76 7 0 0.688622754491018 0 0 33.075 40.727 44.540
1 77 9 0 0.8922155688622755 0 0 34.261 37.369 43.176
1 78 15 0 0.9700598802395209 0 0 36.722 36.000 40.727
1 79 12 0 0.9940119760479041 0 0 36.998 33.431 38.093
1 80 5 0 0.9820359281437125 0 0 40.600 32.454 37.937
1 81 22 0 0.9760479041916168 0 0 40.897 30.865 34.505
1 82 15 0 0.8802395209580838 0 0 43.756 28.713 33.212
1 83 0 0 0.718562874251497 0 0 43.711 26.179 30.358
1 84 11 0 0.5389221556886228 0 0 44.052 22.471 30.701
1 85 2 0 0.3173652694610779 0 0 46.427 22.345 27.738
1 86 2 0 0.3532934131736526 0 0 48.748 24.982 28.966
1 87 18 0 0.2694610778443114 0 0 50.787 24.077 32.024
1 88 13 0 0.2934131736526946 0 0 52.442 27.465 32.337
1 89 17 0 0.5988023952095809 0 0 48.966 28.976 32.696
1 90 15 0 0.592814371257485 0 0 48.324 26.661 35.552
1 91 7 0 0.37125748502994016 0 0 51.679 27.537 37.130
1 92 3 0 0.5508982035928144 0 0 50.551 31.190 36.870
1 93 11 0 0.7784431137724551 0 0 47.124 30.667 38.497
1 94 10 0 0.5868263473053892 0 0 48.576 30.623 41.998
1 95 10 0 0.5149700598802396 0 0 50.083 34.072 41.251
1 96 20 0 0.7724550898203593 0 0 46.776 35.507 40.224
1 97 1 0 0.7544910179640718 0 0 45.131 34.528 43.519
1 98 7 0 0.4610778443113772 0 0 48.063 36.151 45.318
1 99 6 0 0.5269461077844311 0 0 47.551 39.303 43.232
1 100 11 0 0.6766467065868262 0 0 43.812 39.272 43.856
1 101 13 0 0.44311377245508976 0 0 44.815 38.942 47.499
1 102 1 0 0.221556886227545 0 0 46.602 42.220 47.818
1 103 22 0 0.35928143712574856 0 0 44.311 44.047 45.466
1 104 13 0 0.40718562874251496 0 0 41.325 42.895 47.540
1 105 3 0 0.16167664670658677 0 0 43.484 43.124 50.683
1 106 17 0 0.16766467065868274 0 0 42.498 39.949 52.531
1 107 7 0 0.15568862275449102 0 0 43.802 36.498 53.516
1 108 3 0 0.3772455089820359 0 0 41.266 34.741 51.267
1 109 22 0 0.6167664670658684 0 0 39.074 36.096 48.446
1 110 16 0 0.7365269461077844 0 0 36.023 34.258 47.201
1 111 14 0 0.9101796407185628 0 0 36.757 32.578 43.931
1 112 22 0 0.9401197604790419 0 0 36.160 29.662 41.685
1 113 12 0 0.9461077844311377 0 0 38.999 28.124 39.758
1 114 22 0 0.9580838323353293 0 0 38.051 27.576 36.171
1 115 9 0 0.874251497005988 0 0 39.974 25.219 33.926
1 116 2 0 0.844311377245509 0 0 39.238 26.094 30.309
1 117 13 0 0.6107784431137725 0 0 39.456 24.327 26.998
1 118 5 0 0.4730538922155688 0 0 38.409 20.983 28.178
1 119 3 0 0.26347305389221565 0 0 36.974 20.161 24.748
1 120 12 0 0.08383233532934131 0 0 38.660 16.858 23.914
1 121 16 0 0.03592814371257491 0 0 40.294 14.284 26.106
1 122 17 0 0.029940119760479056 0 0 43.882 14.745 27.140
1 123 1 0 0.14371257485029942 0 0 45.348 17.351 29.386
1 124 18 0 0.10778443113772451 0 0 48.688 18.741 30.358
1 125 22 0 0.20958083832335328 0 0 47.585 19.373 33.866
1 126 3 0 0.14970059880239517 0 0 46.136 16.650 36.012
1 127 18 0 0.22754491017964074 0 0 42.613 16.808 37.372
1 128 13 0 0.11377245508982048 0 0 44.191 15.821 40.599
1 129 6 0 0.18562874251497008 0 0 46.524 18.771 40.868
1 130 0 0 0.49101796407185627 0 0 43.873 21.383 40.286
1 131 6 0 0.3652694610778443 0 0 41.680 19.749 42.886
1 132 3 0 0.17365269461077848 0 0 44.510 19.528 45.389
1 133 12 0 0.39520958083832336 0 0 45.222 23.176 44.527
1 134 0 0 0.562874251497006 0 0 41.643 24.247 44.929
1 135 1 0 0.3053892215568862 0 0 41.133 22.413 48.242
1 136 17 0 0.19760479041916168 0 0 44.249 23.926 49.576
1 137 20 0 0.4251497005988024 0 0 42.931 27.395 48.777
1 138 9 0 0.3892215568862275 0 0 39.475 26.310 49.873
1 139 11 0 0.6646706586826348 0 0 37.865 27.171 46.593
1 140 16 0 0.7125748502994012 0 0 35.868 25.266 43.997
1 141 15 0 0.8203592814371258 0 0 37.269 24.211 40.734
1 142 11 0 0.8323353293413174 0 0 35.332 23.765 37.452
1 143 7 0 0.7065868263473054 0 0 36.446 21.944 34.395
1 144 18 0 0.8083832335329342 0 0 35.007 23.887 31.477
1 145 17 0 0.658682634730539 0 0 34.737 24.133 27.727
1 146 0 0 0.6826347305389222 0 0 33.454 27.304 26.255
1 147 13 0 0.4131736526946108 0 0 33.505 25.999 22.728
1 148 18 0 0.28742514970059885 0 0 31.605 22.827 23.530
1 149 1 0 0.4491017964071856 0 0 29.578 24.810 25.995
1 150 6 0 0.4970059880239521 0 0 30.001 22.576 29.012
1 151 9 0 0.6706586826347305 0 0 29.930 23.943 32.555
1 152 22 0 0.8263473053892215 0 0 30.088 27.520 31.428
1 153 3 0 0.7425149700598803 0 0 26.996 28.570 33.345
1 154 3 0 0.7305389221556886 0 0 27.851 26.454 36.372
1 155 0 0 0.9221556886227544 0 0 31.053 28.499 36.931
1 156 15 0 0.9161676646706587 0 0 29.209 31.824 37.175
1 157 20 0 0.7485029940119761 0 0 26.545 30.421 39.413
1 158 18 0 0.7964071856287425 0 0 29.075 28.543 41.554
1 159 12 0 0.8862275449101796 0 0 30.732 31.875 41.977
1 160 22 0 0.7005988023952096 0 0 27.657 33.776 43.116
1 161 1 0 0.5449101796407185 0 0 27.002 30.975 45.498
1 162 7 0 0.6407185628742516 0 0 30.470 31.427 46.900
1 163 11 0 0.5748502994011976 0 0 29.685 35.092 47.325
1 164 1 0 0.32335329341317365 0 0 26.543 34.209 49.134
1 165 13 0 0.21556886227544902 0 0 28.346 31.645 51.428
1 166 10 0 0.059880239520958 0 0 28.395 31.837 55.210
1 167 13 0 0.053892215568862256 0 0 31.752 32.910 56.564
