5.000000000000000000e+00 1.383928507566452026e-01 2.649600028991699219e+01 3.866799926757812500e+01 4.243799972534179688e+01
1.600000000000000000e+01 2.589285671710968018e-01 2.724300003051757812e+01 4.216799926757812500e+01 4.111700057983398438e+01
1.200000000000000000e+01 5.267857313156127930e-01 3.086100006103515625e+01 4.124900054931640625e+01 4.038499832153320312e+01
1.400000000000000000e+01 5.223214030265808105e-01 3.129000091552734375e+01 3.835300064086914062e+01 3.779299926757812500e+01
2.200000000000000000e+01 6.830357313156127930e-01 3.487300109863281250e+01 3.701499938964843750e+01 3.730799865722656250e+01
1.300000000000000000e+01 6.741071343421936035e-01 3.610499954223632812e+01 3.512300109863281250e+01 3.426200103759765625e+01
2.200000000000000000e+01 7.455357313156127930e-01 3.963800048828125000e+01 3.393000030517578125e+01 3.362300109863281250e+01
1.200000000000000000e+01 6.562500000000000000e-01 4.056499862670898438e+01 3.263499832153320312e+01 3.007500076293945312e+01
3.000000000000000000e+00 6.071428656578063965e-01 4.367399978637695312e+01 3.083399963378906250e+01 2.921899986267089844e+01
0.000000000000000000e+00 5.535714030265808105e-01 4.514400100708007812e+01 3.170400047302246094e+01 2.574600028991699219e+01
2.200000000000000000e+01 3.526785671710968018e-01 4.757600021362304688e+01 2.877000045776367188e+01 2.568400001525878906e+01
1.000000000000000000e+00 2.232142835855484009e-01 4.453300094604492188e+01 2.632399940490722656e+01 2.588800048828125000e+01
9.000000000000000000e+00 2.633928656578063965e-01 4.206299972534179688e+01 2.875200080871582031e+01 2.433900070190429688e+01
1.700000000000000000e+01 2.723214328289031982e-01 3.942900085449218750e+01 2.840600013732910156e+01 2.702199935913085938e+01
1.600000000000000000e+01 3.928571343421936035e-01 3.813399887084960938e+01 2.944899940490722656e+01 3.056599998474121094e+01
0.000000000000000000e+00 4.866071343421936035e-01 4.061100006103515625e+01 2.852300071716308594e+01 3.326699829101562500e+01
1.100000000000000000e+01 2.991071343421936035e-01 3.965100097656250000e+01 2.628300094604492188e+01 3.636700057983398438e+01
2.000000000000000000e+00 3.348214328289031982e-01 4.079100036621093750e+01 2.687800025939941406e+01 3.995100021362304688e+01
2.200000000000000000e+01 6.339285969734191895e-01 4.254700088500976562e+01 3.024300003051757812e+01 3.951399993896484375e+01
0.000000000000000000e+00 6.473214030265808105e-01 4.262400054931640625e+01 3.185799980163574219e+01 4.300299835205078125e+01
1.400000000000000000e+01 7.544642686843872070e-01 4.143999862670898438e+01 3.547200012207031250e+01 4.357300186157226562e+01
2.200000000000000000e+01 7.410714030265808105e-01 3.877799987792968750e+01 4.129600143432617188e+01 4.616199874877929688e+01
1.500000000000000000e+01 7.008928656578063965e-01 3.997000122070312500e+01 4.407600021362304688e+01 4.842499923706054688e+01
1.000000000000000000e+00 6.250000000000000000e-01 3.865999984741210938e+01 4.757799911499023438e+01 4.922399902343750000e+01
1.300000000000000000e+01 5.357142686843872070e-01 3.995000076293945312e+01 5.098500061035156250e+01 5.037900161743164062e+01
0.000000000000000000e+00 2.500000000000000000e-01 3.902700042724609375e+01 5.128699874877929688e+01 5.417499923706054688e+01
0.000000000000000000e+00 8.035714179277420044e-02 3.859600067138671875e+01 5.431299972534179688e+01 5.648300170898437500e+01
3.000000000000000000e+00 8.928571641445159912e-02 4.236100006103515625e+01 5.471400070190429688e+01 5.717399978637695312e+01
3.000000000000000000e+00 3.035714328289031982e-01 4.330599975585937500e+01 5.419300079345703125e+01 5.345299911499023438e+01
1.800000000000000000e+01 3.660714328289031982e-01 4.392900085449218750e+01 5.045100021362304688e+01 5.401399993896484375e+01
1.900000000000000000e+01 6.116071343421936035e-01 4.314899826049804688e+01 4.777000045776367188e+01 5.141999816894531250e+01
7.000000000000000000e+00 4.107142984867095947e-01 4.055899810791015625e+01 4.567499923706054688e+01 5.358200073242187500e+01
1.600000000000000000e+01 4.776785671710968018e-01 3.988199996948242188e+01 4.207500076293945312e+01 5.260300064086914062e+01
1.500000000000000000e+01 4.196428656578063965e-01 3.639300155639648438e+01 4.209999847412109375e+01 5.110699844360351562e+01
0.000000000000000000e+00 4.464285671710968018e-01 3.554000091552734375e+01 3.886600112915039062e+01 4.918299865722656250e+01
1.700000000000000000e+01 5.044642686843872070e-01 3.754000091552734375e+01 3.588499832153320312e+01 4.783399963378906250e+01
9.000000000000000000e+00 4.062500000000000000e-01 3.756000137329101562e+01 3.248600006103515625e+01 4.624399948120117188e+01
1.300000000000000000e+01 4.910714328289031982e-01 3.864899826049804688e+01 3.082699966430664062e+01 4.299900054931640625e+01
1.800000000000000000e+01 4.732142984867095947e-01 3.725000000000000000e+01 2.991500091552734375e+01 3.957199859619140625e+01
1.700000000000000000e+01 1.562500000000000000e-01 3.451699829101562500e+01 2.720499992370605469e+01 3.958900070190429688e+01
7.000000000000000000e+00 7.142857462167739868e-02 3.473500061035156250e+01 2.412100028991699219e+01 3.720199966430664062e+01
1.700000000000000000e+01 9.375000000000000000e-02 3.295299911499023438e+01 2.614999961853027344e+01 3.453499984741210938e+01
9.000000000000000000e+00 3.169642984867095947e-01 3.587200164794921875e+01 2.858799934387207031e+01 3.444400024414062500e+01
7.000000000000000000e+00 4.330357015132904053e-01 3.418099975585937500e+01 3.162800025939941406e+01 3.596099853515625000e+01
1.200000000000000000e+01 3.973214328289031982e-01 3.331900024414062500e+01 3.272100067138671875e+01 3.940499877929687500e+01
9.000000000000000000e+00 1.651785671710968018e-01 3.001099967956542969e+01 3.368600082397460938e+01 4.416899871826171875e+01
1.200000000000000000e+01 3.214285671710968018e-01 3.178800010681152344e+01 3.681800079345703125e+01 4.556499862670898438e+01
1.800000000000000000e+01 1.696428507566452026e-01 2.911300086975097656e+01 3.892499923706054688e+01 4.722100067138671875e+01
1.800000000000000000e+01 3.571428731083869934e-02 2.556699943542480469e+01 4.002000045776367188e+01 4.777700042724609375e+01
7.000000000000000000e+00 1.785714365541934967e-02 2.391099929809570312e+01 4.332400131225585938e+01 4.673400115966796875e+01
7.000000000000000000e+00 0.000000000000000000e+00 2.347299957275390625e+01 4.427199935913085938e+01 5.041600036621093750e+01
7.000000000000000000e+00 3.125000000000000000e-02 2.725300025939941406e+01 4.352700042724609375e+01 5.123400115966796875e+01
1.500000000000000000e+01 1.428571492433547974e-01 2.832399940490722656e+01 4.546300125122070312e+01 4.814099884033203125e+01
2.200000000000000000e+01 1.116071417927742004e-01 2.868400001525878906e+01 4.924200057983398438e+01 4.907699966430664062e+01
7.000000000000000000e+00 2.142857164144515991e-01 3.079500007629394531e+01 5.223199844360351562e+01 4.791799926757812500e+01
9.000000000000000000e+00 3.883928656578063965e-01 3.456399917602539062e+01 5.263700103759765625e+01 4.775000000000000000e+01
1.100000000000000000e+01 6.607142686843872070e-01 3.756600189208984375e+01 5.181600189208984375e+01 4.565800094604492188e+01
2.000000000000000000e+01 7.500000000000000000e-01 3.753499984741210938e+01 4.800899887084960938e+01 4.503400039672851562e+01
1.300000000000000000e+01 8.839285969734191895e-01 4.042800140380859375e+01 4.600099945068359375e+01 4.355300140380859375e+01
2.200000000000000000e+01 9.196428656578063965e-01 4.033000183105468750e+01 4.249000167846679688e+01 4.228599929809570312e+01
7.000000000000000000e+00 9.330357313156127930e-01 4.343700027465820312e+01 4.035499954223632812e+01 4.249900054931640625e+01
1.100000000000000000e+01 9.151785969734191895e-01 4.397100067138671875e+01 3.714500045776367188e+01 4.056100082397460938e+01
3.000000000000000000e+00 8.392857313156127930e-01 4.680300140380859375e+01 3.480899810791015625e+01 4.141400146484375000e+01
1.800000000000000000e+01 8.571428656578063965e-01 4.786000061035156250e+01 3.407600021362304688e+01 3.785599899291992188e+01
1.300000000000000000e+01 7.812500000000000000e-01 5.134099960327148438e+01 3.316099929809570312e+01 3.876100158691406250e+01
1.700000000000000000e+01 6.026785969734191895e-01 5.070999908447265625e+01 3.003000068664550781e+01 4.093299865722656250e+01
2.000000000000000000e+01 5.937500000000000000e-01 4.833900070190429688e+01 2.874099922180175781e+01 3.823400115966796875e+01
1.900000000000000000e+01 5.982142686843872070e-01 5.104499816894531250e+01 2.908399963378906250e+01 3.571699905395507812e+01
1.300000000000000000e+01 4.285714328289031982e-01 5.368600082397460938e+01 2.764200019836425781e+01 3.813399887084960938e+01
0.000000000000000000e+00 2.410714328289031982e-01 5.143799972534179688e+01 2.457399940490722656e+01 3.873199844360351562e+01
1.200000000000000000e+01 1.964285671710968018e-01 5.178300094604492188e+01 2.378400039672851562e+01 3.499800109863281250e+01
9.000000000000000000e+00 1.473214328289031982e-01 5.562699890136718750e+01 2.442200088500976562e+01 3.525600051879882812e+01
1.100000000000000000e+01 3.258928656578063965e-01 5.551599884033203125e+01 2.737800025939941406e+01 3.289400100708007812e+01
1.700000000000000000e+01 5.000000000000000000e-01 5.740499877929687500e+01 3.067499923706054688e+01 3.367200088500976562e+01
1.600000000000000000e+01 7.232142686843872070e-01 5.521599960327148438e+01 3.382799911499023438e+01 3.393999862670898438e+01
1.500000000000000000e+01 7.946428656578063965e-01 5.678799819946289062e+01 3.727899932861328125e+01 3.350699996948242188e+01
7.000000000000000000e+00 9.241071343421936035e-01 5.308599853515625000e+01 3.823400115966796875e+01 3.925600051879882812e+01
0.000000000000000000e+00 9.866071343421936035e-01 4.635900115966796875e+01 3.999200057983398438e+01 3.712200164794921875e+01
7.000000000000000000e+00 9.955357313156127930e-01 4.446400070190429688e+01 4.293099975585937500e+01 3.878599929809570312e+01
2.200000000000000000e+01 9.776785969734191895e-01 4.196500015258789062e+01 4.572600173950195312e+01 3.826100158691406250e+01
2.200000000000000000e+01 9.464285969734191895e-01 4.129800033569335938e+01 4.865200042724609375e+01 4.054999923706054688e+01
1.500000000000000000e+01 8.437500000000000000e-01 3.791799926757812500e+01 5.038399887084960938e+01 4.012500000000000000e+01
1.800000000000000000e+01 6.517857313156127930e-01 3.516500091552734375e+01 5.249300003051757812e+01 4.186800003051757812e+01
0.000000000000000000e+00 5.178571343421936035e-01 3.216199874877929688e+01 5.041899871826171875e+01 4.293799972534179688e+01
2.000000000000000000e+00 2.455357164144515991e-01 2.857200050354003906e+01 5.195500183105468750e+01 4.289300155639648438e+01
3.000000000000000000e+00 2.187500000000000000e-01 2.970100021362304688e+01 5.560200119018554688e+01 4.251399993896484375e+01
1.700000000000000000e+01 6.250000000000000000e-02 2.648999977111816406e+01 5.715100097656250000e+01 4.114699935913085938e+01
9.000000000000000000e+00 2.232142910361289978e-02 2.420000076293945312e+01 5.428099822998046875e+01 4.231700134277343750e+01
1.600000000000000000e+01 6.696428358554840088e-02 2.417499923706054688e+01 5.049399948120117188e+01 4.221900177001953125e+01
1.000000000000000000e+00 1.607142835855484009e-01 2.568300056457519531e+01 4.909299850463867188e+01 3.901200103759765625e+01
1.000000000000000000e+00 2.857142984867095947e-01 2.706900024414062500e+01 4.566699981689453125e+01 3.846200180053710938e+01
2.000000000000000000e+01 5.625000000000000000e-01 3.036400032043457031e+01 4.451900100708007812e+01 3.691600036621093750e+01
1.800000000000000000e+01 6.205357313156127930e-01 3.153400039672851562e+01 4.165999984741210938e+01 3.458499908447265625e+01
1.100000000000000000e+01 8.080357313156127930e-01 3.531700134277343750e+01 4.135100173950195312e+01 3.465700149536132812e+01
0.000000000000000000e+00 8.125000000000000000e-01 3.695100021362304688e+01 3.918500137329101562e+01 3.220299911499023438e+01
0.000000000000000000e+00 8.973214030265808105e-01 4.077500152587890625e+01 3.839899826049804688e+01 3.207699966430664062e+01
1.200000000000000000e+01 8.303571343421936035e-01 4.263499832153320312e+01 3.679999923706054688e+01 2.912999916076660156e+01
1.200000000000000000e+01 8.526785969734191895e-01 4.611199951171875000e+01 3.547200012207031250e+01 3.023200035095214844e+01
1.700000000000000000e+01 7.589285969734191895e-01 4.925799942016601562e+01 3.434700012207031250e+01 2.841600036621093750e+01
1.600000000000000000e+01 7.187500000000000000e-01 5.283399963378906250e+01 3.381900024414062500e+01 2.993499946594238281e+01
2.000000000000000000e+01 8.214285969734191895e-01 5.399900054931640625e+01 3.743199920654296875e+01 2.924300003051757812e+01
1.700000000000000000e+01 9.062500000000000000e-01 5.070899963378906250e+01 3.928499984741210938e+01 2.880800056457519531e+01
2.000000000000000000e+01 9.553571343421936035e-01 4.715599822998046875e+01 3.980199813842773438e+01 2.997100067138671875e+01
1.700000000000000000e+01 9.375000000000000000e-01 4.401599884033203125e+01 4.160200119018554688e+01 2.870599937438964844e+01
1.800000000000000000e+01 9.598214030265808105e-01 4.128400039672851562e+01 4.273500061035156250e+01 3.115500068664550781e+01
1.800000000000000000e+01 8.660714030265808105e-01 3.787900161743164062e+01 4.404800033569335938e+01 3.032299995422363281e+01
0.000000000000000000e+00 7.857142686843872070e-01 3.490800094604492188e+01 4.536999893188476562e+01 3.249399948120117188e+01
2.200000000000000000e+01 5.892857313156127930e-01 3.153100013732910156e+01 4.502999877929687500e+01 3.098699951171875000e+01
2.200000000000000000e+01 4.687500000000000000e-01 2.923100090026855469e+01 4.747800064086914062e+01 3.299499893188476562e+01
1.800000000000000000e+01 1.785714328289031982e-01 2.546400070190429688e+01 4.661199951171875000e+01 3.355799865722656250e+01
2.000000000000000000e+00 4.017857089638710022e-02 2.235199928283691406e+01 4.783900070190429688e+01 3.549900054931640625e+01
1.600000000000000000e+01 1.339285727590322495e-02 2.115200042724609375e+01 4.518000030517578125e+01 3.820700073242187500e+01
5.000000000000000000e+00 1.205357164144515991e-01 6.766999816894531250e+01 4.914699935913085938e+01 2.736400032043457031e+01
1.600000000000000000e+01 2.366071492433547974e-01 6.733200073242187500e+01 4.707699966430664062e+01 3.065200042724609375e+01
1.200000000000000000e+01 4.955357015132904053e-01 6.390399932861328125e+01 4.856200027465820312e+01 3.138800048828125000e+01
1.400000000000000000e+01 5.133928656578063965e-01 6.192300033569335938e+01 5.059400177001953125e+01 2.873299980163574219e+01
2.200000000000000000e+01 6.964285969734191895e-01 5.814199829101562500e+01 5.089099884033203125e+01 2.912700080871582031e+01
1.300000000000000000e+01 6.919642686843872070e-01 5.564199829101562500e+01 5.206499862670898438e+01 2.659300041198730469e+01
2.200000000000000000e+01 7.366071343421936035e-01 5.192100143432617188e+01 5.330500030517578125e+01 2.638699913024902344e+01
1.200000000000000000e+01 6.651785969734191895e-01 4.924599838256835938e+01 5.319300079345703125e+01 2.365900039672851562e+01
3.000000000000000000e+00 6.428571343421936035e-01 4.560100173950195312e+01 5.416600036621093750e+01 2.349300003051757812e+01
0.000000000000000000e+00 5.714285969734191895e-01 4.319200134277343750e+01 5.198199844360351562e+01 2.153899955749511719e+01
2.200000000000000000e+01 3.437500000000000000e-01 4.082799911499023438e+01 5.493600082397460938e+01 2.085899925231933594e+01
1.000000000000000000e+00 2.008928507566452026e-01 4.325400161743164062e+01 5.682899856567382812e+01 1.856599998474121094e+01
9.000000000000000000e+00 2.812500000000000000e-01 4.512799835205078125e+01 5.354000091552734375e+01 1.786300086975097656e+01
1.700000000000000000e+01 2.901785671710968018e-01 4.847100067138671875e+01 5.528200149536132812e+01 1.878899955749511719e+01
1.600000000000000000e+01 3.616071343421936035e-01 5.144699859619140625e+01 5.595399856567382812e+01 2.110799980163574219e+01
0.000000000000000000e+00 5.089285969734191895e-01 5.049300003051757812e+01 5.772499847412109375e+01 2.435899925231933594e+01
1.100000000000000000e+01 3.125000000000000000e-01 5.259400177001953125e+01 6.079399871826171875e+01 2.521500015258789062e+01
2.000000000000000000e+00 3.392857015132904053e-01 5.297999954223632812e+01 6.198500061035156250e+01 2.867200088500976562e+01
2.200000000000000000e+01 6.383928656578063965e-01 5.147399902343750000e+01 5.911700057983398438e+01 3.067300033569335938e+01
0.000000000000000000e+00 6.294642686843872070e-01 5.317800140380859375e+01 5.944100189208984375e+01 3.406200027465820312e+01
1.400000000000000000e+01 7.321428656578063965e-01 5.471900177001953125e+01 5.643600082397460938e+01 3.579800033569335938e+01
2.200000000000000000e+01 7.098214030265808105e-01 5.878400039672851562e+01 5.217200088500976562e+01 3.925299835205078125e+01
1.500000000000000000e+01 6.875000000000000000e-01 5.898300170898437500e+01 5.050099945068359375e+01 4.263999938964843750e+01
1.000000000000000000e+00 5.848214030265808105e-01 6.161100006103515625e+01 4.768099975585937500e+01 4.342499923706054688e+01
1.300000000000000000e+01 5.312500000000000000e-01 6.104499816894531250e+01 4.512200164794921875e+01 4.624100112915039062e+01
0.000000000000000000e+00 2.544642984867095947e-01 6.300099945068359375e+01 4.550699996948242188e+01 4.952999877929687500e+01
0.000000000000000000e+00 9.821428358554840088e-02 6.470400238037109375e+01 4.265200042724609375e+01 5.162900161743164062e+01
3.000000000000000000e+00 1.250000000000000000e-01 6.138899993896484375e+01 4.217599868774414062e+01 5.350299835205078125e+01
3.000000000000000000e+00 3.705357015132904053e-01 5.966299819946289062e+01 4.261199951171875000e+01 5.018199920654296875e+01
1.800000000000000000e+01 4.017857015132904053e-01 5.825299835205078125e+01 4.606000137329101562e+01 5.113700103759765625e+01
1.900000000000000000e+01 5.803571343421936035e-01 5.801200103759765625e+01 4.842100143432617188e+01 4.804100036621093750e+01
7.000000000000000000e+00 3.839285671710968018e-01 6.083200073242187500e+01 5.091400146484375000e+01 4.752600097656250000e+01
1.600000000000000000e+01 4.598214328289031982e-01 6.052000045776367188e+01 5.392599868774414062e+01 4.508700180053710938e+01
1.500000000000000000e+01 3.571428656578063965e-01 6.313000106811523438e+01 5.346400070190429688e+01 4.237500000000000000e+01
0.000000000000000000e+00 4.151785671710968018e-01 6.241299819946289062e+01 5.535599899291992188e+01 3.904600143432617188e+01
1.700000000000000000e+01 4.642857015132904053e-01 6.001300048828125000e+01 5.797000122070312500e+01 3.761800003051757812e+01
9.000000000000000000e+00 3.482142984867095947e-01 5.900999832153320312e+01 6.006999969482421875e+01 3.470199966430664062e+01
1.300000000000000000e+01 4.419642984867095947e-01 5.637599945068359375e+01 6.047499847412109375e+01 3.185499954223632812e+01
1.800000000000000000e+01 4.508928656578063965e-01 5.627799987792968750e+01 5.902500152587890625e+01 2.824300003051757812e+01
1.700000000000000000e+01 1.919642835855484009e-01 5.801399993896484375e+01 6.050199890136718750e+01 2.532699966430664062e+01
7.000000000000000000e+00 8.482142537832260132e-02 5.670399856567382812e+01 6.138299942016601562e+01 2.179000091552734375e+01
1.700000000000000000e+01 1.160714253783226013e-01 5.718899917602539062e+01 5.789699935913085938e+01 2.025200080871582031e+01
9.000000000000000000e+00 3.750000000000000000e-01 5.522000122070312500e+01 5.635499954223632812e+01 2.330500030517578125e+01
7.000000000000000000e+00 3.794642984867095947e-01 5.835800170898437500e+01 5.514500045776367188e+01 2.483200073242187500e+01
1.200000000000000000e+01 4.553571343421936035e-01 5.974399948120117188e+01 5.599399948120117188e+01 2.834600067138671875e+01
9.000000000000000000e+00 1.339285671710968018e-01 6.621299743652343750e+01 5.606000137329101562e+01 3.121899986267089844e+01
1.200000000000000000e+01 3.080357015132904053e-01 6.460900115966796875e+01 5.459500122070312500e+01 3.431700134277343750e+01
1.800000000000000000e+01 1.830357164144515991e-01 6.763200378417968750e+01 5.246699905395507812e+01 3.524599838256835938e+01
1.800000000000000000e+01 4.464285820722579956e-02 7.112400054931640625e+01 5.132199859619140625e+01 3.409099960327148438e+01
7.000000000000000000e+00 2.678571455180644989e-02 7.217099761962890625e+01 4.776599884033203125e+01 3.322399902343750000e+01
7.000000000000000000e+00 4.464285913854837418e-03 7.437500000000000000e+01 4.761999893188476562e+01 3.632400131225585938e+01
7.000000000000000000e+00 4.910714179277420044e-02 7.156099700927734375e+01 4.918700027465820312e+01 3.840399932861328125e+01
1.500000000000000000e+01 1.875000000000000000e-01 6.887400054931640625e+01 4.681499862670898438e+01 3.716199874877929688e+01
2.200000000000000000e+01 1.294642835855484009e-01 6.948999786376953125e+01 4.386999893188476562e+01 3.953900146484375000e+01
7.000000000000000000e+00 2.276785671710968018e-01 6.760900115966796875e+01 4.078400039672851562e+01 4.029499816894531250e+01
9.000000000000000000e+00 4.241071343421936035e-01 6.435500335693359375e+01 4.122100067138671875e+01 4.233599853515625000e+01
1.100000000000000000e+01 6.696428656578063965e-01 6.066899871826171875e+01 4.208499908447265625e+01 4.176300048828125000e+01
2.000000000000000000e+01 7.767857313156127930e-01 5.935900115966796875e+01 4.521599960327148438e+01 4.032600021362304688e+01
1.300000000000000000e+01 8.928571343421936035e-01 5.617399978637695312e+01 4.723600006103515625e+01 3.991799926757812500e+01
2.200000000000000000e+01 9.107142686843872070e-01 5.529000091552734375e+01 4.998199844360351562e+01 3.746300125122070312e+01
7.000000000000000000e+00 9.285714030265808105e-01 5.261600112915039062e+01 5.213800048828125000e+01 3.897399902343750000e+01
1.100000000000000000e+01 8.883928656578063965e-01 5.127000045776367188e+01 5.416799926757812500e+01 3.605300140380859375e+01
3.000000000000000000e+00 7.991071343421936035e-01 4.913800048828125000e+01 5.733200073242187500e+01 3.653900146484375000e+01
1.800000000000000000e+01 8.258928656578063965e-01 4.660599899291992188e+01 5.648600006103515625e+01 3.374300003051757812e+01
1.300000000000000000e+01 7.276785969734191895e-01 4.334299850463867188e+01 5.818700027465820312e+01 3.484899902343750000e+01
1.700000000000000000e+01 5.446428656578063965e-01 4.469200134277343750e+01 6.178200149536132812e+01 3.438999938964843750e+01
2.000000000000000000e+01 5.401785969734191895e-01 4.555599975585937500e+01 6.108300018310546875e+01 3.062700080871582031e+01
1.900000000000000000e+01 5.491071343421936035e-01 4.199700164794921875e+01 6.008399963378906250e+01 3.006299972534179688e+01
1.300000000000000000e+01 3.303571343421936035e-01 4.073600006103515625e+01 6.302799987792968750e+01 3.207099914550781250e+01
0.000000000000000000e+00 1.741071492433547974e-01 4.288800048828125000e+01 6.557199859619140625e+01 2.997400093078613281e+01
1.200000000000000000e+01 1.517857164144515991e-01 4.107500076293945312e+01 6.413600158691406250e+01 2.696699905395507812e+01
9.000000000000000000e+00 1.026785746216773987e-01 3.764099884033203125e+01 6.473500061035156250e+01 2.876099967956542969e+01
1.100000000000000000e+01 2.946428656578063965e-01 3.706399917602539062e+01 6.089199829101562500e+01 2.887999916076660156e+01
1.700000000000000000e+01 4.375000000000000000e-01 3.571699905395507812e+01 5.900600051879882812e+01 3.201399993896484375e+01
1.600000000000000000e+01 6.785714030265808105e-01 3.788000106811523438e+01 5.586399841308593750e+01 3.253300094604492188e+01
1.500000000000000000e+01 7.678571343421936035e-01 3.670700073242187500e+01 5.280699920654296875e+01 3.461299896240234375e+01
7.000000000000000000e+00 8.616071343421936035e-01 4.142499923706054688e+01 5.405699920654296875e+01 3.857799911499023438e+01
0.000000000000000000e+00 9.732142686843872070e-01 4.732600021362304688e+01 5.086899948120117188e+01 3.659099960327148438e+01
7.000000000000000000e+00 9.910714030265808105e-01 4.995000076293945312e+01 4.863399887084960938e+01 3.820000076293945312e+01
2.200000000000000000e+01 9.821428656578063965e-01 5.216600036621093750e+01 4.612699890136718750e+01 3.623099899291992188e+01
2.200000000000000000e+01 9.687500000000000000e-01 5.418899917602539062e+01 4.369599914550781250e+01 3.840800094604492188e+01
1.500000000000000000e+01 8.794642686843872070e-01 5.693199920654296875e+01 4.121099853515625000e+01 3.749499893188476562e+01
1.800000000000000000e+01 7.053571343421936035e-01 6.001100158691406250e+01 3.923799896240234375e+01 3.847000122070312500e+01
0.000000000000000000e+00 5.669642686843872070e-01 6.322499847412109375e+01 4.039500045776367188e+01 3.677099990844726562e+01
2.000000000000000000e+00 2.767857015132904053e-01 6.663400268554687500e+01 3.897200012207031250e+01 3.581299972534179688e+01
3.000000000000000000e+00 2.321428507566452026e-01 6.597399902343750000e+01 3.547399902343750000e+01 3.740100097656250000e+01
1.700000000000000000e+01 1.071428582072257996e-01 6.712100219726562500e+01 3.369900131225585938e+01 3.419699859619140625e+01
9.000000000000000000e+00 5.357142910361289978e-02 7.012000274658203125e+01 3.589199829101562500e+01 3.355500030517578125e+01
1.600000000000000000e+01 7.589285820722579956e-02 7.036299896240234375e+01 3.947800064086914062e+01 3.242499923706054688e+01
1.000000000000000000e+00 2.053571492433547974e-01 6.725199890136718750e+01 4.022600173950195312e+01 3.019099998474121094e+01
1.000000000000000000e+00 2.678571343421936035e-01 6.612599945068359375e+01 4.329000091552734375e+01 2.827899932861328125e+01
2.000000000000000000e+01 5.580357313156127930e-01 6.253599929809570312e+01 4.409099960327148438e+01 2.919799995422363281e+01
1.800000000000000000e+01 6.160714030265808105e-01 6.022000122070312500e+01 4.608800125122070312e+01 2.682900047302246094e+01
1.100000000000000000e+01 8.035714030265808105e-01 5.687500000000000000e+01 4.666099929809570312e+01 2.849900054931640625e+01
0.000000000000000000e+00 8.169642686843872070e-01 5.393399810791015625e+01 4.754600143432617188e+01 2.613299942016601562e+01
0.000000000000000000e+00 9.017857313156127930e-01 5.049599838256835938e+01 4.865599822998046875e+01 2.753100013732910156e+01
1.200000000000000000e+01 8.482142686843872070e-01 4.722900009155273438e+01 4.950600051879882812e+01 2.575099945068359375e+01
1.200000000000000000e+01 8.348214030265808105e-01 4.462599945068359375e+01 5.182799911499023438e+01 2.719700050354003906e+01
1.700000000000000000e+01 7.723214030265808105e-01 4.103599929809570312e+01 5.171799850463867188e+01 2.673200035095214844e+01
1.600000000000000000e+01 7.142857313156127930e-01 3.834799957275390625e+01 5.326200103759765625e+01 2.903000068664550781e+01
2.000000000000000000e+01 7.633928656578063965e-01 3.654600143432617188e+01 4.999499893188476562e+01 3.009900093078613281e+01
1.700000000000000000e+01 8.750000000000000000e-01 3.944499969482421875e+01 4.776800155639648438e+01 2.929700088500976562e+01
2.000000000000000000e+01 9.642857313156127930e-01 4.321400070190429688e+01 4.743600082397460938e+01 2.961400032043457031e+01
1.700000000000000000e+01 9.419642686843872070e-01 4.587500000000000000e+01 4.513499832153320312e+01 2.792499923706054688e+01
1.800000000000000000e+01 9.508928656578063965e-01 4.955199813842773438e+01 4.447200012207031250e+01 2.843400001525878906e+01
1.800000000000000000e+01 8.705357313156127930e-01 5.258700180053710938e+01 4.256999969482421875e+01 2.699500083923339844e+01
0.000000000000000000e+00 7.901785969734191895e-01 5.632899856567382812e+01 4.235699844360351562e+01 2.767200088500976562e+01
2.200000000000000000e+01 5.758928656578063965e-01 5.884500122070312500e+01 4.116999816894531250e+01 2.504100036621093750e+01
2.200000000000000000e+01 4.821428656578063965e-01 6.162799835205078125e+01 3.959899902343750000e+01 2.698200035095214844e+01
1.800000000000000000e+01 2.098214328289031982e-01 6.479699707031250000e+01 4.016099929809570312e+01 2.487100028991699219e+01
2.000000000000000000e+00 5.803571268916130066e-02 6.802300262451171875e+01 3.808499908447265625e+01 2.514599990844726562e+01
1.600000000000000000e+01 8.928571827709674835e-03 7.101899719238281250e+01 4.058499908447265625e+01 2.562700080871582031e+01
