1 1 14 0 0.017964071856287345 0 0 48.205 16.898 39.717
1 2 18 0 0.11377245508982048 0 0 44.556 18.074 39.242
1 3 7 0 0.31137724550898194 0 0 44.114 20.933 36.789
1 4 20 0 0.6107784431137725 0 0 41.599 23.710 37.084
1 5 13 0 0.7664670658682635 0 0 40.901 26.118 34.284
1 6 12 0 0.9221556886227544 0 0 39.039 28.978 35.874
1 7 22 0 0.9580838323353293 0 0 37.458 31.652 33.717
1 8 22 0 0.9880239520958084 0 0 36.848 35.095 35.237
1 9 22 0 0.9760479041916168 0 0 33.438 35.803 33.721
1 10 9 0 0.9461077844311377 0 0 31.825 39.267 33.764
1 11 0 0 0.7904191616766467 0 0 31.036 42.573 32.173
1 12 9 0 0.652694610778443 0 0 33.585 45.225 31.512
1 13 9 0 0.5748502994011976 0 0 34.994 47.457 34.242
1 14 22 0 0.8083832335329342 0 0 34.374 45.148 37.160
1 15 9 0 0.8263473053892215 0 0 37.962 44.394 38.128
1 16 13 0 0.9281437125748503 0 0 38.423 41.044 36.311
1 17 17 0 0.8323353293413174 0 0 42.134 41.284 35.620
1 18 0 0 0.7425149700598803 0 0 42.802 42.813 39.008
1 19 12 0 0.8922155688622755 0 0 41.292 39.686 40.608
1 20 18 0 0.8682634730538922 0 0 43.622 37.405 38.697
1 21 11 0 0.6227544910179641 0 0 46.840 39.352 39.258
1 22 6 0 0.5808383233532934 0 0 46.263 39.268 43.024
1 23 12 0 0.6706586826347305 0 0 46.045 35.485 43.153
1 24 11 0 0.5209580838323353 0 0 49.018 35.048 40.907
1 25 6 0 0.2694610778443114 0 0 51.480 37.816 41.622
1 26 2 0 0.28742514970059885 0 0 49.923 39.688 44.569
1 27 10 0 0.24550898203592808 0 0 49.322 43.127 43.138
1 28 15 0 0.39520958083832336 0 0 46.585 45.166 41.515
1 29 22 0 0.35928143712574856 0 0 46.691 46.182 37.858
1 30 3 0 0.15568862275449102 0 0 45.572 49.479 36.450
1 31 7 0 0.13173652694610782 0 0 46.655 48.861 32.914
1 32 20 0 0.221556886227545 0 0 44.800 47.032 30.254
1 33 3 0 0.20958083832335328 0 0 45.841 44.212 27.935
1 34 16 0 0.38323353293413165 0 0 43.146 42.120 26.317
1 35 18 0 0.46706586826347307 0 0 44.899 39.131 27.928
1 36 11 0 0.2934131736526946 0 0 45.748 36.705 25.138
1 37 7 0 0.07784431137724557 0 0 49.518 37.211 24.942
1 38 3 0 0.18562874251497008 0 0 49.919 36.302 28.587
1 39 17 0 0.4011976047904191 0 0 48.871 33.256 30.517
1 40 20 0 0.5508982035928144 0 0 48.132 33.240 34.192
1 41 1 0 0.4970059880239521 0 0 48.597 30.174 36.325
1 42 13 0 0.3413173652694611 0 0 50.249 28.943 39.460
1 43 6 0 0.16766467065868274 0 0 50.314 25.835 41.553
1 44 22 0 0.19760479041916168 0 0 48.761 26.085 45.008
1 45 22 0 0.09580838323353291 0 0 48.005 23.780 47.863
1 46 11 0 0.20359281437125742 0 0 44.236 23.651 48.239
1 47 3 0 0.053892215568862256 0 0 42.983 21.545 51.121
1 48 9 0 0.0 0 0 46.007 19.285 51.449
1 49 7 0 0.02395209580838331 0 0 46.785 19.023 47.833
1 50 18 0 0.041916167664670656 0 0 48.954 20.659 45.204
1 51 5 0 0.16167664670658677 0 0 46.935 21.701 42.205
1 52 12 0 0.3293413173652695 0 0 47.260 23.669 38.967
1 53 12 0 0.592814371257485 0 0 45.204 26.788 38.780
1 54 3 0 0.658682634730539 0 0 45.060 28.312 35.332
1 55 11 0 0.8562874251497006 0 0 43.122 31.481 35.029
1 56 12 0 0.8622754491017964 0 0 41.441 32.711 31.922
1 57 3 0 0.874251497005988 0 0 40.312 36.267 31.199
1 58 18 0 0.844311377245509 0 0 37.411 37.710 29.251
1 59 0 0 0.5868263473053892 0 0 37.690 40.274 26.514
1 60 9 0 0.47904191616766467 0 0 34.769 42.216 25.223
1 61 6 0 0.41916167664670656 0 0 31.101 41.626 24.741
1 62 7 0 0.37125748502994016 0 0 29.342 38.599 23.315
1 63 7 0 0.08982035928143717 0 0 29.306 38.280 19.567
1 64 20 0 0.04790419161676651 0 0 27.592 34.924 19.180
1 65 17 0 0.03592814371257491 0 0 30.510 33.182 17.470
1 66 0 0 0.029940119760479056 0 0 31.977 29.726 17.739
1 67 14 0 0.11976047904191622 0 0 35.285 30.767 19.289
1 68 1 0 0.40718562874251496 0 0 33.786 32.356 22.371
1 69 3 0 0.34730538922155685 0 0 31.717 29.191 22.951
1 70 6 0 0.2574850299401197 0 0 34.863 27.067 22.609
1 71 20 0 0.5269461077844311 0 0 36.552 29.357 25.025
1 72 14 0 0.6826347305389222 0 0 33.687 28.901 27.505
1 73 1 0 0.49101796407185627 0 0 34.175 25.110 27.004
1 74 18 0 0.5149700598802396 0 0 37.913 25.287 27.689
1 75 9 0 0.7844311377245509 0 0 37.041 26.909 31.003
1 76 7 0 0.7245508982035929 0 0 36.332 24.315 33.702
1 77 9 0 0.8982035928143712 0 0 34.699 26.603 36.220
1 78 15 0 0.9640718562874252 0 0 33.576 30.165 36.157
1 79 12 0 0.9940119760479041 0 0 33.842 33.062 38.522
1 80 5 0 0.9820359281437125 0 0 30.981 35.359 37.828
1 81 22 0 0.9700598802395209 0 0 31.943 38.878 38.674
1 82 15 0 0.8802395209580838 0 0 29.833 42.047 38.904
1 83 0 0 0.7065868263473054 0 0 30.649 45.445 40.312
1 84 11 0 0.5029940119760479 0 0 28.431 46.845 43.075
1 85 2 0 0.281437125748503 0 0 28.307 50.303 41.543
1 86 2 0 0.3532934131736526 0 0 27.176 49.290 38.086
1 87 18 0 0.25149700598802394 0 0 23.648 47.974 38.005
1 88 13 0 0.33532934131736525 0 0 23.885 46.553 34.505
1 89 17 0 0.6287425149700598 0 0 26.829 44.320 35.228
1 90 15 0 0.6467065868263473 0 0 24.820 42.418 37.816
1 91 7 0 0.4850299401197605 0 0 22.200 41.807 35.142
1 92 3 0 0.6407185628742516 0 0 24.780 40.322 32.819
1 93 11 0 0.7964071856287425 0 0 25.245 37.472 35.167
1 94 10 0 0.562874251497006 0 0 21.970 35.937 34.134
1 95 10 0 0.5329341317365269 0 0 22.940 36.454 30.564
1 96 20 0 0.7604790419161677 0 0 26.228 34.788 30.947
1 97 1 0 0.7125748502994012 0 0 24.794 32.008 33.075
1 98 7 0 0.44311377245508976 0 0 22.674 30.913 30.101
1 99 6 0 0.5089820359281436 0 0 25.592 30.875 27.686
1 100 11 0 0.6766467065868262 0 0 27.750 28.971 30.122
1 101 13 0 0.4610778443113772 0 0 25.165 26.376 30.457
1 102 1 0 0.21556886227544902 0 0 24.472 26.194 26.741
1 103 22 0 0.3053892215568862 0 0 28.063 25.541 25.826
1 104 13 0 0.32335329341317365 0 0 28.516 22.792 28.478
1 105 3 0 0.08383233532934131 0 0 25.272 21.199 27.365
1 106 17 0 0.12574850299401197 0 0 24.028 20.845 30.869
1 107 7 0 0.2335329341317366 0 0 22.700 23.083 33.553
1 108 3 0 0.3652694610778443 0 0 25.129 21.896 36.226
1 109 22 0 0.6167664670658684 0 0 28.370 23.935 35.767
1 110 16 0 0.8023952095808383 0 0 30.381 25.381 38.637
1 111 14 0 0.9041916167664671 0 0 29.750 29.061 39.299
1 112 22 0 0.9401197604790419 0 0 30.639 31.058 42.307
1 113 12 0 0.9341317365269461 0 0 29.163 34.571 42.250
1 114 22 0 0.9520958083832335 0 0 31.410 37.518 42.979
1 115 9 0 0.8502994011976048 0 0 30.556 40.943 44.106
1 116 2 0 0.8203592814371258 0 0 33.452 43.304 43.447
1 117 13 0 0.5568862275449102 0 0 34.420 46.765 44.501
1 118 5 0 0.437125748502994 0 0 32.828 46.230 47.885
1 119 3 0 0.17964071856287422 0 0 35.263 48.385 49.834
1 120 12 0 0.10179640718562877 0 0 33.302 51.308 48.401
1 121 16 0 0.0059880239520957446 0 0 31.184 53.016 51.029
1 122 17 0 0.0119760479041916 0 0 28.083 53.254 48.919
1 123 1 0 0.06586826347305386 0 0 26.449 50.687 46.654
1 124 18 0 0.059880239520958 0 0 23.870 50.633 43.859
1 125 22 0 0.26347305389221565 0 0 23.837 46.837 43.686
1 126 3 0 0.13772455089820357 0 0 22.580 46.003 47.106
1 127 18 0 0.22754491017964074 0 0 24.133 43.149 49.103
1 128 13 0 0.10778443113772451 0 0 20.836 41.460 49.873
1 129 6 0 0.14371257485029942 0 0 19.551 41.298 46.327
1 130 0 0 0.4730538922155688 0 0 22.738 39.806 45.133
1 131 6 0 0.3892215568862275 0 0 22.435 37.276 47.983
1 132 3 0 0.14970059880239517 0 0 18.818 36.589 47.013
1 133 12 0 0.3772455089820359 0 0 19.642 35.789 43.408
1 134 0 0 0.5449101796407185 0 0 22.592 33.798 44.540
1 135 1 0 0.27544910179640725 0 0 20.240 31.626 46.593
1 136 17 0 0.17365269461077848 0 0 18.002 31.425 43.628
1 137 20 0 0.43113772455089827 0 0 20.765 30.075 41.474
1 138 9 0 0.4131736526946108 0 0 22.159 27.946 44.244
1 139 11 0 0.6646706586826348 0 0 25.732 29.200 44.084
1 140 16 0 0.688622754491018 0 0 27.756 30.743 46.884
1 141 15 0 0.7724550898203593 0 0 28.203 34.524 46.802
1 142 11 0 0.8383233532934131 0 0 31.624 35.947 47.532
1 143 7 0 0.6946107784431137 0 0 31.995 39.633 48.518
1 144 18 0 0.7544910179640718 0 0 35.334 41.068 47.467
1 145 17 0 0.5988023952095809 0 0 37.502 44.114 46.852
1 146 0 0 0.7005988023952096 0 0 40.194 43.326 44.329
1 147 13 0 0.4251497005988024 0 0 41.896 46.567 45.186
1 148 18 0 0.23952095808383234 0 0 42.406 46.304 48.905
1 149 1 0 0.4491017964071856 0 0 42.600 42.501 48.509
1 150 6 0 0.45508982035928147 0 0 39.644 41.549 50.681
1 151 9 0 0.6047904191616766 0 0 38.901 37.853 50.097
1 152 22 0 0.8143712574850299 0 0 40.136 37.627 46.563
1 153 3 0 0.7365269461077844 0 0 41.729 34.277 47.134
1 154 3 0 0.7305389221556886 0 0 38.619 32.703 48.669
1 155 0 0 0.9161676646706587 0 0 36.766 33.285 45.380
1 156 15 0 0.9101796407185628 0 0 38.902 30.907 43.461
1 157 20 0 0.7485029940119761 0 0 39.330 28.418 46.316
1 158 18 0 0.7784431137724551 0 0 35.600 28.322 46.796
1 159 12 0 0.8862275449101796 0 0 35.124 27.827 43.075
1 160 22 0 0.718562874251497 0 0 37.611 24.998 43.461
1 161 1 0 0.5389221556886228 0 0 35.630 23.515 46.319
1 162 7 0 0.6347305389221557 0 0 32.546 23.764 44.057
1 163 11 0 0.5688622754491017 0 0 34.271 21.738 41.329
1 164 1 0 0.3173652694610779 0 0 35.398 19.111 43.799
1 165 13 0 0.19161676646706582 0 0 31.800 18.619 45.055
1 166 10 0 0.29940119760479034 0 0 30.334 18.865 41.663
1 167 13 0 0.0718562874251496 0 0 27.829 16.374 40.599
