1 1 14 0 0.017964071856287345 0 0 16.880 47.865 36.350
1 2 18 0 0.11377245508982048 0 0 20.455 47.755 37.769
1 3 7 0 0.2694610778443114 0 0 23.331 48.165 35.317
1 4 20 0 0.5389221556886228 0 0 26.810 46.988 36.461
1 5 13 0 0.688622754491018 0 0 30.179 47.202 34.758
1 6 12 0 0.8982035928143712 0 0 32.458 44.237 34.779
1 7 22 0 0.9461077844311377 0 0 36.047 43.554 33.841
1 8 22 0 0.9880239520958084 0 0 37.688 40.200 33.689
1 9 22 0 0.9700598802395209 0 0 41.139 40.335 35.164
1 10 9 0 0.9281437125748503 0 0 44.063 38.043 34.657
1 11 0 0 0.7964071856287425 0 0 47.279 37.160 32.943
1 12 9 0 0.6347305389221557 0 0 48.077 36.537 29.377
1 13 9 0 0.5748502994011976 0 0 47.346 33.045 28.096
1 14 22 0 0.8143712574850299 0 0 44.650 32.411 30.709
1 15 9 0 0.8502994011976048 0 0 41.510 32.563 28.665
1 16 13 0 0.9520958083832335 0 0 40.005 35.675 30.290
1 17 17 0 0.8802395209580838 0 0 38.188 36.976 27.214
1 18 0 0 0.8203592814371258 0 0 37.293 33.438 26.360
1 19 12 0 0.9101796407185628 0 0 35.036 33.422 29.373
1 20 18 0 0.8862275449101796 0 0 33.155 36.483 28.163
1 21 11 0 0.6826347305389222 0 0 32.920 35.561 24.497
1 22 6 0 0.5988023952095809 0 0 31.719 31.972 25.160
1 23 12 0 0.6946107784431137 0 0 29.321 33.373 27.670
1 24 11 0 0.5329341317365269 0 0 27.711 35.896 25.353
1 25 6 0 0.3652694610778443 0 0 28.443 34.671 21.855
1 26 2 0 0.34730538922155685 0 0 29.370 31.054 22.311
1 27 10 0 0.13772455089820357 0 0 31.150 29.931 19.246
1 28 15 0 0.10778443113772451 0 0 34.620 28.618 18.372
1 29 22 0 0.14371257485029942 0 0 37.193 31.273 17.833
1 30 3 0 0.029940119760479056 0 0 39.939 30.495 15.255
1 31 7 0 0.06586826347305386 0 0 42.317 33.042 16.728
1 32 20 0 0.29940119760479034 0 0 41.243 35.620 19.254
1 33 3 0 0.20359281437125742 0 0 41.285 39.268 18.302
1 34 16 0 0.2574850299401197 0 0 43.063 42.093 19.981
1 35 18 0 0.4251497005988024 0 0 40.912 44.084 22.410
1 36 11 0 0.2335329341317366 0 0 40.595 47.798 21.906
1 37 7 0 0.23952095808383234 0 0 36.980 48.881 22.353
1 38 3 0 0.44311377245508976 0 0 35.390 45.561 22.927
1 39 17 0 0.4730538922155688 0 0 31.854 45.618 24.240
1 40 20 0 0.562874251497006 0 0 29.761 42.661 25.281
1 41 1 0 0.5209580838323353 0 0 26.646 42.632 27.351
1 42 13 0 0.39520958083832336 0 0 23.383 41.046 28.260
1 43 6 0 0.19161676646706582 0 0 20.200 41.666 30.218
1 44 22 0 0.22754491017964074 0 0 19.601 38.901 32.699
1 45 22 0 0.12574850299401197 0 0 17.598 38.085 35.780
1 46 11 0 0.25149700598802394 0 0 19.652 36.781 38.755
1 47 3 0 0.07784431137724557 0 0 17.856 35.574 41.898
1 48 9 0 0.0059880239520957446 0 0 14.765 37.497 40.909
1 49 7 0 0.03592814371257491 0 0 16.590 40.716 40.335
1 50 18 0 0.059880239520958 0 0 16.858 41.992 36.823
1 51 5 0 0.24550898203592808 0 0 20.340 43.150 35.794
1 52 12 0 0.3532934131736526 0 0 22.230 44.460 32.792
1 53 12 0 0.6107784431137725 0 0 25.618 42.978 32.877
1 54 3 0 0.6407185628742516 0 0 28.013 45.009 30.777
1 55 11 0 0.844311377245509 0 0 31.469 43.579 30.258
1 56 12 0 0.7844311377245509 0 0 34.385 45.856 29.468
1 57 3 0 0.8383233532934131 0 0 37.941 44.725 28.848
1 58 18 0 0.7005988023952096 0 0 41.394 46.158 29.311
1 59 0 0 0.49101796407185627 0 0 42.898 46.883 25.964
1 60 9 0 0.32335329341317365 0 0 45.965 45.770 24.114
1 61 6 0 0.2934131736526946 0 0 48.420 42.891 24.102
1 62 7 0 0.16766467065868274 0 0 50.911 44.925 26.107
1 63 7 0 0.27544910179640725 0 0 49.824 46.941 29.076
1 64 20 0 0.053892215568862256 0 0 51.615 50.100 28.258
1 65 17 0 0.02395209580838331 0 0 50.301 52.204 25.430
1 66 0 0 0.13173652694610782 0 0 46.840 50.795 25.864
1 67 14 0 0.28742514970059885 0 0 43.978 51.270 28.266
1 68 1 0 0.5089820359281436 0 0 44.244 49.349 31.436
1 69 3 0 0.4011976047904191 0 0 43.628 51.852 34.301
1 70 6 0 0.3293413173652695 0 0 40.510 53.663 33.107
1 71 20 0 0.5808383233532934 0 0 38.592 50.442 32.514
1 72 14 0 0.6706586826347305 0 0 39.648 49.365 35.992
1 73 1 0 0.43113772455089827 0 0 38.371 52.622 37.461
1 74 18 0 0.4850299401197605 0 0 35.177 52.191 35.432
1 75 9 0 0.7245508982035929 0 0 34.543 48.741 36.798
1 76 7 0 0.6766467065868262 0 0 32.250 47.967 39.715
1 77 9 0 0.8682634730538922 0 0 33.703 44.508 40.188
1 78 15 0 0.9640718562874252 0 0 36.230 42.130 38.919
1 79 12 0 0.9940119760479041 0 0 36.532 38.468 37.963
1 80 5 0 0.9820359281437125 0 0 40.013 37.219 38.871
1 81 22 0 0.9760479041916168 0 0 41.196 34.665 36.355
1 82 15 0 0.874251497005988 0 0 43.954 32.045 36.481
1 83 0 0 0.7425149700598803 0 0 44.252 28.777 34.742
1 84 11 0 0.5449101796407185 0 0 44.318 25.625 36.806
1 85 2 0 0.33532934131736525 0 0 47.169 24.108 34.768
1 86 2 0 0.3892215568862275 0 0 49.356 27.190 35.290
1 87 18 0 0.281437125748503 0 0 51.343 28.114 38.321
1 88 13 0 0.35928143712574856 0 0 52.470 31.539 37.236
1 89 17 0 0.6287425149700598 0 0 49.020 32.935 36.547
1 90 15 0 0.6227544910179641 0 0 47.835 31.588 39.957
1 91 7 0 0.4491017964071856 0 0 50.591 33.666 41.513
1 92 3 0 0.6047904191616766 0 0 49.507 36.604 39.401
1 93 11 0 0.7904191616766467 0 0 46.246 36.610 41.395
1 94 10 0 0.5508982035928144 0 0 48.005 38.447 44.192
1 95 10 0 0.5149700598802396 0 0 49.613 40.911 41.852
1 96 20 0 0.7544910179640718 0 0 46.309 41.647 40.212
1 97 1 0 0.7305389221556886 0 0 44.454 41.804 43.540
1 98 7 0 0.46706586826347307 0 0 46.862 44.347 44.943
1 99 6 0 0.4970059880239521 0 0 46.349 46.900 42.293
1 100 11 0 0.652694610778443 0 0 42.529 46.619 42.481
1 101 13 0 0.41916167664670656 0 0 42.497 47.499 46.167
1 102 1 0 0.21556886227544902 0 0 44.451 50.668 45.545
1 103 22 0 0.3413173652694611 0 0 42.332 51.782 42.597
1 104 13 0 0.3173652694610779 0 0 39.184 51.648 44.662
1 105 3 0 0.10179640718562877 0 0 40.889 52.660 47.800
1 106 17 0 0.14970059880239517 0 0 39.550 49.804 49.769
1 107 7 0 0.17365269461077848 0 0 40.261 46.515 51.530
1 108 3 0 0.40718562874251496 0 0 37.287 44.855 49.840
1 109 22 0 0.5868263473053892 0 0 36.529 45.579 46.270
1 110 16 0 0.7485029940119761 0 0 33.960 43.162 44.909
1 111 14 0 0.9041916167664671 0 0 35.744 40.245 43.307
1 112 22 0 0.9341317365269461 0 0 35.476 36.531 42.552
1 113 12 0 0.9221556886227544 0 0 38.233 33.903 42.003
1 114 22 0 0.9580838323353293 0 0 37.838 31.987 38.761
1 115 9 0 0.8622754491017964 0 0 39.768 28.916 37.957
1 116 2 0 0.8562874251497006 0 0 39.600 28.252 34.235
1 117 13 0 0.592814371257485 0 0 40.588 25.169 32.306
1 118 5 0 0.45508982035928147 0 0 38.965 22.436 34.363
1 119 3 0 0.17964071856287422 0 0 39.049 19.586 31.874
1 120 12 0 0.041916167664670656 0 0 41.879 17.148 32.718
1 121 16 0 0.0119760479041916 0 0 41.646 15.162 35.907
1 122 17 0 0.0 0 0 45.302 16.110 36.357
1 123 1 0 0.08982035928143717 0 0 45.973 19.692 37.261
1 124 18 0 0.09580838323353291 0 0 49.016 21.713 38.101
1 125 22 0 0.221556886227545 0 0 47.584 23.900 40.895
1 126 3 0 0.11976047904191622 0 0 46.454 22.654 44.239
1 127 18 0 0.19760479041916168 0 0 42.690 22.761 44.716
1 128 13 0 0.08383233532934131 0 0 43.139 23.245 48.406
1 129 6 0 0.15568862275449102 0 0 45.684 25.964 47.986
1 130 0 0 0.4610778443113772 0 0 43.222 27.943 45.851
1 131 6 0 0.37125748502994016 0 0 40.429 27.267 48.252
1 132 3 0 0.16167664670658677 0 0 42.577 28.257 51.249
1 133 12 0 0.3772455089820359 0 0 43.536 31.368 49.375
1 134 0 0 0.5269461077844311 0 0 39.962 32.119 48.534
1 135 1 0 0.26347305389221565 0 0 39.002 31.569 52.131
1 136 17 0 0.18562874251497008 0 0 41.850 33.854 53.085
1 137 20 0 0.4131736526946108 0 0 40.599 36.690 50.884
1 138 9 0 0.38323353293413165 0 0 37.056 35.890 51.813
1 139 11 0 0.658682634730539 0 0 36.004 35.654 48.140
1 140 16 0 0.718562874251497 0 0 34.190 32.964 46.164
1 141 15 0 0.7784431137724551 0 0 36.005 30.433 44.106
1 142 11 0 0.8323353293413174 0 0 34.469 29.091 40.922
1 143 7 0 0.7125748502994012 0 0 35.833 26.231 38.901
1 144 18 0 0.7604790419161677 0 0 35.147 26.469 35.156
1 145 17 0 0.6646706586826348 0 0 36.341 25.640 31.765
1 146 0 0 0.7065868263473054 0 0 35.615 28.047 28.902
1 147 13 0 0.437125748502994 0 0 36.078 25.759 25.924
1 148 18 0 0.3053892215568862 0 0 33.895 22.998 27.202
1 149 1 0 0.47904191616766467 0 0 31.472 25.563 28.602
1 150 6 0 0.5029940119760479 0 0 31.171 24.329 32.129
1 151 9 0 0.6467065868263473 0 0 29.985 26.850 34.682
1 152 22 0 0.8023952095808383 0 0 30.603 29.759 32.335
1 153 3 0 0.7664670658682635 0 0 27.727 31.932 33.364
1 154 3 0 0.7724550898203593 0 0 28.342 30.760 36.960
1 155 0 0 0.9161676646706587 0 0 31.701 32.514 37.068
1 156 15 0 0.9401197604790419 0 0 30.216 35.796 36.047
1 157 20 0 0.8083832335329342 0 0 26.982 35.440 37.977
1 158 18 0 0.8263473053892215 0 0 28.853 34.842 41.236
1 159 12 0 0.8922155688622755 0 0 30.445 38.197 40.844
1 160 22 0 0.7365269461077844 0 0 26.989 39.839 40.498
1 161 1 0 0.5688622754491017 0 0 25.626 37.971 43.471
1 162 7 0 0.6167664670658684 0 0 28.542 39.366 45.427
1 163 11 0 0.5568862275449102 0 0 27.483 42.887 44.237
1 164 1 0 0.31137724550898194 0 0 23.966 42.385 45.555
1 165 13 0 0.20958083832335328 0 0 25.156 41.100 48.895
1 166 10 0 0.0718562874251496 0 0 25.986 43.606 51.546
1 167 13 0 0.04790419161676651 0 0 28.941 43.864 53.947
