1 1 14 0 0.0059880239520957446 0 0 15.657 39.992 28.015
1 2 18 0 0.09580838323353291 0 0 18.427 41.534 30.081
1 3 7 0 0.32335329341317365 0 0 21.934 42.041 28.624
1 4 20 0 0.5808383233532934 0 0 25.052 41.746 30.806
1 5 13 0 0.6946107784431137 0 0 28.480 43.107 29.911
1 6 12 0 0.9041916167664671 0 0 30.974 40.676 31.194
1 7 22 0 0.9520958083832335 0 0 34.727 41.140 31.305
1 8 22 0 0.9820359281437125 0 0 37.344 38.478 31.632
1 9 22 0 0.9700598802395209 0 0 40.590 39.585 33.277
1 10 9 0 0.9221556886227544 0 0 43.632 37.758 34.430
1 11 0 0 0.7724550898203593 0 0 47.299 37.381 33.571
1 12 9 0 0.6047904191616766 0 0 48.696 36.082 30.289
1 13 9 0 0.5688622754491017 0 0 48.977 32.331 29.995
1 14 22 0 0.8083832335329342 0 0 45.885 31.346 31.981
1 15 9 0 0.8323353293413174 0 0 43.646 30.565 29.019
1 16 13 0 0.9341317365269461 0 0 41.603 33.733 29.522
1 17 17 0 0.8562874251497006 0 0 40.743 33.809 25.858
1 18 0 0 0.7964071856287425 0 0 39.904 30.056 25.754
1 19 12 0 0.8982035928143712 0 0 37.195 29.987 28.443
1 20 18 0 0.8802395209580838 0 0 35.106 32.383 26.371
1 21 11 0 0.6766467065868262 0 0 35.691 30.547 23.131
1 22 6 0 0.652694610778443 0 0 34.852 27.337 25.019
1 23 12 0 0.7065868263473054 0 0 31.504 28.773 26.113
1 24 11 0 0.5508982035928144 0 0 30.373 30.679 23.003
1 25 6 0 0.3652694610778443 0 0 31.778 28.496 20.257
1 26 2 0 0.3772455089820359 0 0 32.943 25.357 22.067
1 27 10 0 0.14970059880239517 0 0 35.456 24.088 19.487
1 28 15 0 0.08982035928143717 0 0 39.178 23.400 19.084
1 29 22 0 0.13173652694610782 0 0 41.482 26.324 18.469
1 30 3 0 0.017964071856287345 0 0 44.874 25.480 17.043
1 31 7 0 0.08383233532934131 0 0 46.379 28.591 18.428
1 32 20 0 0.33532934131736525 0 0 44.527 31.455 20.086
1 33 3 0 0.221556886227545 0 0 44.189 34.706 18.216
1 34 16 0 0.23952095808383234 0 0 44.968 38.184 19.026
1 35 18 0 0.4131736526946108 0 0 42.010 40.123 20.288
1 36 11 0 0.17964071856287422 0 0 41.436 43.399 18.498
1 37 7 0 0.29940119760479034 0 0 37.654 43.189 18.913
1 38 3 0 0.4850299401197605 0 0 36.416 39.765 19.817
1 39 17 0 0.47904191616766467 0 0 32.759 40.587 20.388
1 40 20 0 0.5029940119760479 0 0 30.998 37.382 20.871
1 41 1 0 0.4730538922155688 0 0 27.395 37.188 22.175
1 42 13 0 0.44311377245508976 0 0 25.194 34.574 23.758
1 43 6 0 0.21556886227544902 0 0 21.521 34.531 24.562
1 44 22 0 0.24550898203592808 0 0 20.929 31.861 27.207
1 45 22 0 0.10778443113772451 0 0 18.214 31.215 29.763
1 46 11 0 0.25149700598802394 0 0 19.548 31.524 33.324
1 47 3 0 0.059880239520958 0 0 17.051 30.828 36.150
1 48 9 0 0.0 0 0 14.023 31.374 33.943
1 49 7 0 0.03592814371257491 0 0 15.493 34.699 32.916
1 50 18 0 0.041916167664670656 0 0 16.406 35.277 29.269
1 51 5 0 0.2694610778443114 0 0 19.910 36.665 29.397
1 52 12 0 0.35928143712574856 0 0 22.087 38.120 26.699
1 53 12 0 0.6287425149700598 0 0 25.789 37.804 27.619
1 54 3 0 0.6407185628742516 0 0 28.194 39.962 25.724
1 55 11 0 0.8502994011976048 0 0 31.725 38.899 26.469
1 56 12 0 0.8383233532934131 0 0 34.753 41.165 26.315
1 57 3 0 0.844311377245509 0 0 38.458 40.510 25.979
1 58 18 0 0.6826347305389222 0 0 41.048 43.266 26.024
1 59 0 0 0.40718562874251496 0 0 42.088 44.742 22.658
1 60 9 0 0.22754491017964074 0 0 45.802 44.274 21.819
1 61 6 0 0.18562874251497008 0 0 48.093 41.288 21.417
1 62 7 0 0.11976047904191622 0 0 50.677 42.966 23.621
1 63 7 0 0.3173652694610779 0 0 49.575 43.578 27.233
1 64 20 0 0.06586826347305386 0 0 52.413 46.033 27.911
1 65 17 0 0.029940119760479056 0 0 51.315 49.675 27.712
1 66 0 0 0.16766467065868274 0 0 47.901 48.293 26.994
1 67 14 0 0.31137724550898194 0 0 44.260 49.109 27.752
1 68 1 0 0.5209580838323353 0 0 42.597 48.305 31.080
1 69 3 0 0.43113772455089827 0 0 40.196 50.627 32.704
1 70 6 0 0.37125748502994016 0 0 37.989 51.253 29.778
1 71 20 0 0.6227544910179641 0 0 36.962 47.618 29.863
1 72 14 0 0.6706586826347305 0 0 36.227 48.025 33.521
1 73 1 0 0.4251497005988024 0 0 33.938 50.888 32.775
1 74 18 0 0.4970059880239521 0 0 31.956 48.973 30.156
1 75 9 0 0.7425149700598803 0 0 31.876 45.765 32.194
1 76 7 0 0.688622754491018 0 0 29.249 45.111 34.801
1 77 9 0 0.874251497005988 0 0 30.365 41.739 36.014
1 78 15 0 0.9640718562874252 0 0 33.944 40.496 36.165
1 79 12 0 0.9940119760479041 0 0 35.229 37.008 35.485
1 80 5 0 0.9880239520958084 0 0 38.560 36.767 37.203
1 81 22 0 0.9760479041916168 0 0 40.809 34.110 35.694
1 82 15 0 0.8862275449101796 0 0 43.744 32.278 37.259
1 83 0 0 0.7365269461077844 0 0 45.435 29.007 36.464
1 84 11 0 0.5329341317365269 0 0 45.943 26.484 39.207
1 85 2 0 0.3053892215568862 0 0 49.493 25.589 38.138
1 86 2 0 0.4011976047904191 0 0 50.479 29.232 38.278
1 87 18 0 0.26347305389221565 0 0 51.218 30.624 41.728
1 88 13 0 0.34730538922155685 0 0 51.826 34.031 40.161
1 89 17 0 0.6167664670658684 0 0 48.574 34.474 38.233
1 90 15 0 0.592814371257485 0 0 46.988 33.948 41.634
1 91 7 0 0.4491017964071856 0 0 48.798 36.925 43.200
1 92 3 0 0.5868263473053892 0 0 47.752 39.112 40.247
1 93 11 0 0.7904191616766467 0 0 44.083 38.804 41.219
1 94 10 0 0.5389221556886228 0 0 44.598 41.181 44.092
1 95 10 0 0.5089820359281436 0 0 45.804 43.886 41.697
1 96 20 0 0.7604790419161677 0 0 42.840 43.180 39.432
1 97 1 0 0.718562874251497 0 0 40.403 43.152 42.251
1 98 7 0 0.46706586826347307 0 0 41.609 46.559 43.487
1 99 6 0 0.5149700598802396 0 0 41.424 47.975 39.922
1 100 11 0 0.6646706586826348 0 0 37.778 46.810 39.514
1 101 13 0 0.437125748502994 0 0 37.081 48.527 42.792
1 102 1 0 0.19760479041916168 0 0 38.799 51.790 41.787
1 103 22 0 0.2934131736526946 0 0 36.846 52.216 38.568
1 104 13 0 0.27544910179640725 0 0 33.540 51.519 40.258
1 105 3 0 0.053892215568862256 0 0 34.385 53.361 43.453
1 106 17 0 0.16167664670658677 0 0 32.959 50.385 45.183
1 107 7 0 0.20359281437125742 0 0 33.634 47.360 47.388
1 108 3 0 0.3413173652694611 0 0 30.585 45.463 46.351
1 109 22 0 0.5748502994011976 0 0 31.469 44.904 42.724
1 110 16 0 0.7664670658682635 0 0 30.213 41.653 41.133
1 111 14 0 0.9101796407185628 0 0 32.947 39.276 40.337
1 112 22 0 0.9461077844311377 0 0 33.656 35.611 40.332
1 113 12 0 0.9401197604790419 0 0 37.003 34.006 40.962
1 114 22 0 0.9580838323353293 0 0 37.558 31.215 38.489
1 115 9 0 0.8682634730538922 0 0 40.278 28.677 38.631
1 116 2 0 0.8622754491017964 0 0 40.836 27.539 35.033
1 117 13 0 0.5988023952095809 0 0 42.499 24.194 34.306
1 118 5 0 0.5269461077844311 0 0 40.843 22.252 37.098
1 119 3 0 0.2574850299401197 0 0 40.357 18.779 35.641
1 120 12 0 0.11377245508982048 0 0 43.999 18.050 36.252
1 121 16 0 0.0119760479041916 0 0 44.866 16.111 39.396
1 122 17 0 0.02395209580838331 0 0 47.852 18.328 40.260
1 123 1 0 0.12574850299401197 0 0 47.820 21.934 41.266
1 124 18 0 0.0718562874251496 0 0 50.511 24.162 42.737
1 125 22 0 0.20958083832335328 0 0 48.109 26.627 44.320
1 126 3 0 0.10179640718562877 0 0 46.567 25.962 47.689
1 127 18 0 0.19161676646706582 0 0 42.857 25.052 47.386
1 128 13 0 0.07784431137724557 0 0 42.167 26.231 50.925
1 129 6 0 0.13772455089820357 0 0 43.894 29.496 50.400
1 130 0 0 0.4610778443113772 0 0 41.900 29.946 47.265
1 131 6 0 0.3532934131736526 0 0 38.726 29.206 49.239
1 132 3 0 0.15568862275449102 0 0 39.841 31.394 52.162
1 133 12 0 0.39520958083832336 0 0 40.498 34.068 49.566
1 134 0 0 0.5449101796407185 0 0 37.064 34.009 47.978
1 135 1 0 0.28742514970059885 0 0 35.257 33.637 51.226
1 136 17 0 0.17365269461077848 0 0 37.011 36.655 52.530
1 137 20 0 0.3892215568862275 0 0 35.555 39.065 49.896
1 138 9 0 0.38323353293413165 0 0 32.270 37.170 49.726
1 139 11 0 0.658682634730539 0 0 32.715 36.111 46.101
1 140 16 0 0.7005988023952096 0 0 32.370 32.604 44.799
1 141 15 0 0.7784431137724551 0 0 35.442 30.543 43.933
1 142 11 0 0.8263473053892215 0 0 34.312 28.374 41.108
1 143 7 0 0.7485029940119761 0 0 36.554 25.698 39.572
1 144 18 0 0.8023952095808383 0 0 36.348 25.058 35.857
1 145 17 0 0.6467065868263473 0 0 37.942 23.198 32.945
1 146 0 0 0.7125748502994012 0 0 37.634 24.928 29.593
1 147 13 0 0.45508982035928147 0 0 39.459 22.113 27.839
1 148 18 0 0.281437125748503 0 0 37.391 19.247 29.140
1 149 1 0 0.41916167664670656 0 0 34.101 21.079 29.024
1 150 6 0 0.49101796407185627 0 0 33.513 21.155 32.686
1 151 9 0 0.6107784431137725 0 0 31.534 23.801 34.565
1 152 22 0 0.8203592814371258 0 0 32.433 26.272 31.863
1 153 3 0 0.7544910179640718 0 0 28.998 27.809 31.225
1 154 3 0 0.7245508982035929 0 0 28.504 27.364 35.007
1 155 0 0 0.9161676646706587 0 0 31.262 29.902 35.896
1 156 15 0 0.9281437125748503 0 0 29.685 32.706 33.795
1 157 20 0 0.7844311377245509 0 0 26.253 31.681 35.141
1 158 18 0 0.8143712574850299 0 0 27.453 32.229 38.649
1 159 12 0 0.8922155688622755 0 0 28.718 35.647 37.657
1 160 22 0 0.7305389221556886 0 0 25.295 36.449 36.267
1 161 1 0 0.5568862275449102 0 0 23.850 35.265 39.564
1 162 7 0 0.6347305389221557 0 0 26.150 37.676 41.398
1 163 11 0 0.562874251497006 0 0 24.727 40.442 39.248
1 164 1 0 0.3293413173652695 0 0 21.242 39.392 40.361
1 165 13 0 0.2335329341317366 0 0 22.222 39.375 44.002
1 166 10 0 0.04790419161676651 0 0 21.502 42.388 46.106
1 167 13 0 0.14371257485029942 0 0 24.730 44.282 46.079
