5.000000000000000000e+00 1.160714253783226013e-01 2.527000045776367188e+01 3.883499908447265625e+01 3.994400024414062500e+01
1.600000000000000000e+01 2.187500000000000000e-01 2.659099960327148438e+01 4.195000076293945312e+01 4.177799987792968750e+01
1.200000000000000000e+01 4.910714328289031982e-01 3.029000091552734375e+01 4.137799835205078125e+01 4.122600173950195312e+01
1.400000000000000000e+01 5.446428656578063965e-01 3.168099975585937500e+01 3.877899932861328125e+01 3.891199874877929688e+01
2.200000000000000000e+01 7.142857313156127930e-01 3.531200027465820312e+01 3.794699859619140625e+01 3.789599990844726562e+01
1.300000000000000000e+01 6.741071343421936035e-01 3.575000000000000000e+01 3.553799819946289062e+01 3.483499908447265625e+01
2.200000000000000000e+01 7.187500000000000000e-01 3.927000045776367188e+01 3.403699874877929688e+01 3.392699813842773438e+01
1.200000000000000000e+01 6.607142686843872070e-01 4.033100128173828125e+01 3.294100189208984375e+01 3.041900062561035156e+01
3.000000000000000000e+00 6.116071343421936035e-01 4.338499832153320312e+01 3.148999977111816406e+01 2.862700080871582031e+01
0.000000000000000000e+00 5.758928656578063965e-01 4.451200103759765625e+01 3.281700134277343750e+01 2.527799987792968750e+01
2.200000000000000000e+01 3.571428656578063965e-01 4.702700042724609375e+01 3.001600074768066406e+01 2.429400062561035156e+01
1.000000000000000000e+00 2.276785671710968018e-01 4.426200103759765625e+01 2.729100036621093750e+01 2.456900024414062500e+01
9.000000000000000000e+00 2.857142984867095947e-01 4.113999938964843750e+01 2.943199920654296875e+01 2.417600059509277344e+01
1.700000000000000000e+01 2.544642984867095947e-01 3.898899841308593750e+01 2.800399971008300781e+01 2.699600028991699219e+01
1.600000000000000000e+01 3.348214328289031982e-01 3.818999862670898438e+01 2.877700042724609375e+01 3.073999977111816406e+01
0.000000000000000000e+00 5.178571343421936035e-01 4.106000137329101562e+01 2.912100028991699219e+01 3.327199935913085938e+01
1.100000000000000000e+01 3.169642984867095947e-01 4.024300003051757812e+01 2.655599975585937500e+01 3.602399826049804688e+01
2.000000000000000000e+00 3.303571343421936035e-01 4.146400070190429688e+01 2.682900047302246094e+01 3.967100143432617188e+01
2.200000000000000000e+01 6.428571343421936035e-01 4.286800003051757812e+01 3.037500000000000000e+01 3.951200103759765625e+01
0.000000000000000000e+00 6.562500000000000000e-01 4.317499923706054688e+01 3.191500091552734375e+01 4.307799911499023438e+01
1.400000000000000000e+01 7.723214030265808105e-01 4.256399917602539062e+01 3.568299865722656250e+01 4.382199859619140625e+01
2.200000000000000000e+01 7.321428656578063965e-01 3.909099960327148438e+01 4.096900177001953125e+01 4.637900161743164062e+01
1.500000000000000000e+01 6.875000000000000000e-01 3.975999832153320312e+01 4.400199890136718750e+01 4.866400146484375000e+01
1.000000000000000000e+00 5.491071343421936035e-01 3.742100143432617188e+01 4.685499954223632812e+01 4.990700149536132812e+01
1.300000000000000000e+01 5.223214030265808105e-01 3.898899841308593750e+01 5.012900161743164062e+01 5.061999893188476562e+01
0.000000000000000000e+00 2.633928656578063965e-01 3.856100082397460938e+01 5.108800125122070312e+01 5.439400100708007812e+01
0.000000000000000000e+00 8.035714179277420044e-02 3.781999969482421875e+01 5.436000061035156250e+01 5.620500183105468750e+01
3.000000000000000000e+00 8.928571641445159912e-02 4.151800155639648438e+01 5.481600189208984375e+01 5.715499877929687500e+01
3.000000000000000000e+00 2.946428656578063965e-01 4.224499893188476562e+01 5.415700149536132812e+01 5.348799896240234375e+01
1.800000000000000000e+01 3.839285671710968018e-01 4.373099899291992188e+01 5.064599990844726562e+01 5.398199844360351562e+01
1.900000000000000000e+01 5.803571343421936035e-01 4.274399948120117188e+01 4.760499954223632812e+01 5.199100112915039062e+01
7.000000000000000000e+00 3.750000000000000000e-01 4.020500183105468750e+01 4.524100112915039062e+01 5.388999938964843750e+01
1.600000000000000000e+01 4.553571343421936035e-01 3.992900085449218750e+01 4.158900070190429688e+01 5.270299911499023438e+01
1.500000000000000000e+01 3.928571343421936035e-01 3.640200042724609375e+01 4.149000167846679688e+01 5.113600158691406250e+01
0.000000000000000000e+00 4.241071343421936035e-01 3.633300018310546875e+01 3.811800003051757812e+01 4.952999877929687500e+01
1.700000000000000000e+01 5.000000000000000000e-01 3.857500076293945312e+01 3.534500122070312500e+01 4.811999893188476562e+01
9.000000000000000000e+00 4.508928656578063965e-01 3.808499908447265625e+01 3.238100051879882812e+01 4.587300109863281250e+01
1.300000000000000000e+01 4.776785671710968018e-01 3.939799880981445312e+01 3.009499931335449219e+01 4.308399963378906250e+01
1.800000000000000000e+01 4.375000000000000000e-01 3.787099838256835938e+01 2.955100059509277344e+01 3.960599899291992188e+01
1.700000000000000000e+01 1.919642835855484009e-01 3.508700180053710938e+01 2.701899909973144531e+01 3.880300140380859375e+01
7.000000000000000000e+00 9.821428358554840088e-02 3.529000091552734375e+01 2.470800018310546875e+01 3.568299865722656250e+01
1.700000000000000000e+01 1.517857164144515991e-01 3.371300125122070312e+01 2.746199989318847656e+01 3.333200073242187500e+01
9.000000000000000000e+00 3.973214328289031982e-01 3.607600021362304688e+01 3.008399963378906250e+01 3.471400070190429688e+01
7.000000000000000000e+00 4.285714328289031982e-01 3.385800170898437500e+01 3.221500015258789062e+01 3.690900039672851562e+01
1.200000000000000000e+01 4.642857015132904053e-01 3.431999969482421875e+01 3.286500167846679688e+01 4.062300109863281250e+01
9.000000000000000000e+00 1.250000000000000000e-01 2.989699935913085938e+01 3.401699829101562500e+01 4.587900161743164062e+01
1.200000000000000000e+01 3.035714328289031982e-01 3.210300064086914062e+01 3.698699951171875000e+01 4.625899887084960938e+01
1.800000000000000000e+01 1.607142835855484009e-01 2.912700080871582031e+01 3.909000015258789062e+01 4.753400039672851562e+01
1.800000000000000000e+01 4.464285820722579956e-02 2.526799964904785156e+01 3.962300109863281250e+01 4.766699981689453125e+01
7.000000000000000000e+00 1.785714365541934967e-02 2.334099960327148438e+01 4.255400085449218750e+01 4.604999923706054688e+01
7.000000000000000000e+00 4.464285913854837418e-03 2.253000068664550781e+01 4.429999923706054688e+01 4.945199966430664062e+01
7.000000000000000000e+00 4.017857089638710022e-02 2.621299934387207031e+01 4.389500045776367188e+01 5.065499877929687500e+01
1.500000000000000000e+01 1.562500000000000000e-01 2.802000045776367188e+01 4.545600128173828125e+01 4.769100189208984375e+01
2.200000000000000000e+01 1.071428582072257996e-01 2.777599906921386719e+01 4.917300033569335938e+01 4.883800125122070312e+01
7.000000000000000000e+00 1.875000000000000000e-01 2.973999977111816406e+01 5.218399810791015625e+01 4.739300155639648438e+01
9.000000000000000000e+00 3.482142984867095947e-01 3.354700088500976562e+01 5.249100112915039062e+01 4.768299865722656250e+01
1.100000000000000000e+01 6.339285969734191895e-01 3.681399917602539062e+01 5.167699813842773438e+01 4.610200119018554688e+01
2.000000000000000000e+01 7.410714030265808105e-01 3.750799942016601562e+01 4.803599929809570312e+01 4.531800079345703125e+01
1.300000000000000000e+01 8.750000000000000000e-01 4.054100036621093750e+01 4.599300003051757812e+01 4.417900085449218750e+01
2.200000000000000000e+01 9.196428656578063965e-01 4.111199951171875000e+01 4.247299957275390625e+01 4.275899887084960938e+01
7.000000000000000000e+00 9.375000000000000000e-01 4.447800064086914062e+01 4.070999908447265625e+01 4.314300155639648438e+01
1.100000000000000000e+01 9.241071343421936035e-01 4.480300140380859375e+01 3.758200073242187500e+01 4.101800155639648438e+01
3.000000000000000000e+00 8.303571343421936035e-01 4.757899856567382812e+01 3.500799942016601562e+01 4.157600021362304688e+01
1.800000000000000000e+01 8.616071343421936035e-01 4.853900146484375000e+01 3.431100082397460938e+01 3.778400039672851562e+01
1.300000000000000000e+01 7.678571343421936035e-01 5.204000091552734375e+01 3.316600036621093750e+01 3.832699966430664062e+01
1.700000000000000000e+01 6.205357313156127930e-01 5.055400085449218750e+01 3.001799964904785156e+01 4.009899902343750000e+01
2.000000000000000000e+01 6.250000000000000000e-01 4.823400115966796875e+01 2.930900001525878906e+01 3.702299880981445312e+01
1.900000000000000000e+01 5.848214030265808105e-01 5.113000106811523438e+01 2.911300086975097656e+01 3.447200012207031250e+01
1.300000000000000000e+01 3.705357015132904053e-01 5.335900115966796875e+01 2.705500030517578125e+01 3.687500000000000000e+01
0.000000000000000000e+00 2.455357164144515991e-01 5.080899810791015625e+01 2.421500015258789062e+01 3.683800125122070312e+01
1.200000000000000000e+01 2.366071492433547974e-01 5.093999862670898438e+01 2.427599906921386719e+01 3.311600112915039062e+01
9.000000000000000000e+00 1.383928507566452026e-01 5.475099945068359375e+01 2.394000053405761719e+01 3.322299957275390625e+01
1.100000000000000000e+01 3.258928656578063965e-01 5.533100128173828125e+01 2.755599975585937500e+01 3.212099838256835938e+01
1.700000000000000000e+01 4.821428656578063965e-01 5.754199981689453125e+01 3.038400077819824219e+01 3.354100036621093750e+01
1.600000000000000000e+01 6.919642686843872070e-01 5.550600051879882812e+01 3.357799911499023438e+01 3.296400070190429688e+01
1.500000000000000000e+01 8.125000000000000000e-01 5.617100143432617188e+01 3.729399871826171875e+01 3.324700164794921875e+01
7.000000000000000000e+00 8.794642686843872070e-01 5.375199890136718750e+01 3.783499908447265625e+01 3.946799850463867188e+01
0.000000000000000000e+00 9.866071343421936035e-01 4.735699844360351562e+01 4.077600097656250000e+01 3.829199981689453125e+01
7.000000000000000000e+00 9.910714030265808105e-01 4.614899826049804688e+01 4.370600128173828125e+01 4.045700073242187500e+01
2.200000000000000000e+01 9.776785969734191895e-01 4.314899826049804688e+01 4.575299835205078125e+01 3.918099975585937500e+01
2.200000000000000000e+01 9.464285969734191895e-01 4.143099975585937500e+01 4.867800140380859375e+01 4.100299835205078125e+01
1.500000000000000000e+01 8.392857313156127930e-01 3.807400131225585938e+01 5.043899917602539062e+01 4.040399932861328125e+01
1.800000000000000000e+01 6.651785969734191895e-01 3.537599945068359375e+01 5.259299850463867188e+01 4.187099838256835938e+01
0.000000000000000000e+00 5.357142686843872070e-01 3.212699890136718750e+01 5.059199905395507812e+01 4.229800033569335938e+01
2.000000000000000000e+00 2.678571343421936035e-01 2.846899986267089844e+01 5.195399856567382812e+01 4.246099853515625000e+01
3.000000000000000000e+00 1.964285671710968018e-01 2.885000038146972656e+01 5.564899826049804688e+01 4.169300079345703125e+01
1.700000000000000000e+01 5.803571268916130066e-02 2.566900062561035156e+01 5.714300155639648438e+01 4.004100036621093750e+01
9.000000000000000000e+00 3.125000000000000000e-02 2.370400047302246094e+01 5.416699981689453125e+01 4.119699859619140625e+01
1.600000000000000000e+01 7.589285820722579956e-02 2.407699966430664062e+01 5.047000122070312500e+01 4.185100173950195312e+01
1.000000000000000000e+00 2.053571492433547974e-01 2.591799926757812500e+01 4.868099975585937500e+01 3.906100082397460938e+01
1.000000000000000000e+00 2.901785671710968018e-01 2.693499946594238281e+01 4.507600021362304688e+01 3.823400115966796875e+01
2.000000000000000000e+01 5.669642686843872070e-01 3.053000068664550781e+01 4.434099960327148438e+01 3.722499847412109375e+01
1.800000000000000000e+01 6.160714030265808105e-01 3.168400001525878906e+01 4.149800109863281250e+01 3.512099838256835938e+01
1.100000000000000000e+01 8.035714030265808105e-01 3.538800048828125000e+01 4.144400024414062500e+01 3.489899826049804688e+01
0.000000000000000000e+00 8.169642686843872070e-01 3.724900054931640625e+01 3.941099929809570312e+01 3.228499984741210938e+01
0.000000000000000000e+00 9.107142686843872070e-01 4.096699905395507812e+01 3.868099975585937500e+01 3.292800140380859375e+01
1.200000000000000000e+01 8.526785969734191895e-01 4.271799850463867188e+01 3.703499984741210938e+01 2.987500000000000000e+01
1.200000000000000000e+01 8.482142686843872070e-01 4.599499893188476562e+01 3.531399917602539062e+01 3.057500076293945312e+01
1.700000000000000000e+01 7.500000000000000000e-01 4.892900085449218750e+01 3.462300109863281250e+01 2.818199920654296875e+01
1.600000000000000000e+01 6.964285969734191895e-01 5.260900115966796875e+01 3.366699981689453125e+01 2.909399986267089844e+01
2.000000000000000000e+01 7.812500000000000000e-01 5.414699935913085938e+01 3.719699859619140625e+01 2.904700088500976562e+01
1.700000000000000000e+01 8.928571343421936035e-01 5.090900039672851562e+01 3.926699829101562500e+01 2.892900085449218750e+01
2.000000000000000000e+01 9.642857313156127930e-01 4.745600128173828125e+01 3.984099960327148438e+01 3.059700012207031250e+01
1.700000000000000000e+01 9.419642686843872070e-01 4.435499954223632812e+01 4.144699859619140625e+01 2.891099929809570312e+01
1.800000000000000000e+01 9.687500000000000000e-01 4.172100067138671875e+01 4.275099945068359375e+01 3.137999916076660156e+01
1.800000000000000000e+01 8.705357313156127930e-01 3.815800094604492188e+01 4.404399871826171875e+01 3.043600082397460938e+01
0.000000000000000000e+00 7.857142686843872070e-01 3.507799911499023438e+01 4.497600173950195312e+01 3.249700164794921875e+01
2.200000000000000000e+01 5.892857313156127930e-01 3.147800064086914062e+01 4.490100097656250000e+01 3.132099914550781250e+01
2.200000000000000000e+01 4.464285671710968018e-01 2.908799934387207031e+01 4.692399978637695312e+01 3.344800186157226562e+01
1.800000000000000000e+01 1.741071492433547974e-01 2.536700057983398438e+01 4.640000152587890625e+01 3.386000061035156250e+01
2.000000000000000000e+00 7.142857462167739868e-02 2.270299911499023438e+01 4.851399993896484375e+01 3.535100173950195312e+01
1.600000000000000000e+01 8.928571827709674835e-03 1.951399993896484375e+01 4.699599838256835938e+01 3.706499862670898438e+01
5.000000000000000000e+00 1.294642835855484009e-01 6.764800262451171875e+01 5.143399810791015625e+01 2.849699974060058594e+01
1.600000000000000000e+01 2.500000000000000000e-01 6.733999633789062500e+01 4.814199829101562500e+01 3.038299942016601562e+01
1.200000000000000000e+01 4.955357015132904053e-01 6.393899917602539062e+01 4.908800125122070312e+01 3.165800094604492188e+01
1.400000000000000000e+01 5.133928656578063965e-01 6.198600006103515625e+01 5.078300094604492188e+01 2.884000015258789062e+01
2.200000000000000000e+01 7.098214030265808105e-01 5.813999938964843750e+01 5.105099868774414062e+01 2.923500061035156250e+01
1.300000000000000000e+01 6.830357313156127930e-01 5.586600112915039062e+01 5.239500045776367188e+01 2.643199920654296875e+01
2.200000000000000000e+01 7.366071343421936035e-01 5.218099975585937500e+01 5.344599914550781250e+01 2.655100059509277344e+01
1.200000000000000000e+01 6.696428656578063965e-01 4.971500015258789062e+01 5.306200027465820312e+01 2.366500091552734375e+01
3.000000000000000000e+00 6.294642686843872070e-01 4.602600097656250000e+01 5.414500045776367188e+01 2.324399948120117188e+01
0.000000000000000000e+00 5.625000000000000000e-01 4.327799987792968750e+01 5.230500030517578125e+01 2.157200050354003906e+01
2.200000000000000000e+01 3.660714328289031982e-01 4.084700012207031250e+01 5.529199981689453125e+01 2.135499954223632812e+01
1.000000000000000000e+00 2.142857164144515991e-01 4.274800109863281250e+01 5.757699966430664062e+01 1.904700088500976562e+01
9.000000000000000000e+00 2.723214328289031982e-01 4.467499923706054688e+01 5.454899978637695312e+01 1.772699928283691406e+01
1.700000000000000000e+01 2.812500000000000000e-01 4.806999969482421875e+01 5.624200057983398438e+01 1.860600090026855469e+01
1.600000000000000000e+01 3.883928656578063965e-01 5.079700088500976562e+01 5.628200149536132812e+01 2.133300018310546875e+01
0.000000000000000000e+00 5.267857313156127930e-01 5.011199951171875000e+01 5.777000045776367188e+01 2.470299911499023438e+01
1.100000000000000000e+01 3.125000000000000000e-01 5.211399841308593750e+01 6.093399810791015625e+01 2.528499984741210938e+01
2.000000000000000000e+00 3.437500000000000000e-01 5.250600051879882812e+01 6.226900100708007812e+01 2.891500091552734375e+01
2.200000000000000000e+01 6.473214030265808105e-01 5.132099914550781250e+01 5.929800033569335938e+01 3.088999938964843750e+01
0.000000000000000000e+00 6.517857313156127930e-01 5.287400054931640625e+01 5.936500167846679688e+01 3.429199981689453125e+01
1.400000000000000000e+01 7.633928656578063965e-01 5.438299942016601562e+01 5.620899963378906250e+01 3.586800003051757812e+01
2.200000000000000000e+01 7.276785969734191895e-01 5.840399932861328125e+01 5.235200119018554688e+01 3.940399932861328125e+01
1.500000000000000000e+01 7.008928656578063965e-01 5.894499969482421875e+01 5.049100112915039062e+01 4.267300033569335938e+01
1.000000000000000000e+00 5.982142686843872070e-01 6.146099853515625000e+01 4.794900131225585938e+01 4.399800109863281250e+01
1.300000000000000000e+01 5.312500000000000000e-01 6.082099914550781250e+01 4.546099853515625000e+01 4.682699966430664062e+01
0.000000000000000000e+00 2.589285671710968018e-01 6.320500183105468750e+01 4.604199981689453125e+01 4.992100143432617188e+01
0.000000000000000000e+00 8.482142537832260132e-02 6.531700134277343750e+01 4.345399856567382812e+01 5.175600051879882812e+01
3.000000000000000000e+00 9.375000000000000000e-02 6.244599914550781250e+01 4.284899902343750000e+01 5.420000076293945312e+01
3.000000000000000000e+00 2.991071343421936035e-01 6.022600173950195312e+01 4.257699966430664062e+01 5.105300140380859375e+01
1.800000000000000000e+01 3.526785671710968018e-01 5.854899978637695312e+01 4.601200103759765625e+01 5.174000167846679688e+01
1.900000000000000000e+01 5.535714030265808105e-01 5.786800003051757812e+01 4.840599822998046875e+01 4.880899810791015625e+01
7.000000000000000000e+00 3.794642984867095947e-01 6.048500061035156250e+01 5.124700164794921875e+01 4.832099914550781250e+01
1.600000000000000000e+01 4.598214328289031982e-01 6.034999847412109375e+01 5.383700180053710938e+01 4.557099914550781250e+01
1.500000000000000000e+01 4.017857015132904053e-01 6.288999938964843750e+01 5.319800186157226562e+01 4.260900115966796875e+01
0.000000000000000000e+00 4.330357015132904053e-01 6.204499816894531250e+01 5.564599990844726562e+01 3.973899841308593750e+01
1.700000000000000000e+01 5.044642686843872070e-01 5.940800094604492188e+01 5.777399826049804688e+01 3.797200012207031250e+01
9.000000000000000000e+00 4.196428656578063965e-01 5.872299957275390625e+01 5.974700164794921875e+01 3.483599853515625000e+01
1.300000000000000000e+01 4.732142984867095947e-01 5.628200149536132812e+01 6.046900177001953125e+01 3.206900024414062500e+01
1.800000000000000000e+01 4.419642984867095947e-01 5.597299957275390625e+01 5.936700057983398438e+01 2.843700027465820312e+01
1.700000000000000000e+01 2.098214328289031982e-01 5.753699874877929688e+01 6.106600189208984375e+01 2.558799934387207031e+01
7.000000000000000000e+00 1.026785746216773987e-01 5.609299850463867188e+01 6.190399932861328125e+01 2.215800094604492188e+01
1.700000000000000000e+01 1.473214328289031982e-01 5.680199813842773438e+01 5.844699859619140625e+01 2.076000022888183594e+01
9.000000000000000000e+00 4.062500000000000000e-01 5.475299835205078125e+01 5.686199951171875000e+01 2.371500015258789062e+01
7.000000000000000000e+00 4.151785671710968018e-01 5.800899887084960938e+01 5.565399932861328125e+01 2.516799926757812500e+01
1.200000000000000000e+01 4.107142984867095947e-01 5.988700103759765625e+01 5.640599822998046875e+01 2.837000083923339844e+01
9.000000000000000000e+00 1.428571492433547974e-01 6.579499816894531250e+01 5.712699890136718750e+01 3.155100059509277344e+01
1.200000000000000000e+01 3.214285671710968018e-01 6.427899932861328125e+01 5.503799819946289062e+01 3.429899978637695312e+01
1.800000000000000000e+01 2.008928507566452026e-01 6.749299621582031250e+01 5.329000091552734375e+01 3.541600036621093750e+01
1.800000000000000000e+01 5.357142910361289978e-02 7.110800170898437500e+01 5.259400177001953125e+01 3.423199844360351562e+01
7.000000000000000000e+00 2.678571455180644989e-02 7.253500366210937500e+01 4.923099899291992188e+01 3.388600158691406250e+01
7.000000000000000000e+00 0.000000000000000000e+00 7.503700256347656250e+01 4.960400009155273438e+01 3.671699905395507812e+01
7.000000000000000000e+00 3.571428731083869934e-02 7.209100341796875000e+01 5.034400177001953125e+01 3.920199966430664062e+01
1.500000000000000000e+01 1.205357164144515991e-01 6.988200378417968750e+01 4.758000183105468750e+01 3.812699890136718750e+01
2.200000000000000000e+01 1.116071417927742004e-01 7.028500366210937500e+01 4.405300140380859375e+01 3.936700057983398438e+01
7.000000000000000000e+00 1.696428507566452026e-01 6.835099792480468750e+01 4.104499816894531250e+01 4.096599960327148438e+01
9.000000000000000000e+00 3.392857015132904053e-01 6.509799957275390625e+01 4.170299911499023438e+01 4.300099945068359375e+01
1.100000000000000000e+01 6.383928656578063965e-01 6.140499877929687500e+01 4.220800018310546875e+01 4.244300079345703125e+01
2.000000000000000000e+01 7.455357313156127930e-01 6.005199813842773438e+01 4.533000183105468750e+01 4.075500106811523438e+01
1.300000000000000000e+01 8.839285969734191895e-01 5.667300033569335938e+01 4.680300140380859375e+01 3.978499984741210938e+01
2.200000000000000000e+01 9.151785969734191895e-01 5.556499862670898438e+01 4.957500076293945312e+01 3.740599822998046875e+01
7.000000000000000000e+00 9.285714030265808105e-01 5.247600173950195312e+01 5.165499877929687500e+01 3.843899917602539062e+01
1.100000000000000000e+01 9.062500000000000000e-01 5.111700057983398438e+01 5.380400085449218750e+01 3.554700088500976562e+01
3.000000000000000000e+00 8.258928656578063965e-01 4.854499816894531250e+01 5.649300003051757812e+01 3.636800003051757812e+01
1.800000000000000000e+01 8.348214030265808105e-01 4.611800003051757812e+01 5.611700057983398438e+01 3.334999847412109375e+01
1.300000000000000000e+01 7.544642686843872070e-01 4.320299911499023438e+01 5.772900009155273438e+01 3.518099975585937500e+01
1.700000000000000000e+01 6.026785969734191895e-01 4.475199890136718750e+01 6.117599868774414062e+01 3.495299911499023438e+01
2.000000000000000000e+01 5.937500000000000000e-01 4.536700057983398438e+01 6.070399856567382812e+01 3.119099998474121094e+01
1.900000000000000000e+01 5.580357313156127930e-01 4.158200073242187500e+01 5.988100051879882812e+01 3.059199905395507812e+01
1.300000000000000000e+01 3.616071343421936035e-01 4.067599868774414062e+01 6.285800170898437500e+01 3.293999862670898438e+01
0.000000000000000000e+00 2.232142835855484009e-01 4.249000167846679688e+01 6.548999786376953125e+01 3.080100059509277344e+01
1.200000000000000000e+01 1.830357164144515991e-01 4.052199935913085938e+01 6.426799774169921875e+01 2.783900070190429688e+01
9.000000000000000000e+00 1.339285671710968018e-01 3.717900085449218750e+01 6.436100006103515625e+01 2.967799949645996094e+01
1.100000000000000000e+01 3.080357015132904053e-01 3.660900115966796875e+01 6.058499908447265625e+01 2.971999931335449219e+01
1.700000000000000000e+01 4.866071343421936035e-01 3.559899902343750000e+01 5.863100051879882812e+01 3.281600189208984375e+01
1.600000000000000000e+01 7.053571343421936035e-01 3.772399902343750000e+01 5.550899887084960938e+01 3.328300094604492188e+01
1.500000000000000000e+01 8.080357313156127930e-01 3.722000122070312500e+01 5.222999954223632812e+01 3.509099960327148438e+01
7.000000000000000000e+00 9.017857313156127930e-01 4.264899826049804688e+01 5.354299926757812500e+01 3.877500152587890625e+01
0.000000000000000000e+00 9.821428656578063965e-01 4.789500045776367188e+01 4.998300170898437500e+01 3.517900085449218750e+01
7.000000000000000000e+00 9.955357313156127930e-01 5.029600143432617188e+01 4.777500152587890625e+01 3.729600143432617188e+01
2.200000000000000000e+01 9.732142686843872070e-01 5.289699935913085938e+01 4.536800003051757812e+01 3.617300033569335938e+01
2.200000000000000000e+01 9.553571343421936035e-01 5.470899963378906250e+01 4.324599838256835938e+01 3.876200103759765625e+01
1.500000000000000000e+01 8.571428656578063965e-01 5.767300033569335938e+01 4.131100082397460938e+01 3.751200103759765625e+01
1.800000000000000000e+01 6.785714030265808105e-01 6.089599990844726562e+01 3.957199859619140625e+01 3.892699813842773438e+01
0.000000000000000000e+00 5.089285969734191895e-01 6.419799804687500000e+01 4.072700119018554688e+01 3.725799942016601562e+01
2.000000000000000000e+00 2.410714328289031982e-01 6.778299713134765625e+01 3.935800170898437500e+01 3.625099945068359375e+01
3.000000000000000000e+00 2.321428507566452026e-01 6.655500030517578125e+01 3.579000091552734375e+01 3.699800109863281250e+01
1.700000000000000000e+01 6.250000000000000000e-02 6.949099731445312500e+01 3.387400054931640625e+01 3.536100006103515625e+01
9.000000000000000000e+00 2.232142910361289978e-02 7.165699768066406250e+01 3.687599945068359375e+01 3.464099884033203125e+01
1.600000000000000000e+01 6.696428358554840088e-02 7.130599975585937500e+01 4.024399948120117188e+01 3.287099838256835938e+01
1.000000000000000000e+00 1.651785671710968018e-01 6.830500030517578125e+01 4.106700134277343750e+01 3.067300033569335938e+01
1.000000000000000000e+00 2.767857015132904053e-01 6.673999786376953125e+01 4.399100112915039062e+01 2.896899986267089844e+01
2.000000000000000000e+01 5.401785969734191895e-01 6.297999954223632812e+01 4.459299850463867188e+01 2.940299987792968750e+01
1.800000000000000000e+01 6.071428656578063965e-01 6.055799865722656250e+01 4.628400039672851562e+01 2.706200027465820312e+01
1.100000000000000000e+01 7.946428656578063965e-01 5.696500015258789062e+01 4.667499923706054688e+01 2.839800071716308594e+01
0.000000000000000000e+00 7.901785969734191895e-01 5.420100021362304688e+01 4.797399902343750000e+01 2.607900047302246094e+01
0.000000000000000000e+00 8.973214030265808105e-01 5.090999984741210938e+01 4.880099868774414062e+01 2.767900085449218750e+01
1.200000000000000000e+01 8.214285969734191895e-01 4.770999908447265625e+01 4.964699935913085938e+01 2.562800025939941406e+01
1.200000000000000000e+01 8.437500000000000000e-01 4.479700088500976562e+01 5.164300155639648438e+01 2.717799949645996094e+01
1.700000000000000000e+01 7.589285969734191895e-01 4.106000137329101562e+01 5.169400024414062500e+01 2.644099998474121094e+01
1.600000000000000000e+01 7.232142686843872070e-01 3.856299972534179688e+01 5.309500122070312500e+01 2.912400054931640625e+01
2.000000000000000000e+01 7.991071343421936035e-01 3.711000061035156250e+01 4.988100051879882812e+01 3.057799911499023438e+01
1.700000000000000000e+01 8.883928656578063965e-01 4.006499862670898438e+01 4.763199996948242188e+01 2.931699943542480469e+01
2.000000000000000000e+01 9.508928656578063965e-01 4.383100128173828125e+01 4.740599822998046875e+01 2.907600021362304688e+01
1.700000000000000000e+01 9.330357313156127930e-01 4.642300033569335938e+01 4.511700057983398438e+01 2.754299926757812500e+01
1.800000000000000000e+01 9.598214030265808105e-01 5.000899887084960938e+01 4.497200012207031250e+01 2.874399948120117188e+01
1.800000000000000000e+01 8.660714030265808105e-01 5.283800125122070312e+01 4.296099853515625000e+01 2.714999961853027344e+01
0.000000000000000000e+00 7.767857313156127930e-01 5.637099838256835938e+01 4.206999969482421875e+01 2.778400039672851562e+01
2.200000000000000000e+01 5.714285969734191895e-01 5.907500076293945312e+01 4.098500061035156250e+01 2.519599914550781250e+01
2.200000000000000000e+01 4.687500000000000000e-01 6.241699981689453125e+01 4.056700134277343750e+01 2.701300048828125000e+01
1.800000000000000000e+01 1.785714328289031982e-01 6.581500244140625000e+01 4.036600112915039062e+01 2.542499923706054688e+01
2.000000000000000000e+00 4.910714179277420044e-02 6.956600189208984375e+01 3.968000030517578125e+01 2.583900070190429688e+01
1.600000000000000000e+01 1.339285727590322495e-02 7.198799896240234375e+01 4.266799926757812500e+01 2.591200065612792969e+01
