1 1 14 0 0.0 0 0 55.269 29.855 50.694
1 2 18 0 0.08383233532934131 0 0 52.251 28.560 48.753
1 3 7 0 0.28742514970059885 0 0 51.746 30.483 45.569
1 4 20 0 0.5748502994011976 0 0 48.653 29.966 43.456
1 5 13 0 0.688622754491018 0 0 48.725 31.173 39.951
1 6 12 0 0.9041916167664671 0 0 45.046 31.888 39.248
1 7 22 0 0.9580838323353293 0 0 43.617 32.790 35.901
1 8 22 0 0.9880239520958084 0 0 40.515 34.984 35.450
1 9 22 0 0.9700598802395209 0 0 38.702 33.979 32.323
1 10 9 0 0.9341317365269461 0 0 35.526 34.585 30.394
1 11 0 0 0.8023952095808383 0 0 33.893 36.761 27.836
1 12 9 0 0.658682634730539 0 0 34.530 40.457 27.178
1 13 9 0 0.6107784431137725 0 0 32.741 42.935 29.469
1 14 22 0 0.8323353293413174 0 0 32.328 40.723 32.562
1 15 9 0 0.8383233532934131 0 0 34.576 42.764 34.773
1 16 13 0 0.9401197604790419 0 0 37.626 40.619 34.961
1 17 17 0 0.8203592814371258 0 0 39.920 43.434 35.742
1 18 0 0 0.7664670658682635 0 0 37.370 44.907 38.246
1 19 12 0 0.8982035928143712 0 0 37.200 41.713 40.263
1 20 18 0 0.874251497005988 0 0 40.921 41.331 40.488
1 21 11 0 0.652694610778443 0 0 41.396 44.896 41.500
1 22 6 0 0.6047904191616766 0 0 38.700 44.754 44.117
1 23 12 0 0.6946107784431137 0 0 40.573 41.793 45.530
1 24 11 0 0.5449101796407185 0 0 44.015 43.287 45.306
1 25 6 0 0.29940119760479034 0 0 43.557 47.029 45.597
1 26 2 0 0.281437125748503 0 0 40.077 47.400 46.991
1 27 10 0 0.221556886227545 0 0 38.744 49.827 44.392
1 28 15 0 0.3413173652694611 0 0 36.935 49.654 41.054
1 29 22 0 0.3173652694610779 0 0 38.422 50.135 37.546
1 30 3 0 0.11377245508982048 0 0 37.701 52.647 34.876
1 31 7 0 0.0718562874251496 0 0 40.263 52.565 32.147
1 32 20 0 0.19161676646706582 0 0 41.454 49.674 30.056
1 33 3 0 0.18562874251497008 0 0 44.933 48.304 29.873
1 34 16 0 0.3532934131736526 0 0 45.643 44.842 28.576
1 35 18 0 0.4730538922155688 0 0 47.293 43.685 31.769
1 36 11 0 0.3892215568862275 0 0 49.968 41.429 30.513
1 37 7 0 0.11976047904191622 0 0 53.012 43.198 31.884
1 38 3 0 0.17964071856287422 0 0 51.474 44.745 34.905
1 39 17 0 0.37125748502994016 0 0 51.271 42.299 37.855
1 40 20 0 0.5269461077844311 0 0 48.612 41.935 40.520
1 41 1 0 0.49101796407185627 0 0 49.168 39.890 43.576
1 42 13 0 0.3293413173652695 0 0 48.761 39.847 47.373
1 43 6 0 0.16167664670658677 0 0 49.255 37.629 50.344
1 44 22 0 0.21556886227544902 0 0 46.296 36.377 52.253
1 45 22 0 0.08982035928143717 0 0 45.324 33.900 54.959
1 46 11 0 0.24550898203592808 0 0 42.351 31.880 53.803
1 47 3 0 0.059880239520958 0 0 41.132 29.409 56.324
1 48 9 0 0.0059880239520957446 0 0 44.111 29.694 58.519
1 49 7 0 0.029940119760479056 0 0 46.829 29.082 55.939
1 50 18 0 0.041916167664670656 0 0 48.847 31.716 54.014
1 51 5 0 0.2335329341317366 0 0 49.050 31.899 50.232
1 52 12 0 0.3053892215568862 0 0 50.555 34.255 47.703
1 53 12 0 0.592814371257485 0 0 47.858 34.803 45.151
1 54 3 0 0.6467065868263473 0 0 48.977 36.009 41.759
1 55 11 0 0.8562874251497006 0 0 46.341 36.836 39.156
1 56 12 0 0.8263473053892215 0 0 46.816 36.448 35.383
1 57 3 0 0.8622754491017964 0 0 44.363 38.754 33.555
1 58 18 0 0.8502994011976048 0 0 42.761 37.689 30.253
1 59 0 0 0.6407185628742516 0 0 42.121 40.260 27.557
1 60 9 0 0.4491017964071856 0 0 40.985 40.645 23.954
1 61 6 0 0.3652694610778443 0 0 39.500 37.955 21.736
1 62 7 0 0.4011976047904191 0 0 40.151 34.242 21.554
1 63 7 0 0.06586826347305386 0 0 40.887 34.055 17.817
1 64 20 0 0.0119760479041916 0 0 44.128 35.074 16.135
1 65 17 0 0.053892215568862256 0 0 46.134 34.018 19.150
1 66 0 0 0.03592814371257491 0 0 48.556 31.149 19.264
1 67 14 0 0.10778443113772451 0 0 49.645 31.802 22.868
1 68 1 0 0.4131736526946108 0 0 46.210 31.217 24.466
1 69 3 0 0.33532934131736525 0 0 46.780 27.613 25.494
1 70 6 0 0.23952095808383234 0 0 50.203 28.314 26.896
1 71 20 0 0.4970059880239521 0 0 48.972 31.296 28.852
1 72 14 0 0.6826347305389222 0 0 45.992 29.370 30.209
1 73 1 0 0.5329341317365269 0 0 47.865 26.294 31.410
1 74 18 0 0.5089820359281436 0 0 50.286 28.480 33.311
1 75 9 0 0.7485029940119761 0 0 47.462 28.766 35.709
1 76 7 0 0.7005988023952096 0 0 46.438 26.241 38.256
1 77 9 0 0.8862275449101796 0 0 43.006 27.398 39.182
1 78 15 0 0.9640718562874252 0 0 40.289 28.944 37.119
1 79 12 0 0.9940119760479041 0 0 37.698 31.614 37.727
1 80 5 0 0.9820359281437125 0 0 35.125 31.298 34.959
1 81 22 0 0.9760479041916168 0 0 33.196 34.515 34.754
1 82 15 0 0.8802395209580838 0 0 29.928 35.401 33.080
1 83 0 0 0.7544910179640718 0 0 27.973 38.533 33.415
1 84 11 0 0.5209580838323353 0 0 24.300 38.376 34.141
1 85 2 0 0.27544910179640725 0 0 23.192 40.952 31.617
1 86 2 0 0.38323353293413165 0 0 25.013 39.359 28.676
1 87 18 0 0.26347305389221565 0 0 23.624 36.089 27.416
1 88 13 0 0.35928143712574856 0 0 26.704 35.439 25.257
1 89 17 0 0.6347305389221557 0 0 29.048 35.699 28.178
1 90 15 0 0.5988023952095809 0 0 27.103 32.774 29.570
1 91 7 0 0.4251497005988024 0 0 26.920 30.989 26.253
1 92 3 0 0.5688622754491017 0 0 30.697 30.427 26.137
1 93 11 0 0.718562874251497 0 0 30.898 28.517 29.359
1 94 10 0 0.5149700598802396 0 0 30.995 25.100 27.891
1 95 10 0 0.5029940119760479 0 0 33.593 26.475 25.475
1 96 20 0 0.7784431137724551 0 0 35.789 27.875 28.096
1 97 1 0 0.7125748502994012 0 0 35.418 24.864 30.240
1 98 7 0 0.46706586826347307 0 0 36.541 22.538 27.413
1 99 6 0 0.5389221556886228 0 0 39.452 24.767 26.768
1 100 11 0 0.6706586826347305 0 0 40.589 24.319 30.374
1 101 13 0 0.45508982035928147 0 0 40.240 20.616 30.305
1 102 1 0 0.20958083832335328 0 0 42.288 20.218 27.165
1 103 22 0 0.34730538922155685 0 0 45.049 22.598 28.327
1 104 13 0 0.39520958083832336 0 0 45.401 21.132 31.720
1 105 3 0 0.10179640718562877 0 0 44.820 17.629 30.453
1 106 17 0 0.13173652694610782 0 0 42.165 16.354 32.765
1 107 7 0 0.16766467065868274 0 0 38.421 16.335 33.314
1 108 3 0 0.31137724550898194 0 0 38.274 17.541 36.820
1 109 22 0 0.5808383233532934 0 0 40.071 20.821 37.355
1 110 16 0 0.7604790419161677 0 0 39.859 23.350 40.129
1 111 14 0 0.9101796407185628 0 0 37.564 26.001 38.677
1 112 22 0 0.9461077844311377 0 0 34.688 28.008 39.992
1 113 12 0 0.9281437125748503 0 0 31.709 29.394 38.063
1 114 22 0 0.9520958083832335 0 0 31.253 32.986 39.057
1 115 9 0 0.8682634730538922 0 0 28.501 35.254 37.782
1 116 2 0 0.844311377245509 0 0 29.329 38.910 38.001
1 117 13 0 0.5868263473053892 0 0 27.263 42.071 37.788
1 118 5 0 0.4610778443113772 0 0 24.469 40.988 40.041
1 119 3 0 0.19760479041916168 0 0 23.659 44.366 41.366
1 120 12 0 0.09580838323353291 0 0 21.979 45.213 38.088
1 121 16 0 0.017964071856287345 0 0 18.268 44.882 37.795
1 122 17 0 0.02395209580838331 0 0 18.705 43.885 34.157
1 123 1 0 0.07784431137724557 0 0 19.113 40.155 34.801
1 124 18 0 0.04790419161676651 0 0 18.699 38.379 31.456
1 125 22 0 0.22754491017964074 0 0 20.765 35.340 32.326
1 126 3 0 0.14371257485029942 0 0 19.106 33.026 34.815
1 127 18 0 0.3772455089820359 0 0 21.415 32.364 37.743
1 128 13 0 0.12574850299401197 0 0 19.295 29.581 39.049
1 129 6 0 0.13772455089820357 0 0 19.929 27.759 35.742
1 130 0 0 0.47904191616766467 0 0 23.636 28.544 36.155
1 131 6 0 0.437125748502994 0 0 23.810 27.122 39.711
1 132 3 0 0.14970059880239517 0 0 22.183 23.932 38.327
1 133 12 0 0.32335329341317365 0 0 24.653 23.922 35.459
1 134 0 0 0.5568862275449102 0 0 27.445 24.473 37.938
1 135 1 0 0.2694610778443114 0 0 26.248 21.461 39.975
1 136 17 0 0.15568862275449102 0 0 26.488 19.294 36.839
1 137 20 0 0.43113772455089827 0 0 30.108 20.297 36.242
1 138 9 0 0.41916167664670656 0 0 30.719 20.077 39.977
1 139 11 0 0.6766467065868262 0 0 31.895 23.639 40.224
1 140 16 0 0.7245508982035929 0 0 30.936 26.161 42.924
1 141 15 0 0.7844311377245509 0 0 28.621 28.858 41.679
1 142 11 0 0.8083832335329342 0 0 29.191 32.257 43.074
1 143 7 0 0.7065868263473054 0 0 27.135 35.391 42.502
1 144 18 0 0.7904191616766467 0 0 29.282 38.484 42.789
1 145 17 0 0.6287425149700598 0 0 29.276 42.241 42.169
1 146 0 0 0.6646706586826348 0 0 32.357 44.148 41.310
1 147 13 0 0.40718562874251496 0 0 31.104 47.662 41.556
1 148 18 0 0.25149700598802394 0 0 29.203 47.045 44.794
1 149 1 0 0.44311377245508976 0 0 31.868 44.948 46.402
1 150 6 0 0.4850299401197605 0 0 29.833 41.785 46.991
1 151 9 0 0.6227544910179641 0 0 31.564 38.469 47.623
1 152 22 0 0.8143712574850299 0 0 34.526 39.332 45.369
1 153 3 0 0.7425149700598803 0 0 37.094 38.050 47.829
1 154 3 0 0.7305389221556886 0 0 34.730 35.078 48.318
1 155 0 0 0.9161676646706587 0 0 34.868 34.165 44.626
1 156 15 0 0.9221556886227544 0 0 38.600 33.847 44.856
1 157 20 0 0.7724550898203593 0 0 38.457 32.214 48.217
1 158 18 0 0.7964071856287425 0 0 35.914 29.721 46.950
1 159 12 0 0.8922155688622755 0 0 38.393 28.819 44.261
1 160 22 0 0.7365269461077844 0 0 41.411 28.504 46.513
1 161 1 0 0.5508982035928144 0 0 39.531 26.035 48.608
1 162 7 0 0.6167664670658684 0 0 38.921 24.048 45.485
1 163 11 0 0.562874251497006 0 0 42.585 23.814 44.782
1 164 1 0 0.2934131736526946 0 0 43.538 22.674 48.259
1 165 13 0 0.17365269461077848 0 0 40.866 20.082 48.276
1 166 10 0 0.2574850299401197 0 0 41.025 18.714 44.842
1 167 13 0 0.20359281437125742 0 0 44.595 18.793 43.529
