1 1 14 0 0.02395209580838331 0 0 43.489 42.109 52.351
1 2 18 0 0.11377245508982048 0 0 43.356 38.769 50.531
1 3 7 0 0.28742514970059885 0 0 45.031 38.549 47.180
1 4 20 0 0.5808383233532934 0 0 43.385 36.511 44.331
1 5 13 0 0.7544910179640718 0 0 44.645 35.660 40.978
1 6 12 0 0.9221556886227544 0 0 41.670 35.473 38.684
1 7 22 0 0.9580838323353293 0 0 42.114 34.228 35.146
1 8 22 0 0.9880239520958084 0 0 39.877 35.055 32.218
1 9 22 0 0.9760479041916168 0 0 39.501 32.014 29.969
1 10 9 0 0.9281437125748503 0 0 38.070 31.753 26.510
1 11 0 0 0.7904191616766467 0 0 38.203 31.977 22.789
1 12 9 0 0.658682634730539 0 0 39.030 35.132 20.900
1 13 9 0 0.5868263473053892 0 0 36.196 37.615 20.424
1 14 22 0 0.8203592814371258 0 0 34.483 36.726 23.626
1 15 9 0 0.8502994011976048 0 0 35.644 39.946 25.238
1 16 13 0 0.9401197604790419 0 0 38.470 38.886 27.623
1 17 17 0 0.8323353293413174 0 0 40.092 42.311 28.009
1 18 0 0 0.7844311377245509 0 0 36.846 44.219 27.799
1 19 12 0 0.8922155688622755 0 0 35.372 42.744 31.032
1 20 18 0 0.8802395209580838 0 0 38.595 43.099 33.014
1 21 11 0 0.6706586826347305 0 0 39.215 46.669 31.916
1 22 6 0 0.6167664670658684 0 0 35.604 47.517 32.801
1 23 12 0 0.7005988023952096 0 0 36.222 46.129 36.270
1 24 11 0 0.5568862275449102 0 0 39.698 47.423 36.948
1 25 6 0 0.3293413173652695 0 0 39.894 50.666 35.088
1 26 2 0 0.2934131736526946 0 0 36.289 51.419 34.310
1 27 10 0 0.25149700598802394 0 0 36.903 51.595 30.531
1 28 15 0 0.37125748502994016 0 0 36.643 49.720 27.315
1 29 22 0 0.34730538922155685 0 0 39.294 48.483 24.976
1 30 3 0 0.13772455089820357 0 0 38.698 48.647 21.217
1 31 7 0 0.10778443113772451 0 0 42.272 47.940 20.472
1 32 20 0 0.21556886227544902 0 0 44.007 44.654 20.787
1 33 3 0 0.2335329341317366 0 0 47.027 44.091 22.975
1 34 16 0 0.3892215568862275 0 0 48.303 40.702 24.160
1 35 18 0 0.4850299401197605 0 0 48.342 42.085 27.785
1 36 11 0 0.31137724550898194 0 0 51.518 40.271 28.547
1 37 7 0 0.09580838323353291 0 0 53.927 42.828 29.874
1 38 3 0 0.19161676646706582 0 0 50.967 44.779 31.228
1 39 17 0 0.4251497005988024 0 0 49.346 43.781 34.443
1 40 20 0 0.5329341317365269 0 0 46.000 44.867 35.908
1 41 1 0 0.5269461077844311 0 0 44.974 44.690 39.506
1 42 13 0 0.4131736526946108 0 0 42.635 46.432 41.926
1 43 6 0 0.20958083832335328 0 0 41.346 46.291 45.478
1 44 22 0 0.3413173652694611 0 0 37.672 45.419 45.566
1 45 22 0 0.12574850299401197 0 0 35.483 45.419 48.674
1 46 11 0 0.19760479041916168 0 0 33.211 42.457 48.614
1 47 3 0 0.04790419161676651 0 0 30.578 41.859 51.225
1 48 9 0 0.0 0 0 32.324 44.345 53.516
1 49 7 0 0.029940119760479056 0 0 35.778 42.840 53.148
1 50 18 0 0.059880239520958 0 0 38.664 44.042 51.001
1 51 5 0 0.24550898203592808 0 0 40.144 41.711 48.445
1 52 12 0 0.33532934131736525 0 0 42.951 42.588 46.095
1 53 12 0 0.6287425149700598 0 0 42.198 41.082 42.719
1 54 3 0 0.6766467065868262 0 0 44.876 40.482 40.109
1 55 11 0 0.8622754491017964 0 0 43.191 39.687 36.814
1 56 12 0 0.8562874251497006 0 0 45.179 37.415 34.431
1 57 3 0 0.8682634730538922 0 0 44.588 37.999 30.737
1 58 18 0 0.844311377245509 0 0 45.053 35.108 28.368
1 59 0 0 0.6107784431137725 0 0 46.532 35.313 24.926
1 60 9 0 0.40718562874251496 0 0 48.207 32.912 22.571
1 61 6 0 0.29940119760479034 0 0 47.924 29.104 22.181
1 62 7 0 0.39520958083832336 0 0 47.777 26.726 25.156
1 63 7 0 0.10179640718562877 0 0 50.224 24.084 24.358
1 64 20 0 0.0059880239520957446 0 0 53.942 23.589 24.262
1 65 17 0 0.041916167664670656 0 0 54.738 26.029 27.023
1 66 0 0 0.03592814371257491 0 0 55.409 25.176 30.646
1 67 14 0 0.0718562874251496 0 0 55.402 28.877 31.323
1 68 1 0 0.3173652694610779 0 0 51.791 28.853 30.101
1 69 3 0 0.281437125748503 0 0 51.132 26.097 32.561
1 70 6 0 0.20359281437125742 0 0 52.807 28.237 35.313
1 71 20 0 0.5149700598802396 0 0 50.643 31.185 34.371
1 72 14 0 0.6407185628742516 0 0 47.630 28.834 34.642
1 73 1 0 0.47904191616766467 0 0 48.831 27.368 37.890
1 74 18 0 0.5089820359281436 0 0 49.226 30.821 39.249
1 75 9 0 0.7664670658682635 0 0 45.497 31.445 38.948
1 76 7 0 0.7485029940119761 0 0 42.991 30.587 41.637
1 77 9 0 0.9041916167664671 0 0 39.690 31.291 39.963
1 78 15 0 0.9640718562874252 0 0 38.639 30.786 36.321
1 79 12 0 0.9940119760479041 0 0 36.268 33.119 34.541
1 80 5 0 0.9820359281437125 0 0 34.947 31.219 31.555
1 81 22 0 0.9700598802395209 0 0 33.735 33.646 28.934
1 82 15 0 0.874251497005988 0 0 31.616 32.720 26.032
1 83 0 0 0.718562874251497 0 0 29.653 34.956 23.694
1 84 11 0 0.4970059880239521 0 0 25.914 34.506 23.261
1 85 2 0 0.2694610778443114 0 0 26.456 35.460 19.601
1 86 2 0 0.35928143712574856 0 0 29.125 32.906 18.861
1 87 18 0 0.23952095808383234 0 0 28.424 29.190 18.964
1 88 13 0 0.32335329341317365 0 0 32.051 28.215 18.711
1 89 17 0 0.6347305389221557 0 0 33.063 30.025 21.901
1 90 15 0 0.592814371257485 0 0 30.518 27.973 23.779
1 91 7 0 0.44311377245508976 0 0 31.947 24.749 22.396
1 92 3 0 0.5748502994011976 0 0 35.392 25.349 23.857
1 93 11 0 0.7724550898203593 0 0 34.549 25.393 27.559
1 94 10 0 0.5389221556886228 0 0 35.529 21.726 27.796
1 95 10 0 0.5029940119760479 0 0 38.780 22.280 25.908
1 96 20 0 0.7365269461077844 0 0 40.060 24.908 28.235
1 97 1 0 0.6946107784431137 0 0 38.561 23.101 31.252
1 98 7 0 0.437125748502994 0 0 40.616 20.088 30.209
1 99 6 0 0.5209580838323353 0 0 43.633 22.341 30.217
1 100 11 0 0.6646706586826348 0 0 42.766 23.846 33.597
1 101 13 0 0.43113772455089827 0 0 42.367 20.398 35.106
1 102 1 0 0.17365269461077848 0 0 45.835 19.316 34.020
1 103 22 0 0.26347305389221565 0 0 47.775 22.110 35.741
1 104 13 0 0.3772455089820359 0 0 45.540 22.510 38.740
1 105 3 0 0.11976047904191622 0 0 45.085 18.857 39.442
1 106 17 0 0.221556886227545 0 0 41.428 19.476 40.387
1 107 7 0 0.38323353293413165 0 0 38.123 19.643 38.641
1 108 3 0 0.4491017964071856 0 0 36.294 21.590 41.242
1 109 22 0 0.5988023952095809 0 0 38.294 24.690 41.289
1 110 16 0 0.8023952095808383 0 0 36.310 27.924 41.502
1 111 14 0 0.9101796407185628 0 0 34.792 28.691 38.113
1 112 22 0 0.9461077844311377 0 0 32.127 30.935 36.665
1 113 12 0 0.9341317365269461 0 0 30.363 30.864 33.389
1 114 22 0 0.9520958083832335 0 0 30.106 34.251 31.739
1 115 9 0 0.8383233532934131 0 0 27.798 35.022 28.834
1 116 2 0 0.8263473053892215 0 0 29.240 38.175 27.377
1 117 13 0 0.562874251497006 0 0 27.389 40.362 24.927
1 118 5 0 0.4730538922155688 0 0 24.045 40.050 26.674
1 119 3 0 0.16167664670658677 0 0 22.997 43.365 25.175
1 120 12 0 0.07784431137724557 0 0 21.619 41.508 22.183
1 121 16 0 0.017964071856287345 0 0 18.216 39.804 22.393
1 122 17 0 0.0119760479041916 0 0 19.356 37.709 19.404
1 123 1 0 0.08982035928143717 0 0 21.247 34.769 20.985
1 124 18 0 0.053892215568862256 0 0 22.580 32.032 18.718
1 125 22 0 0.16766467065868274 0 0 23.503 30.025 21.743
1 126 3 0 0.08383233532934131 0 0 20.388 28.822 23.533
1 127 18 0 0.15568862275449102 0 0 20.260 30.052 27.091
1 128 13 0 0.06586826347305386 0 0 18.926 26.762 28.340
1 129 6 0 0.13173652694610782 0 0 21.853 24.855 26.833
1 130 0 0 0.46706586826347307 0 0 24.311 27.151 28.505
1 131 6 0 0.3532934131736526 0 0 22.319 26.989 31.782
1 132 3 0 0.14970059880239517 0 0 22.395 23.260 31.608
1 133 12 0 0.41916167664670656 0 0 26.083 23.210 30.751
1 134 0 0 0.5508982035928144 0 0 26.671 25.327 33.893
1 135 1 0 0.27544910179640725 0 0 24.576 23.136 36.162
1 136 17 0 0.18562874251497008 0 0 26.513 20.212 34.731
1 137 20 0 0.49101796407185627 0 0 29.971 21.536 35.469
1 138 9 0 0.4610778443113772 0 0 28.528 23.040 38.593
1 139 11 0 0.7125748502994012 0 0 29.392 26.647 37.899
1 140 16 0 0.7245508982035929 0 0 27.385 29.831 38.304
1 141 15 0 0.7784431137724551 0 0 26.199 31.552 35.103
1 142 11 0 0.8143712574850299 0 0 26.354 35.359 34.788
1 143 7 0 0.688622754491018 0 0 25.002 37.341 31.877
1 144 18 0 0.7305389221556886 0 0 26.793 40.554 31.193
1 145 17 0 0.6047904191616766 0 0 27.779 42.931 28.421
1 146 0 0 0.6467065868263473 0 0 30.932 45.035 28.811
1 147 13 0 0.3652694610778443 0 0 30.074 47.784 26.310
1 148 18 0 0.17964071856287422 0 0 26.883 48.776 28.056
1 149 1 0 0.4011976047904191 0 0 28.288 48.081 31.448
1 150 6 0 0.45508982035928147 0 0 25.847 45.524 32.632
1 151 9 0 0.6227544910179641 0 0 26.572 42.499 34.952
1 152 22 0 0.8083832335329342 0 0 30.278 43.110 34.994
1 153 3 0 0.7065868263473054 0 0 30.827 43.420 38.739
1 154 3 0 0.6826347305389222 0 0 28.386 40.599 39.580
1 155 0 0 0.8982035928143712 0 0 30.333 38.320 37.304
1 156 15 0 0.9161676646706587 0 0 33.682 39.009 38.986
1 157 20 0 0.7604790419161677 0 0 32.201 39.092 42.502
1 158 18 0 0.7964071856287425 0 0 30.481 35.820 42.075
1 159 12 0 0.8862275449101796 0 0 33.766 34.122 41.317
1 160 22 0 0.7425149700598803 0 0 35.265 35.633 44.448
1 161 1 0 0.5449101796407185 0 0 32.240 34.252 46.322
1 162 7 0 0.652694610778443 0 0 33.130 31.009 44.674
1 163 11 0 0.5688622754491017 0 0 36.607 31.516 46.088
1 164 1 0 0.3053892215568862 0 0 35.144 32.089 49.537
1 165 13 0 0.22754491017964074 0 0 32.777 29.143 49.266
1 166 10 0 0.2574850299401197 0 0 35.117 26.414 48.062
1 167 13 0 0.14371257485029942 0 0 38.329 27.247 49.886
