5.000000000000000000e+00 1.116071417927742004e-01 2.594400024414062500e+01 3.880500030517578125e+01 4.296900177001953125e+01
1.600000000000000000e+01 2.321428507566452026e-01 2.696899986267089844e+01 4.229999923706054688e+01 4.161000061035156250e+01
1.200000000000000000e+01 5.133928656578063965e-01 3.058600044250488281e+01 4.131000137329101562e+01 4.078699874877929688e+01
1.400000000000000000e+01 5.312500000000000000e-01 3.114100074768066406e+01 3.857699966430664062e+01 3.829700088500976562e+01
2.200000000000000000e+01 6.919642686843872070e-01 3.471500015258789062e+01 3.751499938964843750e+01 3.714799880981445312e+01
1.300000000000000000e+01 6.607142686843872070e-01 3.573300170898437500e+01 3.516500091552734375e+01 3.425899887084960938e+01
2.200000000000000000e+01 7.187500000000000000e-01 3.925600051879882812e+01 3.387599945068359375e+01 3.379100036621093750e+01
1.200000000000000000e+01 6.696428656578063965e-01 4.062799835205078125e+01 3.279499816894531250e+01 3.034499931335449219e+01
3.000000000000000000e+00 6.116071343421936035e-01 4.372499847412109375e+01 3.087599945068359375e+01 2.926499938964843750e+01
0.000000000000000000e+00 5.803571343421936035e-01 4.556200027465820312e+01 3.183699989318847656e+01 2.611300086975097656e+01
2.200000000000000000e+01 4.151785671710968018e-01 4.821599960327148438e+01 2.921599960327148438e+01 2.626300048828125000e+01
1.000000000000000000e+00 2.455357164144515991e-01 4.546599960327148438e+01 2.659099960327148438e+01 2.613999938964843750e+01
9.000000000000000000e+00 2.901785671710968018e-01 4.280599975585937500e+01 2.875900077819824219e+01 2.455800056457519531e+01
1.700000000000000000e+01 2.678571343421936035e-01 4.011399841308593750e+01 2.782399940490722656e+01 2.689999961853027344e+01
1.600000000000000000e+01 3.571428656578063965e-01 3.855699920654296875e+01 2.901099967956542969e+01 3.029599952697753906e+01
0.000000000000000000e+00 5.267857313156127930e-01 4.083100128173828125e+01 2.890900039672851562e+01 3.329899978637695312e+01
1.100000000000000000e+01 3.035714328289031982e-01 3.991600036621093750e+01 2.623100090026855469e+01 3.577899932861328125e+01
2.000000000000000000e+00 3.258928656578063965e-01 4.131299972534179688e+01 2.651600074768066406e+01 3.934899902343750000e+01
2.200000000000000000e+01 6.160714030265808105e-01 4.251800155639648438e+01 3.013500022888183594e+01 3.958300018310546875e+01
0.000000000000000000e+00 6.428571343421936035e-01 4.226599884033203125e+01 3.183600044250488281e+01 4.298099899291992188e+01
1.400000000000000000e+01 7.544642686843872070e-01 4.133900070190429688e+01 3.552299880981445312e+01 4.327099990844726562e+01
2.200000000000000000e+01 7.276785969734191895e-01 3.902399826049804688e+01 4.118199920654296875e+01 4.649499893188476562e+01
1.500000000000000000e+01 7.008928656578063965e-01 4.008100128173828125e+01 4.413100051879882812e+01 4.851100158691406250e+01
1.000000000000000000e+00 6.383928656578063965e-01 3.877399826049804688e+01 4.767699813842773438e+01 4.911399841308593750e+01
1.300000000000000000e+01 5.491071343421936035e-01 4.009199905395507812e+01 5.081499862670898438e+01 5.036199951171875000e+01
0.000000000000000000e+00 2.767857015132904053e-01 3.969400024414062500e+01 5.204600143432617188e+01 5.385200119018554688e+01
0.000000000000000000e+00 1.160714253783226013e-01 3.932600021362304688e+01 5.568199920654296875e+01 5.494599914550781250e+01
3.000000000000000000e+00 9.821428358554840088e-02 4.298699951171875000e+01 5.624100112915039062e+01 5.616999816894531250e+01
3.000000000000000000e+00 3.214285671710968018e-01 4.377700042724609375e+01 5.515200042724609375e+01 5.255300140380859375e+01
1.800000000000000000e+01 4.375000000000000000e-01 4.474900054931640625e+01 5.136399841308593750e+01 5.320000076293945312e+01
1.900000000000000000e+01 6.250000000000000000e-01 4.377199935913085938e+01 4.811000061035156250e+01 5.127700042724609375e+01
7.000000000000000000e+00 4.241071343421936035e-01 4.151599884033203125e+01 4.613800048828125000e+01 5.361899948120117188e+01
1.600000000000000000e+01 4.910714328289031982e-01 4.063499832153320312e+01 4.247100067138671875e+01 5.263399887084960938e+01
1.500000000000000000e+01 3.973214328289031982e-01 3.698300170898437500e+01 4.196900177001953125e+01 5.159899902343750000e+01
0.000000000000000000e+00 4.330357015132904053e-01 3.654299926757812500e+01 3.866799926757812500e+01 4.978200149536132812e+01
1.700000000000000000e+01 5.044642686843872070e-01 3.856600189208984375e+01 3.553699874877929688e+01 4.834700012207031250e+01
9.000000000000000000e+00 3.839285671710968018e-01 3.761399841308593750e+01 3.236399841308593750e+01 4.632799911499023438e+01
1.300000000000000000e+01 4.776785671710968018e-01 3.869499969482421875e+01 3.065099906921386719e+01 4.310499954223632812e+01
1.800000000000000000e+01 4.508928656578063965e-01 3.727700042724609375e+01 2.987100028991699219e+01 3.964099884033203125e+01
1.700000000000000000e+01 1.785714328289031982e-01 3.462500000000000000e+01 2.717799949645996094e+01 3.876499938964843750e+01
7.000000000000000000e+00 8.035714179277420044e-02 3.473699951171875000e+01 2.452099990844726562e+01 3.581600189208984375e+01
1.700000000000000000e+01 1.250000000000000000e-01 3.300500106811523438e+01 2.714399909973144531e+01 3.379000091552734375e+01
9.000000000000000000e+00 3.482142984867095947e-01 3.604000091552734375e+01 2.948600006103515625e+01 3.440000152587890625e+01
7.000000000000000000e+00 4.017857015132904053e-01 3.375799942016601562e+01 3.187999916076660156e+01 3.614300155639648438e+01
1.200000000000000000e+01 3.883928656578063965e-01 3.300299835205078125e+01 3.308700180053710938e+01 3.969200134277343750e+01
9.000000000000000000e+00 1.383928507566452026e-01 2.980400085449218750e+01 3.393199920654296875e+01 4.480799865722656250e+01
1.200000000000000000e+01 3.169642984867095947e-01 3.229499816894531250e+01 3.656299972534179688e+01 4.592100143432617188e+01
1.800000000000000000e+01 2.053571492433547974e-01 2.990600013732910156e+01 3.918299865722656250e+01 4.762099838256835938e+01
1.800000000000000000e+01 6.250000000000000000e-02 2.610700035095214844e+01 4.024700164794921875e+01 4.752899932861328125e+01
7.000000000000000000e+00 2.232142910361289978e-02 2.414100074768066406e+01 4.334700012207031250e+01 4.672499847412109375e+01
7.000000000000000000e+00 0.000000000000000000e+00 2.342600059509277344e+01 4.372600173950195312e+01 5.052199935913085938e+01
7.000000000000000000e+00 3.571428731083869934e-02 2.726399993896484375e+01 4.339599990844726562e+01 5.117200088500976562e+01
1.500000000000000000e+01 1.428571492433547974e-01 2.852499961853027344e+01 4.543000030517578125e+01 4.826800155639648438e+01
2.200000000000000000e+01 9.375000000000000000e-02 2.840800094604492188e+01 4.899499893188476562e+01 4.960599899291992188e+01
7.000000000000000000e+00 1.964285671710968018e-01 3.020000076293945312e+01 5.202999877929687500e+01 4.780400085449218750e+01
9.000000000000000000e+00 3.437500000000000000e-01 3.390800094604492188e+01 5.270399856567382812e+01 4.763399887084960938e+01
1.100000000000000000e+01 6.473214030265808105e-01 3.722000122070312500e+01 5.194400024414062500e+01 4.576599884033203125e+01
2.000000000000000000e+01 7.142857313156127930e-01 3.731999969482421875e+01 4.813499832153320312e+01 4.524900054931640625e+01
1.300000000000000000e+01 8.794642686843872070e-01 3.962400054931640625e+01 4.599100112915039062e+01 4.335300064086914062e+01
2.200000000000000000e+01 9.151785969734191895e-01 4.002600097656250000e+01 4.244800186157226562e+01 4.200000000000000000e+01
7.000000000000000000e+00 9.419642686843872070e-01 4.341099929809570312e+01 4.072800064086914062e+01 4.198799896240234375e+01
1.100000000000000000e+01 9.285714030265808105e-01 4.371799850463867188e+01 3.746400070190429688e+01 4.001800155639648438e+01
3.000000000000000000e+00 8.526785969734191895e-01 4.642100143432617188e+01 3.511500167846679688e+01 4.129899978637695312e+01
1.800000000000000000e+01 8.705357313156127930e-01 4.791999816894531250e+01 3.450600051879882812e+01 3.789099884033203125e+01
1.300000000000000000e+01 8.125000000000000000e-01 5.145700073242187500e+01 3.360800170898437500e+01 3.903300094604492188e+01
1.700000000000000000e+01 6.562500000000000000e-01 5.007799911499023438e+01 3.052799987792968750e+01 4.084099960327148438e+01
2.000000000000000000e+01 6.339285969734191895e-01 4.832899856567382812e+01 2.929500007629394531e+01 3.765399932861328125e+01
1.900000000000000000e+01 6.205357313156127930e-01 5.143799972534179688e+01 2.969000053405761719e+01 3.550500106811523438e+01
1.300000000000000000e+01 4.553571343421936035e-01 5.363700103759765625e+01 2.797100067138671875e+01 3.812900161743164062e+01
0.000000000000000000e+00 2.812500000000000000e-01 5.111000061035156250e+01 2.504199981689453125e+01 3.840700149536132812e+01
1.200000000000000000e+01 2.142857164144515991e-01 5.154600143432617188e+01 2.395700073242187500e+01 3.474399948120117188e+01
9.000000000000000000e+00 1.607142835855484009e-01 5.531200027465820312e+01 2.447599983215332031e+01 3.455400085449218750e+01
1.100000000000000000e+01 3.348214328289031982e-01 5.535800170898437500e+01 2.784600067138671875e+01 3.272399902343750000e+01
1.700000000000000000e+01 4.821428656578063965e-01 5.776900100708007812e+01 3.058399963378906250e+01 3.395999908447265625e+01
1.600000000000000000e+01 7.053571343421936035e-01 5.558499908447265625e+01 3.377399826049804688e+01 3.428699874877929688e+01
1.500000000000000000e+01 8.080357313156127930e-01 5.677799987792968750e+01 3.731700134277343750e+01 3.385300064086914062e+01
7.000000000000000000e+00 9.107142686843872070e-01 5.297000122070312500e+01 3.816699981689453125e+01 3.969100189208984375e+01
0.000000000000000000e+00 9.910714030265808105e-01 4.665200042724609375e+01 4.068299865722656250e+01 3.713199996948242188e+01
7.000000000000000000e+00 9.955357313156127930e-01 4.425400161743164062e+01 4.325999832153320312e+01 3.855699920654296875e+01
2.200000000000000000e+01 9.732142686843872070e-01 4.121300125122070312e+01 4.525899887084960938e+01 3.786500167846679688e+01
2.200000000000000000e+01 9.330357313156127930e-01 4.077999877929687500e+01 4.835800170898437500e+01 4.020399856567382812e+01
1.500000000000000000e+01 8.258928656578063965e-01 3.764599990844726562e+01 5.061700057983398438e+01 4.030199813842773438e+01
1.800000000000000000e+01 6.517857313156127930e-01 3.527500152587890625e+01 5.293399810791015625e+01 4.202899932861328125e+01
0.000000000000000000e+00 5.223214030265808105e-01 3.209000015258789062e+01 5.083300018310546875e+01 4.288700103759765625e+01
2.000000000000000000e+00 2.366071492433547974e-01 2.840800094604492188e+01 5.196699905395507812e+01 4.273300170898437500e+01
3.000000000000000000e+00 2.232142835855484009e-01 2.944300079345703125e+01 5.551399993896484375e+01 4.162200164794921875e+01
1.700000000000000000e+01 7.589285820722579956e-02 2.628100013732910156e+01 5.619599914550781250e+01 3.963800048828125000e+01
9.000000000000000000e+00 1.339285727590322495e-02 2.362299919128417969e+01 5.447000122070312500e+01 4.183599853515625000e+01
1.600000000000000000e+01 5.357142910361289978e-02 2.368000030517578125e+01 5.060400009155273438e+01 4.201499938964843750e+01
1.000000000000000000e+00 1.875000000000000000e-01 2.592200088500976562e+01 4.893999862670898438e+01 3.934600067138671875e+01
1.000000000000000000e+00 2.946428656578063965e-01 2.704100036621093750e+01 4.541400146484375000e+01 3.861700057983398438e+01
2.000000000000000000e+01 5.535714030265808105e-01 3.035300064086914062e+01 4.430199813842773438e+01 3.701100158691406250e+01
1.800000000000000000e+01 5.937500000000000000e-01 3.109900093078613281e+01 4.164099884033203125e+01 3.427999877929687500e+01
1.100000000000000000e+01 7.812500000000000000e-01 3.486999893188476562e+01 4.119400024414062500e+01 3.416500091552734375e+01
0.000000000000000000e+00 7.857142686843872070e-01 3.660400009155273438e+01 3.898099899291992188e+01 3.156999969482421875e+01
0.000000000000000000e+00 8.883928656578063965e-01 4.032500076293945312e+01 3.847399902343750000e+01 3.221500015258789062e+01
1.200000000000000000e+01 8.348214030265808105e-01 4.257699966430664062e+01 3.671099853515625000e+01 2.955999946594238281e+01
1.200000000000000000e+01 8.482142686843872070e-01 4.599700164794921875e+01 3.526699829101562500e+01 3.043700027465820312e+01
1.700000000000000000e+01 7.723214030265808105e-01 4.920299911499023438e+01 3.447800064086914062e+01 2.861499977111816406e+01
1.600000000000000000e+01 7.500000000000000000e-01 5.263000106811523438e+01 3.406900024414062500e+01 3.064399909973144531e+01
2.000000000000000000e+01 8.169642686843872070e-01 5.432799911499023438e+01 3.736100006103515625e+01 2.940699958801269531e+01
1.700000000000000000e+01 9.017857313156127930e-01 5.109899902343750000e+01 3.928900146484375000e+01 2.927700042724609375e+01
2.000000000000000000e+01 9.687500000000000000e-01 4.768399810791015625e+01 4.002199935913085938e+01 3.078100013732910156e+01
1.700000000000000000e+01 9.508928656578063965e-01 4.443799972534179688e+01 4.149800109863281250e+01 2.963100051879882812e+01
1.800000000000000000e+01 9.375000000000000000e-01 4.113100051879882812e+01 4.249399948120117188e+01 3.112199974060058594e+01
1.800000000000000000e+01 8.303571343421936035e-01 3.792200088500976562e+01 4.359700012207031250e+01 2.922999954223632812e+01
0.000000000000000000e+00 7.678571343421936035e-01 3.499900054931640625e+01 4.471900177001953125e+01 3.133399963378906250e+01
2.200000000000000000e+01 5.625000000000000000e-01 3.116200065612792969e+01 4.533000183105468750e+01 3.119199943542480469e+01
2.200000000000000000e+01 4.464285671710968018e-01 2.908600044250488281e+01 4.740700149536132812e+01 3.357600021362304688e+01
1.800000000000000000e+01 1.562500000000000000e-01 2.522599983215332031e+01 4.688600158691406250e+01 3.370800018310546875e+01
2.000000000000000000e+00 4.464285820722579956e-02 2.240699958801269531e+01 4.803599929809570312e+01 3.588899993896484375e+01
1.600000000000000000e+01 1.785714365541934967e-02 2.124399948120117188e+01 4.532300186157226562e+01 3.838000106811523438e+01
5.000000000000000000e+00 7.142857462167739868e-02 6.897399902343750000e+01 4.983900070190429688e+01 2.735799980163574219e+01
1.600000000000000000e+01 2.098214328289031982e-01 6.768499755859375000e+01 4.742200088500976562e+01 3.015600013732910156e+01
1.200000000000000000e+01 4.732142984867095947e-01 6.408699798583984375e+01 4.819200134277343750e+01 3.037899971008300781e+01
1.400000000000000000e+01 5.178571343421936035e-01 6.185699844360351562e+01 5.020999908447265625e+01 2.809499931335449219e+01
2.200000000000000000e+01 6.964285969734191895e-01 5.808200073242187500e+01 5.081200027465820312e+01 2.874099922180175781e+01
1.300000000000000000e+01 6.651785969734191895e-01 5.572999954223632812e+01 5.217599868774414062e+01 2.601399993896484375e+01
2.200000000000000000e+01 7.366071343421936035e-01 5.217100143432617188e+01 5.330300140380859375e+01 2.662599945068359375e+01
1.200000000000000000e+01 6.741071343421936035e-01 4.978599929809570312e+01 5.293199920654296875e+01 2.372100067138671875e+01
3.000000000000000000e+00 6.026785969734191895e-01 4.630099868774414062e+01 5.449499893188476562e+01 2.301700019836425781e+01
0.000000000000000000e+00 5.714285969734191895e-01 4.342100143432617188e+01 5.238700103759765625e+01 2.169400024414062500e+01
2.200000000000000000e+01 3.526785671710968018e-01 4.089199829101562500e+01 5.513999938964843750e+01 2.120700073242187500e+01
1.000000000000000000e+00 2.187500000000000000e-01 4.302799987792968750e+01 5.719300079345703125e+01 1.900200080871582031e+01
9.000000000000000000e+00 2.589285671710968018e-01 4.499300003051757812e+01 5.419200134277343750e+01 1.758699989318847656e+01
1.700000000000000000e+01 2.500000000000000000e-01 4.835100173950195312e+01 5.579199981689453125e+01 1.823600006103515625e+01
1.600000000000000000e+01 3.750000000000000000e-01 5.091899871826171875e+01 5.585100173950195312e+01 2.109399986267089844e+01
0.000000000000000000e+00 5.000000000000000000e-01 5.021300125122070312e+01 5.783900070190429688e+01 2.430500030517578125e+01
1.100000000000000000e+01 2.991071343421936035e-01 5.243799972534179688e+01 6.081700134277343750e+01 2.493099975585937500e+01
2.000000000000000000e+00 3.125000000000000000e-01 5.311700057983398438e+01 6.223500061035156250e+01 2.845999908447265625e+01
2.200000000000000000e+01 6.071428656578063965e-01 5.192399978637695312e+01 5.920999908447265625e+01 3.041399955749511719e+01
0.000000000000000000e+00 6.294642686843872070e-01 5.334400177001953125e+01 5.938600158691406250e+01 3.393700027465820312e+01
1.400000000000000000e+01 7.410714030265808105e-01 5.451200103759765625e+01 5.620600128173828125e+01 3.575600051879882812e+01
2.200000000000000000e+01 7.232142686843872070e-01 5.850699996948242188e+01 5.203499984741210938e+01 3.938000106811523438e+01
1.500000000000000000e+01 6.830357313156127930e-01 5.899800109863281250e+01 5.023799896240234375e+01 4.272700119018554688e+01
1.000000000000000000e+00 5.982142686843872070e-01 6.119400024414062500e+01 4.729499816894531250e+01 4.386700057983398438e+01
1.300000000000000000e+01 5.357142686843872070e-01 6.058000183105468750e+01 4.485699844360351562e+01 4.677199935913085938e+01
0.000000000000000000e+00 2.544642984867095947e-01 6.285599899291992188e+01 4.496900177001953125e+01 4.984700012207031250e+01
0.000000000000000000e+00 1.026785746216773987e-01 6.436599731445312500e+01 4.188100051879882812e+01 5.148699951171875000e+01
3.000000000000000000e+00 1.339285671710968018e-01 6.123099899291992188e+01 4.199100112915039062e+01 5.366699981689453125e+01
3.000000000000000000e+00 3.794642984867095947e-01 5.882400131225585938e+01 4.218899917602539062e+01 5.062500000000000000e+01
1.800000000000000000e+01 3.705357015132904053e-01 5.806700134277343750e+01 4.590999984741210938e+01 5.150799942016601562e+01
1.900000000000000000e+01 5.446428656578063965e-01 5.817300033569335938e+01 4.830799865722656250e+01 4.858700180053710938e+01
7.000000000000000000e+00 3.616071343421936035e-01 6.081600189208984375e+01 5.081900024414062500e+01 4.787900161743164062e+01
1.600000000000000000e+01 4.642857015132904053e-01 6.066899871826171875e+01 5.345500183105468750e+01 4.485599899291992188e+01
1.500000000000000000e+01 4.107142984867095947e-01 6.313399887084960938e+01 5.229899978637695312e+01 4.212799835205078125e+01
0.000000000000000000e+00 4.062500000000000000e-01 6.256999969482421875e+01 5.499700164794921875e+01 3.938700103759765625e+01
1.700000000000000000e+01 4.955357015132904053e-01 5.998899841308593750e+01 5.728599929809570312e+01 3.753900146484375000e+01
9.000000000000000000e+00 3.928571343421936035e-01 5.921400070190429688e+01 5.930699920654296875e+01 3.449000167846679688e+01
1.300000000000000000e+01 4.598214328289031982e-01 5.670299911499023438e+01 5.995500183105468750e+01 3.176099967956542969e+01
1.800000000000000000e+01 4.285714328289031982e-01 5.646900177001953125e+01 5.874300003051757812e+01 2.814399909973144531e+01
1.700000000000000000e+01 1.696428507566452026e-01 5.816899871826171875e+01 6.080799865722656250e+01 2.537500000000000000e+01
7.000000000000000000e+00 8.482142537832260132e-02 5.654299926757812500e+01 6.182400131225585938e+01 2.198999977111816406e+01
1.700000000000000000e+01 1.205357164144515991e-01 5.713600158691406250e+01 5.834999847412109375e+01 2.035099983215332031e+01
9.000000000000000000e+00 3.392857015132904053e-01 5.510699844360351562e+01 5.708800125122070312e+01 2.338599967956542969e+01
7.000000000000000000e+00 3.660714328289031982e-01 5.818399810791015625e+01 5.560300064086914062e+01 2.497100067138671875e+01
1.200000000000000000e+01 4.196428656578063965e-01 5.991999816894531250e+01 5.577500152587890625e+01 2.830200004577636719e+01
9.000000000000000000e+00 1.294642835855484009e-01 6.630999755859375000e+01 5.634700012207031250e+01 3.101700019836425781e+01
1.200000000000000000e+01 2.723214328289031982e-01 6.509999847412109375e+01 5.483700180053710938e+01 3.437500000000000000e+01
1.800000000000000000e+01 1.651785671710968018e-01 6.790299987792968750e+01 5.251900100708007812e+01 3.526699829101562500e+01
1.800000000000000000e+01 4.910714179277420044e-02 7.117299652099609375e+01 5.099700164794921875e+01 3.399800109863281250e+01
7.000000000000000000e+00 2.678571455180644989e-02 7.204499816894531250e+01 4.739599990844726562e+01 3.307099914550781250e+01
7.000000000000000000e+00 4.464285913854837418e-03 7.449500274658203125e+01 4.706299972534179688e+01 3.612500000000000000e+01
7.000000000000000000e+00 3.125000000000000000e-02 7.183899688720703125e+01 4.875199890136718750e+01 3.850699996948242188e+01
1.500000000000000000e+01 1.830357164144515991e-01 6.890599822998046875e+01 4.660699844360351562e+01 3.740299987792968750e+01
2.200000000000000000e+01 1.517857164144515991e-01 6.904000091552734375e+01 4.333599853515625000e+01 3.931499862670898438e+01
7.000000000000000000e+00 2.633928656578063965e-01 6.687599945068359375e+01 4.036999893188476562e+01 4.042300033569335938e+01
9.000000000000000000e+00 4.866071343421936035e-01 6.359700012207031250e+01 4.126900100708007812e+01 4.231999969482421875e+01
1.100000000000000000e+01 6.875000000000000000e-01 5.993299865722656250e+01 4.172800064086914062e+01 4.220199966430664062e+01
2.000000000000000000e+01 7.901785969734191895e-01 5.921300125122070312e+01 4.519400024414062500e+01 4.072399902343750000e+01
1.300000000000000000e+01 8.928571343421936035e-01 5.588999938964843750e+01 4.714500045776367188e+01 4.036399841308593750e+01
2.200000000000000000e+01 9.241071343421936035e-01 5.503900146484375000e+01 4.988100051879882812e+01 3.769499969482421875e+01
7.000000000000000000e+00 9.196428656578063965e-01 5.244100189208984375e+01 5.234899902343750000e+01 3.889599990844726562e+01
1.100000000000000000e+01 8.973214030265808105e-01 5.088499832153320312e+01 5.409400177001953125e+01 3.595899963378906250e+01
3.000000000000000000e+00 8.214285969734191895e-01 4.876300048828125000e+01 5.723699951171875000e+01 3.609400177001953125e+01
1.800000000000000000e+01 8.437500000000000000e-01 4.609899902343750000e+01 5.596400070190429688e+01 3.364199829101562500e+01
1.300000000000000000e+01 7.455357313156127930e-01 4.290700149536132812e+01 5.763100051879882812e+01 3.511999893188476562e+01
1.700000000000000000e+01 5.848214030265808105e-01 4.424499893188476562e+01 6.120000076293945312e+01 3.468299865722656250e+01
2.000000000000000000e+01 5.892857313156127930e-01 4.503799819946289062e+01 6.053099822998046875e+01 3.097200012207031250e+01
1.900000000000000000e+01 5.401785969734191895e-01 4.129499816894531250e+01 5.997800064086914062e+01 3.057799911499023438e+01
1.300000000000000000e+01 3.303571343421936035e-01 4.014400100708007812e+01 6.294200134277343750e+01 3.274499893188476562e+01
0.000000000000000000e+00 2.008928507566452026e-01 4.208599853515625000e+01 6.524600219726562500e+01 3.027700042724609375e+01
1.200000000000000000e+01 1.473214328289031982e-01 3.970800018310546875e+01 6.402999877929687500e+01 2.742900085449218750e+01
9.000000000000000000e+00 1.071428582072257996e-01 3.637799835205078125e+01 6.445099639892578125e+01 2.952400016784667969e+01
1.100000000000000000e+01 3.080357015132904053e-01 3.641400146484375000e+01 6.071599960327148438e+01 2.995599937438964844e+01
1.700000000000000000e+01 4.687500000000000000e-01 3.589300155639648438e+01 5.897700119018554688e+01 3.331000137329101562e+01
1.600000000000000000e+01 6.785714030265808105e-01 3.730799865722656250e+01 5.540100097656250000e+01 3.274900054931640625e+01
1.500000000000000000e+01 7.589285969734191895e-01 3.628699874877929688e+01 5.216600036621093750e+01 3.454299926757812500e+01
7.000000000000000000e+00 8.571428656578063965e-01 4.116899871826171875e+01 5.404000091552734375e+01 3.849800109863281250e+01
0.000000000000000000e+00 9.776785969734191895e-01 4.688600158691406250e+01 5.025299835205078125e+01 3.638499832153320312e+01
7.000000000000000000e+00 9.866071343421936035e-01 4.965299987792968750e+01 4.852600097656250000e+01 3.817200088500976562e+01
2.200000000000000000e+01 9.821428656578063965e-01 5.202099990844726562e+01 4.619900131225585938e+01 3.639199829101562500e+01
2.200000000000000000e+01 9.642857313156127930e-01 5.384299850463867188e+01 4.386000061035156250e+01 3.890499877929687500e+01
1.500000000000000000e+01 8.839285969734191895e-01 5.658700180053710938e+01 4.136399841308593750e+01 3.766899871826171875e+01
1.800000000000000000e+01 7.098214030265808105e-01 5.975099945068359375e+01 3.918999862670898438e+01 3.836399841308593750e+01
0.000000000000000000e+00 5.758928656578063965e-01 6.291600036621093750e+01 3.984299850463867188e+01 3.636600112915039062e+01
2.000000000000000000e+00 2.857142984867095947e-01 6.650000000000000000e+01 3.860800170898437500e+01 3.565000152587890625e+01
3.000000000000000000e+00 2.410714328289031982e-01 6.576499938964843750e+01 3.516899871826171875e+01 3.728699874877929688e+01
1.700000000000000000e+01 6.696428358554840088e-02 6.802100372314453125e+01 3.311100006103515625e+01 3.503300094604492188e+01
9.000000000000000000e+00 4.017857089638710022e-02 7.038500213623046875e+01 3.601399993896484375e+01 3.412300109863281250e+01
1.600000000000000000e+01 8.928571641445159912e-02 7.009100341796875000e+01 3.963100051879882812e+01 3.279899978637695312e+01
1.000000000000000000e+00 1.919642835855484009e-01 6.752999877929687500e+01 4.003400039672851562e+01 3.007299995422363281e+01
1.000000000000000000e+00 2.276785671710968018e-01 6.669100189208984375e+01 4.322000122070312500e+01 2.797900009155273438e+01
2.000000000000000000e+01 5.089285969734191895e-01 6.294400024414062500e+01 4.423500061035156250e+01 2.822100067138671875e+01
1.800000000000000000e+01 5.580357313156127930e-01 6.047299957275390625e+01 4.612099838256835938e+01 2.600499916076660156e+01
1.100000000000000000e+01 7.767857313156127930e-01 5.696900177001953125e+01 4.646799850463867188e+01 2.770199966430664062e+01
0.000000000000000000e+00 8.035714030265808105e-01 5.383200073242187500e+01 4.754399871826171875e+01 2.582600021362304688e+01
0.000000000000000000e+00 9.062500000000000000e-01 5.078099822998046875e+01 4.866500091552734375e+01 2.794099998474121094e+01
1.200000000000000000e+01 8.616071343421936035e-01 4.764799880981445312e+01 4.980500030517578125e+01 2.610000038146972656e+01
1.200000000000000000e+01 8.392857313156127930e-01 4.506399917602539062e+01 5.224000167846679688e+01 2.748200035095214844e+01
1.700000000000000000e+01 7.633928656578063965e-01 4.133599853515625000e+01 5.200099945068359375e+01 2.666699981689453125e+01
1.600000000000000000e+01 7.321428656578063965e-01 3.872999954223632812e+01 5.321099853515625000e+01 2.929299926757812500e+01
2.000000000000000000e+01 7.991071343421936035e-01 3.713299942016601562e+01 4.967499923706054688e+01 2.976600074768066406e+01
1.700000000000000000e+01 8.750000000000000000e-01 3.989699935913085938e+01 4.731000137329101562e+01 2.876899909973144531e+01
2.000000000000000000e+01 9.598214030265808105e-01 4.363299942016601562e+01 4.714599990844726562e+01 2.963699913024902344e+01
1.700000000000000000e+01 9.464285969734191895e-01 4.626599884033203125e+01 4.511999893188476562e+01 2.810600090026855469e+01
1.800000000000000000e+01 9.553571343421936035e-01 4.997000122070312500e+01 4.484199905395507812e+01 2.889900016784667969e+01
1.800000000000000000e+01 8.660714030265808105e-01 5.252500152587890625e+01 4.253099822998046875e+01 2.721599960327148438e+01
0.000000000000000000e+00 7.946428656578063965e-01 5.628099822998046875e+01 4.219900131225585938e+01 2.743300056457519531e+01
2.200000000000000000e+01 5.669642686843872070e-01 5.900000000000000000e+01 4.118500137329101562e+01 2.494599914550781250e+01
2.200000000000000000e+01 4.419642984867095947e-01 6.199200057983398438e+01 3.947299957275390625e+01 2.667499923706054688e+01
1.800000000000000000e+01 1.741071492433547974e-01 6.523100280761718750e+01 3.979499816894531250e+01 2.462700080871582031e+01
2.000000000000000000e+00 5.803571268916130066e-02 6.856099700927734375e+01 3.823600006103515625e+01 2.545999908447265625e+01
1.600000000000000000e+01 8.928571827709674835e-03 7.199700164794921875e+01 4.002600097656250000e+01 2.583099937438964844e+01
