5.000000000000000000e+00 1.116071417927742004e-01 2.590299987792968750e+01 3.902099990844726562e+01 4.260499954223632812e+01
1.600000000000000000e+01 2.678571343421936035e-01 2.735600090026855469e+01 4.215999984741210938e+01 4.112400054931640625e+01
1.200000000000000000e+01 5.267857313156127930e-01 3.092200088500976562e+01 4.102600097656250000e+01 4.079199981689453125e+01
1.400000000000000000e+01 5.357142686843872070e-01 3.143600082397460938e+01 3.817900085449218750e+01 3.836199951171875000e+01
2.200000000000000000e+01 6.964285969734191895e-01 3.505599975585937500e+01 3.735499954223632812e+01 3.759199905395507812e+01
1.300000000000000000e+01 6.875000000000000000e-01 3.639500045776367188e+01 3.514099884033203125e+01 3.473099899291992188e+01
2.200000000000000000e+01 7.455357313156127930e-01 3.986800003051757812e+01 3.391099929809570312e+01 3.393299865722656250e+01
1.200000000000000000e+01 6.741071343421936035e-01 4.067399978637695312e+01 3.258499908447265625e+01 3.035700035095214844e+01
3.000000000000000000e+00 6.428571343421936035e-01 4.410400009155273438e+01 3.121400070190429688e+01 2.933600044250488281e+01
0.000000000000000000e+00 5.446428656578063965e-01 4.538199996948242188e+01 3.146299934387207031e+01 2.568199920654296875e+01
2.200000000000000000e+01 3.437500000000000000e-01 4.788899993896484375e+01 2.844099998474121094e+01 2.582600021362304688e+01
1.000000000000000000e+00 2.008928507566452026e-01 4.499200057983398438e+01 2.603000068664550781e+01 2.608099937438964844e+01
9.000000000000000000e+00 2.723214328289031982e-01 4.248500061035156250e+01 2.852199935913085938e+01 2.462800025939941406e+01
1.700000000000000000e+01 2.767857015132904053e-01 3.994699859619140625e+01 2.781599998474121094e+01 2.732500076293945312e+01
1.600000000000000000e+01 3.839285671710968018e-01 3.849800109863281250e+01 2.887800025939941406e+01 3.070800018310546875e+01
0.000000000000000000e+00 5.089285969734191895e-01 4.118500137329101562e+01 2.865200042724609375e+01 3.343000030517578125e+01
1.100000000000000000e+01 3.169642984867095947e-01 3.997600173950195312e+01 2.661599922180175781e+01 3.648699951171875000e+01
2.000000000000000000e+00 3.258928656578063965e-01 4.065000152587890625e+01 2.694899940490722656e+01 4.015599822998046875e+01
2.200000000000000000e+01 6.339285969734191895e-01 4.253400039672851562e+01 3.027199935913085938e+01 3.972800064086914062e+01
0.000000000000000000e+00 6.607142686843872070e-01 4.249499893188476562e+01 3.193799972534179688e+01 4.302899932861328125e+01
1.400000000000000000e+01 7.544642686843872070e-01 4.124800109863281250e+01 3.548699951171875000e+01 4.334799957275390625e+01
2.200000000000000000e+01 7.321428656578063965e-01 3.888600158691406250e+01 4.107500076293945312e+01 4.623300170898437500e+01
1.500000000000000000e+01 7.098214030265808105e-01 4.006600189208984375e+01 4.410699844360351562e+01 4.831600189208984375e+01
1.000000000000000000e+00 6.250000000000000000e-01 3.841400146484375000e+01 4.740100097656250000e+01 4.927500152587890625e+01
1.300000000000000000e+01 5.223214030265808105e-01 3.941099929809570312e+01 5.088199996948242188e+01 5.049000167846679688e+01
0.000000000000000000e+00 2.544642984867095947e-01 3.922399902343750000e+01 5.156100082397460938e+01 5.421400070190429688e+01
0.000000000000000000e+00 8.928571641445159912e-02 3.932300186157226562e+01 5.490900039672851562e+01 5.601200103759765625e+01
3.000000000000000000e+00 1.071428582072257996e-01 4.305599975585937500e+01 5.498099899291992188e+01 5.665700149536132812e+01
3.000000000000000000e+00 3.303571343421936035e-01 4.379600143432617188e+01 5.447200012207031250e+01 5.281999969482421875e+01
1.800000000000000000e+01 4.598214328289031982e-01 4.468000030517578125e+01 5.073500061035156250e+01 5.323099899291992188e+01
1.900000000000000000e+01 6.383928656578063965e-01 4.339400100708007812e+01 4.769300079345703125e+01 5.118299865722656250e+01
7.000000000000000000e+00 4.419642984867095947e-01 4.107600021362304688e+01 4.579600143432617188e+01 5.351100158691406250e+01
1.600000000000000000e+01 4.330357015132904053e-01 3.996599960327148438e+01 4.208300018310546875e+01 5.293000030517578125e+01
1.500000000000000000e+01 3.928571343421936035e-01 3.656000137329101562e+01 4.167200088500976562e+01 5.143099975585937500e+01
0.000000000000000000e+00 4.464285671710968018e-01 3.608399963378906250e+01 3.849599838256835938e+01 4.927700042724609375e+01
1.700000000000000000e+01 5.044642686843872070e-01 3.811800003051757812e+01 3.552299880981445312e+01 4.800500106811523438e+01
9.000000000000000000e+00 3.973214328289031982e-01 3.790399932861328125e+01 3.207500076293945312e+01 4.632400131225585938e+01
1.300000000000000000e+01 5.000000000000000000e-01 3.879499816894531250e+01 3.068600082397460938e+01 4.288899993896484375e+01
1.800000000000000000e+01 4.508928656578063965e-01 3.721099853515625000e+01 2.995800018310546875e+01 3.944599914550781250e+01
1.700000000000000000e+01 1.562500000000000000e-01 3.456999969482421875e+01 2.719300079345703125e+01 3.908100128173828125e+01
7.000000000000000000e+00 7.142857462167739868e-02 3.462500000000000000e+01 2.465500068664550781e+01 3.611000061035156250e+01
1.700000000000000000e+01 1.250000000000000000e-01 3.317499923706054688e+01 2.704999923706054688e+01 3.367900085449218750e+01
9.000000000000000000e+00 3.794642984867095947e-01 3.615000152587890625e+01 2.952000045776367188e+01 3.426100158691406250e+01
7.000000000000000000e+00 4.375000000000000000e-01 3.408200073242187500e+01 3.188100051879882812e+01 3.622600173950195312e+01
1.200000000000000000e+01 3.750000000000000000e-01 3.303900146484375000e+01 3.262500000000000000e+01 3.985499954223632812e+01
9.000000000000000000e+00 1.339285671710968018e-01 2.929899978637695312e+01 3.375000000000000000e+01 4.420600128173828125e+01
1.200000000000000000e+01 2.991071343421936035e-01 3.152899932861328125e+01 3.666999816894531250e+01 4.532199859619140625e+01
1.800000000000000000e+01 1.964285671710968018e-01 2.932099914550781250e+01 3.940100097656250000e+01 4.698199844360351562e+01
1.800000000000000000e+01 4.464285820722579956e-02 2.557099914550781250e+01 4.055099868774414062e+01 4.718899917602539062e+01
7.000000000000000000e+00 2.232142910361289978e-02 2.411000061035156250e+01 4.401499938964843750e+01 4.615700149536132812e+01
7.000000000000000000e+00 4.464285913854837418e-03 2.332600021362304688e+01 4.491699981689453125e+01 4.978699874877929688e+01
7.000000000000000000e+00 3.571428731083869934e-02 2.691600036621093750e+01 4.390299987792968750e+01 5.064199829101562500e+01
1.500000000000000000e+01 1.785714328289031982e-01 2.884499931335449219e+01 4.560800170898437500e+01 4.772399902343750000e+01
2.200000000000000000e+01 1.205357164144515991e-01 2.869599914550781250e+01 4.921699905395507812e+01 4.890599822998046875e+01
7.000000000000000000e+00 1.741071492433547974e-01 3.013500022888183594e+01 5.236800003051757812e+01 4.740599822998046875e+01
9.000000000000000000e+00 3.616071343421936035e-01 3.389799880981445312e+01 5.322000122070312500e+01 4.729899978637695312e+01
1.100000000000000000e+01 6.517857313156127930e-01 3.704600143432617188e+01 5.180500030517578125e+01 4.567100143432617188e+01
2.000000000000000000e+01 7.366071343421936035e-01 3.762500000000000000e+01 4.802700042724609375e+01 4.514599990844726562e+01
1.300000000000000000e+01 8.928571343421936035e-01 4.000000000000000000e+01 4.581999969482421875e+01 4.313000106811523438e+01
2.200000000000000000e+01 9.196428656578063965e-01 4.006600189208984375e+01 4.232799911499023438e+01 4.193799972534179688e+01
7.000000000000000000e+00 9.330357313156127930e-01 4.353599929809570312e+01 4.051300048828125000e+01 4.214099884033203125e+01
1.100000000000000000e+01 9.241071343421936035e-01 4.394499969482421875e+01 3.704399871826171875e+01 4.032899856567382812e+01
3.000000000000000000e+00 8.392857313156127930e-01 4.681900024414062500e+01 3.456399917602539062e+01 4.134799957275390625e+01
1.800000000000000000e+01 8.526785969734191895e-01 4.843399810791015625e+01 3.382899856567382812e+01 3.791799926757812500e+01
1.300000000000000000e+01 7.723214030265808105e-01 5.192200088500976562e+01 3.322600173950195312e+01 3.921400070190429688e+01
1.700000000000000000e+01 6.205357313156127930e-01 5.071099853515625000e+01 3.010700035095214844e+01 4.119300079345703125e+01
2.000000000000000000e+01 6.026785969734191895e-01 4.853900146484375000e+01 2.890299987792968750e+01 3.829499816894531250e+01
1.900000000000000000e+01 5.848214030265808105e-01 5.138499832153320312e+01 2.907699966430664062e+01 3.573899841308593750e+01
1.300000000000000000e+01 3.883928656578063965e-01 5.398099899291992188e+01 2.738500022888183594e+01 3.798600006103515625e+01
0.000000000000000000e+00 2.455357164144515991e-01 5.149000167846679688e+01 2.447100067138671875e+01 3.849499893188476562e+01
1.200000000000000000e+01 2.053571492433547974e-01 5.163499832153320312e+01 2.396899986267089844e+01 3.470899963378906250e+01
9.000000000000000000e+00 1.383928507566452026e-01 5.549499893188476562e+01 2.406999969482421875e+01 3.449800109863281250e+01
1.100000000000000000e+01 3.214285671710968018e-01 5.530199813842773438e+01 2.741900062561035156e+01 3.263499832153320312e+01
1.700000000000000000e+01 4.776785671710968018e-01 5.744100189208984375e+01 3.030100059509277344e+01 3.402999877929687500e+01
1.600000000000000000e+01 7.053571343421936035e-01 5.555099868774414062e+01 3.354399871826171875e+01 3.456800079345703125e+01
1.500000000000000000e+01 8.125000000000000000e-01 5.669900131225585938e+01 3.720899963378906250e+01 3.426499938964843750e+01
7.000000000000000000e+00 9.017857313156127930e-01 5.325999832153320312e+01 3.813100051879882812e+01 3.999900054931640625e+01
0.000000000000000000e+00 9.910714030265808105e-01 4.687200164794921875e+01 4.033000183105468750e+01 3.748600006103515625e+01
7.000000000000000000e+00 9.955357313156127930e-01 4.503300094604492188e+01 4.337300109863281250e+01 3.904499816894531250e+01
2.200000000000000000e+01 9.732142686843872070e-01 4.191400146484375000e+01 4.548699951171875000e+01 3.811399841308593750e+01
2.200000000000000000e+01 9.375000000000000000e-01 4.094599914550781250e+01 4.858800125122070312e+01 4.021599960327148438e+01
1.500000000000000000e+01 8.303571343421936035e-01 3.762500000000000000e+01 5.047499847412109375e+01 4.007500076293945312e+01
1.800000000000000000e+01 6.562500000000000000e-01 3.513999938964843750e+01 5.288000106811523438e+01 4.183399963378906250e+01
0.000000000000000000e+00 5.133928656578063965e-01 3.199200057983398438e+01 5.080099868774414062e+01 4.278599929809570312e+01
2.000000000000000000e+00 2.589285671710968018e-01 2.862899971008300781e+01 5.236899948120117188e+01 4.198099899291992188e+01
3.000000000000000000e+00 2.812500000000000000e-01 3.017600059509277344e+01 5.547399902343750000e+01 4.045199966430664062e+01
1.700000000000000000e+01 1.026785746216773987e-01 2.708799934387207031e+01 5.667699813842773438e+01 3.848899841308593750e+01
9.000000000000000000e+00 2.678571455180644989e-02 2.435799980163574219e+01 5.473899841308593750e+01 4.029700088500976562e+01
1.600000000000000000e+01 6.696428358554840088e-02 2.446500015258789062e+01 5.102500152587890625e+01 4.140200042724609375e+01
1.000000000000000000e+00 2.187500000000000000e-01 2.637299919128417969e+01 4.905300140380859375e+01 3.875899887084960938e+01
1.000000000000000000e+00 3.035714328289031982e-01 2.738699913024902344e+01 4.536500167846679688e+01 3.818099975585937500e+01
2.000000000000000000e+01 5.758928656578063965e-01 3.066099929809570312e+01 4.418399810791015625e+01 3.661999893188476562e+01
1.800000000000000000e+01 5.937500000000000000e-01 3.129700088500976562e+01 4.146200180053710938e+01 3.418500137329101562e+01
1.100000000000000000e+01 7.857142686843872070e-01 3.499900054931640625e+01 4.100199890136718750e+01 3.464099884033203125e+01
0.000000000000000000e+00 7.991071343421936035e-01 3.680400085449218750e+01 3.888800048828125000e+01 3.216799926757812500e+01
0.000000000000000000e+00 8.973214030265808105e-01 4.065000152587890625e+01 3.838899993896484375e+01 3.215700149536132812e+01
1.200000000000000000e+01 8.437500000000000000e-01 4.273099899291992188e+01 3.665499877929687500e+01 2.950300025939941406e+01
1.200000000000000000e+01 8.616071343421936035e-01 4.608700180053710938e+01 3.530899810791015625e+01 3.056699943542480469e+01
1.700000000000000000e+01 7.500000000000000000e-01 4.914400100708007812e+01 3.407500076293945312e+01 2.861100006103515625e+01
1.600000000000000000e+01 7.187500000000000000e-01 5.263499832153320312e+01 3.363499832153320312e+01 3.004500007629394531e+01
2.000000000000000000e+01 8.214285969734191895e-01 5.405099868774414062e+01 3.714199829101562500e+01 2.963899993896484375e+01
1.700000000000000000e+01 9.151785969734191895e-01 5.065100097656250000e+01 3.906700134277343750e+01 2.926700019836425781e+01
2.000000000000000000e+01 9.642857313156127930e-01 4.715200042724609375e+01 3.990299987792968750e+01 3.060899925231933594e+01
1.700000000000000000e+01 9.598214030265808105e-01 4.429700088500976562e+01 4.196799850463867188e+01 2.956999969482421875e+01
1.800000000000000000e+01 9.508928656578063965e-01 4.109600067138671875e+01 4.245700073242187500e+01 3.167000007629394531e+01
1.800000000000000000e+01 8.571428656578063965e-01 3.775600051879882812e+01 4.343600082397460938e+01 3.002000045776367188e+01
0.000000000000000000e+00 7.678571343421936035e-01 3.472700119018554688e+01 4.480099868774414062e+01 3.177499961853027344e+01
2.200000000000000000e+01 5.625000000000000000e-01 3.108499908447265625e+01 4.545999908447265625e+01 3.104199981689453125e+01
2.200000000000000000e+01 4.821428656578063965e-01 2.967700004577636719e+01 4.819400024414062500e+01 3.320600128173828125e+01
1.800000000000000000e+01 1.875000000000000000e-01 2.589399909973144531e+01 4.801399993896484375e+01 3.329600143432617188e+01
2.000000000000000000e+00 4.910714179277420044e-02 2.284799957275390625e+01 4.863100051879882812e+01 3.559999847412109375e+01
1.600000000000000000e+01 1.339285727590322495e-02 2.138500022888183594e+01 4.583300018310546875e+01 3.772900009155273438e+01
5.000000000000000000e+00 9.375000000000000000e-02 6.833999633789062500e+01 4.918999862670898438e+01 2.668700027465820312e+01
1.600000000000000000e+01 2.366071492433547974e-01 6.734100341796875000e+01 4.712400054931640625e+01 2.986100006103515625e+01
1.200000000000000000e+01 4.910714328289031982e-01 6.372700119018554688e+01 4.829499816894531250e+01 3.019400024414062500e+01
1.400000000000000000e+01 5.178571343421936035e-01 6.150999832153320312e+01 4.991400146484375000e+01 2.750699996948242188e+01
2.200000000000000000e+01 6.919642686843872070e-01 5.781499862670898438e+01 5.079600143432617188e+01 2.799399948120117188e+01
1.300000000000000000e+01 6.651785969734191895e-01 5.543999862670898438e+01 5.206600189208984375e+01 2.535400009155273438e+01
2.200000000000000000e+01 7.232142686843872070e-01 5.192599868774414062e+01 5.341899871826171875e+01 2.609799957275390625e+01
1.200000000000000000e+01 6.473214030265808105e-01 4.933900070190429688e+01 5.357500076293945312e+01 2.332099914550781250e+01
3.000000000000000000e+00 5.982142686843872070e-01 4.567800140380859375e+01 5.486999893188476562e+01 2.318799972534179688e+01
0.000000000000000000e+00 5.580357313156127930e-01 4.281100082397460938e+01 5.290499877929687500e+01 2.177000045776367188e+01
2.200000000000000000e+01 3.571428656578063965e-01 4.024800109863281250e+01 5.569400024414062500e+01 2.165500068664550781e+01
1.000000000000000000e+00 1.651785671710968018e-01 4.211800003051757812e+01 5.824800109863281250e+01 1.945999908447265625e+01
9.000000000000000000e+00 2.410714328289031982e-01 4.393899917602539062e+01 5.525199890136718750e+01 1.786599922180175781e+01
1.700000000000000000e+01 2.276785671710968018e-01 4.746300125122070312e+01 5.664099884033203125e+01 1.829100036621093750e+01
1.600000000000000000e+01 3.348214328289031982e-01 5.048400115966796875e+01 5.649100112915039062e+01 2.069599914550781250e+01
0.000000000000000000e+00 4.955357015132904053e-01 4.978900146484375000e+01 5.809400177001953125e+01 2.420599937438964844e+01
1.100000000000000000e+01 2.901785671710968018e-01 5.186999893188476562e+01 6.138999938964843750e+01 2.504400062561035156e+01
2.000000000000000000e+00 3.080357015132904053e-01 5.281600189208984375e+01 6.240800094604492188e+01 2.849200057983398438e+01
2.200000000000000000e+01 6.160714030265808105e-01 5.148500061035156250e+01 5.947200012207031250e+01 3.055299949645996094e+01
0.000000000000000000e+00 6.294642686843872070e-01 5.345299911499023438e+01 5.950500106811523438e+01 3.388399887084960938e+01
1.400000000000000000e+01 7.276785969734191895e-01 5.472000122070312500e+01 5.646900177001953125e+01 3.593000030517578125e+01
2.200000000000000000e+01 7.142857313156127930e-01 5.865200042724609375e+01 5.237799835205078125e+01 3.936000061035156250e+01
1.500000000000000000e+01 6.785714030265808105e-01 5.935599899291992188e+01 5.042800140380859375e+01 4.251399993896484375e+01
1.000000000000000000e+00 5.803571343421936035e-01 6.143500137329101562e+01 4.758900070190429688e+01 4.384899902343750000e+01
1.300000000000000000e+01 5.312500000000000000e-01 6.078300094604492188e+01 4.515599822998046875e+01 4.679100036621093750e+01
0.000000000000000000e+00 2.500000000000000000e-01 6.305099868774414062e+01 4.559500122070312500e+01 4.983300018310546875e+01
0.000000000000000000e+00 8.482142537832260132e-02 6.474600219726562500e+01 4.270100021362304688e+01 5.166400146484375000e+01
3.000000000000000000e+00 9.821428358554840088e-02 6.184400177001953125e+01 4.251800155639648438e+01 5.428400039672851562e+01
3.000000000000000000e+00 3.125000000000000000e-01 5.939699935913085938e+01 4.255699920654296875e+01 5.139500045776367188e+01
1.800000000000000000e+01 3.482142984867095947e-01 5.845800018310546875e+01 4.639099884033203125e+01 5.175000000000000000e+01
1.900000000000000000e+01 5.401785969734191895e-01 5.836000061035156250e+01 4.861399841308593750e+01 4.856499862670898438e+01
7.000000000000000000e+00 3.660714328289031982e-01 6.099599838256835938e+01 5.113999938964843750e+01 4.788299942016601562e+01
1.600000000000000000e+01 4.062500000000000000e-01 6.079499816894531250e+01 5.395100021362304688e+01 4.543500137329101562e+01
1.500000000000000000e+01 3.705357015132904053e-01 6.323300170898437500e+01 5.304299926757812500e+01 4.257400131225585938e+01
0.000000000000000000e+00 4.196428656578063965e-01 6.248099899291992188e+01 5.518799972534179688e+01 3.955799865722656250e+01
1.700000000000000000e+01 4.866071343421936035e-01 6.004499816894531250e+01 5.738100051879882812e+01 3.771699905395507812e+01
9.000000000000000000e+00 4.241071343421936035e-01 5.938000106811523438e+01 5.883399963378906250e+01 3.421699905395507812e+01
1.300000000000000000e+01 4.642857015132904053e-01 5.671099853515625000e+01 5.979199981689453125e+01 3.164399909973144531e+01
1.800000000000000000e+01 4.553571343421936035e-01 5.602399826049804688e+01 5.876699829101562500e+01 2.803599929809570312e+01
1.700000000000000000e+01 1.696428507566452026e-01 5.748699951171875000e+01 6.070100021362304688e+01 2.511899948120117188e+01
7.000000000000000000e+00 8.035714179277420044e-02 5.567399978637695312e+01 6.212400054931640625e+01 2.205599975585937500e+01
1.700000000000000000e+01 1.428571492433547974e-01 5.609099960327148438e+01 5.858499908447265625e+01 2.050200080871582031e+01
9.000000000000000000e+00 4.107142984867095947e-01 5.433100128173828125e+01 5.685100173950195312e+01 2.343300056457519531e+01
7.000000000000000000e+00 4.151785671710968018e-01 5.764400100708007812e+01 5.559799957275390625e+01 2.470100021362304688e+01
1.200000000000000000e+01 4.285714328289031982e-01 5.980099868774414062e+01 5.575000000000000000e+01 2.788500022888183594e+01
9.000000000000000000e+00 1.517857164144515991e-01 6.598100280761718750e+01 5.578300094604492188e+01 3.137700080871582031e+01
1.200000000000000000e+01 3.392857015132904053e-01 6.433799743652343750e+01 5.404000091552734375e+01 3.446599960327148438e+01
1.800000000000000000e+01 2.142857164144515991e-01 6.742199707031250000e+01 5.188600158691406250e+01 3.520700073242187500e+01
1.800000000000000000e+01 5.357142910361289978e-02 7.089600372314453125e+01 5.078699874877929688e+01 3.412799835205078125e+01
7.000000000000000000e+00 1.785714365541934967e-02 7.245999908447265625e+01 4.731399917602539062e+01 3.352199935913085938e+01
7.000000000000000000e+00 0.000000000000000000e+00 7.451200103759765625e+01 4.739199829101562500e+01 3.679499816894531250e+01
7.000000000000000000e+00 4.017857089638710022e-02 7.154100036621093750e+01 4.877999877929687500e+01 3.875500106811523438e+01
1.500000000000000000e+01 1.607142835855484009e-01 6.901999664306640625e+01 4.633599853515625000e+01 3.724399948120117188e+01
2.200000000000000000e+01 1.294642835855484009e-01 6.956800079345703125e+01 4.294699859619140625e+01 3.901200103759765625e+01
7.000000000000000000e+00 2.321428507566452026e-01 6.736699676513671875e+01 4.016400146484375000e+01 4.050899887084960938e+01
9.000000000000000000e+00 4.017857015132904053e-01 6.429599761962890625e+01 4.087500000000000000e+01 4.280199813842773438e+01
1.100000000000000000e+01 6.696428656578063965e-01 6.074300003051757812e+01 4.206299972534179688e+01 4.211600112915039062e+01
2.000000000000000000e+01 7.633928656578063965e-01 5.952199935913085938e+01 4.529600143432617188e+01 4.068799972534179688e+01
1.300000000000000000e+01 8.883928656578063965e-01 5.641400146484375000e+01 4.737200164794921875e+01 4.016500091552734375e+01
2.200000000000000000e+01 9.107142686843872070e-01 5.540100097656250000e+01 4.987599945068359375e+01 3.747700119018554688e+01
7.000000000000000000e+00 9.285714030265808105e-01 5.254600143432617188e+01 5.204700088500976562e+01 3.862500000000000000e+01
1.100000000000000000e+01 9.062500000000000000e-01 5.105099868774414062e+01 5.405400085449218750e+01 3.562500000000000000e+01
3.000000000000000000e+00 8.169642686843872070e-01 4.891799926757812500e+01 5.719400024414062500e+01 3.608300018310546875e+01
1.800000000000000000e+01 8.482142686843872070e-01 4.643600082397460938e+01 5.604499816894531250e+01 3.341899871826171875e+01
1.300000000000000000e+01 7.589285969734191895e-01 4.333599853515625000e+01 5.760400009155273438e+01 3.506999969482421875e+01
1.700000000000000000e+01 5.892857313156127930e-01 4.480400085449218750e+01 6.110800170898437500e+01 3.496599960327148438e+01
2.000000000000000000e+01 5.669642686843872070e-01 4.527399826049804688e+01 6.084299850463867188e+01 3.115800094604492188e+01
1.900000000000000000e+01 5.535714030265808105e-01 4.150699996948242188e+01 6.004999923706054688e+01 3.076000022888183594e+01
1.300000000000000000e+01 3.526785671710968018e-01 4.049100112915039062e+01 6.286100006103515625e+01 3.324200057983398438e+01
0.000000000000000000e+00 1.919642835855484009e-01 4.236500167846679688e+01 6.546700286865234375e+01 3.112000083923339844e+01
1.200000000000000000e+01 1.473214328289031982e-01 4.018600082397460938e+01 6.467900085449218750e+01 2.808099937438964844e+01
9.000000000000000000e+00 1.160714253783226013e-01 3.691899871826171875e+01 6.469599914550781250e+01 3.025900077819824219e+01
1.100000000000000000e+01 2.946428656578063965e-01 3.642300033569335938e+01 6.084999847412109375e+01 3.045100021362304688e+01
1.700000000000000000e+01 4.687500000000000000e-01 3.583399963378906250e+01 5.897000122070312500e+01 3.372299957275390625e+01
1.600000000000000000e+01 6.830357313156127930e-01 3.735200119018554688e+01 5.550899887084960938e+01 3.326900100708007812e+01
1.500000000000000000e+01 7.946428656578063965e-01 3.658200073242187500e+01 5.205899810791015625e+01 3.482600021362304688e+01
7.000000000000000000e+00 8.794642686843872070e-01 4.148600006103515625e+01 5.362300109863281250e+01 3.847299957275390625e+01
0.000000000000000000e+00 9.776785969734191895e-01 4.717599868774414062e+01 5.031000137329101562e+01 3.614500045776367188e+01
7.000000000000000000e+00 9.866071343421936035e-01 4.984700012207031250e+01 4.848199844360351562e+01 3.810900115966796875e+01
2.200000000000000000e+01 9.821428656578063965e-01 5.230699920654296875e+01 4.597800064086914062e+01 3.646400070190429688e+01
2.200000000000000000e+01 9.553571343421936035e-01 5.442200088500976562e+01 4.387200164794921875e+01 3.894900131225585938e+01
1.500000000000000000e+01 8.660714030265808105e-01 5.715000152587890625e+01 4.143999862670898438e+01 3.773799896240234375e+01
1.800000000000000000e+01 7.008928656578063965e-01 5.997700119018554688e+01 3.918199920654296875e+01 3.873899841308593750e+01
0.000000000000000000e+00 5.714285969734191895e-01 6.297499847412109375e+01 3.999200057983398438e+01 3.661199951171875000e+01
2.000000000000000000e+00 2.857142984867095947e-01 6.652899932861328125e+01 3.873799896240234375e+01 3.580699920654296875e+01
3.000000000000000000e+00 2.232142835855484009e-01 6.607900238037109375e+01 3.521099853515625000e+01 3.727399826049804688e+01
1.700000000000000000e+01 6.250000000000000000e-02 6.829399871826171875e+01 3.320399856567382812e+01 3.489599990844726562e+01
9.000000000000000000e+00 3.125000000000000000e-02 7.053500366210937500e+01 3.610599899291992188e+01 3.384500122070312500e+01
1.600000000000000000e+01 7.589285820722579956e-02 7.011399841308593750e+01 3.977700042724609375e+01 3.295299911499023438e+01
1.000000000000000000e+00 1.830357164144515991e-01 6.750499725341796875e+01 4.042399978637695312e+01 3.029400062561035156e+01
1.000000000000000000e+00 2.633928656578063965e-01 6.627999877929687500e+01 4.339699935913085938e+01 2.822299957275390625e+01
2.000000000000000000e+01 5.491071343421936035e-01 6.249499893188476562e+01 4.391299819946289062e+01 2.868300056457519531e+01
1.800000000000000000e+01 6.116071343421936035e-01 6.009199905395507812e+01 4.568299865722656250e+01 2.632099914550781250e+01
1.100000000000000000e+01 7.901785969734191895e-01 5.668700027465820312e+01 4.640399932861328125e+01 2.762000083923339844e+01
0.000000000000000000e+00 7.812500000000000000e-01 5.373699951171875000e+01 4.728499984741210938e+01 2.528499984741210938e+01
0.000000000000000000e+00 8.705357313156127930e-01 5.056700134277343750e+01 4.886399841308593750e+01 2.674500083923339844e+01
1.200000000000000000e+01 8.258928656578063965e-01 4.725899887084960938e+01 4.979299926757812500e+01 2.510600090026855469e+01
1.200000000000000000e+01 8.348214030265808105e-01 4.474100112915039062e+01 5.194800186157226562e+01 2.702700042724609375e+01
1.700000000000000000e+01 7.767857313156127930e-01 4.093299865722656250e+01 5.155899810791015625e+01 2.679999923706054688e+01
1.600000000000000000e+01 7.410714030265808105e-01 3.843799972534179688e+01 5.269599914550781250e+01 2.942399978637695312e+01
2.000000000000000000e+01 8.035714030265808105e-01 3.691500091552734375e+01 4.932400131225585938e+01 3.029899978637695312e+01
1.700000000000000000e+01 8.839285969734191895e-01 3.975299835205078125e+01 4.718000030517578125e+01 2.898800086975097656e+01
2.000000000000000000e+01 9.687500000000000000e-01 4.343999862670898438e+01 4.727600097656250000e+01 3.005400085449218750e+01
1.700000000000000000e+01 9.419642686843872070e-01 4.609500122070312500e+01 4.541899871826171875e+01 2.795800018310546875e+01
1.800000000000000000e+01 9.464285969734191895e-01 4.976200103759765625e+01 4.463899993896484375e+01 2.861499977111816406e+01
1.800000000000000000e+01 8.750000000000000000e-01 5.229000091552734375e+01 4.219400024414062500e+01 2.720199966430664062e+01
0.000000000000000000e+00 8.080357313156127930e-01 5.597299957275390625e+01 4.201399993896484375e+01 2.779199981689453125e+01
2.200000000000000000e+01 6.071428656578063965e-01 5.858900070190429688e+01 4.093000030517578125e+01 2.524799919128417969e+01
2.200000000000000000e+01 4.732142984867095947e-01 6.172000122070312500e+01 3.934500122070312500e+01 2.695800018310546875e+01
1.800000000000000000e+01 2.098214328289031982e-01 6.481900024414062500e+01 3.993000030517578125e+01 2.496500015258789062e+01
2.000000000000000000e+00 5.803571268916130066e-02 6.827999877929687500e+01 3.841500091552734375e+01 2.576499938964843750e+01
1.600000000000000000e+01 8.928571827709674835e-03 7.152700042724609375e+01 4.052799987792968750e+01 2.563400077819824219e+01
