1 1 14 0 0.017964071856287345 0 0 42.186 53.451 29.028
1 2 18 0 0.10778443113772451 0 0 42.242 50.842 31.817
1 3 7 0 0.32335329341317365 0 0 43.066 47.273 31.042
1 4 20 0 0.5988023952095809 0 0 41.240 44.569 33.002
1 5 13 0 0.7245508982035929 0 0 42.800 41.139 33.171
1 6 12 0 0.9161676646706587 0 0 39.814 38.874 33.556
1 7 22 0 0.9580838323353293 0 0 40.535 35.328 34.224
1 8 22 0 0.9880239520958084 0 0 37.998 32.527 33.831
1 9 22 0 0.9640718562874252 0 0 38.494 29.619 36.264
1 10 9 0 0.9101796407185628 0 0 36.952 26.533 37.748
1 11 0 0 0.7784431137724551 0 0 36.498 22.781 37.185
1 12 9 0 0.6347305389221557 0 0 37.131 21.014 33.962
1 13 9 0 0.5868263473053892 0 0 34.584 20.712 31.274
1 14 22 0 0.8083832335329342 0 0 32.572 23.755 32.169
1 15 9 0 0.844311377245509 0 0 32.745 25.810 28.994
1 16 13 0 0.9341317365269461 0 0 35.478 28.095 30.079
1 17 17 0 0.8502994011976048 0 0 36.456 28.911 26.489
1 18 0 0 0.7904191616766467 0 0 32.879 29.140 25.207
1 19 12 0 0.8982035928143712 0 0 31.948 32.159 27.348
1 20 18 0 0.874251497005988 0 0 35.107 33.908 26.122
1 21 11 0 0.6467065868263473 0 0 34.710 32.928 22.453
1 22 6 0 0.6107784431137725 0 0 31.190 34.316 22.482
1 23 12 0 0.6946107784431137 0 0 32.451 37.483 24.152
1 24 11 0 0.5389221556886228 0 0 35.456 38.064 21.981
1 25 6 0 0.3173652694610779 0 0 34.710 36.632 18.556
1 26 2 0 0.27544910179640725 0 0 31.169 38.001 18.816
1 27 10 0 0.20359281437125742 0 0 29.690 34.590 17.893
1 28 15 0 0.4011976047904191 0 0 30.008 31.369 19.835
1 29 22 0 0.221556886227545 0 0 31.979 28.514 18.219
1 30 3 0 0.2335329341317366 0 0 31.905 25.056 19.723
1 31 7 0 0.10179640718562877 0 0 35.060 23.866 18.016
1 32 20 0 0.18562874251497008 0 0 37.768 23.222 20.546
1 33 3 0 0.16167664670658677 0 0 41.484 23.811 20.713
1 34 16 0 0.281437125748503 0 0 43.458 23.666 23.974
1 35 18 0 0.4131736526946108 0 0 44.646 27.261 24.213
1 36 11 0 0.17365269461077848 0 0 48.296 28.146 24.596
1 37 7 0 0.08383233532934131 0 0 49.166 30.734 22.006
1 38 3 0 0.20958083832335328 0 0 45.906 32.560 21.354
1 39 17 0 0.3772455089820359 0 0 44.877 35.944 22.652
1 40 20 0 0.5449101796407185 0 0 41.501 37.231 23.679
1 41 1 0 0.4850299401197605 0 0 40.778 40.970 23.715
1 42 13 0 0.35928143712574856 0 0 38.385 43.674 22.780
1 43 6 0 0.24550898203592808 0 0 37.648 46.996 24.401
1 44 22 0 0.2694610778443114 0 0 34.005 47.568 25.200
1 45 22 0 0.13173652694610782 0 0 32.067 50.320 26.915
1 46 11 0 0.28742514970059885 0 0 31.099 49.354 30.488
1 47 3 0 0.09580838323353291 0 0 29.167 51.951 32.431
1 48 9 0 0.0119760479041916 0 0 30.223 54.958 30.402
1 49 7 0 0.041916167664670656 0 0 33.941 54.162 30.354
1 50 18 0 0.059880239520958 0 0 35.739 52.481 27.512
1 51 5 0 0.25149700598802394 0 0 37.550 49.576 29.098
1 52 12 0 0.37125748502994016 0 0 39.907 47.001 27.802
1 53 12 0 0.6227544910179641 0 0 39.011 43.442 28.557
1 54 3 0 0.658682634730539 0 0 41.846 40.932 28.285
1 55 11 0 0.8622754491017964 0 0 40.807 37.268 28.691
1 56 12 0 0.8562874251497006 0 0 43.022 34.673 30.228
1 57 3 0 0.8682634730538922 0 0 41.810 31.209 29.517
1 58 18 0 0.8383233532934131 0 0 42.438 28.238 31.882
1 59 0 0 0.6167664670658684 0 0 43.193 24.658 30.676
1 60 9 0 0.43113772455089827 0 0 44.237 21.346 32.337
1 61 6 0 0.3892215568862275 0 0 44.111 20.448 36.044
1 62 7 0 0.437125748502994 0 0 45.539 22.931 38.489
1 63 7 0 0.11377245508982048 0 0 47.994 20.385 39.834
1 64 20 0 0.029940119760479056 0 0 51.404 19.753 38.330
1 65 17 0 0.053892215568862256 0 0 52.444 23.296 37.715
1 66 0 0 0.03592814371257491 0 0 54.469 25.863 39.556
1 67 14 0 0.11976047904191622 0 0 53.136 28.635 37.380
1 68 1 0 0.39520958083832336 0 0 49.443 28.285 38.247
1 69 3 0 0.29940119760479034 0 0 49.923 30.314 41.340
1 70 6 0 0.26347305389221565 0 0 51.374 33.159 39.321
1 71 20 0 0.5209580838323353 0 0 48.784 32.550 36.552
1 72 14 0 0.6646706586826348 0 0 46.087 33.274 39.172
1 73 1 0 0.4970059880239521 0 0 48.077 36.183 40.614
1 74 18 0 0.5029940119760479 0 0 48.355 37.805 37.201
1 75 9 0 0.7365269461077844 0 0 44.612 38.116 37.223
1 76 7 0 0.7065868263473054 0 0 42.619 41.102 38.450
1 77 9 0 0.8862275449101796 0 0 39.111 39.685 38.614
1 78 15 0 0.9700598802395209 0 0 38.059 36.059 38.295
1 79 12 0 0.9940119760479041 0 0 34.882 34.568 36.691
1 80 5 0 0.9820359281437125 0 0 34.066 31.366 38.525
1 81 22 0 0.9760479041916168 0 0 32.509 28.961 36.084
1 82 15 0 0.8802395209580838 0 0 30.688 25.743 36.696
1 83 0 0 0.7125748502994012 0 0 27.940 23.958 34.882
1 84 11 0 0.5089820359281436 0 0 24.548 23.100 36.308
1 85 2 0 0.2934131736526946 0 0 24.811 19.640 34.798
1 86 2 0 0.38323353293413165 0 0 27.940 18.834 36.731
1 87 18 0 0.22754491017964074 0 0 27.707 18.129 40.457
1 88 13 0 0.31137724550898194 0 0 31.445 17.994 40.995
1 89 17 0 0.6047904191616766 0 0 31.879 21.413 39.540
1 90 15 0 0.5508982035928144 0 0 29.652 22.816 42.230
1 91 7 0 0.41916167664670656 0 0 31.978 21.503 44.866
1 92 3 0 0.5748502994011976 0 0 35.180 23.228 43.744
1 93 11 0 0.7425149700598803 0 0 33.793 26.765 44.062
1 94 10 0 0.5329341317365269 0 0 35.073 27.345 47.613
1 95 10 0 0.5149700598802396 0 0 38.451 25.854 46.674
1 96 20 0 0.7724550898203593 0 0 38.956 28.472 43.942
1 97 1 0 0.7005988023952096 0 0 37.713 31.263 46.176
1 98 7 0 0.4730538922155688 0 0 40.473 30.339 48.560
1 99 6 0 0.5269461077844311 0 0 43.018 30.151 45.822
1 100 11 0 0.6706586826347305 0 0 42.035 33.550 44.573
1 101 13 0 0.45508982035928147 0 0 42.230 34.925 48.129
1 102 1 0 0.23952095808383234 0 0 45.591 33.352 48.733
1 103 22 0 0.3293413173652695 0 0 47.443 34.466 45.648
1 104 13 0 0.3652694610778443 0 0 46.084 38.002 45.787
1 105 3 0 0.07784431137724557 0 0 47.050 38.482 49.404
1 106 17 0 0.14970059880239517 0 0 43.515 39.294 50.379
1 107 7 0 0.15568862275449102 0 0 40.254 38.338 51.957
1 108 3 0 0.3413173652694611 0 0 37.877 40.171 49.665
1 109 22 0 0.5808383233532934 0 0 38.570 39.462 46.058
1 110 16 0 0.7964071856287425 0 0 36.542 40.314 42.884
1 111 14 0 0.9041916167664671 0 0 34.531 37.365 41.753
1 112 22 0 0.9461077844311377 0 0 31.310 36.600 39.893
1 113 12 0 0.9401197604790419 0 0 29.852 33.101 39.824
1 114 22 0 0.9520958083832335 0 0 28.461 31.573 36.702
1 115 9 0 0.8323353293413174 0 0 25.962 28.818 36.430
1 116 2 0 0.8143712574850299 0 0 26.640 27.525 32.979
1 117 13 0 0.5568862275449102 0 0 24.058 25.657 30.892
1 118 5 0 0.4610778443113772 0 0 20.930 27.379 32.150
1 119 3 0 0.17964071856287422 0 0 19.224 26.403 28.906
1 120 12 0 0.08982035928143717 0 0 18.563 23.030 30.587
1 121 16 0 0.02395209580838331 0 0 15.227 22.778 32.472
1 122 17 0 0.0059880239520957446 0 0 16.613 19.587 34.005
1 123 1 0 0.0718562874251496 0 0 19.660 20.120 36.123
1 124 18 0 0.06586826347305386 0 0 21.688 18.435 38.851
1 125 22 0 0.21556886227544902 0 0 22.589 21.677 40.537
1 126 3 0 0.13772455089820357 0 0 19.832 24.015 41.760
1 127 18 0 0.33532934131736525 0 0 20.074 27.590 40.555
1 128 13 0 0.12574850299401197 0 0 18.411 28.896 43.724
1 129 6 0 0.14371257485029942 0 0 20.822 27.340 46.167
1 130 0 0 0.47904191616766467 0 0 23.560 28.581 43.897
1 131 6 0 0.4251497005988024 0 0 22.140 32.086 44.385
1 132 3 0 0.16766467065868274 0 0 22.249 31.446 48.165
1 133 12 0 0.40718562874251496 0 0 25.828 30.436 48.003
1 134 0 0 0.562874251497006 0 0 26.472 33.552 45.913
1 135 1 0 0.3053892215568862 0 0 25.046 35.669 48.652
1 136 17 0 0.19161676646706582 0 0 27.039 33.793 51.266
1 137 20 0 0.4491017964071856 0 0 30.223 34.830 49.566
1 138 9 0 0.44311377245508976 0 0 28.794 38.179 48.516
1 139 11 0 0.688622754491018 0 0 29.282 37.598 44.822
1 140 16 0 0.7305389221556886 0 0 26.919 38.073 41.869
1 141 15 0 0.7604790419161677 0 0 25.051 35.079 40.370
1 142 11 0 0.8263473053892215 0 0 24.815 34.867 36.569
1 143 7 0 0.6826347305389222 0 0 22.605 32.285 34.875
1 144 18 0 0.718562874251497 0 0 23.901 31.705 31.370
1 145 17 0 0.6407185628742516 0 0 24.561 29.445 28.406
1 146 0 0 0.6287425149700598 0 0 26.788 30.401 25.480
1 147 13 0 0.3532934131736526 0 0 24.668 29.154 22.618
1 148 18 0 0.2574850299401197 0 0 21.600 31.055 23.641
1 149 1 0 0.46706586826347307 0 0 23.936 33.972 24.336
1 150 6 0 0.49101796407185627 0 0 21.856 34.684 27.408
1 151 9 0 0.6766467065868262 0 0 23.932 36.280 30.082
1 152 22 0 0.8203592814371258 0 0 27.346 36.051 28.566
1 153 3 0 0.7485029940119761 0 0 28.315 39.720 28.236
1 154 3 0 0.7544910179640718 0 0 26.738 40.448 31.568
1 155 0 0 0.9221556886227544 0 0 28.847 37.933 33.392
1 156 15 0 0.9281437125748503 0 0 32.033 39.745 32.558
1 157 20 0 0.7844311377245509 0 0 30.630 43.230 32.743
1 158 18 0 0.8023952095808383 0 0 29.259 42.426 36.177
1 159 12 0 0.8922155688622755 0 0 32.625 41.242 37.254
1 160 22 0 0.7664670658682635 0 0 34.337 44.409 36.225
1 161 1 0 0.5688622754491017 0 0 31.968 46.252 38.566
1 162 7 0 0.652694610778443 0 0 33.310 44.126 41.363
1 163 11 0 0.592814371257485 0 0 36.768 45.198 40.436
1 164 1 0 0.34730538922155685 0 0 35.687 48.880 40.486
1 165 13 0 0.19760479041916168 0 0 34.910 48.745 44.223
1 166 10 0 0.04790419161676651 0 0 37.053 51.702 45.201
1 167 13 0 0.0 0 0 36.822 54.718 42.884
