1 1 14 0 0.03592814371257491 0 0 14.778 34.330 43.091
1 2 18 0 0.08982035928143717 0 0 17.080 37.215 42.411
1 3 7 0 0.27544910179640725 0 0 18.821 37.366 39.060
1 4 20 0 0.5568862275449102 0 0 22.415 38.506 38.625
1 5 13 0 0.688622754491018 0 0 23.781 39.142 35.118
1 6 12 0 0.8982035928143712 0 0 27.487 38.381 34.767
1 7 22 0 0.9520958083832335 0 0 29.858 38.887 31.817
1 8 22 0 0.9880239520958084 0 0 32.726 36.540 30.930
1 9 22 0 0.9700598802395209 0 0 35.416 38.785 29.490
1 10 9 0 0.9281437125748503 0 0 38.880 37.973 28.143
1 11 0 0 0.7844311377245509 0 0 41.165 38.085 25.233
1 12 9 0 0.5988023952095809 0 0 41.618 35.290 22.743
1 13 9 0 0.5808383233532934 0 0 43.033 31.934 23.841
1 14 22 0 0.8143712574850299 0 0 42.013 31.696 27.478
1 15 9 0 0.8203592814371258 0 0 39.265 29.108 27.406
1 16 13 0 0.9401197604790419 0 0 36.745 31.560 28.726
1 17 17 0 0.8383233532934131 0 0 33.785 29.825 27.118
1 18 0 0 0.7964071856287425 0 0 35.099 26.561 28.447
1 19 12 0 0.9101796407185628 0 0 35.475 28.100 31.941
1 20 18 0 0.9041916167664671 0 0 31.746 28.798 31.934
1 21 11 0 0.7125748502994012 0 0 30.828 25.595 30.092
1 22 6 0 0.6227544910179641 0 0 32.579 23.389 32.624
1 23 12 0 0.7245508982035929 0 0 30.642 25.049 35.461
1 24 11 0 0.562874251497006 0 0 27.380 24.493 33.580
1 25 6 0 0.3293413173652695 0 0 27.463 21.335 31.489
1 26 2 0 0.3053892215568862 0 0 29.987 19.795 33.905
1 27 10 0 0.14970059880239517 0 0 31.474 17.412 31.384
1 28 15 0 0.14371257485029942 0 0 33.449 17.733 28.148
1 29 22 0 0.06586826347305386 0 0 31.885 17.781 24.671
1 30 3 0 0.017964071856287345 0 0 33.893 16.799 21.633
1 31 7 0 0.02395209580838331 0 0 32.419 19.339 19.211
1 32 20 0 0.13772455089820357 0 0 32.102 23.016 20.187
1 33 3 0 0.11976047904191622 0 0 30.404 25.754 18.149
1 34 16 0 0.2335329341317366 0 0 30.741 29.485 18.319
1 35 18 0 0.44311377245508976 0 0 28.977 31.753 20.628
1 36 11 0 0.25149700598802394 0 0 26.372 33.992 19.232
1 37 7 0 0.2574850299401197 0 0 23.462 33.582 21.582
1 38 3 0 0.437125748502994 0 0 24.015 31.262 24.514
1 39 17 0 0.45508982035928147 0 0 22.308 30.601 27.784
1 40 20 0 0.6407185628742516 0 0 24.614 29.842 30.656
1 41 1 0 0.5688622754491017 0 0 22.797 29.893 33.955
1 42 13 0 0.4970059880239521 0 0 22.877 28.401 37.442
1 43 6 0 0.22754491017964074 0 0 20.480 28.129 40.334
1 44 22 0 0.26347305389221565 0 0 22.467 28.817 43.459
1 45 22 0 0.13173652694610782 0 0 22.397 29.775 47.098
1 46 11 0 0.23952095808383234 0 0 25.033 32.399 47.978
1 47 3 0 0.0718562874251496 0 0 25.325 32.800 51.709
1 48 9 0 0.0059880239520957446 0 0 21.657 31.843 52.137
1 49 7 0 0.053892215568862256 0 0 20.410 33.961 49.208
1 50 18 0 0.059880239520958 0 0 18.758 32.039 46.424
1 51 5 0 0.20958083832335328 0 0 19.825 33.543 43.132
1 52 12 0 0.3772455089820359 0 0 20.118 32.816 39.475
1 53 12 0 0.6467065868263473 0 0 23.393 33.758 37.813
1 54 3 0 0.6706586826347305 0 0 22.909 34.583 34.246
1 55 11 0 0.8622754491017964 0 0 26.257 34.178 32.720
1 56 12 0 0.844311377245509 0 0 27.033 36.113 29.646
1 57 3 0 0.8502994011976048 0 0 29.323 34.860 26.970
1 58 18 0 0.7544910179640718 0 0 30.234 37.130 24.129
1 59 0 0 0.5029940119760479 0 0 29.810 36.315 20.422
1 60 9 0 0.34730538922155685 0 0 32.389 35.531 17.788
1 61 6 0 0.35928143712574856 0 0 36.144 35.120 17.660
1 62 7 0 0.3173652694610779 0 0 37.339 38.726 17.803
1 63 7 0 0.38323353293413165 0 0 36.498 42.144 19.232
1 64 20 0 0.09580838323353291 0 0 35.154 43.947 16.152
1 65 17 0 0.04790419161676651 0 0 32.019 43.058 14.338
1 66 0 0 0.17365269461077848 0 0 30.565 40.467 16.699
1 67 14 0 0.28742514970059885 0 0 27.923 40.706 19.553
1 68 1 0 0.5209580838323353 0 0 29.506 42.093 22.591
1 69 3 0 0.4011976047904191 0 0 28.614 45.686 23.486
1 70 6 0 0.3532934131736526 0 0 25.077 44.907 24.708
1 71 20 0 0.6047904191616766 0 0 26.309 42.404 27.180
1 72 14 0 0.652694610778443 0 0 28.809 44.895 28.483
1 73 1 0 0.40718562874251496 0 0 26.047 47.485 28.642
1 74 18 0 0.4491017964071856 0 0 23.726 45.328 30.653
1 75 9 0 0.7005988023952096 0 0 26.389 43.684 32.730
1 76 7 0 0.658682634730539 0 0 25.914 43.607 36.390
1 77 9 0 0.8562874251497006 0 0 29.157 41.894 37.428
1 78 15 0 0.9580838323353293 0 0 32.131 40.973 35.293
1 79 12 0 0.9940119760479041 0 0 34.602 38.098 35.278
1 80 5 0 0.9820359281437125 0 0 37.863 39.042 33.803
1 81 22 0 0.9760479041916168 0 0 39.861 36.239 32.486
1 82 15 0 0.8802395209580838 0 0 43.503 35.939 31.697
1 83 0 0 0.7724550898203593 0 0 45.450 32.658 31.461
1 84 11 0 0.5449101796407185 0 0 48.605 31.979 33.466
1 85 2 0 0.3413173652694611 0 0 50.302 30.188 30.585
1 86 2 0 0.4131736526946108 0 0 49.402 33.079 28.245
1 87 18 0 0.2694610778443114 0 0 51.422 36.209 28.586
1 88 13 0 0.32335329341317365 0 0 49.432 38.109 25.915
1 89 17 0 0.6167664670658684 0 0 46.216 37.787 27.893
1 90 15 0 0.592814371257485 0 0 47.698 38.893 31.217
1 91 7 0 0.43113772455089827 0 0 48.542 42.285 29.879
1 92 3 0 0.5508982035928144 0 0 45.344 42.895 27.993
1 93 11 0 0.718562874251497 0 0 43.764 43.293 31.411
1 94 10 0 0.49101796407185627 0 0 44.307 47.057 31.571
1 95 10 0 0.4610778443113772 0 0 42.593 47.625 28.296
1 96 20 0 0.6946107784431137 0 0 39.540 45.701 29.249
1 97 1 0 0.6646706586826348 0 0 39.511 47.208 32.716
1 98 7 0 0.41916167664670656 0 0 39.049 50.665 31.379
1 99 6 0 0.4730538922155688 0 0 36.453 49.672 28.809
1 100 11 0 0.6347305389221557 0 0 34.309 48.069 31.496
1 101 13 0 0.4251497005988024 0 0 34.433 51.296 33.479
1 102 1 0 0.19161676646706582 0 0 33.342 53.440 30.483
1 103 22 0 0.2934131736526946 0 0 30.475 51.272 29.239
1 104 13 0 0.37125748502994016 0 0 29.138 50.952 32.708
1 105 3 0 0.11377245508982048 0 0 30.058 54.555 33.395
1 106 17 0 0.17964071856287422 0 0 31.553 53.786 36.735
1 107 7 0 0.19760479041916168 0 0 34.924 53.315 38.370
1 108 3 0 0.31137724550898194 0 0 33.584 51.004 40.953
1 109 22 0 0.5748502994011976 0 0 32.364 48.069 38.942
1 110 16 0 0.7604790419161677 0 0 32.313 44.541 40.339
1 111 14 0 0.8922155688622755 0 0 35.257 42.668 38.881
1 112 22 0 0.9461077844311377 0 0 36.699 39.369 39.882
1 113 12 0 0.9341317365269461 0 0 40.076 38.768 38.292
1 114 22 0 0.9640718562874252 0 0 40.319 35.207 37.109
1 115 9 0 0.874251497005988 0 0 43.436 33.312 36.142
1 116 2 0 0.8682634730538922 0 0 42.470 30.357 34.020
1 117 13 0 0.6287425149700598 0 0 44.478 27.327 33.255
1 118 5 0 0.5149700598802396 0 0 45.936 26.776 36.701
1 119 3 0 0.24550898203592808 0 0 46.870 23.101 36.666
1 120 12 0 0.10179640718562877 0 0 50.110 23.096 35.015
1 121 16 0 0.0119760479041916 0 0 53.358 22.256 36.871
1 122 17 0 0.029940119760479056 0 0 54.910 25.530 35.698
1 123 1 0 0.10778443113772451 0 0 53.512 28.848 34.354
1 124 18 0 0.07784431137724557 0 0 54.824 31.798 32.420
1 125 22 0 0.21556886227544902 0 0 52.858 34.332 34.386
1 126 3 0 0.12574850299401197 0 0 54.028 34.165 38.016
1 127 18 0 0.221556886227545 0 0 51.455 33.893 40.714
1 128 13 0 0.08383233532934131 0 0 53.353 36.738 42.209
1 129 6 0 0.16766467065868274 0 0 52.773 38.899 39.188
1 130 0 0 0.46706586826347307 0 0 49.147 38.005 39.231
1 131 6 0 0.33532934131736525 0 0 48.827 38.781 42.898
1 132 3 0 0.16167664670658677 0 0 50.747 42.025 42.280
1 133 12 0 0.39520958083832336 0 0 48.186 42.986 39.664
1 134 0 0 0.5089820359281436 0 0 45.408 42.087 42.036
1 135 1 0 0.20359281437125742 0 0 47.031 44.356 44.554
1 136 17 0 0.18562874251497008 0 0 47.332 47.095 42.012
1 137 20 0 0.3892215568862275 0 0 43.674 47.188 41.338
1 138 9 0 0.3652694610778443 0 0 42.497 45.975 44.689
1 139 11 0 0.6107784431137725 0 0 39.966 43.487 43.213
1 140 16 0 0.7065868263473054 0 0 39.747 39.839 44.117
1 141 15 0 0.7904191616766467 0 0 42.042 37.417 42.304
1 142 11 0 0.8263473053892215 0 0 41.037 33.813 41.736
1 143 7 0 0.7485029940119761 0 0 43.073 30.954 40.395
1 144 18 0 0.8083832335329342 0 0 41.185 28.295 38.476
1 145 17 0 0.6766467065868262 0 0 41.191 25.458 35.982
1 146 0 0 0.7425149700598803 0 0 38.120 24.919 33.800
1 147 13 0 0.47904191616766467 0 0 39.725 21.700 32.560
1 148 18 0 0.29940119760479034 0 0 40.290 19.883 35.824
1 149 1 0 0.4850299401197605 0 0 37.397 21.573 37.465
1 150 6 0 0.5269461077844311 0 0 39.190 23.640 40.118
1 151 9 0 0.6826347305389222 0 0 37.965 26.905 41.669
1 152 22 0 0.8323353293413174 0 0 35.641 27.432 38.653
1 153 3 0 0.7784431137724551 0 0 32.702 27.690 41.068
1 154 3 0 0.7365269461077844 0 0 34.450 29.713 43.660
1 155 0 0 0.9161676646706587 0 0 35.060 32.358 41.009
1 156 15 0 0.9221556886227544 0 0 31.397 32.885 40.095
1 157 20 0 0.7664670658682635 0 0 30.293 33.040 43.682
1 158 18 0 0.8023952095808383 0 0 33.112 35.406 44.613
1 159 12 0 0.8862275449101796 0 0 31.782 37.639 41.861
1 160 22 0 0.7305389221556886 0 0 28.255 37.443 43.358
1 161 1 0 0.5329341317365269 0 0 29.572 38.235 46.806
1 162 7 0 0.5868263473053892 0 0 31.291 41.389 45.533
1 163 11 0 0.5389221556886228 0 0 28.076 42.694 44.028
1 164 1 0 0.281437125748503 0 0 26.217 41.868 47.220
1 165 13 0 0.15568862275449102 0 0 28.352 43.913 49.646
1 166 10 0 0.041916167664670656 0 0 26.672 42.699 52.797
1 167 13 0 0.0 0 0 27.700 44.252 56.095
