1 1 14 0 0.02395209580838331 0 0 44.271 52.035 27.707
1 2 18 0 0.10778443113772451 0 0 43.193 50.401 31.001
1 3 7 0 0.31137724550898194 0 0 44.461 46.869 31.279
1 4 20 0 0.5748502994011976 0 0 42.682 44.249 33.385
1 5 13 0 0.7065868263473054 0 0 43.864 40.697 34.158
1 6 12 0 0.9041916167664671 0 0 40.704 38.656 34.482
1 7 22 0 0.9580838323353293 0 0 40.673 35.072 35.571
1 8 22 0 0.9820359281437125 0 0 38.063 32.419 34.648
1 9 22 0 0.9700598802395209 0 0 37.838 30.200 37.648
1 10 9 0 0.9281437125748503 0 0 35.626 27.699 39.318
1 11 0 0 0.8023952095808383 0 0 35.794 23.927 39.233
1 12 9 0 0.652694610778443 0 0 36.287 21.413 36.446
1 13 9 0 0.5988023952095809 0 0 33.606 20.699 33.869
1 14 22 0 0.8083832335329342 0 0 31.594 23.907 33.594
1 15 9 0 0.8143712574850299 0 0 32.835 25.275 30.334
1 16 13 0 0.9401197604790419 0 0 35.170 28.061 31.586
1 17 17 0 0.8562874251497006 0 0 36.971 28.098 28.205
1 18 0 0 0.7844311377245509 0 0 33.798 28.352 26.198
1 19 12 0 0.8982035928143712 0 0 32.974 31.659 27.765
1 20 18 0 0.8682634730538922 0 0 36.164 33.358 26.588
1 21 11 0 0.6287425149700598 0 0 35.739 31.845 23.158
1 22 6 0 0.6227544910179641 0 0 32.346 33.508 22.944
1 23 12 0 0.6766467065868262 0 0 33.970 36.784 23.907
1 24 11 0 0.5149700598802396 0 0 36.778 36.561 21.355
1 25 6 0 0.2574850299401197 0 0 35.408 34.831 18.355
1 26 2 0 0.27544910179640725 0 0 31.698 35.251 18.831
1 27 10 0 0.221556886227545 0 0 30.746 31.613 18.663
1 28 15 0 0.3652694610778443 0 0 30.766 28.469 20.566
1 29 22 0 0.21556886227544902 0 0 33.605 26.098 19.847
1 30 3 0 0.14970059880239517 0 0 33.107 22.568 20.965
1 31 7 0 0.08982035928143717 0 0 36.534 20.967 20.859
1 32 20 0 0.19161676646706582 0 0 39.140 21.531 23.519
1 33 3 0 0.17365269461077848 0 0 42.623 22.915 23.529
1 34 16 0 0.3293413173652695 0 0 44.291 23.090 26.924
1 35 18 0 0.4610778443113772 0 0 45.145 26.827 27.214
1 36 11 0 0.2694610778443114 0 0 48.414 26.005 28.950
1 37 7 0 0.13173652694610782 0 0 50.489 28.416 26.893
1 38 3 0 0.28742514970059885 0 0 47.845 30.449 25.259
1 39 17 0 0.44311377245508976 0 0 46.621 33.929 26.017
1 40 20 0 0.5568862275449102 0 0 43.498 35.717 24.878
1 41 1 0 0.5209580838323353 0 0 42.715 39.425 24.832
1 42 13 0 0.39520958083832336 0 0 40.541 42.075 23.208
1 43 6 0 0.20359281437125742 0 0 39.729 45.641 23.738
1 44 22 0 0.26347305389221565 0 0 36.230 46.773 24.650
1 45 22 0 0.11377245508982048 0 0 34.327 49.916 25.357
1 46 11 0 0.20958083832335328 0 0 32.988 49.762 28.865
1 47 3 0 0.059880239520958 0 0 30.806 52.554 30.070
1 48 9 0 0.0 0 0 32.113 54.895 27.431
1 49 7 0 0.03592814371257491 0 0 35.690 54.171 28.361
1 50 18 0 0.04790419161676651 0 0 38.033 52.196 26.118
1 51 5 0 0.16766467065868274 0 0 39.523 49.255 27.941
1 52 12 0 0.3413173652694611 0 0 41.692 46.213 27.160
1 53 12 0 0.6167664670658684 0 0 40.645 42.885 28.770
1 54 3 0 0.6407185628742516 0 0 43.239 40.184 29.095
1 55 11 0 0.844311377245509 0 0 41.865 36.833 29.850
1 56 12 0 0.8502994011976048 0 0 43.503 34.258 32.096
1 57 3 0 0.874251497005988 0 0 42.119 30.756 31.784
1 58 18 0 0.8383233532934131 0 0 42.403 27.921 34.297
1 59 0 0 0.6347305389221557 0 0 42.645 24.270 33.225
1 60 9 0 0.437125748502994 0 0 43.366 21.064 35.069
1 61 6 0 0.38323353293413165 0 0 43.829 20.716 38.810
1 62 7 0 0.37125748502994016 0 0 45.590 23.006 41.178
1 63 7 0 0.053892215568862256 0 0 48.115 20.591 42.535
1 64 20 0 0.0119760479041916 0 0 51.766 20.166 41.735
1 65 17 0 0.041916167664670656 0 0 52.609 23.681 40.678
1 66 0 0 0.029940119760479056 0 0 53.994 26.228 43.136
1 67 14 0 0.06586826347305386 0 0 53.402 29.021 40.609
1 68 1 0 0.3532934131736526 0 0 49.632 28.571 40.438
1 69 3 0 0.33532934131736525 0 0 49.211 31.064 43.263
1 70 6 0 0.19760479041916168 0 0 51.242 33.498 41.290
1 71 20 0 0.5029940119760479 0 0 49.146 33.052 38.218
1 72 14 0 0.6706586826347305 0 0 46.008 33.703 40.240
1 73 1 0 0.4850299401197605 0 0 47.737 36.588 42.017
1 74 18 0 0.49101796407185627 0 0 48.429 38.181 38.671
1 75 9 0 0.7604790419161677 0 0 44.707 38.186 38.029
1 76 7 0 0.718562874251497 0 0 42.753 41.116 39.385
1 77 9 0 0.8922155688622755 0 0 39.274 39.909 38.766
1 78 15 0 0.9640718562874252 0 0 37.594 36.519 38.955
1 79 12 0 0.9940119760479041 0 0 34.789 35.251 36.737
1 80 5 0 0.9880239520958084 0 0 33.606 32.456 38.845
1 81 22 0 0.9760479041916168 0 0 31.856 29.870 36.827
1 82 15 0 0.8862275449101796 0 0 29.730 26.949 37.676
1 83 0 0 0.7544910179640718 0 0 27.209 25.172 35.459
1 84 11 0 0.5329341317365269 0 0 23.670 24.831 36.655
1 85 2 0 0.3173652694610779 0 0 23.444 21.176 35.912
1 86 2 0 0.4131736526946108 0 0 26.405 20.307 38.133
1 87 18 0 0.2934131736526946 0 0 25.641 20.660 41.823
1 88 13 0 0.29940119760479034 0 0 29.033 19.436 42.933
1 89 17 0 0.592814371257485 0 0 30.533 22.327 41.008
1 90 15 0 0.5808383233532934 0 0 28.256 24.556 43.041
1 91 7 0 0.3892215568862275 0 0 29.329 22.981 46.328
1 92 3 0 0.5508982035928144 0 0 32.870 23.720 45.264
1 93 11 0 0.7125748502994012 0 0 32.354 27.489 45.149
1 94 10 0 0.5269461077844311 0 0 33.283 28.343 48.719
1 95 10 0 0.4970059880239521 0 0 36.630 26.593 48.398
1 96 20 0 0.7425149700598803 0 0 37.575 28.413 45.250
1 97 1 0 0.7245508982035929 0 0 36.436 31.644 46.836
1 98 7 0 0.4730538922155688 0 0 38.849 30.846 49.622
1 99 6 0 0.562874251497006 0 0 41.525 30.185 47.054
1 100 11 0 0.7005988023952096 0 0 40.828 33.537 45.536
1 101 13 0 0.47904191616766467 0 0 40.979 35.065 48.993
1 102 1 0 0.24550898203592808 0 0 44.308 33.314 49.904
1 103 22 0 0.35928143712574856 0 0 46.397 34.488 46.960
1 104 13 0 0.4011976047904191 0 0 45.174 38.080 46.799
1 105 3 0 0.10179640718562877 0 0 45.756 38.823 50.515
1 106 17 0 0.15568862275449102 0 0 42.245 40.005 50.962
1 107 7 0 0.17964071856287422 0 0 38.958 38.641 52.150
1 108 3 0 0.4251497005988024 0 0 37.049 40.664 49.518
1 109 22 0 0.6047904191616766 0 0 38.346 40.360 45.968
1 110 16 0 0.7904191616766467 0 0 36.493 41.415 42.813
1 111 14 0 0.9221556886227544 0 0 34.177 38.779 41.446
1 112 22 0 0.9461077844311377 0 0 31.144 37.901 39.412
1 113 12 0 0.9341317365269461 0 0 29.114 34.811 39.779
1 114 22 0 0.9520958083832335 0 0 28.497 33.034 36.542
1 115 9 0 0.8622754491017964 0 0 25.937 30.345 36.322
1 116 2 0 0.8323353293413174 0 0 26.638 28.595 33.045
1 117 13 0 0.5868263473053892 0 0 24.358 26.336 31.027
1 118 5 0 0.5089820359281436 0 0 21.370 28.570 31.891
1 119 3 0 0.22754491017964074 0 0 19.822 27.755 28.584
1 120 12 0 0.09580838323353291 0 0 18.626 24.339 29.932
1 121 16 0 0.017964071856287345 0 0 15.011 23.944 31.006
1 122 17 0 0.0059880239520957446 0 0 15.963 20.854 33.019
1 123 1 0 0.0718562874251496 0 0 18.418 22.063 35.679
1 124 18 0 0.08383233532934131 0 0 19.675 21.024 39.126
1 125 22 0 0.25149700598802394 0 0 21.100 24.196 40.587
1 126 3 0 0.11976047904191622 0 0 18.156 26.430 41.439
1 127 18 0 0.2335329341317366 0 0 18.375 30.052 40.397
1 128 13 0 0.07784431137724557 0 0 16.538 31.032 43.485
1 129 6 0 0.12574850299401197 0 0 19.193 29.342 45.551
1 130 0 0 0.4491017964071856 0 0 21.887 30.958 43.488
1 131 6 0 0.34730538922155685 0 0 20.348 34.388 44.021
1 132 3 0 0.13772455089820357 0 0 20.311 33.699 47.629
1 133 12 0 0.3772455089820359 0 0 23.924 32.522 47.682
1 134 0 0 0.5449101796407185 0 0 24.851 35.471 45.472
1 135 1 0 0.23952095808383234 0 0 23.325 37.892 47.949
1 136 17 0 0.16167664670658677 0 0 25.091 36.070 50.740
1 137 20 0 0.43113772455089827 0 0 28.502 36.893 49.427
1 138 9 0 0.41916167664670656 0 0 27.139 40.064 47.917
1 139 11 0 0.6646706586826348 0 0 28.276 39.384 44.376
1 140 16 0 0.7485029940119761 0 0 26.747 39.777 40.905
1 141 15 0 0.7784431137724551 0 0 24.883 36.755 39.490
1 142 11 0 0.8203592814371258 0 0 25.023 36.275 35.794
1 143 7 0 0.6946107784431137 0 0 22.952 33.563 34.189
1 144 18 0 0.7664670658682635 0 0 24.463 32.581 30.822
1 145 17 0 0.6467065868263473 0 0 25.305 30.028 28.099
1 146 0 0 0.658682634730539 0 0 28.193 30.310 25.617
1 147 13 0 0.40718562874251496 0 0 26.180 28.576 23.021
1 148 18 0 0.281437125748503 0 0 23.213 30.967 23.204
1 149 1 0 0.45508982035928147 0 0 25.485 33.943 23.576
1 150 6 0 0.46706586826347307 0 0 23.340 36.065 25.963
1 151 9 0 0.6826347305389222 0 0 25.012 37.050 29.192
1 152 22 0 0.8263473053892215 0 0 28.609 36.443 28.265
1 153 3 0 0.7365269461077844 0 0 29.563 40.040 27.529
1 154 3 0 0.7305389221556886 0 0 27.525 41.262 30.450
1 155 0 0 0.9101796407185628 0 0 29.512 39.009 32.766
1 156 15 0 0.9161676646706587 0 0 32.827 40.155 31.556
1 157 20 0 0.7724550898203593 0 0 31.993 43.825 31.776
1 158 18 0 0.7964071856287425 0 0 30.246 43.348 35.069
1 159 12 0 0.8802395209580838 0 0 33.611 42.368 36.324
1 160 22 0 0.688622754491018 0 0 35.221 45.656 35.290
1 161 1 0 0.5389221556886228 0 0 32.360 47.502 36.947
1 162 7 0 0.6107784431137725 0 0 32.865 45.611 40.153
1 163 11 0 0.5688622754491017 0 0 36.648 46.304 40.072
1 164 1 0 0.32335329341317365 0 0 35.807 49.963 39.316
1 165 13 0 0.18562874251497008 0 0 33.594 49.971 42.378
1 166 10 0 0.3053892215568862 0 0 36.041 48.023 44.556
1 167 13 0 0.14371257485029942 0 0 39.365 49.609 43.617
