5.000000000000000000e+00 9.821428358554840088e-02 2.472299957275390625e+01 3.972399902343750000e+01 3.968500137329101562e+01
1.600000000000000000e+01 2.187500000000000000e-01 2.673699951171875000e+01 4.248799896240234375e+01 4.134999847412109375e+01
1.200000000000000000e+01 4.910714328289031982e-01 3.027899932861328125e+01 4.132099914550781250e+01 4.062500000000000000e+01
1.400000000000000000e+01 5.223214030265808105e-01 3.126499938964843750e+01 3.854999923706054688e+01 3.832799911499023438e+01
2.200000000000000000e+01 6.964285969734191895e-01 3.487599945068359375e+01 3.767300033569335938e+01 3.743199920654296875e+01
1.300000000000000000e+01 6.607142686843872070e-01 3.567300033569335938e+01 3.549700164794921875e+01 3.436299896240234375e+01
2.200000000000000000e+01 7.276785969734191895e-01 3.927299880981445312e+01 3.420000076293945312e+01 3.387200164794921875e+01
1.200000000000000000e+01 6.696428656578063965e-01 4.045899963378906250e+01 3.312500000000000000e+01 3.041600036621093750e+01
3.000000000000000000e+00 6.160714030265808105e-01 4.354199981689453125e+01 3.116500091552734375e+01 2.925000000000000000e+01
0.000000000000000000e+00 5.892857313156127930e-01 4.511299896240234375e+01 3.235100173950195312e+01 2.597500038146972656e+01
2.200000000000000000e+01 3.660714328289031982e-01 4.728300094604492188e+01 2.932799911499023438e+01 2.531399917602539062e+01
1.000000000000000000e+00 2.098214328289031982e-01 4.456999969482421875e+01 2.667399978637695312e+01 2.536400032043457031e+01
9.000000000000000000e+00 2.857142984867095947e-01 4.204499816894531250e+01 2.946199989318847656e+01 2.418700027465820312e+01
1.700000000000000000e+01 2.678571343421936035e-01 3.945600128173828125e+01 2.856900024414062500e+01 2.677700042724609375e+01
1.600000000000000000e+01 3.705357015132904053e-01 3.817699813842773438e+01 2.932999992370605469e+01 3.031100082397460938e+01
0.000000000000000000e+00 5.044642686843872070e-01 4.078400039672851562e+01 2.898999977111816406e+01 3.313899993896484375e+01
1.100000000000000000e+01 3.080357015132904053e-01 3.997999954223632812e+01 2.664699935913085938e+01 3.608300018310546875e+01
2.000000000000000000e+00 3.169642984867095947e-01 4.116799926757812500e+01 2.665500068664550781e+01 3.960400009155273438e+01
2.200000000000000000e+01 6.250000000000000000e-01 4.274200057983398438e+01 3.019499969482421875e+01 3.959700012207031250e+01
0.000000000000000000e+00 6.294642686843872070e-01 4.261600112915039062e+01 3.166900062561035156e+01 4.307400131225585938e+01
1.400000000000000000e+01 7.544642686843872070e-01 4.189599990844726562e+01 3.536600112915039062e+01 4.364899826049804688e+01
2.200000000000000000e+01 7.232142686843872070e-01 3.925400161743164062e+01 4.054499816894531250e+01 4.638100051879882812e+01
1.500000000000000000e+01 6.875000000000000000e-01 3.983300018310546875e+01 4.362200164794921875e+01 4.861999893188476562e+01
1.000000000000000000e+00 6.026785969734191895e-01 3.805300140380859375e+01 4.675600051879882812e+01 4.958800125122070312e+01
1.300000000000000000e+01 5.491071343421936035e-01 3.966999816894531250e+01 5.010100173950195312e+01 5.037300109863281250e+01
0.000000000000000000e+00 2.812500000000000000e-01 3.895999908447265625e+01 5.096599960327148438e+01 5.395399856567382812e+01
0.000000000000000000e+00 1.160714253783226013e-01 3.841400146484375000e+01 5.453400039672851562e+01 5.513899993896484375e+01
3.000000000000000000e+00 1.116071417927742004e-01 4.211899948120117188e+01 5.462599945068359375e+01 5.647299957275390625e+01
3.000000000000000000e+00 3.616071343421936035e-01 4.312900161743164062e+01 5.336100006103515625e+01 5.299399948120117188e+01
1.800000000000000000e+01 3.883928656578063965e-01 4.400000000000000000e+01 4.979399871826171875e+01 5.427799987792968750e+01
1.900000000000000000e+01 5.714285969734191895e-01 4.275899887084960938e+01 4.697800064086914062e+01 5.206600189208984375e+01
7.000000000000000000e+00 3.482142984867095947e-01 3.995800018310546875e+01 4.528799819946289062e+01 5.400299835205078125e+01
1.600000000000000000e+01 3.973214328289031982e-01 3.954100036621093750e+01 4.166600036621093750e+01 5.309199905395507812e+01
1.500000000000000000e+01 3.794642984867095947e-01 3.617699813842773438e+01 4.157899856567382812e+01 5.125099945068359375e+01
0.000000000000000000e+00 4.017857015132904053e-01 3.581200027465820312e+01 3.808900070190429688e+01 4.947800064086914062e+01
1.700000000000000000e+01 4.776785671710968018e-01 3.794100189208984375e+01 3.513299942016601562e+01 4.816699981689453125e+01
9.000000000000000000e+00 4.107142984867095947e-01 3.765800094604492188e+01 3.220000076293945312e+01 4.594400024414062500e+01
1.300000000000000000e+01 4.464285671710968018e-01 3.915599822998046875e+01 3.001000022888183594e+01 4.317499923706054688e+01
1.800000000000000000e+01 4.508928656578063965e-01 3.755300140380859375e+01 2.974699974060058594e+01 3.956000137329101562e+01
1.700000000000000000e+01 1.875000000000000000e-01 3.493799972534179688e+01 2.716600036621093750e+01 3.878200149536132812e+01
7.000000000000000000e+00 8.928571641445159912e-02 3.507600021362304688e+01 2.460700035095214844e+01 3.585699844360351562e+01
1.700000000000000000e+01 1.205357164144515991e-01 3.325500106811523438e+01 2.717600059509277344e+01 3.347999954223632812e+01
9.000000000000000000e+00 3.750000000000000000e-01 3.595600128173828125e+01 2.980500030517578125e+01 3.428300094604492188e+01
7.000000000000000000e+00 3.839285671710968018e-01 3.351800155639648438e+01 3.198200035095214844e+01 3.622299957275390625e+01
1.200000000000000000e+01 4.151785671710968018e-01 3.344900131225585938e+01 3.290499877929687500e+01 3.977000045776367188e+01
9.000000000000000000e+00 1.071428582072257996e-01 2.936300086975097656e+01 3.350500106811523438e+01 4.529800033569335938e+01
1.200000000000000000e+01 2.723214328289031982e-01 3.152000045776367188e+01 3.650299835205078125e+01 4.626300048828125000e+01
1.800000000000000000e+01 1.339285671710968018e-01 2.875200080871582031e+01 3.893099975585937500e+01 4.743099975585937500e+01
1.800000000000000000e+01 4.910714179277420044e-02 2.521400070190429688e+01 4.037500000000000000e+01 4.750699996948242188e+01
7.000000000000000000e+00 3.571428731083869934e-02 2.392200088500976562e+01 4.374900054931640625e+01 4.611800003051757812e+01
7.000000000000000000e+00 4.464285913854837418e-03 2.300499916076660156e+01 4.500600051879882812e+01 4.956700134277343750e+01
7.000000000000000000e+00 3.125000000000000000e-02 2.646800041198730469e+01 4.417499923706054688e+01 5.075899887084960938e+01
1.500000000000000000e+01 1.696428507566452026e-01 2.827700042724609375e+01 4.549300003051757812e+01 4.777999877929687500e+01
2.200000000000000000e+01 1.294642835855484009e-01 2.898399925231933594e+01 4.923199844360351562e+01 4.871799850463867188e+01
7.000000000000000000e+00 2.366071492433547974e-01 3.040999984741210938e+01 5.229700088500976562e+01 4.687699890136718750e+01
9.000000000000000000e+00 4.687500000000000000e-01 3.430300140380859375e+01 5.233300018310546875e+01 4.698500061035156250e+01
1.100000000000000000e+01 6.741071343421936035e-01 3.764599990844726562e+01 5.140100097656250000e+01 4.573400115966796875e+01
2.000000000000000000e+01 7.812500000000000000e-01 3.821400070190429688e+01 4.779000091552734375e+01 4.503499984741210938e+01
1.300000000000000000e+01 8.973214030265808105e-01 4.116999816894531250e+01 4.554600143432617188e+01 4.425600051879882812e+01
2.200000000000000000e+01 9.151785969734191895e-01 4.124200057983398438e+01 4.195100021362304688e+01 4.291199874877929688e+01
7.000000000000000000e+00 9.285714030265808105e-01 4.456600189208984375e+01 4.019100189208984375e+01 4.360900115966796875e+01
1.100000000000000000e+01 9.107142686843872070e-01 4.465999984741210938e+01 3.719300079345703125e+01 4.120399856567382812e+01
3.000000000000000000e+00 8.258928656578063965e-01 4.746599960327148438e+01 3.460300064086914062e+01 4.182300186157226562e+01
1.800000000000000000e+01 8.571428656578063965e-01 4.849200057983398438e+01 3.427299880981445312e+01 3.812900161743164062e+01
1.300000000000000000e+01 7.500000000000000000e-01 5.200600051879882812e+01 3.279299926757812500e+01 3.871599960327148438e+01
1.700000000000000000e+01 5.848214030265808105e-01 5.081999969482421875e+01 2.964100074768066406e+01 4.059000015258789062e+01
2.000000000000000000e+01 5.803571343421936035e-01 4.862099838256835938e+01 2.867499923706054688e+01 3.765599822998046875e+01
1.900000000000000000e+01 5.758928656578063965e-01 5.124200057983398438e+01 2.908099937438964844e+01 3.499100112915039062e+01
1.300000000000000000e+01 4.062500000000000000e-01 5.361500167846679688e+01 2.739100074768066406e+01 3.730300140380859375e+01
0.000000000000000000e+00 2.410714328289031982e-01 5.123400115966796875e+01 2.442799949645996094e+01 3.785699844360351562e+01
1.200000000000000000e+01 1.830357164144515991e-01 5.133300018310546875e+01 2.363899993896484375e+01 3.402899932861328125e+01
9.000000000000000000e+00 1.473214328289031982e-01 5.520999908447265625e+01 2.427199935913085938e+01 3.406900024414062500e+01
1.100000000000000000e+01 3.125000000000000000e-01 5.543199920654296875e+01 2.754599952697753906e+01 3.225899887084960938e+01
1.700000000000000000e+01 4.732142984867095947e-01 5.766099929809570312e+01 3.038599967956542969e+01 3.363000106811523438e+01
1.600000000000000000e+01 6.919642686843872070e-01 5.562900161743164062e+01 3.365900039672851562e+01 3.326599884033203125e+01
1.500000000000000000e+01 7.857142686843872070e-01 5.701200103759765625e+01 3.729600143432617188e+01 3.327500152587890625e+01
7.000000000000000000e+00 8.526785969734191895e-01 5.446300125122070312e+01 3.731499862670898438e+01 3.955699920654296875e+01
0.000000000000000000e+00 9.732142686843872070e-01 4.799900054931640625e+01 4.013899993896484375e+01 3.848899841308593750e+01
7.000000000000000000e+00 9.821428656578063965e-01 4.629899978637695312e+01 4.270100021362304688e+01 4.064099884033203125e+01
2.200000000000000000e+01 9.866071343421936035e-01 4.344400024414062500e+01 4.500000000000000000e+01 3.915700149536132812e+01
2.200000000000000000e+01 9.687500000000000000e-01 4.213800048828125000e+01 4.804700088500976562e+01 4.097700119018554688e+01
1.500000000000000000e+01 8.750000000000000000e-01 3.891099929809570312e+01 4.993299865722656250e+01 4.011199951171875000e+01
1.800000000000000000e+01 7.053571343421936035e-01 3.622200012207031250e+01 5.220199966430664062e+01 4.165299987792968750e+01
0.000000000000000000e+00 5.937500000000000000e-01 3.278599929809570312e+01 5.050999832153320312e+01 4.182099914550781250e+01
2.000000000000000000e+00 2.991071343421936035e-01 2.943899917602539062e+01 5.230799865722656250e+01 4.175899887084960938e+01
3.000000000000000000e+00 2.767857015132904053e-01 3.011700057983398438e+01 5.563199996948242188e+01 4.007699966430664062e+01
1.700000000000000000e+01 7.589285820722579956e-02 2.675499916076660156e+01 5.729999923706054688e+01 3.890700149536132812e+01
9.000000000000000000e+00 4.017857089638710022e-02 2.462500000000000000e+01 5.521900177001953125e+01 4.136500167846679688e+01
1.600000000000000000e+01 7.142857462167739868e-02 2.459700012207031250e+01 5.137699890136718750e+01 4.169900131225585938e+01
1.000000000000000000e+00 2.008928507566452026e-01 2.601000022888183594e+01 4.934199905395507812e+01 3.881600189208984375e+01
1.000000000000000000e+00 2.589285671710968018e-01 2.661599922180175781e+01 4.559999847412109375e+01 3.791600036621093750e+01
2.000000000000000000e+01 5.357142686843872070e-01 3.016699981689453125e+01 4.455500030517578125e+01 3.686000061035156250e+01
1.800000000000000000e+01 5.669642686843872070e-01 3.101199913024902344e+01 4.160300064086914062e+01 3.447499847412109375e+01
1.100000000000000000e+01 7.723214030265808105e-01 3.489199829101562500e+01 4.152899932861328125e+01 3.448699951171875000e+01
0.000000000000000000e+00 7.946428656578063965e-01 3.671599960327148438e+01 3.925600051879882812e+01 3.200600051879882812e+01
0.000000000000000000e+00 9.062500000000000000e-01 4.052999877929687500e+01 3.877600097656250000e+01 3.251399993896484375e+01
1.200000000000000000e+01 8.482142686843872070e-01 4.270800018310546875e+01 3.706900024414062500e+01 2.982299995422363281e+01
1.200000000000000000e+01 8.660714030265808105e-01 4.605500030517578125e+01 3.554800033569335938e+01 3.086199951171875000e+01
1.700000000000000000e+01 7.767857313156127930e-01 4.911500167846679688e+01 3.467399978637695312e+01 2.876000022888183594e+01
1.600000000000000000e+01 7.142857313156127930e-01 5.283300018310546875e+01 3.409700012207031250e+01 2.986700057983398438e+01
2.000000000000000000e+01 7.991071343421936035e-01 5.421300125122070312e+01 3.749700164794921875e+01 2.880200004577636719e+01
1.700000000000000000e+01 8.794642686843872070e-01 5.090700149536132812e+01 3.932799911499023438e+01 2.852099990844726562e+01
2.000000000000000000e+01 9.642857313156127930e-01 4.748199844360351562e+01 4.003499984741210938e+01 2.995800018310546875e+01
1.700000000000000000e+01 9.419642686843872070e-01 4.431999969482421875e+01 4.184199905395507812e+01 2.875900077819824219e+01
1.800000000000000000e+01 9.598214030265808105e-01 4.136000061035156250e+01 4.277700042724609375e+01 3.099300003051757812e+01
1.800000000000000000e+01 8.616071343421936035e-01 3.791600036621093750e+01 4.429299926757812500e+01 3.023100090026855469e+01
0.000000000000000000e+00 7.455357313156127930e-01 3.447600173950195312e+01 4.475099945068359375e+01 3.184900093078613281e+01
2.200000000000000000e+01 5.312500000000000000e-01 3.103199958801269531e+01 4.466199874877929688e+01 3.062500000000000000e+01
2.200000000000000000e+01 4.330357015132904053e-01 2.901099967956542969e+01 4.706499862670898438e+01 3.284600067138671875e+01
1.800000000000000000e+01 1.562500000000000000e-01 2.514599990844726562e+01 4.684700012207031250e+01 3.326499938964843750e+01
2.000000000000000000e+00 5.803571268916130066e-02 2.273100090026855469e+01 4.916199874877929688e+01 3.501599884033203125e+01
1.600000000000000000e+01 8.928571827709674835e-03 2.000300025939941406e+01 4.795600128173828125e+01 3.750699996948242188e+01
5.000000000000000000e+00 1.383928507566452026e-01 6.738300323486328125e+01 5.124499893188476562e+01 2.831100082397460938e+01
1.600000000000000000e+01 2.544642984867095947e-01 6.697100067138671875e+01 4.804999923706054688e+01 3.056800079345703125e+01
1.200000000000000000e+01 5.267857313156127930e-01 6.332500076293945312e+01 4.885599899291992188e+01 3.143899917602539062e+01
1.400000000000000000e+01 5.580357313156127930e-01 6.128099822998046875e+01 5.058499908447265625e+01 2.880400085449218750e+01
2.200000000000000000e+01 7.098214030265808105e-01 5.754600143432617188e+01 5.114099884033203125e+01 2.902899932861328125e+01
1.300000000000000000e+01 6.785714030265808105e-01 5.530500030517578125e+01 5.243299865722656250e+01 2.638100051879882812e+01
2.200000000000000000e+01 7.589285969734191895e-01 5.165900039672851562e+01 5.363800048828125000e+01 2.687400054931640625e+01
1.200000000000000000e+01 6.651785969734191895e-01 4.928099822998046875e+01 5.383399963378906250e+01 2.397599983215332031e+01
3.000000000000000000e+00 6.116071343421936035e-01 4.578300094604492188e+01 5.505799865722656250e+01 2.365999984741210938e+01
0.000000000000000000e+00 5.401785969734191895e-01 4.323799896240234375e+01 5.290700149536132812e+01 2.154599952697753906e+01
2.200000000000000000e+01 3.303571343421936035e-01 4.044300079345703125e+01 5.552700042724609375e+01 2.125000000000000000e+01
1.000000000000000000e+00 1.964285671710968018e-01 4.252600097656250000e+01 5.778200149536132812e+01 1.898299980163574219e+01
9.000000000000000000e+00 2.500000000000000000e-01 4.505699920654296875e+01 5.486100006103515625e+01 1.795199966430664062e+01
1.700000000000000000e+01 2.455357164144515991e-01 4.788399887084960938e+01 5.703900146484375000e+01 1.900900077819824219e+01
1.600000000000000000e+01 3.526785671710968018e-01 5.073199844360351562e+01 5.713700103759765625e+01 2.161000061035156250e+01
0.000000000000000000e+00 5.178571343421936035e-01 4.977199935913085938e+01 5.846200180053710938e+01 2.512800025939941406e+01
1.100000000000000000e+01 3.035714328289031982e-01 5.186399841308593750e+01 6.155500030517578125e+01 2.583200073242187500e+01
2.000000000000000000e+00 3.437500000000000000e-01 5.251800155639648438e+01 6.244900131225585938e+01 2.953899955749511719e+01
2.200000000000000000e+01 6.473214030265808105e-01 5.132199859619140625e+01 5.922800064086914062e+01 3.107500076293945312e+01
0.000000000000000000e+00 6.562500000000000000e-01 5.262900161743164062e+01 5.931800079345703125e+01 3.464300155639648438e+01
1.400000000000000000e+01 7.678571343421936035e-01 5.408200073242187500e+01 5.618000030517578125e+01 3.635300064086914062e+01
2.200000000000000000e+01 7.187500000000000000e-01 5.859400177001953125e+01 5.229600143432617188e+01 3.940200042724609375e+01
1.500000000000000000e+01 6.830357313156127930e-01 5.918500137329101562e+01 5.047700119018554688e+01 4.261100006103515625e+01
1.000000000000000000e+00 6.071428656578063965e-01 6.137900161743164062e+01 4.767599868774414062e+01 4.376800155639648438e+01
1.300000000000000000e+01 5.000000000000000000e-01 6.129199981689453125e+01 4.562099838256835938e+01 4.706499862670898438e+01
0.000000000000000000e+00 2.142857164144515991e-01 6.375099945068359375e+01 4.693600082397460938e+01 4.979700088500976562e+01
0.000000000000000000e+00 6.696428358554840088e-02 6.560900115966796875e+01 4.484799957275390625e+01 5.227600097656250000e+01
3.000000000000000000e+00 8.035714179277420044e-02 6.260800170898437500e+01 4.431399917602539062e+01 5.454999923706054688e+01
3.000000000000000000e+00 2.946428656578063965e-01 6.058599853515625000e+01 4.352000045776367188e+01 5.133599853515625000e+01
1.800000000000000000e+01 3.571428656578063965e-01 5.885699844360351562e+01 4.683399963378906250e+01 5.135800170898437500e+01
1.900000000000000000e+01 5.446428656578063965e-01 5.861100006103515625e+01 4.889899826049804688e+01 4.811299896240234375e+01
7.000000000000000000e+00 3.348214328289031982e-01 6.145299911499023438e+01 5.143999862670898438e+01 4.765599822998046875e+01
1.600000000000000000e+01 4.419642984867095947e-01 6.077099990844726562e+01 5.419699859619140625e+01 4.502299880981445312e+01
1.500000000000000000e+01 3.928571343421936035e-01 6.320600128173828125e+01 5.323400115966796875e+01 4.217100143432617188e+01
0.000000000000000000e+00 4.598214328289031982e-01 6.201499938964843750e+01 5.558700180053710938e+01 3.952099990844726562e+01
1.700000000000000000e+01 5.089285969734191895e-01 5.919499969482421875e+01 5.782899856567382812e+01 3.821099853515625000e+01
9.000000000000000000e+00 4.241071343421936035e-01 5.847600173950195312e+01 5.999000167846679688e+01 3.517300033569335938e+01
1.300000000000000000e+01 4.955357015132904053e-01 5.599300003051757812e+01 6.014099884033203125e+01 3.234400177001953125e+01
1.800000000000000000e+01 4.866071343421936035e-01 5.591999816894531250e+01 5.904199981689453125e+01 2.862700080871582031e+01
1.700000000000000000e+01 2.053571492433547974e-01 5.742900085449218750e+01 6.114500045776367188e+01 2.580100059509277344e+01
7.000000000000000000e+00 8.482142537832260132e-02 5.602799987792968750e+01 6.249800109863281250e+01 2.241799926757812500e+01
1.700000000000000000e+01 1.517857164144515991e-01 5.625000000000000000e+01 5.894400024414062500e+01 2.103300094604492188e+01
9.000000000000000000e+00 4.196428656578063965e-01 5.449599838256835938e+01 5.713100051879882812e+01 2.383200073242187500e+01
7.000000000000000000e+00 4.553571343421936035e-01 5.770199966430664062e+01 5.591500091552734375e+01 2.550000000000000000e+01
1.200000000000000000e+01 4.642857015132904053e-01 5.960800170898437500e+01 5.653200149536132812e+01 2.875200080871582031e+01
9.000000000000000000e+00 1.651785671710968018e-01 6.562599945068359375e+01 5.663399887084960938e+01 3.140500068664550781e+01
1.200000000000000000e+01 3.258928656578063965e-01 6.393399810791015625e+01 5.501800155639648438e+01 3.447100067138671875e+01
1.800000000000000000e+01 2.232142835855484009e-01 6.701499938964843750e+01 5.285800170898437500e+01 3.517300033569335938e+01
1.800000000000000000e+01 6.250000000000000000e-02 7.057599639892578125e+01 5.233599853515625000e+01 3.400799942016601562e+01
7.000000000000000000e+00 2.232142910361289978e-02 7.251799774169921875e+01 4.917800140380859375e+01 3.328699874877929688e+01
7.000000000000000000e+00 0.000000000000000000e+00 7.503500366210937500e+01 4.917399978637695312e+01 3.615399932861328125e+01
7.000000000000000000e+00 1.785714365541934967e-02 7.244000244140625000e+01 4.994800186157226562e+01 3.895600128173828125e+01
1.500000000000000000e+01 1.250000000000000000e-01 6.968800354003906250e+01 4.769400024414062500e+01 3.747900009155273438e+01
2.200000000000000000e+01 1.026785746216773987e-01 7.017500305175781250e+01 4.454700088500976562e+01 3.958000183105468750e+01
7.000000000000000000e+00 1.785714328289031982e-01 6.844599914550781250e+01 4.129899978637695312e+01 4.088899993896484375e+01
9.000000000000000000e+00 3.392857015132904053e-01 6.508200073242187500e+01 4.175000000000000000e+01 4.270500183105468750e+01
1.100000000000000000e+01 6.428571343421936035e-01 6.125199890136718750e+01 4.201499938964843750e+01 4.260400009155273438e+01
2.000000000000000000e+01 7.366071343421936035e-01 6.006299972534179688e+01 4.505099868774414062e+01 4.063999938964843750e+01
1.300000000000000000e+01 8.839285969734191895e-01 5.673799896240234375e+01 4.664300155639648438e+01 3.977399826049804688e+01
2.200000000000000000e+01 9.241071343421936035e-01 5.538899993896484375e+01 4.951399993896484375e+01 3.762099838256835938e+01
7.000000000000000000e+00 9.464285969734191895e-01 5.222499847412109375e+01 5.145700073242187500e+01 3.851699829101562500e+01
1.100000000000000000e+01 9.330357313156127930e-01 5.064699935913085938e+01 5.359400177001953125e+01 3.576399993896484375e+01
3.000000000000000000e+00 8.437500000000000000e-01 4.816199874877929688e+01 5.637200164794921875e+01 3.656600189208984375e+01
1.800000000000000000e+01 8.705357313156127930e-01 4.581900024414062500e+01 5.557699966430664062e+01 3.366699981689453125e+01
1.300000000000000000e+01 7.901785969734191895e-01 4.287200164794921875e+01 5.716999816894531250e+01 3.557099914550781250e+01
1.700000000000000000e+01 6.339285969734191895e-01 4.443500137329101562e+01 6.061500167846679688e+01 3.531100082397460938e+01
2.000000000000000000e+01 6.383928656578063965e-01 4.490499877929687500e+01 5.999599838256835938e+01 3.150099945068359375e+01
1.900000000000000000e+01 5.982142686843872070e-01 4.118099975585937500e+01 5.935499954223632812e+01 3.094099998474121094e+01
1.300000000000000000e+01 4.285714328289031982e-01 4.014300155639648438e+01 6.215700149536132812e+01 3.335900115966796875e+01
0.000000000000000000e+00 2.633928656578063965e-01 4.242900085449218750e+01 6.452500152587890625e+01 3.130400085449218750e+01
1.200000000000000000e+01 2.321428507566452026e-01 4.043600082397460938e+01 6.355099868774414062e+01 2.817499923706054688e+01
9.000000000000000000e+00 1.607142835855484009e-01 3.724200057983398438e+01 6.408200073242187500e+01 3.019599914550781250e+01
1.100000000000000000e+01 3.214285671710968018e-01 3.641400146484375000e+01 6.044300079345703125e+01 3.067600059509277344e+01
1.700000000000000000e+01 4.821428656578063965e-01 3.532600021362304688e+01 5.852299880981445312e+01 3.390100097656250000e+01
1.600000000000000000e+01 7.008928656578063965e-01 3.732099914550781250e+01 5.528900146484375000e+01 3.358000183105468750e+01
1.500000000000000000e+01 8.169642686843872070e-01 3.707199859619140625e+01 5.171099853515625000e+01 3.500000000000000000e+01
7.000000000000000000e+00 9.017857313156127930e-01 4.219800186157226562e+01 5.329399871826171875e+01 3.893399810791015625e+01
0.000000000000000000e+00 9.910714030265808105e-01 4.730199813842773438e+01 4.973099899291992188e+01 3.582300186157226562e+01
7.000000000000000000e+00 9.955357313156127930e-01 4.991500091552734375e+01 4.766400146484375000e+01 3.764699935913085938e+01
2.200000000000000000e+01 9.776785969734191895e-01 5.252799987792968750e+01 4.506399917602539062e+01 3.664300155639648438e+01
2.200000000000000000e+01 9.508928656578063965e-01 5.483399963378906250e+01 4.310599899291992188e+01 3.908200073242187500e+01
1.500000000000000000e+01 8.303571343421936035e-01 5.789799880981445312e+01 4.108599853515625000e+01 3.790599822998046875e+01
1.800000000000000000e+01 6.517857313156127930e-01 6.121599960327148438e+01 3.954299926757812500e+01 3.905099868774414062e+01
0.000000000000000000e+00 5.133928656578063965e-01 6.423500061035156250e+01 4.086399841308593750e+01 3.709799957275390625e+01
2.000000000000000000e+00 2.276785671710968018e-01 6.780799865722656250e+01 3.993399810791015625e+01 3.637300109863281250e+01
3.000000000000000000e+00 1.919642835855484009e-01 6.723100280761718750e+01 3.644699859619140625e+01 3.798400115966796875e+01
1.700000000000000000e+01 9.375000000000000000e-02 6.846099853515625000e+01 3.447000122070312500e+01 3.498099899291992188e+01
9.000000000000000000e+00 2.678571455180644989e-02 7.144499969482421875e+01 3.685100173950195312e+01 3.442100143432617188e+01
1.600000000000000000e+01 5.357142910361289978e-02 7.152200317382812500e+01 4.039099884033203125e+01 3.291099929809570312e+01
1.000000000000000000e+00 1.428571492433547974e-01 6.854199981689453125e+01 4.075099945068359375e+01 3.060600090026855469e+01
1.000000000000000000e+00 2.901785671710968018e-01 6.633999633789062500e+01 4.368700027465820312e+01 2.951199913024902344e+01
2.000000000000000000e+01 5.535714030265808105e-01 6.263600158691406250e+01 4.415700149536132812e+01 2.948500061035156250e+01
1.800000000000000000e+01 6.205357313156127930e-01 6.037300109863281250e+01 4.616999816894531250e+01 2.718000030517578125e+01
1.100000000000000000e+01 8.080357313156127930e-01 5.662799835205078125e+01 4.658800125122070312e+01 2.803599929809570312e+01
0.000000000000000000e+00 8.035714030265808105e-01 5.380300140380859375e+01 4.804700088500976562e+01 2.584700012207031250e+01
0.000000000000000000e+00 8.928571343421936035e-01 5.042300033569335938e+01 4.899399948120117188e+01 2.725600051879882812e+01
1.200000000000000000e+01 8.214285969734191895e-01 4.755300140380859375e+01 4.975999832153320312e+01 2.494400024414062500e+01
1.200000000000000000e+01 8.348214030265808105e-01 4.466600036621093750e+01 5.108000183105468750e+01 2.688100051879882812e+01
1.700000000000000000e+01 7.410714030265808105e-01 4.089799880981445312e+01 5.198300170898437500e+01 2.645800018310546875e+01
1.600000000000000000e+01 7.321428656578063965e-01 3.868600082397460938e+01 5.329999923706054688e+01 2.937500000000000000e+01
2.000000000000000000e+01 8.125000000000000000e-01 3.732699966430664062e+01 4.998500061035156250e+01 3.060300064086914062e+01
1.700000000000000000e+01 8.883928656578063965e-01 4.011899948120117188e+01 4.774800109863281250e+01 2.923800086975097656e+01
2.000000000000000000e+01 9.375000000000000000e-01 4.387599945068359375e+01 4.734099960327148438e+01 2.851899909973144531e+01
1.700000000000000000e+01 9.196428656578063965e-01 4.634299850463867188e+01 4.502899932861328125e+01 2.677300071716308594e+01
1.800000000000000000e+01 9.553571343421936035e-01 4.979199981689453125e+01 4.465800094604492188e+01 2.826799964904785156e+01
1.800000000000000000e+01 8.392857313156127930e-01 5.254100036621093750e+01 4.270399856567382812e+01 2.645899963378906250e+01
0.000000000000000000e+00 7.633928656578063965e-01 5.629399871826171875e+01 4.230599975585937500e+01 2.718899917602539062e+01
2.200000000000000000e+01 5.625000000000000000e-01 5.942200088500976562e+01 4.121799850463867188e+01 2.536499977111816406e+01
2.200000000000000000e+01 4.375000000000000000e-01 6.268199920654296875e+01 4.025600051879882812e+01 2.703000068664550781e+01
1.800000000000000000e+01 1.741071492433547974e-01 6.595300292968750000e+01 4.086199951171875000e+01 2.517399978637695312e+01
2.000000000000000000e+00 4.464285820722579956e-02 6.972000122070312500e+01 4.045199966430664062e+01 2.578599929809570312e+01
1.600000000000000000e+01 1.339285727590322495e-02 7.225399780273437500e+01 4.334199905395507812e+01 2.680800056457519531e+01
