5.000000000000000000e+00 9.821428358554840088e-02 2.572900009155273438e+01 3.822399902343750000e+01 4.238100051879882812e+01
1.600000000000000000e+01 2.366071492433547974e-01 2.698200035095214844e+01 4.189099884033203125e+01 4.147399902343750000e+01
1.200000000000000000e+01 5.044642686843872070e-01 3.042499923706054688e+01 4.074399948120117188e+01 4.064699935913085938e+01
1.400000000000000000e+01 5.133928656578063965e-01 3.081999969482421875e+01 3.834799957275390625e+01 3.776100158691406250e+01
2.200000000000000000e+01 6.830357313156127930e-01 3.443099975585937500e+01 3.709500122070312500e+01 3.691799926757812500e+01
1.300000000000000000e+01 6.428571343421936035e-01 3.564099884033203125e+01 3.454399871826171875e+01 3.439500045776367188e+01
2.200000000000000000e+01 7.232142686843872070e-01 3.936700057983398438e+01 3.361700057983398438e+01 3.357300186157226562e+01
1.200000000000000000e+01 6.741071343421936035e-01 4.093999862670898438e+01 3.261700057983398438e+01 3.023100090026855469e+01
3.000000000000000000e+00 6.696428656578063965e-01 4.453200149536132812e+01 3.191799926757812500e+01 2.900600051879882812e+01
0.000000000000000000e+00 5.848214030265808105e-01 4.594599914550781250e+01 3.252199935913085938e+01 2.552400016784667969e+01
2.200000000000000000e+01 4.464285671710968018e-01 4.824300003051757812e+01 2.944300079345703125e+01 2.581599998474121094e+01
1.000000000000000000e+00 2.410714328289031982e-01 4.561199951171875000e+01 2.671699905395507812e+01 2.563800048828125000e+01
9.000000000000000000e+00 2.991071343421936035e-01 4.308499908447265625e+01 2.916900062561035156e+01 2.417499923706054688e+01
1.700000000000000000e+01 2.812500000000000000e-01 4.053300094604492188e+01 2.811199951171875000e+01 2.676399993896484375e+01
1.600000000000000000e+01 4.196428656578063965e-01 3.887900161743164062e+01 2.918300056457519531e+01 2.999600028991699219e+01
0.000000000000000000e+00 4.866071343421936035e-01 4.084099960327148438e+01 2.834900093078613281e+01 3.313299942016601562e+01
1.100000000000000000e+01 2.901785671710968018e-01 3.965900039672851562e+01 2.612199974060058594e+01 3.600299835205078125e+01
2.000000000000000000e+00 3.035714328289031982e-01 4.022999954223632812e+01 2.635799980163574219e+01 3.977299880981445312e+01
2.200000000000000000e+01 5.937500000000000000e-01 4.196900177001953125e+01 2.979599952697753906e+01 3.930799865722656250e+01
0.000000000000000000e+00 6.562500000000000000e-01 4.204100036621093750e+01 3.200600051879882812e+01 4.240100097656250000e+01
1.400000000000000000e+01 7.589285969734191895e-01 4.064899826049804688e+01 3.559500122070312500e+01 4.267499923706054688e+01
2.200000000000000000e+01 7.276785969734191895e-01 3.868600082397460938e+01 4.075899887084960938e+01 4.633599853515625000e+01
1.500000000000000000e+01 6.964285969734191895e-01 3.961999893188476562e+01 4.381900024414062500e+01 4.838600158691406250e+01
1.000000000000000000e+00 6.250000000000000000e-01 3.818799972534179688e+01 4.714699935913085938e+01 4.925600051879882812e+01
1.300000000000000000e+01 5.401785969734191895e-01 3.982600021362304688e+01 5.051800155639648438e+01 5.056999969482421875e+01
0.000000000000000000e+00 2.633928656578063965e-01 3.986000061035156250e+01 5.129499816894531250e+01 5.427099990844726562e+01
0.000000000000000000e+00 1.116071417927742004e-01 4.047200012207031250e+01 5.462799835205078125e+01 5.603099822998046875e+01
3.000000000000000000e+00 1.517857164144515991e-01 4.425500106811523438e+01 5.470000076293945312e+01 5.609700012207031250e+01
3.000000000000000000e+00 4.285714328289031982e-01 4.414899826049804688e+01 5.384799957275390625e+01 5.238299942016601562e+01
1.800000000000000000e+01 5.000000000000000000e-01 4.495399856567382812e+01 5.013000106811523438e+01 5.303699874877929688e+01
1.900000000000000000e+01 6.473214030265808105e-01 4.369200134277343750e+01 4.725400161743164062e+01 5.100500106811523438e+01
7.000000000000000000e+00 4.732142984867095947e-01 4.102600097656250000e+01 4.551100158691406250e+01 5.317200088500976562e+01
1.600000000000000000e+01 4.642857015132904053e-01 3.960100173950195312e+01 4.205500030517578125e+01 5.238399887084960938e+01
1.500000000000000000e+01 4.419642984867095947e-01 3.613999938964843750e+01 4.195199966430664062e+01 5.085100173950195312e+01
0.000000000000000000e+00 4.375000000000000000e-01 3.558700180053710938e+01 3.858499908447265625e+01 4.939199829101562500e+01
1.700000000000000000e+01 5.089285969734191895e-01 3.740000152587890625e+01 3.555400085449218750e+01 4.759299850463867188e+01
9.000000000000000000e+00 4.330357015132904053e-01 3.707699966430664062e+01 3.229999923706054688e+01 4.555599975585937500e+01
1.300000000000000000e+01 4.598214328289031982e-01 3.825000000000000000e+01 3.013800048828125000e+01 4.257600021362304688e+01
1.800000000000000000e+01 4.107142984867095947e-01 3.691500091552734375e+01 2.936300086975097656e+01 3.898600006103515625e+01
1.700000000000000000e+01 1.473214328289031982e-01 3.412900161743164062e+01 2.676499938964843750e+01 3.868399810791015625e+01
7.000000000000000000e+00 5.803571268916130066e-02 3.428599929809570312e+01 2.403300094604492188e+01 3.598799896240234375e+01
1.700000000000000000e+01 8.928571641445159912e-02 3.278900146484375000e+01 2.663899993896484375e+01 3.358499908447265625e+01
9.000000000000000000e+00 3.258928656578063965e-01 3.581100082397460938e+01 2.891500091552734375e+01 3.416099929809570312e+01
7.000000000000000000e+00 3.839285671710968018e-01 3.360400009155273438e+01 3.149099922180175781e+01 3.584899902343750000e+01
1.200000000000000000e+01 3.616071343421936035e-01 3.287900161743164062e+01 3.243199920654296875e+01 3.943600082397460938e+01
9.000000000000000000e+00 1.339285671710968018e-01 2.926600074768066406e+01 3.346699905395507812e+01 4.394900131225585938e+01
1.200000000000000000e+01 2.857142984867095947e-01 3.160899925231933594e+01 3.592100143432617188e+01 4.553799819946289062e+01
1.800000000000000000e+01 1.651785671710968018e-01 2.907600021362304688e+01 3.834799957275390625e+01 4.708200073242187500e+01
1.800000000000000000e+01 3.571428731083869934e-02 2.544599914550781250e+01 3.942200088500976562e+01 4.743999862670898438e+01
7.000000000000000000e+00 2.232142910361289978e-02 2.380999946594238281e+01 4.269400024414062500e+01 4.634199905395507812e+01
7.000000000000000000e+00 0.000000000000000000e+00 2.306100082397460938e+01 4.347299957275390625e+01 4.998199844360351562e+01
7.000000000000000000e+00 3.125000000000000000e-02 2.682500076293945312e+01 4.278900146484375000e+01 5.091099929809570312e+01
1.500000000000000000e+01 1.562500000000000000e-01 2.829299926757812500e+01 4.478699874877929688e+01 4.803499984741210938e+01
2.200000000000000000e+01 1.160714253783226013e-01 2.836000061035156250e+01 4.849300003051757812e+01 4.913899993896484375e+01
7.000000000000000000e+00 1.785714328289031982e-01 3.009000015258789062e+01 5.192499923706054688e+01 4.815200042724609375e+01
9.000000000000000000e+00 3.348214328289031982e-01 3.386999893188476562e+01 5.268500137329101562e+01 4.814500045776367188e+01
1.100000000000000000e+01 6.383928656578063965e-01 3.703099822998046875e+01 5.163700103759765625e+01 4.608900070190429688e+01
2.000000000000000000e+01 7.455357313156127930e-01 3.751599884033203125e+01 4.787699890136718750e+01 4.531800079345703125e+01
1.300000000000000000e+01 8.928571343421936035e-01 3.999000167846679688e+01 4.569300079345703125e+01 4.337400054931640625e+01
2.200000000000000000e+01 9.017857313156127930e-01 3.992499923706054688e+01 4.211700057983398438e+01 4.221900177001953125e+01
7.000000000000000000e+00 9.375000000000000000e-01 4.344599914550781250e+01 4.049300003051757812e+01 4.198099899291992188e+01
1.100000000000000000e+01 9.285714030265808105e-01 4.401100158691406250e+01 3.714599990844726562e+01 4.005300140380859375e+01
3.000000000000000000e+00 8.348214030265808105e-01 4.677000045776367188e+01 3.471900177001953125e+01 4.150099945068359375e+01
1.800000000000000000e+01 8.571428656578063965e-01 4.858000183105468750e+01 3.408200073242187500e+01 3.815800094604492188e+01
1.300000000000000000e+01 7.767857313156127930e-01 5.181499862670898438e+01 3.345100021362304688e+01 3.986700057983398438e+01
1.700000000000000000e+01 6.294642686843872070e-01 5.035200119018554688e+01 3.020100021362304688e+01 4.129899978637695312e+01
2.000000000000000000e+01 6.339285969734191895e-01 4.879700088500976562e+01 2.932299995422363281e+01 3.796900177001953125e+01
1.900000000000000000e+01 5.758928656578063965e-01 5.199700164794921875e+01 2.918099975585937500e+01 3.581299972534179688e+01
1.300000000000000000e+01 3.973214328289031982e-01 5.384199905395507812e+01 2.732699966430664062e+01 3.852600097656250000e+01
0.000000000000000000e+00 2.455357164144515991e-01 5.119400024414062500e+01 2.459799957275390625e+01 3.828599929809570312e+01
1.200000000000000000e+01 2.142857164144515991e-01 5.190499877929687500e+01 2.420299911499023438e+01 3.455099868774414062e+01
9.000000000000000000e+00 1.696428507566452026e-01 5.573199844360351562e+01 2.465399932861328125e+01 3.503799819946289062e+01
1.100000000000000000e+01 3.303571343421936035e-01 5.638000106811523438e+01 2.786700057983398438e+01 3.321799850463867188e+01
1.700000000000000000e+01 4.687500000000000000e-01 5.826599884033203125e+01 3.063800048828125000e+01 3.517300033569335938e+01
1.600000000000000000e+01 7.008928656578063965e-01 5.585699844360351562e+01 3.364799880981445312e+01 3.595800018310546875e+01
1.500000000000000000e+01 8.169642686843872070e-01 5.671799850463867188e+01 3.727099990844726562e+01 3.486700057983398438e+01
7.000000000000000000e+00 9.196428656578063965e-01 5.321099853515625000e+01 3.882899856567382812e+01 4.025600051879882812e+01
0.000000000000000000e+00 9.910714030265808105e-01 4.684999847412109375e+01 4.066500091552734375e+01 3.762900161743164062e+01
7.000000000000000000e+00 9.955357313156127930e-01 4.467900085449218750e+01 4.344200134277343750e+01 3.926699829101562500e+01
2.200000000000000000e+01 9.732142686843872070e-01 4.148199844360351562e+01 4.533700180053710938e+01 3.834700012207031250e+01
2.200000000000000000e+01 9.330357313156127930e-01 4.100600051879882812e+01 4.849200057983398438e+01 4.050500106811523438e+01
1.500000000000000000e+01 8.303571343421936035e-01 3.768500137329101562e+01 5.050699996948242188e+01 4.042699813842773438e+01
1.800000000000000000e+01 6.517857313156127930e-01 3.523799896240234375e+01 5.265599822998046875e+01 4.230099868774414062e+01
0.000000000000000000e+00 5.267857313156127930e-01 3.204700088500976562e+01 5.050000000000000000e+01 4.300099945068359375e+01
2.000000000000000000e+00 2.321428507566452026e-01 2.846400070190429688e+01 5.192100143432617188e+01 4.307099914550781250e+01
3.000000000000000000e+00 2.187500000000000000e-01 2.954000091552734375e+01 5.545600128173828125e+01 4.200699996948242188e+01
1.700000000000000000e+01 7.142857462167739868e-02 2.631699943542480469e+01 5.623300170898437500e+01 4.017599868774414062e+01
9.000000000000000000e+00 1.785714365541934967e-02 2.344099998474121094e+01 5.465299987792968750e+01 4.190499877929687500e+01
1.600000000000000000e+01 4.464285820722579956e-02 2.389699935913085938e+01 5.087900161743164062e+01 4.239500045776367188e+01
1.000000000000000000e+00 1.830357164144515991e-01 2.604000091552734375e+01 4.903599929809570312e+01 3.979899978637695312e+01
1.000000000000000000e+00 2.946428656578063965e-01 2.714800071716308594e+01 4.557799911499023438e+01 3.885200119018554688e+01
2.000000000000000000e+01 5.535714030265808105e-01 3.030599975585937500e+01 4.452299880981445312e+01 3.700299835205078125e+01
1.800000000000000000e+01 6.160714030265808105e-01 3.137999916076660156e+01 4.173199844360351562e+01 3.459799957275390625e+01
1.100000000000000000e+01 7.812500000000000000e-01 3.501499938964843750e+01 4.097999954223632812e+01 3.421599960327148438e+01
0.000000000000000000e+00 7.946428656578063965e-01 3.676699829101562500e+01 3.892800140380859375e+01 3.159700012207031250e+01
0.000000000000000000e+00 8.883928656578063965e-01 4.053099822998046875e+01 3.839300155639648438e+01 3.184700012207031250e+01
1.200000000000000000e+01 8.482142686843872070e-01 4.299300003051757812e+01 3.690900039672851562e+01 2.939399909973144531e+01
1.200000000000000000e+01 8.616071343421936035e-01 4.631200027465820312e+01 3.543299865722656250e+01 3.078300094604492188e+01
1.700000000000000000e+01 7.901785969734191895e-01 4.969300079345703125e+01 3.446799850463867188e+01 2.914500045776367188e+01
1.600000000000000000e+01 7.366071343421936035e-01 5.331600189208984375e+01 3.400400161743164062e+01 3.053000068664550781e+01
2.000000000000000000e+01 8.214285969734191895e-01 5.447299957275390625e+01 3.757099914550781250e+01 2.989800071716308594e+01
1.700000000000000000e+01 9.241071343421936035e-01 5.109799957275390625e+01 3.937300109863281250e+01 2.957600021362304688e+01
2.000000000000000000e+01 9.687500000000000000e-01 4.753900146484375000e+01 4.002799987792968750e+01 3.076300048828125000e+01
1.700000000000000000e+01 9.419642686843872070e-01 4.445600128173828125e+01 4.163800048828125000e+01 2.931599998474121094e+01
1.800000000000000000e+01 9.508928656578063965e-01 4.141600036621093750e+01 4.262200164794921875e+01 3.136499977111816406e+01
1.800000000000000000e+01 8.660714030265808105e-01 3.805599975585937500e+01 4.420800018310546875e+01 3.041099929809570312e+01
0.000000000000000000e+00 7.857142686843872070e-01 3.487099838256835938e+01 4.511899948120117188e+01 3.216500091552734375e+01
2.200000000000000000e+01 5.714285969734191895e-01 3.132900047302246094e+01 4.560699844360351562e+01 3.101899909973144531e+01
2.200000000000000000e+01 4.776785671710968018e-01 2.944700050354003906e+01 4.760200119018554688e+01 3.364500045776367188e+01
1.800000000000000000e+01 1.875000000000000000e-01 2.564299964904785156e+01 4.760900115966796875e+01 3.405300140380859375e+01
2.000000000000000000e+00 5.357142910361289978e-02 2.277499961853027344e+01 4.827199935913085938e+01 3.645199966430664062e+01
1.600000000000000000e+01 1.339285727590322495e-02 2.092099952697753906e+01 4.576300048828125000e+01 3.861800003051757812e+01
5.000000000000000000e+00 8.482142537832260132e-02 6.838999938964843750e+01 4.869800186157226562e+01 2.633699989318847656e+01
1.600000000000000000e+01 2.053571492433547974e-01 6.741799926757812500e+01 4.675899887084960938e+01 2.957200050354003906e+01
1.200000000000000000e+01 4.910714328289031982e-01 6.390399932861328125e+01 4.815200042724609375e+01 3.042200088500976562e+01
1.400000000000000000e+01 5.223214030265808105e-01 6.177999877929687500e+01 5.023099899291992188e+01 2.801799964904785156e+01
2.200000000000000000e+01 6.919642686843872070e-01 5.801800155639648438e+01 5.116299819946289062e+01 2.867600059509277344e+01
1.300000000000000000e+01 6.607142686843872070e-01 5.577500152587890625e+01 5.226900100708007812e+01 2.587199974060058594e+01
2.200000000000000000e+01 7.500000000000000000e-01 5.224499893188476562e+01 5.337900161743164062e+01 2.665500068664550781e+01
1.200000000000000000e+01 6.651785969734191895e-01 4.965499877929687500e+01 5.374000167846679688e+01 2.393600082397460938e+01
3.000000000000000000e+00 6.205357313156127930e-01 4.604100036621093750e+01 5.494900131225585938e+01 2.345100021362304688e+01
0.000000000000000000e+00 5.669642686843872070e-01 4.341400146484375000e+01 5.279000091552734375e+01 2.188500022888183594e+01
2.200000000000000000e+01 3.705357015132904053e-01 4.074300003051757812e+01 5.565800094604492188e+01 2.156800079345703125e+01
1.000000000000000000e+00 1.964285671710968018e-01 4.273300170898437500e+01 5.713700103759765625e+01 1.872100067138671875e+01
9.000000000000000000e+00 2.767857015132904053e-01 4.467200088500976562e+01 5.391799926757812500e+01 1.796599960327148438e+01
1.700000000000000000e+01 2.544642984867095947e-01 4.788199996948242188e+01 5.568700027465820312e+01 1.832799911499023438e+01
1.600000000000000000e+01 3.660714328289031982e-01 5.047900009155273438e+01 5.649499893188476562e+01 2.108600044250488281e+01
0.000000000000000000e+00 4.821428656578063965e-01 4.987900161743164062e+01 5.831200027465820312e+01 2.430900001525878906e+01
1.100000000000000000e+01 2.723214328289031982e-01 5.197999954223632812e+01 6.147900009155273438e+01 2.504000091552734375e+01
2.000000000000000000e+00 3.080357015132904053e-01 5.267300033569335938e+01 6.266899871826171875e+01 2.862400054931640625e+01
2.200000000000000000e+01 6.116071343421936035e-01 5.157699966430664062e+01 5.941600036621093750e+01 3.035400009155273438e+01
0.000000000000000000e+00 6.026785969734191895e-01 5.343700027465820312e+01 5.970899963378906250e+01 3.364500045776367188e+01
1.400000000000000000e+01 7.187500000000000000e-01 5.477500152587890625e+01 5.670299911499023438e+01 3.568299865722656250e+01
2.200000000000000000e+01 7.098214030265808105e-01 5.885200119018554688e+01 5.243799972534179688e+01 3.890200042724609375e+01
1.500000000000000000e+01 6.875000000000000000e-01 5.933900070190429688e+01 5.086399841308593750e+01 4.234199905395507812e+01
1.000000000000000000e+00 5.892857313156127930e-01 6.133100128173828125e+01 4.784500122070312500e+01 4.370700073242187500e+01
1.300000000000000000e+01 5.312500000000000000e-01 6.077899932861328125e+01 4.563899993896484375e+01 4.676699829101562500e+01
0.000000000000000000e+00 2.500000000000000000e-01 6.254100036621093750e+01 4.640399932861328125e+01 4.996900177001953125e+01
0.000000000000000000e+00 8.035714179277420044e-02 6.423200225830078125e+01 4.415700149536132812e+01 5.259299850463867188e+01
3.000000000000000000e+00 1.026785746216773987e-01 6.107300186157226562e+01 4.406299972534179688e+01 5.472999954223632812e+01
3.000000000000000000e+00 3.392857015132904053e-01 5.877999877929687500e+01 4.365100097656250000e+01 5.165399932861328125e+01
1.800000000000000000e+01 4.017857015132904053e-01 5.795299911499023438e+01 4.751200103759765625e+01 5.145800018310546875e+01
1.900000000000000000e+01 5.357142686843872070e-01 5.848500061035156250e+01 4.949499893188476562e+01 4.823400115966796875e+01
7.000000000000000000e+00 3.571428656578063965e-01 6.138600158691406250e+01 5.168399810791015625e+01 4.727199935913085938e+01
1.600000000000000000e+01 3.883928656578063965e-01 6.119200134277343750e+01 5.456399917602539062e+01 4.469599914550781250e+01
1.500000000000000000e+01 3.482142984867095947e-01 6.352299880981445312e+01 5.338499832153320312e+01 4.192200088500976562e+01
0.000000000000000000e+00 3.750000000000000000e-01 6.291699981689453125e+01 5.549000167846679688e+01 3.866099929809570312e+01
1.700000000000000000e+01 4.553571343421936035e-01 6.039099884033203125e+01 5.787200164794921875e+01 3.706900024414062500e+01
9.000000000000000000e+00 3.437500000000000000e-01 5.940000152587890625e+01 5.985100173950195312e+01 3.390000152587890625e+01
1.300000000000000000e+01 4.062500000000000000e-01 5.677299880981445312e+01 6.051900100708007812e+01 3.134199905395507812e+01
1.800000000000000000e+01 4.151785671710968018e-01 5.618600082397460938e+01 5.922200012207031250e+01 2.768000030517578125e+01
1.700000000000000000e+01 1.607142835855484009e-01 5.770700073242187500e+01 6.075600051879882812e+01 2.444899940490722656e+01
7.000000000000000000e+00 7.589285820722579956e-02 5.585499954223632812e+01 6.152799987792968750e+01 2.114399909973144531e+01
1.700000000000000000e+01 1.383928507566452026e-01 5.615499877929687500e+01 5.786899948120117188e+01 1.993799972534179688e+01
9.000000000000000000e+00 3.928571343421936035e-01 5.487200164794921875e+01 5.683000183105468750e+01 2.332200050354003906e+01
7.000000000000000000e+00 3.794642984867095947e-01 5.812599945068359375e+01 5.540499877929687500e+01 2.445100021362304688e+01
1.200000000000000000e+01 4.241071343421936035e-01 5.990900039672851562e+01 5.601699829101562500e+01 2.778899955749511719e+01
9.000000000000000000e+00 1.250000000000000000e-01 6.672499847412109375e+01 5.573199844360351562e+01 3.075600051879882812e+01
1.200000000000000000e+01 3.169642984867095947e-01 6.478099822998046875e+01 5.391799926757812500e+01 3.339500045776367188e+01
1.800000000000000000e+01 1.919642835855484009e-01 6.774800109863281250e+01 5.166099929809570312e+01 3.441099929809570312e+01
1.800000000000000000e+01 4.910714179277420044e-02 7.111000061035156250e+01 5.041099929809570312e+01 3.333599853515625000e+01
7.000000000000000000e+00 2.678571455180644989e-02 7.232599639892578125e+01 4.679800033569335938e+01 3.258399963378906250e+01
7.000000000000000000e+00 4.464285913854837418e-03 7.451499938964843750e+01 4.649399948120117188e+01 3.561000061035156250e+01
7.000000000000000000e+00 4.017857089638710022e-02 7.184999847412109375e+01 4.813000106811523438e+01 3.802600097656250000e+01
1.500000000000000000e+01 1.741071492433547974e-01 6.918199920654296875e+01 4.578699874877929688e+01 3.674900054931640625e+01
2.200000000000000000e+01 1.205357164144515991e-01 6.982399749755859375e+01 4.278599929809570312e+01 3.908700180053710938e+01
7.000000000000000000e+00 2.276785671710968018e-01 6.729000091552734375e+01 4.028799819946289062e+01 4.041400146484375000e+01
9.000000000000000000e+00 4.508928656578063965e-01 6.437400054931640625e+01 4.190999984741210938e+01 4.219800186157226562e+01
1.100000000000000000e+01 6.785714030265808105e-01 6.057600021362304688e+01 4.231900024414062500e+01 4.223099899291992188e+01
2.000000000000000000e+01 7.544642686843872070e-01 5.956800079345703125e+01 4.561199951171875000e+01 4.066500091552734375e+01
1.300000000000000000e+01 8.794642686843872070e-01 5.633499908447265625e+01 4.757199859619140625e+01 4.014699935913085938e+01
2.200000000000000000e+01 9.062500000000000000e-01 5.533700180053710938e+01 5.015200042724609375e+01 3.759400177001953125e+01
7.000000000000000000e+00 9.151785969734191895e-01 5.256800079345703125e+01 5.260800170898437500e+01 3.865900039672851562e+01
1.100000000000000000e+01 8.750000000000000000e-01 5.090900039672851562e+01 5.466500091552734375e+01 3.592100143432617188e+01
3.000000000000000000e+00 7.678571343421936035e-01 4.878900146484375000e+01 5.791400146484375000e+01 3.591899871826171875e+01
1.800000000000000000e+01 8.258928656578063965e-01 4.632699966430664062e+01 5.655400085449218750e+01 3.325400161743164062e+01
1.300000000000000000e+01 7.410714030265808105e-01 4.332600021362304688e+01 5.805199813842773438e+01 3.491699981689453125e+01
1.700000000000000000e+01 5.491071343421936035e-01 4.476300048828125000e+01 6.166199874877929688e+01 3.468999862670898438e+01
2.000000000000000000e+01 5.580357313156127930e-01 4.570199966430664062e+01 6.091400146484375000e+01 3.093099975585937500e+01
1.900000000000000000e+01 5.446428656578063965e-01 4.206700134277343750e+01 6.020600128173828125e+01 3.016699981689453125e+01
1.300000000000000000e+01 3.526785671710968018e-01 4.065200042724609375e+01 6.282400131225585938e+01 3.264199829101562500e+01
0.000000000000000000e+00 2.008928507566452026e-01 4.274700164794921875e+01 6.552100372314453125e+01 3.098200035095214844e+01
1.200000000000000000e+01 1.428571492433547974e-01 4.087799835205078125e+01 6.491899871826171875e+01 2.770999908447265625e+01
9.000000000000000000e+00 1.294642835855484009e-01 3.750699996948242188e+01 6.452999877929687500e+01 2.954500007629394531e+01
1.100000000000000000e+01 3.125000000000000000e-01 3.705599975585937500e+01 6.078499984741210938e+01 2.926000022888183594e+01
1.700000000000000000e+01 4.955357015132904053e-01 3.625500106811523438e+01 5.878099822998046875e+01 3.253599929809570312e+01
1.600000000000000000e+01 7.053571343421936035e-01 3.811999893188476562e+01 5.537599945068359375e+01 3.275899887084960938e+01
1.500000000000000000e+01 7.723214030265808105e-01 3.658800125122070312e+01 5.239199829101562500e+01 3.470600128173828125e+01
7.000000000000000000e+00 8.526785969734191895e-01 4.108200073242187500e+01 5.403200149536132812e+01 3.855400085449218750e+01
0.000000000000000000e+00 9.776785969734191895e-01 4.676900100708007812e+01 5.082400131225585938e+01 3.622700119018554688e+01
7.000000000000000000e+00 9.866071343421936035e-01 4.977199935913085938e+01 4.891199874877929688e+01 3.783100128173828125e+01
2.200000000000000000e+01 9.821428656578063965e-01 5.230699920654296875e+01 4.638399887084960938e+01 3.626699829101562500e+01
2.200000000000000000e+01 9.598214030265808105e-01 5.404299926757812500e+01 4.419400024414062500e+01 3.890200042724609375e+01
1.500000000000000000e+01 8.839285969734191895e-01 5.676699829101562500e+01 4.162300109863281250e+01 3.806800079345703125e+01
1.800000000000000000e+01 7.142857313156127930e-01 5.990100097656250000e+01 3.967699813842773438e+01 3.916400146484375000e+01
0.000000000000000000e+00 5.803571343421936035e-01 6.287200164794921875e+01 4.047999954223632812e+01 3.686800003051757812e+01
2.000000000000000000e+00 3.214285671710968018e-01 6.587999725341796875e+01 3.830899810791015625e+01 3.566899871826171875e+01
3.000000000000000000e+00 2.589285671710968018e-01 6.509500122070312500e+01 3.494699859619140625e+01 3.749399948120117188e+01
1.700000000000000000e+01 1.071428582072257996e-01 6.670300292968750000e+01 3.243000030517578125e+01 3.515700149536132812e+01
9.000000000000000000e+00 6.250000000000000000e-02 6.928700256347656250e+01 3.488199996948242188e+01 3.374900054931640625e+01
1.600000000000000000e+01 9.375000000000000000e-02 6.938899993896484375e+01 3.858000183105468750e+01 3.306100082397460938e+01
1.000000000000000000e+00 2.232142835855484009e-01 6.699900054931640625e+01 3.998300170898437500e+01 3.030500030517578125e+01
1.000000000000000000e+00 2.678571343421936035e-01 6.594699859619140625e+01 4.302299880981445312e+01 2.823900032043457031e+01
2.000000000000000000e+01 5.625000000000000000e-01 6.229299926757812500e+01 4.363700103759765625e+01 2.889100074768066406e+01
1.800000000000000000e+01 5.982142686843872070e-01 6.019800186157226562e+01 4.560400009155273438e+01 2.636499977111816406e+01
1.100000000000000000e+01 7.991071343421936035e-01 5.687300109863281250e+01 4.657899856567382812e+01 2.817399978637695312e+01
0.000000000000000000e+00 8.080357313156127930e-01 5.400699996948242188e+01 4.755099868774414062e+01 2.598399925231933594e+01
0.000000000000000000e+00 9.107142686843872070e-01 5.082300186157226562e+01 4.869599914550781250e+01 2.786899948120117188e+01
1.200000000000000000e+01 8.437500000000000000e-01 4.770999908447265625e+01 4.979100036621093750e+01 2.581399917602539062e+01
1.200000000000000000e+01 8.392857313156127930e-01 4.514500045776367188e+01 5.215000152587890625e+01 2.737700080871582031e+01
1.700000000000000000e+01 7.633928656578063965e-01 4.133200073242187500e+01 5.260300064086914062e+01 2.721299934387207031e+01
1.600000000000000000e+01 7.321428656578063965e-01 3.832199859619140625e+01 5.331700134277343750e+01 2.953100013732910156e+01
2.000000000000000000e+01 8.035714030265808105e-01 3.708599853515625000e+01 4.974900054931640625e+01 3.040999984741210938e+01
1.700000000000000000e+01 8.705357313156127930e-01 3.983499908447265625e+01 4.745600128173828125e+01 2.893799972534179688e+01
2.000000000000000000e+01 9.553571343421936035e-01 4.346400070190429688e+01 4.728499984741210938e+01 2.990699958801269531e+01
1.700000000000000000e+01 9.464285969734191895e-01 4.627000045776367188e+01 4.535200119018554688e+01 2.814599990844726562e+01
1.800000000000000000e+01 9.642857313156127930e-01 4.993000030517578125e+01 4.498300170898437500e+01 2.937299919128417969e+01
1.800000000000000000e+01 8.973214030265808105e-01 5.236100006103515625e+01 4.274200057983398438e+01 2.761599922180175781e+01
0.000000000000000000e+00 8.125000000000000000e-01 5.614899826049804688e+01 4.234099960327148438e+01 2.787199974060058594e+01
2.200000000000000000e+01 6.071428656578063965e-01 5.832099914550781250e+01 4.106800079345703125e+01 2.504500007629394531e+01
2.200000000000000000e+01 5.178571343421936035e-01 6.127000045776367188e+01 3.965299987792968750e+01 2.704400062561035156e+01
1.800000000000000000e+01 2.098214328289031982e-01 6.471299743652343750e+01 3.915900039672851562e+01 2.543000030517578125e+01
2.000000000000000000e+00 6.696428358554840088e-02 6.795800018310546875e+01 3.732699966430664062e+01 2.603899955749511719e+01
1.600000000000000000e+01 8.928571827709674835e-03 7.147100067138671875e+01 3.883800125122070312e+01 2.587800025939941406e+01
