5.000000000000000000e+00 9.821428358554840088e-02 2.495800018310546875e+01 3.949300003051757812e+01 4.008800125122070312e+01
1.600000000000000000e+01 2.366071492433547974e-01 2.683600044250488281e+01 4.249900054931640625e+01 4.159999847412109375e+01
1.200000000000000000e+01 5.000000000000000000e-01 3.037899971008300781e+01 4.125600051879882812e+01 4.071500015258789062e+01
1.400000000000000000e+01 5.044642686843872070e-01 3.096100044250488281e+01 3.824200057983398438e+01 3.824700164794921875e+01
2.200000000000000000e+01 6.785714030265808105e-01 3.449300003051757812e+01 3.745800018310546875e+01 3.714500045776367188e+01
1.300000000000000000e+01 6.562500000000000000e-01 3.550799942016601562e+01 3.520399856567382812e+01 3.419800186157226562e+01
2.200000000000000000e+01 7.232142686843872070e-01 3.914599990844726562e+01 3.414199829101562500e+01 3.385100173950195312e+01
1.200000000000000000e+01 6.696428656578063965e-01 4.057600021362304688e+01 3.292399978637695312e+01 3.061899948120117188e+01
3.000000000000000000e+00 6.071428656578063965e-01 4.349000167846679688e+01 3.100399971008300781e+01 2.903100013732910156e+01
0.000000000000000000e+00 6.116071343421936035e-01 4.527600097656250000e+01 3.261100006103515625e+01 2.607099914550781250e+01
2.200000000000000000e+01 3.616071343421936035e-01 4.754000091552734375e+01 2.950499916076660156e+01 2.508300018310546875e+01
1.000000000000000000e+00 2.187500000000000000e-01 4.473300170898437500e+01 2.719799995422363281e+01 2.436000061035156250e+01
9.000000000000000000e+00 2.812500000000000000e-01 4.194800186157226562e+01 2.980100059509277344e+01 2.364599990844726562e+01
1.700000000000000000e+01 2.723214328289031982e-01 3.966500091552734375e+01 2.865900039672851562e+01 2.636300086975097656e+01
1.600000000000000000e+01 4.017857015132904053e-01 3.846200180053710938e+01 2.963800048828125000e+01 2.991099929809570312e+01
0.000000000000000000e+00 5.178571343421936035e-01 4.084199905395507812e+01 2.905299949645996094e+01 3.295100021362304688e+01
1.100000000000000000e+01 3.035714328289031982e-01 3.991400146484375000e+01 2.658200073242187500e+01 3.568199920654296875e+01
2.000000000000000000e+00 3.125000000000000000e-01 4.088499832153320312e+01 2.673100090026855469e+01 3.937300109863281250e+01
2.200000000000000000e+01 6.250000000000000000e-01 4.245899963378906250e+01 3.025399971008300781e+01 3.913700103759765625e+01
0.000000000000000000e+00 6.339285969734191895e-01 4.238700103759765625e+01 3.158799934387207031e+01 4.265499877929687500e+01
1.400000000000000000e+01 7.544642686843872070e-01 4.198099899291992188e+01 3.521200180053710938e+01 4.357699966430664062e+01
2.200000000000000000e+01 7.321428656578063965e-01 3.920700073242187500e+01 4.075199890136718750e+01 4.635800170898437500e+01
1.500000000000000000e+01 6.875000000000000000e-01 4.000699996948242188e+01 4.377199935913085938e+01 4.870899963378906250e+01
1.000000000000000000e+00 6.026785969734191895e-01 3.812699890136718750e+01 4.685400009155273438e+01 4.960400009155273438e+01
1.300000000000000000e+01 5.758928656578063965e-01 3.967300033569335938e+01 5.035300064086914062e+01 5.013999938964843750e+01
0.000000000000000000e+00 2.857142984867095947e-01 3.901200103759765625e+01 5.159199905395507812e+01 5.367599868774414062e+01
0.000000000000000000e+00 1.383928507566452026e-01 3.855099868774414062e+01 5.535400009155273438e+01 5.437300109863281250e+01
3.000000000000000000e+00 1.517857164144515991e-01 4.224399948120117188e+01 5.599399948120117188e+01 5.518799972534179688e+01
3.000000000000000000e+00 4.508928656578063965e-01 4.347800064086914062e+01 5.399399948120117188e+01 5.209099960327148438e+01
1.800000000000000000e+01 4.196428656578063965e-01 4.409700012207031250e+01 5.063700103759765625e+01 5.390200042724609375e+01
1.900000000000000000e+01 5.892857313156127930e-01 4.296200180053710938e+01 4.752999877929687500e+01 5.190100097656250000e+01
7.000000000000000000e+00 3.973214328289031982e-01 4.030699920654296875e+01 4.543099975585937500e+01 5.376300048828125000e+01
1.600000000000000000e+01 4.241071343421936035e-01 3.946799850463867188e+01 4.171099853515625000e+01 5.288000106811523438e+01
1.500000000000000000e+01 4.151785671710968018e-01 3.622299957275390625e+01 4.136600112915039062e+01 5.098799896240234375e+01
0.000000000000000000e+00 4.553571343421936035e-01 3.612799835205078125e+01 3.791199874877929688e+01 4.918199920654296875e+01
1.700000000000000000e+01 4.955357015132904053e-01 3.821099853515625000e+01 3.500000000000000000e+01 4.797299957275390625e+01
9.000000000000000000e+00 3.883928656578063965e-01 3.797100067138671875e+01 3.177799987792968750e+01 4.597999954223632812e+01
1.300000000000000000e+01 4.375000000000000000e-01 3.900899887084960938e+01 2.975099945068359375e+01 4.285400009155273438e+01
1.800000000000000000e+01 4.285714328289031982e-01 3.736399841308593750e+01 2.956699943542480469e+01 3.932600021362304688e+01
1.700000000000000000e+01 1.696428507566452026e-01 3.471599960327148438e+01 2.698900032043457031e+01 3.869300079345703125e+01
7.000000000000000000e+00 9.375000000000000000e-02 3.492900085449218750e+01 2.468000030517578125e+01 3.559999847412109375e+01
1.700000000000000000e+01 1.116071417927742004e-01 3.305799865722656250e+01 2.715699958801269531e+01 3.335900115966796875e+01
9.000000000000000000e+00 3.571428656578063965e-01 3.577099990844726562e+01 2.979800033569335938e+01 3.431900024414062500e+01
7.000000000000000000e+00 3.750000000000000000e-01 3.349499893188476562e+01 3.195000076293945312e+01 3.649300003051757812e+01
1.200000000000000000e+01 4.330357015132904053e-01 3.375299835205078125e+01 3.279999923706054688e+01 4.014199829101562500e+01
9.000000000000000000e+00 1.428571492433547974e-01 2.942799949645996094e+01 3.454499816894531250e+01 4.514400100708007812e+01
1.200000000000000000e+01 3.392857015132904053e-01 3.200699996948242188e+01 3.732300186157226562e+01 4.531100082397460938e+01
1.800000000000000000e+01 2.142857164144515991e-01 2.935199928283691406e+01 3.947900009155273438e+01 4.698199844360351562e+01
1.800000000000000000e+01 5.803571268916130066e-02 2.560700035095214844e+01 4.045299911499023438e+01 4.742399978637695312e+01
7.000000000000000000e+00 2.232142910361289978e-02 2.383099937438964844e+01 4.374200057983398438e+01 4.657400131225585938e+01
7.000000000000000000e+00 8.928571827709674835e-03 2.323200035095214844e+01 4.396799850463867188e+01 5.040999984741210938e+01
7.000000000000000000e+00 3.571428731083869934e-02 2.694300079345703125e+01 4.375500106811523438e+01 5.118999862670898438e+01
1.500000000000000000e+01 1.562500000000000000e-01 2.849699974060058594e+01 4.556499862670898438e+01 4.811999893188476562e+01
2.200000000000000000e+01 1.339285671710968018e-01 2.905699920654296875e+01 4.920700073242187500e+01 4.925400161743164062e+01
7.000000000000000000e+00 2.455357164144515991e-01 3.073600006103515625e+01 5.215999984741210938e+01 4.733000183105468750e+01
9.000000000000000000e+00 4.866071343421936035e-01 3.454100036621093750e+01 5.206399917602539062e+01 4.699900054931640625e+01
1.100000000000000000e+01 6.964285969734191895e-01 3.775099945068359375e+01 5.137099838256835938e+01 4.511199951171875000e+01
2.000000000000000000e+01 7.857142686843872070e-01 3.804700088500976562e+01 4.752199935913085938e+01 4.490599822998046875e+01
1.300000000000000000e+01 9.062500000000000000e-01 4.115399932861328125e+01 4.542699813842773438e+01 4.405500030517578125e+01
2.200000000000000000e+01 9.196428656578063965e-01 4.112099838256835938e+01 4.197399902343750000e+01 4.265999984741210938e+01
7.000000000000000000e+00 9.285714030265808105e-01 4.439400100708007812e+01 4.002199935913085938e+01 4.305099868774414062e+01
1.100000000000000000e+01 9.151785969734191895e-01 4.482300186157226562e+01 3.694499969482421875e+01 4.074200057983398438e+01
3.000000000000000000e+00 8.125000000000000000e-01 4.730899810791015625e+01 3.402899932861328125e+01 4.148600006103515625e+01
1.800000000000000000e+01 8.392857313156127930e-01 4.870600128173828125e+01 3.393099975585937500e+01 3.793799972534179688e+01
1.300000000000000000e+01 7.276785969734191895e-01 5.220399856567382812e+01 3.250999832153320312e+01 3.847299957275390625e+01
1.700000000000000000e+01 5.714285969734191895e-01 5.088499832153320312e+01 2.928199958801269531e+01 4.015000152587890625e+01
2.000000000000000000e+01 5.580357313156127930e-01 4.875299835205078125e+01 2.834199905395507812e+01 3.711299896240234375e+01
1.900000000000000000e+01 5.357142686843872070e-01 5.180899810791015625e+01 2.853199958801269531e+01 3.472000122070312500e+01
1.300000000000000000e+01 3.169642984867095947e-01 5.407699966430664062e+01 2.670100021362304688e+01 3.729899978637695312e+01
0.000000000000000000e+00 2.098214328289031982e-01 5.140900039672851562e+01 2.389299964904785156e+01 3.715100097656250000e+01
1.200000000000000000e+01 1.785714328289031982e-01 5.172299957275390625e+01 2.384199905395507812e+01 3.322600173950195312e+01
9.000000000000000000e+00 1.160714253783226013e-01 5.562400054931640625e+01 2.387899971008300781e+01 3.356299972534179688e+01
1.100000000000000000e+01 2.991071343421936035e-01 5.608399963378906250e+01 2.749799919128417969e+01 3.222200012207031250e+01
1.700000000000000000e+01 4.419642984867095947e-01 5.823300170898437500e+01 3.023500061035156250e+01 3.386500167846679688e+01
1.600000000000000000e+01 6.830357313156127930e-01 5.591699981689453125e+01 3.336100006103515625e+01 3.336199951171875000e+01
1.500000000000000000e+01 7.901785969734191895e-01 5.691299819946289062e+01 3.716099929809570312e+01 3.333100128173828125e+01
7.000000000000000000e+00 8.616071343421936035e-01 5.459700012207031250e+01 3.762900161743164062e+01 3.954499816894531250e+01
0.000000000000000000e+00 9.776785969734191895e-01 4.819699859619140625e+01 4.038000106811523438e+01 3.830500030517578125e+01
7.000000000000000000e+00 9.866071343421936035e-01 4.613199996948242188e+01 4.294400024414062500e+01 4.033499908447265625e+01
2.200000000000000000e+01 9.910714030265808105e-01 4.326100158691406250e+01 4.497399902343750000e+01 3.888899993896484375e+01
2.200000000000000000e+01 9.642857313156127930e-01 4.190800094604492188e+01 4.806900024414062500e+01 4.072499847412109375e+01
1.500000000000000000e+01 8.794642686843872070e-01 3.847900009155273438e+01 4.969300079345703125e+01 3.993299865722656250e+01
1.800000000000000000e+01 7.053571343421936035e-01 3.592200088500976562e+01 5.220999908447265625e+01 4.130300140380859375e+01
0.000000000000000000e+00 5.937500000000000000e-01 3.271500015258789062e+01 5.018299865722656250e+01 4.205699920654296875e+01
2.000000000000000000e+00 2.946428656578063965e-01 2.914999961853027344e+01 5.153900146484375000e+01 4.245500183105468750e+01
3.000000000000000000e+00 2.901785671710968018e-01 3.003499984741210938e+01 5.497000122070312500e+01 4.088100051879882812e+01
1.700000000000000000e+01 8.928571641445159912e-02 2.673100090026855469e+01 5.677500152587890625e+01 3.979299926757812500e+01
9.000000000000000000e+00 4.910714179277420044e-02 2.499200057983398438e+01 5.463100051879882812e+01 4.244300079345703125e+01
1.600000000000000000e+01 8.035714179277420044e-02 2.492799949645996094e+01 5.095399856567382812e+01 4.267900085449218750e+01
1.000000000000000000e+00 2.053571492433547974e-01 2.617499923706054688e+01 4.895999908447265625e+01 3.960599899291992188e+01
1.000000000000000000e+00 2.544642984867095947e-01 2.629599952697753906e+01 4.537599945068359375e+01 3.834400177001953125e+01
2.000000000000000000e+01 5.223214030265808105e-01 2.970499992370605469e+01 4.443500137329101562e+01 3.694599914550781250e+01
1.800000000000000000e+01 5.535714030265808105e-01 3.077599906921386719e+01 4.145199966430664062e+01 3.490900039672851562e+01
1.100000000000000000e+01 7.678571343421936035e-01 3.452399826049804688e+01 4.129700088500976562e+01 3.444300079345703125e+01
0.000000000000000000e+00 7.946428656578063965e-01 3.666699981689453125e+01 3.904999923706054688e+01 3.208100128173828125e+01
0.000000000000000000e+00 8.973214030265808105e-01 4.055099868774414062e+01 3.863999938964843750e+01 3.242399978637695312e+01
1.200000000000000000e+01 8.526785969734191895e-01 4.281499862670898438e+01 3.703900146484375000e+01 2.977300071716308594e+01
1.200000000000000000e+01 8.571428656578063965e-01 4.602799987792968750e+01 3.541999816894531250e+01 3.106500053405761719e+01
1.700000000000000000e+01 7.812500000000000000e-01 4.921400070190429688e+01 3.457600021362304688e+01 2.894499969482421875e+01
1.600000000000000000e+01 7.142857313156127930e-01 5.271599960327148438e+01 3.382799911499023438e+01 3.020400047302246094e+01
2.000000000000000000e+01 7.991071343421936035e-01 5.418500137329101562e+01 3.726399993896484375e+01 2.895299911499023438e+01
1.700000000000000000e+01 8.883928656578063965e-01 5.109000015258789062e+01 3.946599960327148438e+01 2.866900062561035156e+01
2.000000000000000000e+01 9.687500000000000000e-01 4.773199844360351562e+01 4.014199829101562500e+01 3.055100059509277344e+01
1.700000000000000000e+01 9.508928656578063965e-01 4.446799850463867188e+01 4.171400070190429688e+01 2.923200035095214844e+01
1.800000000000000000e+01 9.419642686843872070e-01 4.114599990844726562e+01 4.235300064086914062e+01 3.078700065612792969e+01
1.800000000000000000e+01 8.303571343421936035e-01 3.773899841308593750e+01 4.394400024414062500e+01 2.979000091552734375e+01
0.000000000000000000e+00 7.589285969734191895e-01 3.462900161743164062e+01 4.485900115966796875e+01 3.164299964904785156e+01
2.200000000000000000e+01 5.401785969734191895e-01 3.080699920654296875e+01 4.523199844360351562e+01 3.102599906921386719e+01
2.200000000000000000e+01 3.660714328289031982e-01 2.846800041198730469e+01 4.723600006103515625e+01 3.336000061035156250e+01
1.800000000000000000e+01 1.205357164144515991e-01 2.462000083923339844e+01 4.698199844360351562e+01 3.391999816894531250e+01
2.000000000000000000e+00 4.017857089638710022e-02 2.236899948120117188e+01 4.946200180053710938e+01 3.535400009155273438e+01
1.600000000000000000e+01 4.464285913854837418e-03 1.943499946594238281e+01 4.871200180053710938e+01 3.786800003051757812e+01
5.000000000000000000e+00 1.294642835855484009e-01 6.769999694824218750e+01 5.099700164794921875e+01 2.819599914550781250e+01
1.600000000000000000e+01 2.589285671710968018e-01 6.728500366210937500e+01 4.775899887084960938e+01 3.045199966430664062e+01
1.200000000000000000e+01 5.133928656578063965e-01 6.375899887084960938e+01 4.881999969482421875e+01 3.139699935913085938e+01
1.400000000000000000e+01 5.446428656578063965e-01 6.155199813842773438e+01 5.094300079345703125e+01 2.894799995422363281e+01
2.200000000000000000e+01 7.098214030265808105e-01 5.777000045776367188e+01 5.138600158691406250e+01 2.925200080871582031e+01
1.300000000000000000e+01 6.741071343421936035e-01 5.561899948120117188e+01 5.257600021362304688e+01 2.635000038146972656e+01
2.200000000000000000e+01 7.366071343421936035e-01 5.188999938964843750e+01 5.344400024414062500e+01 2.644099998474121094e+01
1.200000000000000000e+01 6.607142686843872070e-01 4.939500045776367188e+01 5.368799972534179688e+01 2.361800003051757812e+01
3.000000000000000000e+00 6.160714030265808105e-01 4.578699874877929688e+01 5.492699813842773438e+01 2.351499938964843750e+01
0.000000000000000000e+00 5.803571343421936035e-01 4.323400115966796875e+01 5.263100051879882812e+01 2.181500053405761719e+01
2.200000000000000000e+01 3.526785671710968018e-01 4.059999847412109375e+01 5.550699996948242188e+01 2.143799972534179688e+01
1.000000000000000000e+00 1.964285671710968018e-01 4.264300155639648438e+01 5.775299835205078125e+01 1.910899925231933594e+01
9.000000000000000000e+00 2.633928656578063965e-01 4.499300003051757812e+01 5.495199966430664062e+01 1.800699996948242188e+01
1.700000000000000000e+01 2.410714328289031982e-01 4.796500015258789062e+01 5.723199844360351562e+01 1.886100006103515625e+01
1.600000000000000000e+01 3.437500000000000000e-01 5.067499923706054688e+01 5.723699951171875000e+01 2.162700080871582031e+01
0.000000000000000000e+00 5.267857313156127930e-01 4.940499877929687500e+01 5.845899963378906250e+01 2.503000068664550781e+01
1.100000000000000000e+01 3.080357015132904053e-01 5.175799942016601562e+01 6.145999908447265625e+01 2.576600074768066406e+01
2.000000000000000000e+00 3.348214328289031982e-01 5.267900085449218750e+01 6.245999908447265625e+01 2.938199996948242188e+01
2.200000000000000000e+01 6.517857313156127930e-01 5.131000137329101562e+01 5.924800109863281250e+01 3.122999954223632812e+01
0.000000000000000000e+00 6.383928656578063965e-01 5.301900100708007812e+01 5.964799880981445312e+01 3.452199935913085938e+01
1.400000000000000000e+01 7.500000000000000000e-01 5.447800064086914062e+01 5.643500137329101562e+01 3.621200180053710938e+01
2.200000000000000000e+01 7.187500000000000000e-01 5.875000000000000000e+01 5.215900039672851562e+01 3.936299896240234375e+01
1.500000000000000000e+01 6.919642686843872070e-01 5.889199829101562500e+01 5.049200057983398438e+01 4.283499908447265625e+01
1.000000000000000000e+00 6.205357313156127930e-01 6.085400009155273438e+01 4.750299835205078125e+01 4.401599884033203125e+01
1.300000000000000000e+01 5.089285969734191895e-01 6.086100006103515625e+01 4.577000045776367188e+01 4.739899826049804688e+01
0.000000000000000000e+00 2.321428507566452026e-01 6.348799896240234375e+01 4.697900009155273438e+01 4.989799880981445312e+01
0.000000000000000000e+00 6.250000000000000000e-02 6.555599975585937500e+01 4.501499938964843750e+01 5.251599884033203125e+01
3.000000000000000000e+00 7.142857462167739868e-02 6.254899978637695312e+01 4.477899932861328125e+01 5.478300094604492188e+01
3.000000000000000000e+00 2.767857015132904053e-01 6.027600097656250000e+01 4.371599960327148438e+01 5.193099975585937500e+01
1.800000000000000000e+01 3.303571343421936035e-01 5.851399993896484375e+01 4.714699935913085938e+01 5.197299957275390625e+01
1.900000000000000000e+01 5.669642686843872070e-01 5.787099838256835938e+01 4.879800033569335938e+01 4.862300109863281250e+01
7.000000000000000000e+00 4.062500000000000000e-01 6.034799957275390625e+01 5.166600036621093750e+01 4.802700042724609375e+01
1.600000000000000000e+01 4.776785671710968018e-01 6.006999969482421875e+01 5.424599838256835938e+01 4.520500183105468750e+01
1.500000000000000000e+01 3.928571343421936035e-01 6.278099822998046875e+01 5.378499984741210938e+01 4.252399826049804688e+01
0.000000000000000000e+00 4.464285671710968018e-01 6.211199951171875000e+01 5.581600189208984375e+01 3.933800125122070312e+01
1.700000000000000000e+01 4.687500000000000000e-01 5.953099822998046875e+01 5.840900039672851562e+01 3.834299850463867188e+01
9.000000000000000000e+00 4.598214328289031982e-01 5.870999908447265625e+01 5.954100036621093750e+01 3.476200103759765625e+01
1.300000000000000000e+01 4.821428656578063965e-01 5.625199890136718750e+01 6.028300094604492188e+01 3.198500061035156250e+01
1.800000000000000000e+01 4.642857015132904053e-01 5.577199935913085938e+01 5.935800170898437500e+01 2.820800018310546875e+01
1.700000000000000000e+01 1.830357164144515991e-01 5.760900115966796875e+01 6.117300033569335938e+01 2.546299934387207031e+01
7.000000000000000000e+00 7.589285820722579956e-02 5.588899993896484375e+01 6.258399963378906250e+01 2.218199920654296875e+01
1.700000000000000000e+01 1.250000000000000000e-01 5.638000106811523438e+01 5.908300018310546875e+01 2.068099975585937500e+01
9.000000000000000000e+00 3.705357015132904053e-01 5.484600067138671875e+01 5.725299835205078125e+01 2.363299942016601562e+01
7.000000000000000000e+00 3.794642984867095947e-01 5.813600158691406250e+01 5.586500167846679688e+01 2.495100021362304688e+01
1.200000000000000000e+01 4.107142984867095947e-01 5.985900115966796875e+01 5.669599914550781250e+01 2.841099929809570312e+01
9.000000000000000000e+00 1.473214328289031982e-01 6.603500366210937500e+01 5.652999877929687500e+01 3.160000038146972656e+01
1.200000000000000000e+01 3.258928656578063965e-01 6.432599639892578125e+01 5.443399810791015625e+01 3.426699829101562500e+01
1.800000000000000000e+01 2.232142835855484009e-01 6.747000122070312500e+01 5.226599884033203125e+01 3.481600189208984375e+01
1.800000000000000000e+01 4.464285820722579956e-02 7.128299713134765625e+01 5.204700088500976562e+01 3.428799819946289062e+01
7.000000000000000000e+00 1.785714365541934967e-02 7.333699798583984375e+01 4.880300140380859375e+01 3.343999862670898438e+01
7.000000000000000000e+00 0.000000000000000000e+00 7.574700164794921875e+01 4.935200119018554688e+01 3.631499862670898438e+01
7.000000000000000000e+00 1.339285727590322495e-02 7.319599914550781250e+01 4.985200119018554688e+01 3.922100067138671875e+01
1.500000000000000000e+01 1.071428582072257996e-01 7.021299743652343750e+01 4.764500045776367188e+01 3.822999954223632812e+01
2.200000000000000000e+01 1.026785746216773987e-01 7.005000305175781250e+01 4.462500000000000000e+01 4.048600006103515625e+01
7.000000000000000000e+00 1.875000000000000000e-01 6.809400177001953125e+01 4.141099929809570312e+01 4.129199981689453125e+01
9.000000000000000000e+00 3.482142984867095947e-01 6.483599853515625000e+01 4.197900009155273438e+01 4.326800155639648438e+01
1.100000000000000000e+01 6.428571343421936035e-01 6.106200027465820312e+01 4.220299911499023438e+01 4.301200103759765625e+01
2.000000000000000000e+01 7.455357313156127930e-01 5.999599838256835938e+01 4.529700088500976562e+01 4.085900115966796875e+01
1.300000000000000000e+01 8.839285969734191895e-01 5.671900177001953125e+01 4.697600173950195312e+01 3.960900115966796875e+01
2.200000000000000000e+01 9.107142686843872070e-01 5.568299865722656250e+01 4.993099975585937500e+01 3.742800140380859375e+01
7.000000000000000000e+00 9.375000000000000000e-01 5.252899932861328125e+01 5.187500000000000000e+01 3.851300048828125000e+01
1.100000000000000000e+01 9.241071343421936035e-01 5.094100189208984375e+01 5.370299911499023438e+01 3.559600067138671875e+01
3.000000000000000000e+00 8.482142686843872070e-01 4.815100097656250000e+01 5.630699920654296875e+01 3.648899841308593750e+01
1.800000000000000000e+01 8.660714030265808105e-01 4.586999893188476562e+01 5.562300109863281250e+01 3.346699905395507812e+01
1.300000000000000000e+01 7.723214030265808105e-01 4.275899887084960938e+01 5.725199890136718750e+01 3.500500106811523438e+01
1.700000000000000000e+01 6.294642686843872070e-01 4.443199920654296875e+01 6.072000122070312500e+01 3.534199905395507812e+01
2.000000000000000000e+01 5.848214030265808105e-01 4.497100067138671875e+01 6.083700180053710938e+01 3.156100082397460938e+01
1.900000000000000000e+01 5.625000000000000000e-01 4.131999969482421875e+01 5.989799880981445312e+01 3.086300086975097656e+01
1.300000000000000000e+01 3.839285671710968018e-01 4.000000000000000000e+01 6.240299987792968750e+01 3.334299850463867188e+01
0.000000000000000000e+00 2.276785671710968018e-01 4.195600128173828125e+01 6.536299896240234375e+01 3.183300018310546875e+01
1.200000000000000000e+01 1.741071492433547974e-01 4.024000167846679688e+01 6.453299713134765625e+01 2.853199958801269531e+01
9.000000000000000000e+00 1.651785671710968018e-01 3.707099914550781250e+01 6.406300354003906250e+01 3.070899963378906250e+01
1.100000000000000000e+01 3.214285671710968018e-01 3.617300033569335938e+01 6.031800079345703125e+01 3.044599914550781250e+01
1.700000000000000000e+01 4.910714328289031982e-01 3.518399810791015625e+01 5.812799835205078125e+01 3.337200164794921875e+01
1.600000000000000000e+01 7.008928656578063965e-01 3.719400024414062500e+01 5.481200027465820312e+01 3.305500030517578125e+01
1.500000000000000000e+01 8.035714030265808105e-01 3.649499893188476562e+01 5.153200149536132812e+01 3.495399856567382812e+01
7.000000000000000000e+00 8.928571343421936035e-01 4.208800125122070312e+01 5.349700164794921875e+01 3.826300048828125000e+01
0.000000000000000000e+00 9.821428656578063965e-01 4.766099929809570312e+01 4.981200027465820312e+01 3.524900054931640625e+01
7.000000000000000000e+00 9.955357313156127930e-01 5.014899826049804688e+01 4.792100143432617188e+01 3.734600067138671875e+01
2.200000000000000000e+01 9.732142686843872070e-01 5.279499816894531250e+01 4.536100006103515625e+01 3.614300155639648438e+01
2.200000000000000000e+01 9.553571343421936035e-01 5.461399841308593750e+01 4.317599868774414062e+01 3.877399826049804688e+01
1.500000000000000000e+01 8.437500000000000000e-01 5.780599975585937500e+01 4.123199844360351562e+01 3.780699920654296875e+01
1.800000000000000000e+01 6.651785969734191895e-01 6.110100173950195312e+01 3.990399932861328125e+01 3.937200164794921875e+01
0.000000000000000000e+00 5.312500000000000000e-01 6.413700103759765625e+01 4.102799987792968750e+01 3.737900161743164062e+01
2.000000000000000000e+00 2.500000000000000000e-01 6.756199645996093750e+01 3.967499923706054688e+01 3.645199966430664062e+01
3.000000000000000000e+00 1.919642835855484009e-01 6.708100128173828125e+01 3.638399887084960938e+01 3.837200164794921875e+01
1.700000000000000000e+01 8.482142537832260132e-02 6.843299865722656250e+01 3.413999938964843750e+01 3.568299865722656250e+01
9.000000000000000000e+00 3.125000000000000000e-02 7.119999694824218750e+01 3.648799896240234375e+01 3.452000045776367188e+01
1.600000000000000000e+01 6.696428358554840088e-02 7.092099761962890625e+01 4.005300140380859375e+01 3.309600067138671875e+01
1.000000000000000000e+00 1.607142835855484009e-01 6.823400115966796875e+01 4.073699951171875000e+01 3.046400070190429688e+01
1.000000000000000000e+00 2.678571343421936035e-01 6.657800292968750000e+01 4.390900039672851562e+01 2.904899978637695312e+01
2.000000000000000000e+01 5.491071343421936035e-01 6.289099884033203125e+01 4.433100128173828125e+01 2.959799957275390625e+01
1.800000000000000000e+01 6.473214030265808105e-01 6.019900131225585938e+01 4.625999832153320312e+01 2.754599952697753906e+01
1.100000000000000000e+01 8.214285969734191895e-01 5.666899871826171875e+01 4.673500061035156250e+01 2.884000015258789062e+01
0.000000000000000000e+00 8.169642686843872070e-01 5.392599868774414062e+01 4.801100158691406250e+01 2.647200012207031250e+01
0.000000000000000000e+00 9.017857313156127930e-01 5.050199890136718750e+01 4.920700073242187500e+01 2.767799949645996094e+01
1.200000000000000000e+01 8.258928656578063965e-01 4.738999938964843750e+01 4.972000122070312500e+01 2.535099983215332031e+01
1.200000000000000000e+01 8.348214030265808105e-01 4.455899810791015625e+01 5.157899856567382812e+01 2.716600036621093750e+01
1.700000000000000000e+01 7.633928656578063965e-01 4.091299819946289062e+01 5.210800170898437500e+01 2.667799949645996094e+01
1.600000000000000000e+01 7.410714030265808105e-01 3.823500061035156250e+01 5.277999877929687500e+01 2.941399955749511719e+01
2.000000000000000000e+01 7.767857313156127930e-01 3.658800125122070312e+01 4.937200164794921875e+01 3.013100051879882812e+01
1.700000000000000000e+01 8.750000000000000000e-01 3.971200180053710938e+01 4.744300079345703125e+01 2.907500076293945312e+01
2.000000000000000000e+01 9.464285969734191895e-01 4.346599960327148438e+01 4.724399948120117188e+01 2.877899932861328125e+01
1.700000000000000000e+01 9.330357313156127930e-01 4.603400039672851562e+01 4.475999832153320312e+01 2.729800033569335938e+01
1.800000000000000000e+01 9.598214030265808105e-01 4.973699951171875000e+01 4.500699996948242188e+01 2.869099998474121094e+01
1.800000000000000000e+01 8.705357313156127930e-01 5.257799911499023438e+01 4.310100173950195312e+01 2.686199951171875000e+01
0.000000000000000000e+00 8.080357313156127930e-01 5.612200164794921875e+01 4.246099853515625000e+01 2.780100059509277344e+01
2.200000000000000000e+01 5.982142686843872070e-01 5.930500030517578125e+01 4.112400054931640625e+01 2.590200042724609375e+01
2.200000000000000000e+01 4.732142984867095947e-01 6.227199935913085938e+01 3.949200057983398438e+01 2.765600013732910156e+01
1.800000000000000000e+01 2.008928507566452026e-01 6.535700225830078125e+01 3.987599945068359375e+01 2.541799926757812500e+01
2.000000000000000000e+00 5.357142910361289978e-02 6.902799987792968750e+01 3.931600189208984375e+01 2.572500038146972656e+01
1.600000000000000000e+01 2.678571455180644989e-02 7.091799926757812500e+01 4.254399871826171875e+01 2.695299911499023438e+01
