1 1 14 0 0.0 0 0 46.151 27.868 55.497
1 2 18 0 0.08383233532934131 0 0 44.763 31.017 53.925
1 3 7 0 0.32335329341317365 0 0 41.471 30.610 52.014
1 4 20 0 0.5748502994011976 0 0 40.779 32.863 49.061
1 5 13 0 0.718562874251497 0 0 37.152 32.732 48.008
1 6 12 0 0.9041916167664671 0 0 37.064 33.473 44.344
1 7 22 0 0.9401197604790419 0 0 33.694 33.740 42.676
1 8 22 0 0.9820359281437125 0 0 33.582 33.423 38.887
1 9 22 0 0.9700598802395209 0 0 30.609 35.371 37.559
1 10 9 0 0.9221556886227544 0 0 29.325 35.742 34.004
1 11 0 0 0.7724550898203593 0 0 26.982 34.809 31.308
1 12 9 0 0.6107784431137725 0 0 26.297 31.390 29.829
1 13 9 0 0.5808383233532934 0 0 28.746 30.412 27.059
1 14 22 0 0.8083832335329342 0 0 31.777 32.523 28.037
1 15 9 0 0.8263473053892215 0 0 33.662 29.418 29.044
1 16 13 0 0.9281437125748503 0 0 33.600 29.849 32.840
1 17 17 0 0.8143712574850299 0 0 33.595 26.149 33.727
1 18 0 0 0.7125748502994012 0 0 36.253 25.363 31.165
1 19 12 0 0.8682634730538922 0 0 38.614 28.165 32.173
1 20 18 0 0.8802395209580838 0 0 38.384 27.032 35.764
1 21 11 0 0.6407185628742516 0 0 39.003 23.484 34.610
1 22 6 0 0.5988023952095809 0 0 42.143 24.446 32.725
1 23 12 0 0.6766467065868262 0 0 43.516 25.651 36.054
1 24 11 0 0.5029940119760479 0 0 42.521 22.501 37.969
1 25 6 0 0.281437125748503 0 0 42.655 19.633 35.505
1 26 2 0 0.2934131736526946 0 0 44.882 21.344 32.904
1 27 10 0 0.10179640718562877 0 0 43.978 18.999 30.060
1 28 15 0 0.0718562874251496 0 0 41.229 18.793 27.470
1 29 22 0 0.10778443113772451 0 0 37.863 17.898 28.927
1 30 3 0 0.03592814371257491 0 0 35.030 17.364 26.514
1 31 7 0 0.06586826347305386 0 0 31.797 18.073 28.379
1 32 20 0 0.25149700598802394 0 0 30.861 19.838 31.651
1 33 3 0 0.15568862275449102 0 0 28.010 18.945 33.986
1 34 16 0 0.22754491017964074 0 0 25.597 21.708 34.934
1 35 18 0 0.43113772455089827 0 0 26.757 23.370 38.148
1 36 11 0 0.21556886227544902 0 0 24.739 22.911 41.328
1 37 7 0 0.37125748502994016 0 0 27.937 23.151 43.283
1 38 3 0 0.44311377245508976 0 0 31.242 21.924 42.128
1 39 17 0 0.40718562874251496 0 0 34.186 21.655 44.379
1 40 20 0 0.5449101796407185 0 0 37.333 23.290 43.019
1 41 1 0 0.4730538922155688 0 0 40.427 23.822 45.077
1 42 13 0 0.4131736526946108 0 0 44.203 24.160 44.478
1 43 6 0 0.19161676646706582 0 0 47.100 25.296 46.672
1 44 22 0 0.24550898203592808 0 0 49.374 27.683 45.047
1 45 22 0 0.13173652694610782 0 0 52.320 29.982 45.720
1 46 11 0 0.29940119760479034 0 0 51.440 33.339 44.246
1 47 3 0 0.08982035928143717 0 0 54.296 35.740 44.501
1 48 9 0 0.0059880239520957446 0 0 56.045 34.163 47.429
1 49 7 0 0.029940119760479056 0 0 52.886 33.485 49.419
1 50 18 0 0.04790419161676651 0 0 51.221 30.111 49.720
1 51 5 0 0.2335329341317366 0 0 47.493 30.485 49.242
1 52 12 0 0.34730538922155685 0 0 44.622 28.067 48.899
1 53 12 0 0.6047904191616766 0 0 42.156 29.074 46.248
1 54 3 0 0.6706586826347305 0 0 38.470 28.129 46.403
1 55 11 0 0.8562874251497006 0 0 36.878 28.734 43.054
1 56 12 0 0.8502994011976048 0 0 33.126 29.051 43.074
1 57 3 0 0.8622754491017964 0 0 31.453 28.463 39.821
1 58 18 0 0.8023952095808383 0 0 28.096 30.184 40.172
1 59 0 0 0.5389221556886228 0 0 24.825 28.214 39.724
1 60 9 0 0.3772455089820359 0 0 21.348 29.215 38.559
1 61 6 0 0.3652694610778443 0 0 20.269 31.922 36.138
1 62 7 0 0.16766467065868274 0 0 17.900 33.868 38.417
1 63 7 0 0.20359281437125742 0 0 18.741 37.379 39.560
1 64 20 0 0.041916167664670656 0 0 16.152 38.226 42.029
1 65 17 0 0.0119760479041916 0 0 15.529 36.219 45.167
1 66 0 0 0.09580838323353291 0 0 18.079 33.761 43.895
1 67 14 0 0.3293413173652695 0 0 21.588 32.370 44.470
1 68 1 0 0.5209580838323353 0 0 23.391 35.416 43.012
1 69 3 0 0.39520958083832336 0 0 23.286 37.650 46.094
1 70 6 0 0.3532934131736526 0 0 24.438 34.758 48.292
1 71 20 0 0.6167664670658684 0 0 27.400 34.179 45.977
1 72 14 0 0.6347305389221557 0 0 28.155 37.857 46.212
1 73 1 0 0.4251497005988024 0 0 28.032 37.662 50.016
1 74 18 0 0.4970059880239521 0 0 30.212 34.560 50.067
1 75 9 0 0.7305389221556886 0 0 32.901 35.908 47.688
1 76 7 0 0.6946107784431137 0 0 36.027 37.765 48.614
1 77 9 0 0.8862275449101796 0 0 36.768 38.510 45.007
1 78 15 0 0.9640718562874252 0 0 34.925 38.360 41.772
1 79 12 0 0.9940119760479041 0 0 36.433 37.000 38.551
1 80 5 0 0.9880239520958084 0 0 34.230 38.466 35.844
1 81 22 0 0.9760479041916168 0 0 34.246 36.568 32.684
1 82 15 0 0.8922155688622755 0 0 33.015 37.692 29.300
1 83 0 0 0.7485029940119761 0 0 33.997 36.694 25.737
1 84 11 0 0.5269461077844311 0 0 35.116 38.951 22.964
1 85 2 0 0.3173652694610779 0 0 32.537 37.590 20.444
1 86 2 0 0.41916167664670656 0 0 29.448 37.812 22.658
1 87 18 0 0.28742514970059885 0 0 27.974 41.241 22.791
1 88 13 0 0.4011976047904191 0 0 25.781 41.012 25.927
1 89 17 0 0.6646706586826348 0 0 28.219 39.110 28.030
1 90 15 0 0.6826347305389222 0 0 30.265 42.250 28.426
1 91 7 0 0.5149700598802396 0 0 27.269 44.323 29.554
1 92 3 0 0.6287425149700598 0 0 26.253 41.765 32.081
1 93 11 0 0.8323353293413174 0 0 29.666 42.410 33.668
1 94 10 0 0.592814371257485 0 0 28.850 46.140 33.697
1 95 10 0 0.5089820359281436 0 0 25.677 45.519 35.607
1 96 20 0 0.7005988023952096 0 0 27.203 42.970 37.884
1 97 1 0 0.7245508982035929 0 0 30.143 45.098 38.953
1 98 7 0 0.46706586826347307 0 0 27.704 47.686 40.151
1 99 6 0 0.4610778443113772 0 0 25.748 45.220 42.258
1 100 11 0 0.5568862275449102 0 0 28.730 43.946 44.246
1 101 13 0 0.35928143712574856 0 0 29.188 47.385 45.715
1 102 1 0 0.16167664670658677 0 0 25.847 47.057 47.399
1 103 22 0 0.2694610778443114 0 0 26.155 43.439 48.408
1 104 13 0 0.31137724550898194 0 0 29.523 43.757 49.967
1 105 3 0 0.053892215568862256 0 0 28.567 47.133 51.418
1 106 17 0 0.14970059880239517 0 0 31.929 48.149 50.132
1 107 7 0 0.18562874251497008 0 0 33.272 49.937 47.156
1 108 3 0 0.3053892215568862 0 0 36.596 48.439 47.820
1 109 22 0 0.5688622754491017 0 0 36.197 44.986 46.364
1 110 16 0 0.7664670658682635 0 0 38.656 42.773 44.517
1 111 14 0 0.9101796407185628 0 0 37.801 42.035 40.958
1 112 22 0 0.9461077844311377 0 0 39.510 41.250 37.711
1 113 12 0 0.9520958083832335 0 0 37.819 41.526 34.408
1 114 22 0 0.9580838323353293 0 0 38.578 38.588 32.182
1 115 9 0 0.874251497005988 0 0 38.136 38.424 28.433
1 116 2 0 0.844311377245509 0 0 38.018 34.788 27.295
1 117 13 0 0.5868263473053892 0 0 38.271 33.353 23.853
1 118 5 0 0.49101796407185627 0 0 40.743 35.889 22.766
1 119 3 0 0.19760479041916168 0 0 42.544 33.822 20.140
1 120 12 0 0.11377245508982048 0 0 39.634 33.776 17.818
1 121 16 0 0.017964071856287345 0 0 40.496 36.395 15.146
1 122 17 0 0.02395209580838331 0 0 37.041 38.097 15.326
1 123 1 0 0.11976047904191622 0 0 35.962 40.435 18.058
1 124 18 0 0.07784431137724557 0 0 32.406 41.686 18.329
1 125 22 0 0.26347305389221565 0 0 33.301 43.465 21.568
1 126 3 0 0.14371257485029942 0 0 35.403 46.639 21.409
1 127 18 0 0.23952095808383234 0 0 38.804 46.076 22.955
1 128 13 0 0.059880239520958 0 0 39.910 49.721 22.964
1 129 6 0 0.12574850299401197 0 0 36.764 50.697 24.853
1 130 0 0 0.45508982035928147 0 0 36.913 47.676 27.207
1 131 6 0 0.38323353293413165 0 0 40.344 48.768 28.204
1 132 3 0 0.13772455089820357 0 0 39.359 52.404 28.625
1 133 12 0 0.33532934131736525 0 0 36.404 51.150 30.604
1 134 0 0 0.5329341317365269 0 0 38.550 49.031 32.845
1 135 1 0 0.27544910179640725 0 0 40.666 51.995 33.912
1 136 17 0 0.17365269461077848 0 0 37.323 53.640 34.629
1 137 20 0 0.47904191616766467 0 0 36.366 50.570 36.719
1 138 9 0 0.437125748502994 0 0 39.757 50.608 38.309
1 139 11 0 0.688622754491018 0 0 40.297 46.933 37.708
1 140 16 0 0.7544910179640718 0 0 42.690 44.796 35.616
1 141 15 0 0.7784431137724551 0 0 41.556 43.709 32.197
1 142 11 0 0.8383233532934131 0 0 43.191 40.303 31.431
1 143 7 0 0.7604790419161677 0 0 42.880 38.364 28.203
1 144 18 0 0.7844311377245509 0 0 42.652 34.571 28.240
1 145 17 0 0.6227544910179641 0 0 41.747 31.791 25.864
1 146 0 0 0.652694610778443 0 0 40.606 28.576 27.398
1 147 13 0 0.3892215568862275 0 0 40.975 26.321 24.290
1 148 18 0 0.221556886227545 0 0 44.561 27.404 23.578
1 149 1 0 0.4491017964071856 0 0 45.358 27.490 27.307
1 150 6 0 0.4850299401197605 0 0 46.644 31.045 27.143
1 151 9 0 0.6467065868263473 0 0 46.735 33.198 30.283
1 152 22 0 0.7964071856287425 0 0 44.530 31.000 32.361
1 153 3 0 0.7065868263473054 0 0 46.892 31.003 35.214
1 154 3 0 0.7365269461077844 0 0 47.403 34.745 34.680
1 155 0 0 0.9161676646706587 0 0 43.688 35.362 34.786
1 156 15 0 0.9341317365269461 0 0 43.227 33.674 38.125
1 157 20 0 0.7904191616766467 0 0 46.367 34.741 39.711
1 158 18 0 0.8203592814371258 0 0 45.827 38.456 39.003
1 159 12 0 0.8982035928143712 0 0 42.781 38.222 41.235
1 160 22 0 0.7425149700598803 0 0 44.849 36.813 44.065
1 161 1 0 0.5508982035928144 0 0 47.128 39.872 43.573
1 162 7 0 0.658682634730539 0 0 44.195 42.237 43.746
1 163 11 0 0.562874251497006 0 0 43.152 40.788 47.094
1 164 1 0 0.3413173652694611 0 0 46.682 41.134 48.454
1 165 13 0 0.2574850299401197 0 0 46.920 44.660 47.074
1 166 10 0 0.17964071856287422 0 0 49.897 44.086 44.830
1 167 13 0 0.20958083832335328 0 0 50.492 45.202 41.300
