5.000000000000000000e+00 7.589285820722579956e-02 2.493099975585937500e+01 3.853300094604492188e+01 4.267599868774414062e+01
1.600000000000000000e+01 2.232142835855484009e-01 2.664500045776367188e+01 4.179299926757812500e+01 4.130099868774414062e+01
1.200000000000000000e+01 5.000000000000000000e-01 3.039500045776367188e+01 4.110400009155273438e+01 4.072499847412109375e+01
1.400000000000000000e+01 5.089285969734191895e-01 3.094000053405761719e+01 3.843299865722656250e+01 3.802899932861328125e+01
2.200000000000000000e+01 6.919642686843872070e-01 3.449100112915039062e+01 3.734099960327148438e+01 3.691299819946289062e+01
1.300000000000000000e+01 6.741071343421936035e-01 3.557799911499023438e+01 3.538800048828125000e+01 3.378200149536132812e+01
2.200000000000000000e+01 7.500000000000000000e-01 3.918999862670898438e+01 3.427399826049804688e+01 3.354499816894531250e+01
1.200000000000000000e+01 6.830357313156127930e-01 4.062099838256835938e+01 3.286299896240234375e+01 3.019099998474121094e+01
3.000000000000000000e+00 6.607142686843872070e-01 4.418399810791015625e+01 3.161300086975097656e+01 2.922999954223632812e+01
0.000000000000000000e+00 5.892857313156127930e-01 4.609600067138671875e+01 3.197800064086914062e+01 2.585499954223632812e+01
2.200000000000000000e+01 3.928571343421936035e-01 4.831700134277343750e+01 2.883300018310546875e+01 2.620100021362304688e+01
1.000000000000000000e+00 2.142857164144515991e-01 4.561800003051757812e+01 2.619599914550781250e+01 2.545999908447265625e+01
9.000000000000000000e+00 2.991071343421936035e-01 4.335499954223632812e+01 2.907500076293945312e+01 2.427400016784667969e+01
1.700000000000000000e+01 2.857142984867095947e-01 4.026699829101562500e+01 2.818799972534179688e+01 2.640900039672851562e+01
1.600000000000000000e+01 4.107142984867095947e-01 3.849700164794921875e+01 2.944300079345703125e+01 2.965399932861328125e+01
0.000000000000000000e+00 5.401785969734191895e-01 4.073199844360351562e+01 2.931200027465820312e+01 3.269900131225585938e+01
1.100000000000000000e+01 3.258928656578063965e-01 3.966400146484375000e+01 2.672599983215332031e+01 3.526599884033203125e+01
2.000000000000000000e+00 3.169642984867095947e-01 4.011899948120117188e+01 2.672299957275390625e+01 3.926900100708007812e+01
2.200000000000000000e+01 6.160714030265808105e-01 4.192900085449218750e+01 3.021199989318847656e+01 3.921200180053710938e+01
0.000000000000000000e+00 6.562500000000000000e-01 4.202700042724609375e+01 3.183900070190429688e+01 4.268899917602539062e+01
1.400000000000000000e+01 7.410714030265808105e-01 4.071699905395507812e+01 3.527899932861328125e+01 4.313700103759765625e+01
2.200000000000000000e+01 7.187500000000000000e-01 3.849900054931640625e+01 4.072200012207031250e+01 4.619800186157226562e+01
1.500000000000000000e+01 7.008928656578063965e-01 3.972600173950195312e+01 4.351399993896484375e+01 4.839300155639648438e+01
1.000000000000000000e+00 6.294642686843872070e-01 3.848899841308593750e+01 4.702399826049804688e+01 4.925899887084960938e+01
1.300000000000000000e+01 5.446428656578063965e-01 4.007799911499023438e+01 5.002600097656250000e+01 5.082300186157226562e+01
0.000000000000000000e+00 2.767857015132904053e-01 4.005599975585937500e+01 5.107799911499023438e+01 5.448300170898437500e+01
0.000000000000000000e+00 1.116071417927742004e-01 3.972900009155273438e+01 5.479899978637695312e+01 5.556499862670898438e+01
3.000000000000000000e+00 1.473214328289031982e-01 4.358599853515625000e+01 5.504800033569335938e+01 5.560800170898437500e+01
3.000000000000000000e+00 4.464285671710968018e-01 4.381800079345703125e+01 5.401100158691406250e+01 5.189300155639648438e+01
1.800000000000000000e+01 5.312500000000000000e-01 4.513499832153320312e+01 5.045299911499023438e+01 5.240399932861328125e+01
1.900000000000000000e+01 6.517857313156127930e-01 4.369900131225585938e+01 4.717499923706054688e+01 5.111100006103515625e+01
7.000000000000000000e+00 4.642857015132904053e-01 4.155199813842773438e+01 4.513299942016601562e+01 5.354100036621093750e+01
1.600000000000000000e+01 4.553571343421936035e-01 3.995199966430664062e+01 4.161199951171875000e+01 5.271400070190429688e+01
1.500000000000000000e+01 3.660714328289031982e-01 3.637300109863281250e+01 4.114099884033203125e+01 5.148600006103515625e+01
0.000000000000000000e+00 4.196428656578063965e-01 3.570199966430664062e+01 3.799900054931640625e+01 4.937900161743164062e+01
1.700000000000000000e+01 4.821428656578063965e-01 3.773500061035156250e+01 3.512599945068359375e+01 4.800899887084960938e+01
9.000000000000000000e+00 4.151785671710968018e-01 3.696799850463867188e+01 3.225400161743164062e+01 4.566099929809570312e+01
1.300000000000000000e+01 4.687500000000000000e-01 3.807099914550781250e+01 3.041799926757812500e+01 4.251800155639648438e+01
1.800000000000000000e+01 4.732142984867095947e-01 3.688700103759765625e+01 3.007099914550781250e+01 3.890100097656250000e+01
1.700000000000000000e+01 1.964285671710968018e-01 3.422499847412109375e+01 2.741399955749511719e+01 3.798799896240234375e+01
7.000000000000000000e+00 7.142857462167739868e-02 3.445800018310546875e+01 2.449900054931640625e+01 3.557699966430664062e+01
1.700000000000000000e+01 1.205357164144515991e-01 3.336899948120117188e+01 2.683799934387207031e+01 3.273099899291992188e+01
9.000000000000000000e+00 3.705357015132904053e-01 3.595800018310546875e+01 2.956800079345703125e+01 3.393600082397460938e+01
7.000000000000000000e+00 4.375000000000000000e-01 3.369900131225585938e+01 3.194000053405761719e+01 3.584600067138671875e+01
1.200000000000000000e+01 3.571428656578063965e-01 3.251200103759765625e+01 3.282799911499023438e+01 3.938800048828125000e+01
9.000000000000000000e+00 1.160714253783226013e-01 2.867799949645996094e+01 3.373300170898437500e+01 4.406600189208984375e+01
1.200000000000000000e+01 2.946428656578063965e-01 3.117600059509277344e+01 3.629800033569335938e+01 4.562200164794921875e+01
1.800000000000000000e+01 1.696428507566452026e-01 2.894400024414062500e+01 3.888700103759765625e+01 4.704000091552734375e+01
1.800000000000000000e+01 5.803571268916130066e-02 2.545800018310546875e+01 4.044200134277343750e+01 4.734500122070312500e+01
7.000000000000000000e+00 1.785714365541934967e-02 2.388500022888183594e+01 4.395199966430664062e+01 4.705699920654296875e+01
7.000000000000000000e+00 0.000000000000000000e+00 2.349699974060058594e+01 4.425299835205078125e+01 5.084799957275390625e+01
7.000000000000000000e+00 3.571428731083869934e-02 2.720100021362304688e+01 4.328099822998046875e+01 5.146099853515625000e+01
1.500000000000000000e+01 1.517857164144515991e-01 2.884099960327148438e+01 4.509199905395507812e+01 4.860300064086914062e+01
2.200000000000000000e+01 9.821428358554840088e-02 2.821199989318847656e+01 4.873899841308593750e+01 4.956200027465820312e+01
7.000000000000000000e+00 1.919642835855484009e-01 3.011199951171875000e+01 5.175500106811523438e+01 4.808499908447265625e+01
9.000000000000000000e+00 3.392857015132904053e-01 3.389599990844726562e+01 5.206299972534179688e+01 4.840999984741210938e+01
1.100000000000000000e+01 6.383928656578063965e-01 3.693399810791015625e+01 5.136899948120117188e+01 4.622399902343750000e+01
2.000000000000000000e+01 7.321428656578063965e-01 3.737200164794921875e+01 4.758000183105468750e+01 4.540999984741210938e+01
1.300000000000000000e+01 8.794642686843872070e-01 3.963600158691406250e+01 4.545299911499023438e+01 4.340900039672851562e+01
2.200000000000000000e+01 9.017857313156127930e-01 3.976300048828125000e+01 4.190299987792968750e+01 4.198400115966796875e+01
7.000000000000000000e+00 9.330357313156127930e-01 4.313100051879882812e+01 4.016600036621093750e+01 4.255599975585937500e+01
1.100000000000000000e+01 9.241071343421936035e-01 4.397100067138671875e+01 3.709500122070312500e+01 4.030400085449218750e+01
3.000000000000000000e+00 8.392857313156127930e-01 4.665499877929687500e+01 3.462699890136718750e+01 4.154999923706054688e+01
1.800000000000000000e+01 8.571428656578063965e-01 4.851800155639648438e+01 3.425400161743164062e+01 3.813600158691406250e+01
1.300000000000000000e+01 7.633928656578063965e-01 5.193500137329101562e+01 3.331499862670898438e+01 3.974000167846679688e+01
1.700000000000000000e+01 6.205357313156127930e-01 5.029299926757812500e+01 3.029000091552734375e+01 4.138999938964843750e+01
2.000000000000000000e+01 6.339285969734191895e-01 4.817699813842773438e+01 2.938400077819824219e+01 3.831100082397460938e+01
1.900000000000000000e+01 6.026785969734191895e-01 5.139300155639648438e+01 2.921100044250488281e+01 3.615499877929687500e+01
1.300000000000000000e+01 4.062500000000000000e-01 5.325299835205078125e+01 2.728400039672851562e+01 3.884700012207031250e+01
0.000000000000000000e+00 2.678571343421936035e-01 5.054000091552734375e+01 2.462800025939941406e+01 3.879600143432617188e+01
1.200000000000000000e+01 2.410714328289031982e-01 5.069400024414062500e+01 2.410400009155273438e+01 3.507600021362304688e+01
9.000000000000000000e+00 1.741071492433547974e-01 5.457199859619140625e+01 2.423299980163574219e+01 3.549000167846679688e+01
1.100000000000000000e+01 3.482142984867095947e-01 5.464400100708007812e+01 2.729999923706054688e+01 3.325799942016601562e+01
1.700000000000000000e+01 4.910714328289031982e-01 5.699700164794921875e+01 3.021400070190429688e+01 3.403799819946289062e+01
1.600000000000000000e+01 7.142857313156127930e-01 5.521599960327148438e+01 3.326800155639648438e+01 3.566299819946289062e+01
1.500000000000000000e+01 7.991071343421936035e-01 5.672000122070312500e+01 3.667800140380859375e+01 3.457099914550781250e+01
7.000000000000000000e+00 8.928571343421936035e-01 5.337599945068359375e+01 3.844499969482421875e+01 4.042599868774414062e+01
0.000000000000000000e+00 9.910714030265808105e-01 4.680599975585937500e+01 4.051599884033203125e+01 3.756200027465820312e+01
7.000000000000000000e+00 9.955357313156127930e-01 4.442900085449218750e+01 4.305400085449218750e+01 3.905599975585937500e+01
2.200000000000000000e+01 9.732142686843872070e-01 4.143600082397460938e+01 4.517200088500976562e+01 3.806299972534179688e+01
2.200000000000000000e+01 9.375000000000000000e-01 4.083399963378906250e+01 4.811399841308593750e+01 4.053400039672851562e+01
1.500000000000000000e+01 8.258928656578063965e-01 3.745299911499023438e+01 5.003799819946289062e+01 4.045999908447265625e+01
1.800000000000000000e+01 6.428571343421936035e-01 3.486399841308593750e+01 5.237699890136718750e+01 4.224499893188476562e+01
0.000000000000000000e+00 4.866071343421936035e-01 3.176799964904785156e+01 5.040999984741210938e+01 4.340700149536132812e+01
2.000000000000000000e+00 2.544642984867095947e-01 2.822800064086914062e+01 5.192399978637695312e+01 4.241099929809570312e+01
3.000000000000000000e+00 2.633928656578063965e-01 2.966699981689453125e+01 5.518099975585937500e+01 4.114199829101562500e+01
1.700000000000000000e+01 1.026785746216773987e-01 2.670299911499023438e+01 5.614199829101562500e+01 3.892900085449218750e+01
9.000000000000000000e+00 2.232142910361289978e-02 2.376199913024902344e+01 5.448199844360351562e+01 4.070999908447265625e+01
1.600000000000000000e+01 4.910714179277420044e-02 2.333300018310546875e+01 5.071300125122070312e+01 4.128400039672851562e+01
1.000000000000000000e+00 1.651785671710968018e-01 2.551799964904785156e+01 4.867399978637695312e+01 3.879100036621093750e+01
1.000000000000000000e+00 2.812500000000000000e-01 2.662999916076660156e+01 4.510200119018554688e+01 3.827299880981445312e+01
2.000000000000000000e+01 5.357142686843872070e-01 2.988699913024902344e+01 4.415700149536132812e+01 3.669400024414062500e+01
1.800000000000000000e+01 5.758928656578063965e-01 3.095499992370605469e+01 4.142599868774414062e+01 3.426300048828125000e+01
1.100000000000000000e+01 7.767857313156127930e-01 3.482400131225585938e+01 4.126499938964843750e+01 3.433200073242187500e+01
0.000000000000000000e+00 8.080357313156127930e-01 3.699000167846679688e+01 3.928799819946289062e+01 3.188199996948242188e+01
0.000000000000000000e+00 9.107142686843872070e-01 4.070899963378906250e+01 3.858399963378906250e+01 3.229499816894531250e+01
1.200000000000000000e+01 8.482142686843872070e-01 4.292599868774414062e+01 3.680599975585937500e+01 2.957999992370605469e+01
1.200000000000000000e+01 8.526785969734191895e-01 4.611700057983398438e+01 3.531499862670898438e+01 3.074399948120117188e+01
1.700000000000000000e+01 7.857142686843872070e-01 4.936199951171875000e+01 3.472700119018554688e+01 2.868099975585937500e+01
1.600000000000000000e+01 7.366071343421936035e-01 5.280400085449218750e+01 3.396799850463867188e+01 3.031599998474121094e+01
2.000000000000000000e+01 8.169642686843872070e-01 5.445500183105468750e+01 3.740100097656250000e+01 2.969899940490722656e+01
1.700000000000000000e+01 9.196428656578063965e-01 5.109299850463867188e+01 3.929899978637695312e+01 2.927499961853027344e+01
2.000000000000000000e+01 9.642857313156127930e-01 4.755300140380859375e+01 3.986100006103515625e+01 3.064800071716308594e+01
1.700000000000000000e+01 9.464285969734191895e-01 4.443600082397460938e+01 4.176599884033203125e+01 2.939100074768066406e+01
1.800000000000000000e+01 9.553571343421936035e-01 4.129899978637695312e+01 4.268700027465820312e+01 3.153700065612792969e+01
1.800000000000000000e+01 8.660714030265808105e-01 3.794100189208984375e+01 4.397499847412109375e+01 3.046800041198730469e+01
0.000000000000000000e+00 7.901785969734191895e-01 3.491600036621093750e+01 4.543500137329101562e+01 3.229199981689453125e+01
2.200000000000000000e+01 5.803571343421936035e-01 3.124300003051757812e+01 4.555699920654296875e+01 3.129999923706054688e+01
2.200000000000000000e+01 4.598214328289031982e-01 2.920000076293945312e+01 4.791099929809570312e+01 3.350899887084960938e+01
1.800000000000000000e+01 1.830357164144515991e-01 2.544400024414062500e+01 4.733900070190429688e+01 3.349200057983398438e+01
2.000000000000000000e+00 5.357142910361289978e-02 2.231399917602539062e+01 4.796699905395507812e+01 3.560200119018554688e+01
1.600000000000000000e+01 1.339285727590322495e-02 2.122100067138671875e+01 4.519499969482421875e+01 3.802000045776367188e+01
5.000000000000000000e+00 1.071428582072257996e-01 6.787400054931640625e+01 4.876200103759765625e+01 2.638100051879882812e+01
1.600000000000000000e+01 2.276785671710968018e-01 6.744100189208984375e+01 4.724599838256835938e+01 2.987700080871582031e+01
1.200000000000000000e+01 5.044642686843872070e-01 6.366799926757812500e+01 4.832699966430664062e+01 3.039500045776367188e+01
1.400000000000000000e+01 5.178571343421936035e-01 6.161999893188476562e+01 4.988899993896484375e+01 2.757799911499023438e+01
2.200000000000000000e+01 6.875000000000000000e-01 5.802199935913085938e+01 5.082699966430664062e+01 2.777899932861328125e+01
1.300000000000000000e+01 6.473214030265808105e-01 5.561999893188476562e+01 5.205699920654296875e+01 2.510300064086914062e+01
2.200000000000000000e+01 7.276785969734191895e-01 5.213199996948242188e+01 5.309999847412109375e+01 2.612199974060058594e+01
1.200000000000000000e+01 6.651785969734191895e-01 4.934099960327148438e+01 5.315399932861328125e+01 2.339699935913085938e+01
3.000000000000000000e+00 6.116071343421936035e-01 4.590700149536132812e+01 5.467900085449218750e+01 2.340999984741210938e+01
0.000000000000000000e+00 5.714285969734191895e-01 4.303400039672851562e+01 5.264500045776367188e+01 2.175000000000000000e+01
2.200000000000000000e+01 3.839285671710968018e-01 4.065499877929687500e+01 5.556499862670898438e+01 2.159000015258789062e+01
1.000000000000000000e+00 2.187500000000000000e-01 4.267200088500976562e+01 5.772800064086914062e+01 1.933300018310546875e+01
9.000000000000000000e+00 2.500000000000000000e-01 4.466799926757812500e+01 5.492900085449218750e+01 1.760700035095214844e+01
1.700000000000000000e+01 2.589285671710968018e-01 4.777799987792968750e+01 5.662599945068359375e+01 1.860000038146972656e+01
1.600000000000000000e+01 3.437500000000000000e-01 5.054000091552734375e+01 5.678699874877929688e+01 2.106999969482421875e+01
0.000000000000000000e+00 5.267857313156127930e-01 4.970100021362304688e+01 5.782600021362304688e+01 2.473999977111816406e+01
1.100000000000000000e+01 3.035714328289031982e-01 5.178099822998046875e+01 6.098699951171875000e+01 2.488100051879882812e+01
2.000000000000000000e+00 3.125000000000000000e-01 5.267499923706054688e+01 6.240000152587890625e+01 2.829000091552734375e+01
2.200000000000000000e+01 6.071428656578063965e-01 5.193000030517578125e+01 5.924000167846679688e+01 3.023900032043457031e+01
0.000000000000000000e+00 6.250000000000000000e-01 5.360400009155273438e+01 5.933200073242187500e+01 3.377700042724609375e+01
1.400000000000000000e+01 7.232142686843872070e-01 5.504600143432617188e+01 5.628599929809570312e+01 3.559199905395507812e+01
2.200000000000000000e+01 7.098214030265808105e-01 5.886600112915039062e+01 5.244599914550781250e+01 3.910300064086914062e+01
1.500000000000000000e+01 6.785714030265808105e-01 5.934199905395507812e+01 5.081600189208984375e+01 4.250899887084960938e+01
1.000000000000000000e+00 5.848214030265808105e-01 6.147000122070312500e+01 4.792399978637695312e+01 4.388700103759765625e+01
1.300000000000000000e+01 5.133928656578063965e-01 6.090100097656250000e+01 4.571200180053710938e+01 4.691299819946289062e+01
0.000000000000000000e+00 2.321428507566452026e-01 6.325600051879882812e+01 4.620899963378906250e+01 4.992300033569335938e+01
0.000000000000000000e+00 9.375000000000000000e-02 6.435900115966796875e+01 4.361800003051757812e+01 5.245899963378906250e+01
3.000000000000000000e+00 8.928571641445159912e-02 6.158700180053710938e+01 4.436399841308593750e+01 5.511999893188476562e+01
3.000000000000000000e+00 3.080357015132904053e-01 5.895399856567382812e+01 4.426100158691406250e+01 5.229600143432617188e+01
1.800000000000000000e+01 3.303571343421936035e-01 5.860400009155273438e+01 4.801300048828125000e+01 5.172100067138671875e+01
1.900000000000000000e+01 5.535714030265808105e-01 5.835400009155273438e+01 4.946699905395507812e+01 4.813100051879882812e+01
7.000000000000000000e+00 3.616071343421936035e-01 6.105099868774414062e+01 5.209099960327148438e+01 4.740200042724609375e+01
1.600000000000000000e+01 4.017857015132904053e-01 6.144400024414062500e+01 5.427799987792968750e+01 4.430799865722656250e+01
1.500000000000000000e+01 3.526785671710968018e-01 6.383599853515625000e+01 5.298899841308593750e+01 4.162500000000000000e+01
0.000000000000000000e+00 3.794642984867095947e-01 6.298799896240234375e+01 5.535599899291992188e+01 3.876300048828125000e+01
1.700000000000000000e+01 4.776785671710968018e-01 6.039099884033203125e+01 5.747299957275390625e+01 3.712799835205078125e+01
9.000000000000000000e+00 4.241071343421936035e-01 5.951300048828125000e+01 5.897299957275390625e+01 3.367900085449218750e+01
1.300000000000000000e+01 4.419642984867095947e-01 5.700999832153320312e+01 6.002799987792968750e+01 3.099699974060058594e+01
1.800000000000000000e+01 4.330357015132904053e-01 5.621300125122070312e+01 5.888899993896484375e+01 2.740299987792968750e+01
1.700000000000000000e+01 1.607142835855484009e-01 5.749100112915039062e+01 6.054399871826171875e+01 2.424799919128417969e+01
7.000000000000000000e+00 8.035714179277420044e-02 5.554100036621093750e+01 6.152799987792968750e+01 2.098500061035156250e+01
1.700000000000000000e+01 1.383928507566452026e-01 5.587699890136718750e+01 5.786199951171875000e+01 1.970000076293945312e+01
9.000000000000000000e+00 3.883928656578063965e-01 5.457899856567382812e+01 5.666099929809570312e+01 2.312899971008300781e+01
7.000000000000000000e+00 3.348214328289031982e-01 5.809099960327148438e+01 5.548500061035156250e+01 2.392600059509277344e+01
1.200000000000000000e+01 3.973214328289031982e-01 5.995800018310546875e+01 5.573600006103515625e+01 2.719199943542480469e+01
9.000000000000000000e+00 1.250000000000000000e-01 6.617199707031250000e+01 5.621400070190429688e+01 3.014900016784667969e+01
1.200000000000000000e+01 2.723214328289031982e-01 6.507599639892578125e+01 5.486299896240234375e+01 3.341199874877929688e+01
1.800000000000000000e+01 1.428571492433547974e-01 6.810800170898437500e+01 5.276800155639648438e+01 3.435499954223632812e+01
1.800000000000000000e+01 4.464285820722579956e-02 7.131800079345703125e+01 5.099300003051757812e+01 3.313499832153320312e+01
7.000000000000000000e+00 2.678571455180644989e-02 7.241799926757812500e+01 4.732199859619140625e+01 3.274499893188476562e+01
7.000000000000000000e+00 4.464285913854837418e-03 7.455599975585937500e+01 4.692499923706054688e+01 3.581800079345703125e+01
7.000000000000000000e+00 3.125000000000000000e-02 7.209500122070312500e+01 4.897200012207031250e+01 3.814699935913085938e+01
1.500000000000000000e+01 1.875000000000000000e-01 6.898300170898437500e+01 4.694599914550781250e+01 3.710200119018554688e+01
2.200000000000000000e+01 1.294642835855484009e-01 6.973300170898437500e+01 4.388000106811523438e+01 3.927399826049804688e+01
7.000000000000000000e+00 2.366071492433547974e-01 6.755100250244140625e+01 4.109600067138671875e+01 4.063700103759765625e+01
9.000000000000000000e+00 4.285714328289031982e-01 6.435900115966796875e+01 4.152000045776367188e+01 4.277000045776367188e+01
1.100000000000000000e+01 6.696428656578063965e-01 6.070299911499023438e+01 4.231800079345703125e+01 4.250000000000000000e+01
2.000000000000000000e+01 7.589285969734191895e-01 5.957099914550781250e+01 4.555300140380859375e+01 4.079899978637695312e+01
1.300000000000000000e+01 8.839285969734191895e-01 5.633499908447265625e+01 4.751499938964843750e+01 4.025199890136718750e+01
2.200000000000000000e+01 9.062500000000000000e-01 5.562500000000000000e+01 4.986100006103515625e+01 3.729700088500976562e+01
7.000000000000000000e+00 9.285714030265808105e-01 5.277500152587890625e+01 5.211000061035156250e+01 3.852099990844726562e+01
1.100000000000000000e+01 9.151785969734191895e-01 5.137799835205078125e+01 5.368199920654296875e+01 3.534199905395507812e+01
3.000000000000000000e+00 8.214285969734191895e-01 4.929499816894531250e+01 5.703400039672851562e+01 3.552000045776367188e+01
1.800000000000000000e+01 8.348214030265808105e-01 4.638199996948242188e+01 5.630799865722656250e+01 3.327999877929687500e+01
1.300000000000000000e+01 7.455357313156127930e-01 4.350099945068359375e+01 5.801599884033203125e+01 3.526100158691406250e+01
1.700000000000000000e+01 5.982142686843872070e-01 4.554399871826171875e+01 6.124300003051757812e+01 3.540200042724609375e+01
2.000000000000000000e+01 5.669642686843872070e-01 4.581900024414062500e+01 6.107600021362304688e+01 3.156100082397460938e+01
1.900000000000000000e+01 5.491071343421936035e-01 4.207199859619140625e+01 6.046900177001953125e+01 3.095499992370605469e+01
1.300000000000000000e+01 3.750000000000000000e-01 4.093500137329101562e+01 6.291999816894531250e+01 3.362500000000000000e+01
0.000000000000000000e+00 2.053571492433547974e-01 4.272800064086914062e+01 6.580200195312500000e+01 3.171999931335449219e+01
1.200000000000000000e+01 1.785714328289031982e-01 4.049900054931640625e+01 6.462100219726562500e+01 2.867300033569335938e+01
9.000000000000000000e+00 1.339285671710968018e-01 3.725199890136718750e+01 6.486100006103515625e+01 3.081299972534179688e+01
1.100000000000000000e+01 3.214285671710968018e-01 3.683800125122070312e+01 6.095199966430664062e+01 3.081800079345703125e+01
1.700000000000000000e+01 4.955357015132904053e-01 3.661999893188476562e+01 5.924200057983398438e+01 3.413600158691406250e+01
1.600000000000000000e+01 7.053571343421936035e-01 3.762799835205078125e+01 5.545000076293945312e+01 3.327000045776367188e+01
1.500000000000000000e+01 7.812500000000000000e-01 3.645700073242187500e+01 5.226699829101562500e+01 3.510900115966796875e+01
7.000000000000000000e+00 8.616071343421936035e-01 4.105599975585937500e+01 5.348600006103515625e+01 3.891199874877929688e+01
0.000000000000000000e+00 9.776785969734191895e-01 4.712400054931640625e+01 5.043799972534179688e+01 3.633599853515625000e+01
7.000000000000000000e+00 9.866071343421936035e-01 5.015900039672851562e+01 4.867699813842773438e+01 3.799300003051757812e+01
2.200000000000000000e+01 9.821428656578063965e-01 5.248799896240234375e+01 4.602899932861328125e+01 3.643500137329101562e+01
2.200000000000000000e+01 9.508928656578063965e-01 5.426100158691406250e+01 4.387599945068359375e+01 3.914400100708007812e+01
1.500000000000000000e+01 8.750000000000000000e-01 5.707400131225585938e+01 4.144900131225585938e+01 3.806499862670898438e+01
1.800000000000000000e+01 6.964285969734191895e-01 6.008700180053710938e+01 3.921599960327148438e+01 3.916500091552734375e+01
0.000000000000000000e+00 5.580357313156127930e-01 6.322200012207031250e+01 4.018999862670898438e+01 3.710800170898437500e+01
2.000000000000000000e+00 2.901785671710968018e-01 6.669799804687500000e+01 3.867599868774414062e+01 3.596799850463867188e+01
3.000000000000000000e+00 2.098214328289031982e-01 6.648899841308593750e+01 3.552899932861328125e+01 3.823099899291992188e+01
1.700000000000000000e+01 6.696428358554840088e-02 6.857499694824218750e+01 3.330099868774414062e+01 3.590599822998046875e+01
9.000000000000000000e+00 4.017857089638710022e-02 7.077200317382812500e+01 3.637900161743164062e+01 3.479199981689453125e+01
1.600000000000000000e+01 8.482142537832260132e-02 7.024700164794921875e+01 3.961600112915039062e+01 3.286000061035156250e+01
1.000000000000000000e+00 2.008928507566452026e-01 6.751899719238281250e+01 4.005400085449218750e+01 3.025300025939941406e+01
1.000000000000000000e+00 2.455357164144515991e-01 6.660099792480468750e+01 4.303200149536132812e+01 2.797900009155273438e+01
2.000000000000000000e+01 5.223214030265808105e-01 6.284099960327148438e+01 4.384899902343750000e+01 2.847200012207031250e+01
1.800000000000000000e+01 5.937500000000000000e-01 6.029000091552734375e+01 4.554100036621093750e+01 2.629199981689453125e+01
1.100000000000000000e+01 7.946428656578063965e-01 5.682099914550781250e+01 4.618000030517578125e+01 2.778599929809570312e+01
0.000000000000000000e+00 8.125000000000000000e-01 5.377799987792968750e+01 4.778300094604492188e+01 2.603000068664550781e+01
0.000000000000000000e+00 8.883928656578063965e-01 5.045999908447265625e+01 4.897000122070312500e+01 2.751600074768066406e+01
1.200000000000000000e+01 8.303571343421936035e-01 4.746300125122070312e+01 4.962300109863281250e+01 2.531200027465820312e+01
1.200000000000000000e+01 8.437500000000000000e-01 4.494200134277343750e+01 5.173099899291992188e+01 2.726300048828125000e+01
1.700000000000000000e+01 7.723214030265808105e-01 4.108900070190429688e+01 5.216899871826171875e+01 2.710400009155273438e+01
1.600000000000000000e+01 7.544642686843872070e-01 3.851499938964843750e+01 5.316899871826171875e+01 2.966600036621093750e+01
2.000000000000000000e+01 8.035714030265808105e-01 3.712599945068359375e+01 4.962599945068359375e+01 3.018099975585937500e+01
1.700000000000000000e+01 8.973214030265808105e-01 4.015700149536132812e+01 4.743799972534179688e+01 2.947500038146972656e+01
2.000000000000000000e+01 9.687500000000000000e-01 4.396900177001953125e+01 4.735200119018554688e+01 3.023999977111816406e+01
1.700000000000000000e+01 9.419642686843872070e-01 4.639400100708007812e+01 4.547700119018554688e+01 2.819300079345703125e+01
1.800000000000000000e+01 9.598214030265808105e-01 5.001100158691406250e+01 4.475799942016601562e+01 2.895000076293945312e+01
1.800000000000000000e+01 8.705357313156127930e-01 5.243600082397460938e+01 4.242200088500976562e+01 2.706200027465820312e+01
0.000000000000000000e+00 7.678571343421936035e-01 5.612500000000000000e+01 4.201200103759765625e+01 2.699399948120117188e+01
2.200000000000000000e+01 5.625000000000000000e-01 5.914199829101562500e+01 4.058800125122070312e+01 2.518899917602539062e+01
2.200000000000000000e+01 4.508928656578063965e-01 6.211000061035156250e+01 3.916999816894531250e+01 2.696699905395507812e+01
1.800000000000000000e+01 1.562500000000000000e-01 6.542500305175781250e+01 3.943000030517578125e+01 2.489800071716308594e+01
2.000000000000000000e+00 6.250000000000000000e-02 6.848600006103515625e+01 3.737500000000000000e+01 2.590299987792968750e+01
1.600000000000000000e+01 8.928571827709674835e-03 7.170200347900390625e+01 3.930300140380859375e+01 2.629299926757812500e+01
