1 1 14 0 0.02395209580838331 0 0 43.929 53.574 32.749
1 2 18 0 0.10179640718562877 0 0 43.014 50.864 35.268
1 3 7 0 0.3293413173652695 0 0 44.221 47.387 34.633
1 4 20 0 0.592814371257485 0 0 42.107 44.597 36.180
1 5 13 0 0.7485029940119761 0 0 43.436 41.119 36.750
1 6 12 0 0.9221556886227544 0 0 40.568 38.644 36.438
1 7 22 0 0.9580838323353293 0 0 40.758 34.938 37.205
1 8 22 0 0.9880239520958084 0 0 38.676 32.278 35.639
1 9 22 0 0.9700598802395209 0 0 38.084 29.699 38.248
1 10 9 0 0.9281437125748503 0 0 36.107 26.508 38.549
1 11 0 0 0.7964071856287425 0 0 36.089 22.823 37.705
1 12 9 0 0.652694610778443 0 0 37.686 21.075 34.729
1 13 9 0 0.6047904191616766 0 0 35.630 20.733 31.600
1 14 22 0 0.8143712574850299 0 0 33.349 23.588 32.244
1 15 9 0 0.8203592814371258 0 0 34.733 25.426 29.321
1 16 13 0 0.9401197604790419 0 0 36.868 28.056 31.062
1 17 17 0 0.8383233532934131 0 0 39.161 28.795 28.147
1 18 0 0 0.8023952095808383 0 0 36.204 29.129 25.674
1 19 12 0 0.8862275449101796 0 0 34.795 32.468 26.856
1 20 18 0 0.8562874251497006 0 0 38.340 33.963 26.787
1 21 11 0 0.6347305389221557 0 0 38.966 32.739 23.303
1 22 6 0 0.5688622754491017 0 0 35.641 34.066 22.043
1 23 12 0 0.6646706586826348 0 0 36.103 37.387 23.825
1 24 11 0 0.5209580838323353 0 0 39.588 37.965 22.494
1 25 6 0 0.26347305389221565 0 0 39.480 36.233 19.083
1 26 2 0 0.20359281437125742 0 0 35.982 37.388 18.097
1 27 10 0 0.14371257485029942 0 0 35.321 33.917 16.899
1 28 15 0 0.31137724550898194 0 0 36.175 30.763 18.827
1 29 22 0 0.16167664670658677 0 0 39.487 29.112 18.097
1 30 3 0 0.13173652694610782 0 0 39.297 25.380 18.781
1 31 7 0 0.06586826347305386 0 0 42.944 24.606 18.928
1 32 20 0 0.11377245508982048 0 0 43.777 22.828 22.105
1 33 3 0 0.221556886227545 0 0 45.975 24.740 24.548
1 34 16 0 0.32335329341317365 0 0 46.716 23.602 28.040
1 35 18 0 0.44311377245508976 0 0 47.575 27.196 28.865
1 36 11 0 0.20958083832335328 0 0 51.141 27.629 29.997
1 37 7 0 0.19161676646706582 0 0 51.556 30.974 28.174
1 38 3 0 0.35928143712574856 0 0 50.565 34.387 29.524
1 39 17 0 0.5748502994011976 0 0 47.311 36.051 30.316
1 40 20 0 0.5808383233532934 0 0 45.154 37.638 27.656
1 41 1 0 0.5329341317365269 0 0 43.894 41.160 27.359
1 42 13 0 0.46706586826347307 0 0 40.921 43.140 26.052
1 43 6 0 0.2694610778443114 0 0 40.516 46.874 26.453
1 44 22 0 0.27544910179640725 0 0 36.841 47.829 26.642
1 45 22 0 0.10778443113772451 0 0 34.943 50.869 27.693
1 46 11 0 0.2335329341317366 0 0 32.906 50.032 30.794
1 47 3 0 0.059880239520958 0 0 30.101 52.482 31.378
1 48 9 0 0.0 0 0 32.034 55.427 30.186
1 49 7 0 0.03592814371257491 0 0 35.466 54.369 31.436
1 50 18 0 0.053892215568862256 0 0 38.169 52.650 29.436
1 51 5 0 0.25149700598802394 0 0 39.366 49.677 31.417
1 52 12 0 0.39520958083832336 0 0 41.990 47.129 30.560
1 53 12 0 0.658682634730539 0 0 40.898 43.566 31.342
1 54 3 0 0.7005988023952096 0 0 43.552 40.959 31.949
1 55 11 0 0.8682634730538922 0 0 42.045 37.564 31.792
1 56 12 0 0.8622754491017964 0 0 43.790 34.697 33.576
1 57 3 0 0.8982035928143712 0 0 42.931 31.091 32.866
1 58 18 0 0.844311377245509 0 0 43.194 28.218 35.217
1 59 0 0 0.6407185628742516 0 0 44.727 25.054 33.891
1 60 9 0 0.49101796407185627 0 0 44.248 21.739 35.661
1 61 6 0 0.3413173652694611 0 0 45.255 20.628 39.188
1 62 7 0 0.29940119760479034 0 0 46.551 22.625 42.168
1 63 7 0 0.04790419161676651 0 0 49.353 20.081 42.614
1 64 20 0 0.0059880239520957446 0 0 52.882 20.274 41.337
1 65 17 0 0.041916167664670656 0 0 53.578 23.996 41.425
1 66 0 0 0.017964071856287345 0 0 54.586 26.382 44.190
1 67 14 0 0.08383233532934131 0 0 53.466 29.390 42.244
1 68 1 0 0.33532934131736525 0 0 49.757 28.611 41.928
1 69 3 0 0.34730538922155685 0 0 48.556 30.527 44.899
1 70 6 0 0.24550898203592808 0 0 50.559 33.521 43.834
1 71 20 0 0.4970059880239521 0 0 49.008 33.359 40.388
1 72 14 0 0.6766467065868262 0 0 45.573 33.414 41.947
1 73 1 0 0.4730538922155688 0 0 46.614 36.090 44.422
1 74 18 0 0.4610778443113772 0 0 47.831 38.325 41.667
1 75 9 0 0.7425149700598803 0 0 44.275 38.152 40.574
1 76 7 0 0.6946107784431137 0 0 41.905 40.664 42.089
1 77 9 0 0.8922155688622755 0 0 38.644 39.341 40.638
1 78 15 0 0.9640718562874252 0 0 37.121 35.928 40.056
1 79 12 0 0.9940119760479041 0 0 34.802 34.475 37.475
1 80 5 0 0.9820359281437125 0 0 33.589 31.183 38.791
1 81 22 0 0.9760479041916168 0 0 32.579 28.967 35.920
1 82 15 0 0.874251497005988 0 0 30.478 25.791 36.046
1 83 0 0 0.7245508982035929 0 0 28.749 23.897 33.325
1 84 11 0 0.5089820359281436 0 0 25.148 22.836 33.834
1 85 2 0 0.2934131736526946 0 0 25.755 19.468 32.257
1 86 2 0 0.38323353293413165 0 0 28.120 18.594 35.062
1 87 18 0 0.19760479041916168 0 0 26.592 17.769 38.394
1 88 13 0 0.28742514970059885 0 0 29.863 17.789 40.322
1 89 17 0 0.5988023952095809 0 0 31.103 21.204 39.082
1 90 15 0 0.5449101796407185 0 0 28.128 22.668 40.923
1 91 7 0 0.3772455089820359 0 0 28.941 20.886 44.125
1 92 3 0 0.5389221556886228 0 0 32.340 22.505 44.100
1 93 11 0 0.7065868263473054 0 0 31.245 26.139 44.053
1 94 10 0 0.5149700598802396 0 0 31.529 26.504 47.796
1 95 10 0 0.45508982035928147 0 0 34.996 24.881 47.901
1 96 20 0 0.7365269461077844 0 0 36.150 27.337 45.276
1 97 1 0 0.6826347305389222 0 0 34.641 30.227 47.226
1 98 7 0 0.43113772455089827 0 0 36.716 29.113 50.151
1 99 6 0 0.5508982035928144 0 0 39.699 29.153 47.847
1 100 11 0 0.718562874251497 0 0 38.711 32.598 46.702
1 101 13 0 0.4491017964071856 0 0 38.570 33.892 50.253
1 102 1 0 0.281437125748503 0 0 41.808 32.059 51.207
1 103 22 0 0.41916167664670656 0 0 44.061 33.579 48.542
1 104 13 0 0.40718562874251496 0 0 42.922 37.161 48.933
1 105 3 0 0.09580838323353291 0 0 43.239 37.117 52.713
1 106 17 0 0.14970059880239517 0 0 39.765 38.546 52.652
1 107 7 0 0.17964071856287422 0 0 36.189 37.389 53.122
1 108 3 0 0.37125748502994016 0 0 35.075 39.971 50.499
1 109 22 0 0.6107784431137725 0 0 36.358 39.253 47.018
1 110 16 0 0.7904191616766467 0 0 34.549 40.050 43.791
1 111 14 0 0.9041916167664671 0 0 32.876 36.808 42.766
1 112 22 0 0.9461077844311377 0 0 30.688 36.192 39.814
1 113 12 0 0.9341317365269461 0 0 29.095 32.875 39.063
1 114 22 0 0.9520958083832335 0 0 28.981 31.871 35.461
1 115 9 0 0.8502994011976048 0 0 26.804 29.188 34.039
1 116 2 0 0.8323353293413174 0 0 28.424 28.039 30.806
1 117 13 0 0.5868263473053892 0 0 26.773 25.988 28.092
1 118 5 0 0.4850299401197605 0 0 23.440 27.602 28.717
1 119 3 0 0.21556886227544902 0 0 22.365 27.105 25.079
1 120 12 0 0.11976047904191622 0 0 22.077 23.412 25.911
1 121 16 0 0.029940119760479056 0 0 18.731 21.788 26.160
1 122 17 0 0.0119760479041916 0 0 19.940 18.731 28.106
1 123 1 0 0.08982035928143717 0 0 21.476 19.805 31.410
1 124 18 0 0.0718562874251496 0 0 21.995 18.054 34.784
1 125 22 0 0.18562874251497008 0 0 21.930 21.075 36.971
1 126 3 0 0.13772455089820357 0 0 19.203 23.715 37.159
1 127 18 0 0.3532934131736526 0 0 19.834 27.229 36.125
1 128 13 0 0.12574850299401197 0 0 17.108 28.380 38.398
1 129 6 0 0.15568862275449102 0 0 18.942 26.667 41.168
1 130 0 0 0.47904191616766467 0 0 22.264 28.211 40.364
1 131 6 0 0.4251497005988024 0 0 20.491 31.562 40.433
1 132 3 0 0.17365269461077848 0 0 19.092 30.963 43.910
1 133 12 0 0.4011976047904191 0 0 22.634 29.906 44.827
1 134 0 0 0.5568862275449102 0 0 24.016 33.142 43.369
1 135 1 0 0.3053892215568862 0 0 21.261 35.265 44.816
1 136 17 0 0.16766467065868274 0 0 21.892 33.570 48.128
1 137 20 0 0.4131736526946108 0 0 25.572 34.549 47.957
1 138 9 0 0.3892215568862275 0 0 24.345 37.913 46.720
1 139 11 0 0.6287425149700598 0 0 26.326 37.998 43.427
1 140 16 0 0.7305389221556886 0 0 25.709 38.441 39.690
1 141 15 0 0.7844311377245509 0 0 24.789 35.280 37.852
1 142 11 0 0.8263473053892215 0 0 25.505 35.023 34.184
1 143 7 0 0.7125748502994012 0 0 24.010 32.451 31.949
1 144 18 0 0.7724550898203593 0 0 26.223 32.146 28.952
1 145 17 0 0.6467065868263473 0 0 27.493 30.056 26.122
1 146 0 0 0.6167664670658684 0 0 30.365 30.828 23.822
1 147 13 0 0.3652694610778443 0 0 28.734 29.059 20.893
1 148 18 0 0.22754491017964074 0 0 25.809 31.450 20.756
1 149 1 0 0.437125748502994 0 0 27.889 34.319 22.086
1 150 6 0 0.5029940119760479 0 0 25.401 35.233 24.816
1 151 9 0 0.6706586826347305 0 0 26.895 37.471 27.523
1 152 22 0 0.8083832335329342 0 0 30.489 36.604 26.812
1 153 3 0 0.7664670658682635 0 0 31.376 40.148 27.521
1 154 3 0 0.7544910179640718 0 0 28.685 40.920 30.068
1 155 0 0 0.9101796407185628 0 0 30.094 38.501 32.641
1 156 15 0 0.9161676646706587 0 0 33.403 40.247 32.748
1 157 20 0 0.7604790419161677 0 0 31.965 43.714 32.527
1 158 18 0 0.7784431137724551 0 0 29.886 42.810 35.501
1 159 12 0 0.8802395209580838 0 0 32.999 41.677 37.311
1 160 22 0 0.688622754491018 0 0 34.374 45.171 36.957
1 161 1 0 0.5269461077844311 0 0 31.277 46.713 38.391
1 162 7 0 0.6227544910179641 0 0 31.650 44.185 41.199
1 163 11 0 0.562874251497006 0 0 35.258 45.274 41.666
1 164 1 0 0.3173652694610779 0 0 34.164 48.879 41.722
1 165 13 0 0.23952095808383234 0 0 31.687 47.915 44.494
1 166 10 0 0.2574850299401197 0 0 34.595 46.527 46.504
1 167 13 0 0.07784431137724557 0 0 36.117 49.964 46.722
