1 1 14 0 0.029940119760479056 0 0 33.816 55.266 33.951
1 2 18 0 0.08383233532934131 0 0 34.934 52.779 36.581
1 3 7 0 0.3173652694610779 0 0 36.713 49.474 36.282
1 4 20 0 0.5748502994011976 0 0 35.618 46.183 37.784
1 5 13 0 0.7125748502994012 0 0 38.018 43.218 38.183
1 6 12 0 0.9101796407185628 0 0 36.046 40.050 37.597
1 7 22 0 0.9580838323353293 0 0 37.436 36.525 37.774
1 8 22 0 0.9880239520958084 0 0 36.148 33.667 35.643
1 9 22 0 0.9700598802395209 0 0 36.378 30.585 37.858
1 10 9 0 0.9221556886227544 0 0 35.538 26.957 37.420
1 11 0 0 0.7904191616766467 0 0 36.751 23.581 36.337
1 12 9 0 0.6467065868263473 0 0 38.827 22.634 33.390
1 13 9 0 0.6047904191616766 0 0 36.886 22.164 30.241
1 14 22 0 0.8023952095808383 0 0 33.530 23.845 30.966
1 15 9 0 0.8203592814371258 0 0 34.054 26.491 28.306
1 16 13 0 0.9461077844311377 0 0 34.999 29.393 30.616
1 17 17 0 0.8622754491017964 0 0 36.494 31.499 27.848
1 18 0 0 0.8083832335329342 0 0 33.439 31.347 25.602
1 19 12 0 0.9041916167664671 0 0 31.428 33.999 27.434
1 20 18 0 0.8502994011976048 0 0 34.344 36.315 27.151
1 21 11 0 0.658682634730539 0 0 35.140 35.367 23.569
1 22 6 0 0.5988023952095809 0 0 31.617 36.395 22.662
1 23 12 0 0.6646706586826348 0 0 31.716 39.491 24.772
1 24 11 0 0.49101796407185627 0 0 34.835 40.963 23.382
1 25 6 0 0.26347305389221565 0 0 34.877 39.877 19.697
1 26 2 0 0.2335329341317366 0 0 31.084 40.183 19.479
1 27 10 0 0.20958083832335328 0 0 31.047 36.704 18.076
1 28 15 0 0.40718562874251496 0 0 32.123 33.380 19.453
1 29 22 0 0.20359281437125742 0 0 34.796 31.161 17.994
1 30 3 0 0.25149700598802394 0 0 35.995 27.846 19.428
1 31 7 0 0.08982035928143717 0 0 39.593 27.938 18.075
1 32 20 0 0.11377245508982048 0 0 42.279 26.998 20.537
1 33 3 0 0.28742514970059885 0 0 43.424 29.415 23.063
1 34 16 0 0.2574850299401197 0 0 45.963 28.743 25.723
1 35 18 0 0.46706586826347307 0 0 45.168 31.626 28.090
1 36 11 0 0.19760479041916168 0 0 48.816 32.300 28.704
1 37 7 0 0.17365269461077848 0 0 48.384 35.983 27.728
1 38 3 0 0.35928143712574856 0 0 46.636 38.824 29.571
1 39 17 0 0.5688622754491017 0 0 42.983 39.690 30.202
1 40 20 0 0.5329341317365269 0 0 40.705 41.128 27.603
1 41 1 0 0.5029940119760479 0 0 38.535 44.201 28.247
1 42 13 0 0.3772455089820359 0 0 35.923 46.359 26.652
1 43 6 0 0.23952095808383234 0 0 33.510 48.955 27.871
1 44 22 0 0.32335329341317365 0 0 29.815 48.184 28.383
1 45 22 0 0.13772455089820357 0 0 26.698 49.942 29.611
1 46 11 0 0.3053892215568862 0 0 25.103 48.254 32.607
1 47 3 0 0.09580838323353291 0 0 22.162 49.916 34.214
1 48 9 0 0.02395209580838331 0 0 22.914 53.296 32.772
1 49 7 0 0.04790419161676651 0 0 26.588 53.330 33.559
1 50 18 0 0.059880239520958 0 0 29.714 52.990 31.560
1 51 5 0 0.2934131736526946 0 0 31.704 50.175 32.912
1 52 12 0 0.39520958083832336 0 0 35.228 48.842 32.237
1 53 12 0 0.652694610778443 0 0 35.236 45.112 32.596
1 54 3 0 0.6946107784431137 0 0 38.469 43.252 33.220
1 55 11 0 0.8682634730538922 0 0 37.761 39.644 32.647
1 56 12 0 0.844311377245509 0 0 40.491 37.620 34.415
1 57 3 0 0.8862275449101796 0 0 40.411 34.147 32.937
1 58 18 0 0.8383233532934131 0 0 41.695 30.947 34.565
1 59 0 0 0.6167664670658684 0 0 44.184 28.584 32.970
1 60 9 0 0.3652694610778443 0 0 46.560 25.633 33.412
1 61 6 0 0.16766467065868274 0 0 47.716 23.697 36.460
1 62 7 0 0.18562874251497008 0 0 47.644 25.026 40.017
1 63 7 0 0.03592814371257491 0 0 51.287 23.990 40.292
1 64 20 0 0.0 0 0 54.339 26.064 39.915
1 65 17 0 0.053892215568862256 0 0 52.410 29.316 39.783
1 66 0 0 0.017964071856287345 0 0 53.497 31.644 42.462
1 67 14 0 0.10179640718562877 0 0 50.870 34.130 41.552
1 68 1 0 0.3413173652694611 0 0 47.739 31.923 41.714
1 69 3 0 0.34730538922155685 0 0 46.149 33.216 44.787
1 70 6 0 0.22754491017964074 0 0 47.423 36.714 43.868
1 71 20 0 0.4970059880239521 0 0 45.743 36.355 40.485
1 72 14 0 0.6766467065868262 0 0 42.306 35.812 42.065
1 73 1 0 0.47904191616766467 0 0 42.667 38.403 44.863
1 74 18 0 0.4730538922155688 0 0 42.705 41.412 42.576
1 75 9 0 0.7245508982035929 0 0 39.130 40.461 41.698
1 76 7 0 0.6826347305389222 0 0 36.158 41.526 43.607
1 77 9 0 0.874251497005988 0 0 33.528 39.710 41.527
1 78 15 0 0.9640718562874252 0 0 33.846 36.075 40.785
1 79 12 0 0.9940119760479041 0 0 32.024 34.233 38.059
1 80 5 0 0.9820359281437125 0 0 31.530 30.529 38.669
1 81 22 0 0.9760479041916168 0 0 31.208 28.511 35.544
1 82 15 0 0.8802395209580838 0 0 30.033 24.968 35.187
1 83 0 0 0.7365269461077844 0 0 28.840 22.974 32.183
1 84 11 0 0.5209580838323353 0 0 25.515 21.256 32.003
1 85 2 0 0.3532934131736526 0 0 27.216 18.525 29.992
1 86 2 0 0.437125748502994 0 0 29.968 17.969 32.569
1 87 18 0 0.24550898203592808 0 0 28.822 16.150 35.666
1 88 13 0 0.33532934131736525 0 0 31.996 16.727 37.681
1 89 17 0 0.6287425149700598 0 0 31.995 20.428 37.069
1 90 15 0 0.5808383233532934 0 0 28.766 20.786 39.033
1 91 7 0 0.4251497005988024 0 0 30.163 18.909 42.002
1 92 3 0 0.562874251497006 0 0 33.135 21.231 41.966
1 93 11 0 0.7604790419161677 0 0 31.090 24.437 42.391
1 94 10 0 0.5269461077844311 0 0 31.404 23.920 46.122
1 95 10 0 0.5149700598802396 0 0 35.159 23.566 45.763
1 96 20 0 0.7724550898203593 0 0 35.612 26.625 43.619
1 97 1 0 0.7065868263473054 0 0 33.471 28.424 46.216
1 98 7 0 0.4610778443113772 0 0 35.998 27.615 48.932
1 99 6 0 0.5568862275449102 0 0 38.823 28.935 46.868
1 100 11 0 0.7005988023952096 0 0 37.179 32.348 46.372
1 101 13 0 0.45508982035928147 0 0 36.515 32.751 50.056
1 102 1 0 0.27544910179640725 0 0 40.160 31.956 50.849
1 103 22 0 0.3892215568862275 0 0 41.795 34.546 48.685
1 104 13 0 0.38323353293413165 0 0 39.432 37.353 49.586
1 105 3 0 0.10778443113772451 0 0 39.518 36.662 53.347
1 106 17 0 0.12574850299401197 0 0 35.746 36.777 53.645
1 107 7 0 0.281437125748503 0 0 32.564 34.901 52.692
1 108 3 0 0.31137724550898194 0 0 31.087 38.263 51.661
1 109 22 0 0.592814371257485 0 0 32.208 37.919 48.067
1 110 16 0 0.7485029940119761 0 0 29.960 38.776 45.206
1 111 14 0 0.8982035928143712 0 0 29.645 35.646 43.171
1 112 22 0 0.9401197604790419 0 0 27.293 34.539 40.456
1 113 12 0 0.9341317365269461 0 0 26.641 31.029 39.233
1 114 22 0 0.9520958083832335 0 0 26.406 30.514 35.498
1 115 9 0 0.8562874251497006 0 0 25.789 27.229 33.810
1 116 2 0 0.8323353293413174 0 0 27.198 26.788 30.301
1 117 13 0 0.5868263473053892 0 0 25.864 24.872 27.324
1 118 5 0 0.4491017964071856 0 0 22.157 25.162 27.923
1 119 3 0 0.19161676646706582 0 0 21.297 24.850 24.284
1 120 12 0 0.07784431137724557 0 0 21.145 21.101 24.589
1 121 16 0 0.0059880239520957446 0 0 17.692 19.649 25.221
1 122 17 0 0.0119760479041916 0 0 19.318 16.932 27.352
1 123 1 0 0.0718562874251496 0 0 21.666 17.401 30.155
1 124 18 0 0.06586826347305386 0 0 23.701 15.549 32.829
1 125 22 0 0.221556886227545 0 0 23.188 18.116 35.533
1 126 3 0 0.14371257485029942 0 0 19.807 19.586 36.215
1 127 18 0 0.4011976047904191 0 0 19.632 23.355 35.941
1 128 13 0 0.11976047904191622 0 0 16.772 23.240 38.510
1 129 6 0 0.15568862275449102 0 0 19.218 21.891 41.093
1 130 0 0 0.5089820359281436 0 0 21.749 24.532 40.152
1 131 6 0 0.44311377245508976 0 0 19.157 27.213 40.944
1 132 3 0 0.16167664670658677 0 0 18.400 25.408 44.203
1 133 12 0 0.4131736526946108 0 0 22.125 25.359 45.179
1 134 0 0 0.5389221556886228 0 0 22.359 29.037 44.239
1 135 1 0 0.2694610778443114 0 0 19.295 29.734 46.418
1 136 17 0 0.13173652694610782 0 0 20.971 27.969 49.295
1 137 20 0 0.43113772455089827 0 0 24.128 29.923 48.689
1 138 9 0 0.37125748502994016 0 0 22.158 33.117 48.240
1 139 11 0 0.6407185628742516 0 0 23.463 33.847 44.704
1 140 16 0 0.688622754491018 0 0 21.830 34.259 41.266
1 141 15 0 0.7784431137724551 0 0 22.070 31.613 38.549
1 142 11 0 0.8143712574850299 0 0 22.268 32.171 34.788
1 143 7 0 0.718562874251497 0 0 21.792 29.627 32.050
1 144 18 0 0.7664670658682635 0 0 23.796 30.366 28.944
1 145 17 0 0.6347305389221557 0 0 25.148 29.377 25.595
1 146 0 0 0.6107784431137725 0 0 27.644 31.275 23.538
1 147 13 0 0.3293413173652695 0 0 26.587 29.525 20.316
1 148 18 0 0.17964071856287422 0 0 22.993 30.680 20.361
1 149 1 0 0.41916167664670656 0 0 24.032 33.910 21.902
1 150 6 0 0.4850299401197605 0 0 22.005 33.649 25.067
1 151 9 0 0.6706586826347305 0 0 22.504 35.282 28.460
1 152 22 0 0.8263473053892215 0 0 26.199 35.946 28.171
1 153 3 0 0.7544910179640718 0 0 26.078 39.673 28.762
1 154 3 0 0.7305389221556886 0 0 23.341 38.963 31.280
1 155 0 0 0.9161676646706587 0 0 25.603 36.507 33.032
1 156 15 0 0.9281437125748503 0 0 28.407 39.011 33.421
1 157 20 0 0.7844311377245509 0 0 26.209 42.052 34.106
1 158 18 0 0.7964071856287425 0 0 24.359 40.191 36.859
1 159 12 0 0.8922155688622755 0 0 27.764 39.754 38.598
1 160 22 0 0.7425149700598803 0 0 28.174 43.490 38.303
1 161 1 0 0.5449101796407185 0 0 24.753 43.930 39.918
1 162 7 0 0.6227544910179641 0 0 25.877 41.801 42.902
1 163 11 0 0.5508982035928144 0 0 28.961 43.912 43.643
1 164 1 0 0.29940119760479034 0 0 26.545 46.738 44.048
1 165 13 0 0.21556886227544902 0 0 24.526 44.837 46.658
1 166 10 0 0.14970059880239517 0 0 27.413 44.514 49.059
1 167 13 0 0.041916167664670656 0 0 29.076 47.162 51.238
