1 1 14 0 0.017964071856287345 0 0 15.661 46.774 36.441
1 2 18 0 0.13173652694610782 0 0 16.827 43.288 35.590
1 3 7 0 0.32335329341317365 0 0 19.425 42.559 38.200
1 4 20 0 0.5808383233532934 0 0 21.432 39.749 36.672
1 5 13 0 0.6706586826347305 0 0 22.951 37.644 39.446
1 6 12 0 0.8922155688622755 0 0 26.478 36.914 38.364
1 7 22 0 0.9401197604790419 0 0 28.961 34.516 39.946
1 8 22 0 0.9880239520958084 0 0 32.583 34.518 38.954
1 9 22 0 0.9640718562874252 0 0 34.165 31.079 38.949
1 10 9 0 0.9281437125748503 0 0 37.770 29.931 38.970
1 11 0 0 0.7904191616766467 0 0 40.768 28.642 40.891
1 12 9 0 0.5988023952095809 0 0 43.373 30.194 43.184
1 13 9 0 0.5568862275449102 0 0 45.868 32.468 41.555
1 14 22 0 0.8023952095808383 0 0 43.760 33.490 38.615
1 15 9 0 0.8263473053892215 0 0 42.749 37.065 39.514
1 16 13 0 0.9461077844311377 0 0 38.970 36.459 39.439
1 17 17 0 0.8622754491017964 0 0 38.588 39.181 41.991
1 18 0 0 0.7964071856287425 0 0 40.495 41.621 39.847
1 19 12 0 0.9041916167664671 0 0 38.084 41.457 36.973
1 20 18 0 0.8802395209580838 0 0 35.259 42.789 39.019
1 21 11 0 0.652694610778443 0 0 37.451 45.492 40.513
1 22 6 0 0.6167664670658684 0 0 38.480 46.727 37.102
1 23 12 0 0.6646706586826348 0 0 34.903 46.960 35.998
1 24 11 0 0.5089820359281436 0 0 33.325 48.719 38.956
1 25 6 0 0.26347305389221565 0 0 36.115 51.147 39.908
1 26 2 0 0.24550898203592808 0 0 37.175 51.845 36.308
1 27 10 0 0.19760479041916168 0 0 40.843 51.206 37.258
1 28 15 0 0.2694610778443114 0 0 42.714 48.850 39.498
1 29 22 0 0.10179640718562877 0 0 43.020 50.267 42.918
1 30 3 0 0.03592814371257491 0 0 45.917 49.555 45.275
1 31 7 0 0.041916167664670656 0 0 43.667 48.838 48.241
1 32 20 0 0.11976047904191622 0 0 42.163 45.429 48.866
1 33 3 0 0.16167664670658677 0 0 38.805 44.104 50.113
1 34 16 0 0.17365269461077848 0 0 39.122 40.593 51.532
1 35 18 0 0.4131736526946108 0 0 36.039 38.949 49.968
1 36 11 0 0.25149700598802394 0 0 34.071 36.855 52.303
1 37 7 0 0.3413173652694611 0 0 30.516 36.663 51.017
1 38 3 0 0.39520958083832336 0 0 30.730 40.252 49.741
1 39 17 0 0.5329341317365269 0 0 28.947 41.361 46.557
1 40 20 0 0.5508982035928144 0 0 29.356 44.301 44.144
1 41 1 0 0.4850299401197605 0 0 26.975 46.093 41.718
1 42 13 0 0.45508982035928147 0 0 27.092 47.714 38.279
1 43 6 0 0.22754491017964074 0 0 24.344 49.584 36.573
1 44 22 0 0.23952095808383234 0 0 24.675 49.530 32.800
1 45 22 0 0.09580838323353291 0 0 22.502 49.984 29.666
1 46 11 0 0.17964071856287422 0 0 23.107 47.070 27.356
1 47 3 0 0.059880239520958 0 0 21.606 47.164 23.858
1 48 9 0 0.0 0 0 18.894 49.655 24.776
1 49 7 0 0.02395209580838331 0 0 17.943 47.704 27.838
1 50 18 0 0.053892215568862256 0 0 18.906 48.844 31.311
1 51 5 0 0.20958083832335328 0 0 20.271 46.157 33.670
1 52 12 0 0.3772455089820359 0 0 22.281 45.665 36.775
1 53 12 0 0.658682634730539 0 0 25.223 43.298 37.111
1 54 3 0 0.6347305389221557 0 0 25.067 41.945 40.697
1 55 11 0 0.8502994011976048 0 0 28.327 40.199 40.989
1 56 12 0 0.8323353293413174 0 0 29.545 37.794 43.606
1 57 3 0 0.8562874251497006 0 0 33.252 37.704 44.145
1 58 18 0 0.8383233532934131 0 0 34.226 34.119 44.986
1 59 0 0 0.6107784431137725 0 0 36.730 33.334 47.656
1 60 9 0 0.40718562874251496 0 0 37.523 30.301 49.640
1 61 6 0 0.33532934131736525 0 0 37.243 26.631 48.910
1 62 7 0 0.44311377245508976 0 0 34.270 25.466 46.835
1 63 7 0 0.15568862275449102 0 0 34.016 22.043 48.379
1 64 20 0 0.029940119760479056 0 0 32.524 20.816 51.651
1 65 17 0 0.06586826347305386 0 0 30.115 23.709 51.839
1 66 0 0 0.04790419161676651 0 0 26.441 23.508 51.286
1 67 14 0 0.12574850299401197 0 0 26.299 27.286 50.905
1 68 1 0 0.37125748502994016 0 0 29.022 27.251 48.281
1 69 3 0 0.3532934131736526 0 0 26.708 25.434 45.926
1 70 6 0 0.28742514970059885 0 0 23.887 27.772 46.834
1 71 20 0 0.5449101796407185 0 0 25.976 30.714 45.860
1 72 14 0 0.688622754491018 0 0 26.786 28.978 42.547
1 73 1 0 0.4970059880239521 0 0 23.174 27.896 41.960
1 74 18 0 0.5149700598802396 0 0 21.963 31.473 42.399
1 75 9 0 0.7784431137724551 0 0 23.986 32.906 39.563
1 76 7 0 0.7125748502994012 0 0 22.516 32.904 36.107
1 77 9 0 0.8982035928143712 0 0 25.733 33.728 34.412
1 78 15 0 0.9700598802395209 0 0 29.214 32.619 35.122
1 79 12 0 0.9940119760479041 0 0 32.671 33.665 34.121
1 80 5 0 0.9820359281437125 0 0 34.790 30.565 34.043
1 81 22 0 0.9760479041916168 0 0 38.204 32.101 34.611
1 82 15 0 0.8862275449101796 0 0 41.660 30.759 34.092
1 83 0 0 0.718562874251497 0 0 45.091 32.307 33.820
1 84 11 0 0.5269461077844311 0 0 46.976 31.923 30.570
1 85 2 0 0.2934131736526946 0 0 50.258 31.480 32.347
1 86 2 0 0.3173652694610779 0 0 49.256 28.309 34.033
1 87 18 0 0.21556886227544902 0 0 48.372 24.940 32.593
1 88 13 0 0.2574850299401197 0 0 46.978 23.540 35.843
1 89 17 0 0.5748502994011976 0 0 44.299 26.214 35.994
1 90 15 0 0.5868263473053892 0 0 43.135 25.499 32.449
1 91 7 0 0.3892215568862275 0 0 42.947 21.839 33.161
1 92 3 0 0.5389221556886228 0 0 40.677 22.547 36.068
1 93 11 0 0.7365269461077844 0 0 38.149 24.260 33.749
1 94 10 0 0.5029940119760479 0 0 36.594 20.831 32.994
1 95 10 0 0.4730538922155688 0 0 36.115 20.297 36.730
1 96 20 0 0.7664670658682635 0 0 34.620 23.834 36.956
1 97 1 0 0.6946107784431137 0 0 32.220 23.225 34.115
1 98 7 0 0.4491017964071856 0 0 31.216 20.114 35.938
1 99 6 0 0.5688622754491017 0 0 30.518 22.214 39.000
1 100 11 0 0.7005988023952096 0 0 28.418 24.658 36.977
1 101 13 0 0.46706586826347307 0 0 26.704 21.876 35.092
1 102 1 0 0.27544910179640725 0 0 25.831 20.188 38.379
1 103 22 0 0.3652694610778443 0 0 24.355 23.061 40.315
1 104 13 0 0.41916167664670656 0 0 22.414 24.647 37.522
1 105 3 0 0.14371257485029942 0 0 21.151 21.263 36.355
1 106 17 0 0.221556886227545 0 0 21.921 22.014 32.761
1 107 7 0 0.31137724550898194 0 0 24.464 21.930 29.955
1 108 3 0 0.38323353293413165 0 0 23.138 25.082 28.499
1 109 22 0 0.6287425149700598 0 0 24.269 27.477 31.194
1 110 16 0 0.8083832335329342 0 0 25.442 30.942 30.202
1 111 14 0 0.9221556886227544 0 0 29.182 30.931 30.350
1 112 22 0 0.9520958083832335 0 0 32.050 33.095 29.162
1 113 12 0 0.9341317365269461 0 0 35.393 31.312 29.326
1 114 22 0 0.9580838323353293 0 0 37.664 34.156 30.395
1 115 9 0 0.8682634730538922 0 0 41.438 33.896 29.962
1 116 2 0 0.844311377245509 0 0 43.187 36.251 32.393
1 117 13 0 0.592814371257485 0 0 46.713 37.536 32.470
1 118 5 0 0.437125748502994 0 0 47.210 37.788 28.763
1 119 3 0 0.18562874251497008 0 0 49.422 40.880 28.461
1 120 12 0 0.07784431137724557 0 0 52.569 38.768 28.810
1 121 16 0 0.0059880239520957446 0 0 54.062 37.955 25.420
1 122 17 0 0.0119760479041916 0 0 54.084 34.260 26.288
1 123 1 0 0.11377245508982048 0 0 51.739 31.795 27.878
1 124 18 0 0.0718562874251496 0 0 51.943 28.182 28.926
1 125 22 0 0.19161676646706582 0 0 48.435 27.195 27.974
1 126 3 0 0.10778443113772451 0 0 47.753 26.367 24.289
1 127 18 0 0.20359281437125742 0 0 45.469 29.039 22.859
1 128 13 0 0.08383233532934131 0 0 44.189 27.169 19.838
1 129 6 0 0.13772455089820357 0 0 43.027 24.398 22.156
1 130 0 0 0.4251497005988024 0 0 41.325 26.971 24.427
1 131 6 0 0.35928143712574856 0 0 39.463 28.426 21.503
1 132 3 0 0.14970059880239517 0 0 38.397 25.000 20.167
1 133 12 0 0.34730538922155685 0 0 37.500 24.014 23.717
1 134 0 0 0.562874251497006 0 0 35.261 27.087 23.939
1 135 1 0 0.3053892215568862 0 0 33.720 26.421 20.521
1 136 17 0 0.16766467065868274 0 0 33.032 22.825 21.412
1 137 20 0 0.4011976047904191 0 0 31.011 23.631 24.477
1 138 9 0 0.43113772455089827 0 0 29.381 26.777 23.081
1 139 11 0 0.7065868263473054 0 0 31.000 29.261 25.333
1 140 16 0 0.7604790419161677 0 0 32.871 32.374 24.233
1 141 15 0 0.7844311377245509 0 0 36.638 32.686 24.677
1 142 11 0 0.8203592814371258 0 0 37.573 36.227 25.678
1 143 7 0 0.7245508982035929 0 0 41.234 36.787 26.407
1 144 18 0 0.7724550898203593 0 0 41.972 39.352 29.057
1 145 17 0 0.6407185628742516 0 0 44.208 41.029 31.478
1 146 0 0 0.7544910179640718 0 0 42.230 42.383 34.438
1 147 13 0 0.47904191616766467 0 0 44.894 44.691 35.855
1 148 18 0 0.29940119760479034 0 0 45.669 46.714 32.714
1 149 1 0 0.4610778443113772 0 0 42.200 46.561 31.173
1 150 6 0 0.49101796407185627 0 0 42.652 44.307 28.260
1 151 9 0 0.6467065868263473 0 0 39.296 42.843 27.157
1 152 22 0 0.8143712574850299 0 0 37.736 43.195 30.595
1 153 3 0 0.6826347305389222 0 0 34.818 45.143 29.244
1 154 3 0 0.7305389221556886 0 0 33.910 42.587 26.605
1 155 0 0 0.9101796407185628 0 0 33.839 39.593 28.915
1 156 15 0 0.9161676646706587 0 0 30.823 40.643 30.938
1 157 20 0 0.7485029940119761 0 0 28.756 42.258 28.259
1 158 18 0 0.7425149700598803 0 0 28.934 39.271 25.917
1 159 12 0 0.874251497005988 0 0 27.668 37.275 28.915
1 160 22 0 0.6766467065868262 0 0 24.622 39.472 29.254
1 161 1 0 0.5209580838323353 0 0 23.908 38.797 25.683
1 162 7 0 0.6227544910179641 0 0 24.470 35.103 26.443
1 163 11 0 0.6047904191616766 0 0 22.068 35.398 29.423
1 164 1 0 0.3293413173652695 0 0 19.548 37.009 27.069
1 165 13 0 0.2335329341317366 0 0 20.012 34.376 24.421
1 166 10 0 0.281437125748503 0 0 19.244 31.708 27.049
1 167 13 0 0.08982035928143717 0 0 15.654 32.883 27.578
