5.000000000000000000e+00 1.026785746216773987e-01 2.548800086975097656e+01 3.897200012207031250e+01 4.068199920654296875e+01
1.600000000000000000e+01 2.366071492433547974e-01 2.711100006103515625e+01 4.225899887084960938e+01 4.186700057983398438e+01
1.200000000000000000e+01 5.133928656578063965e-01 3.083300018310546875e+01 4.172100067138671875e+01 4.110599899291992188e+01
1.400000000000000000e+01 5.758928656578063965e-01 3.199799919128417969e+01 3.892499923706054688e+01 3.868500137329101562e+01
2.200000000000000000e+01 7.276785969734191895e-01 3.548199844360351562e+01 3.776499938964843750e+01 3.761299896240234375e+01
1.300000000000000000e+01 6.830357313156127930e-01 3.614500045776367188e+01 3.545399856567382812e+01 3.461899948120117188e+01
2.200000000000000000e+01 7.500000000000000000e-01 3.964599990844726562e+01 3.420500183105468750e+01 3.378599929809570312e+01
1.200000000000000000e+01 6.562500000000000000e-01 4.071300125122070312e+01 3.228200149536132812e+01 3.051300048828125000e+01
3.000000000000000000e+00 5.982142686843872070e-01 4.373199844360351562e+01 3.093000030517578125e+01 2.865500068664550781e+01
0.000000000000000000e+00 5.312500000000000000e-01 4.457600021362304688e+01 3.215499877929687500e+01 2.506900024414062500e+01
2.200000000000000000e+01 3.169642984867095947e-01 4.727999877929687500e+01 2.938299942016601562e+01 2.452000045776367188e+01
1.000000000000000000e+00 1.651785671710968018e-01 4.472399902343750000e+01 2.650399971008300781e+01 2.448999977111816406e+01
9.000000000000000000e+00 2.767857015132904053e-01 4.192100143432617188e+01 2.918600082397460938e+01 2.407200050354003906e+01
1.700000000000000000e+01 2.678571343421936035e-01 3.934600067138671875e+01 2.814100074768066406e+01 2.672100067138671875e+01
1.600000000000000000e+01 3.437500000000000000e-01 3.867800140380859375e+01 2.865500068664550781e+01 3.055299949645996094e+01
0.000000000000000000e+00 5.044642686843872070e-01 4.122399902343750000e+01 2.872200012207031250e+01 3.330400085449218750e+01
1.100000000000000000e+01 3.080357015132904053e-01 4.015499877929687500e+01 2.650000000000000000e+01 3.623500061035156250e+01
2.000000000000000000e+00 3.303571343421936035e-01 4.097100067138671875e+01 2.712199974060058594e+01 4.006000137329101562e+01
2.200000000000000000e+01 6.339285969734191895e-01 4.283200073242187500e+01 3.040900039672851562e+01 3.979700088500976562e+01
0.000000000000000000e+00 6.383928656578063965e-01 4.308900070190429688e+01 3.186100006103515625e+01 4.327399826049804688e+01
1.400000000000000000e+01 7.410714030265808105e-01 4.208900070190429688e+01 3.544499969482421875e+01 4.400299835205078125e+01
2.200000000000000000e+01 7.142857313156127930e-01 3.913100051879882812e+01 4.083200073242187500e+01 4.674599838256835938e+01
1.500000000000000000e+01 6.964285969734191895e-01 4.031499862670898438e+01 4.394900131225585938e+01 4.876100158691406250e+01
1.000000000000000000e+00 6.250000000000000000e-01 3.910599899291992188e+01 4.741199874877929688e+01 4.953300094604492188e+01
1.300000000000000000e+01 5.401785969734191895e-01 4.082899856567382812e+01 5.065999984741210938e+01 5.059500122070312500e+01
0.000000000000000000e+00 2.723214328289031982e-01 4.009099960327148438e+01 5.206999969482421875e+01 5.403099822998046875e+01
0.000000000000000000e+00 1.160714253783226013e-01 4.026599884033203125e+01 5.575500106811523438e+01 5.503799819946289062e+01
3.000000000000000000e+00 1.428571492433547974e-01 4.413199996948242188e+01 5.597200012207031250e+01 5.525999832153320312e+01
3.000000000000000000e+00 4.241071343421936035e-01 4.453699874877929688e+01 5.408399963378906250e+01 5.187699890136718750e+01
1.800000000000000000e+01 4.062500000000000000e-01 4.536999893188476562e+01 5.077600097656250000e+01 5.359700012207031250e+01
1.900000000000000000e+01 5.714285969734191895e-01 4.388399887084960938e+01 4.750999832153320312e+01 5.212099838256835938e+01
7.000000000000000000e+00 3.883928656578063965e-01 4.117300033569335938e+01 4.552999877929687500e+01 5.383900070190429688e+01
1.600000000000000000e+01 4.464285671710968018e-01 4.009700012207031250e+01 4.211199951171875000e+01 5.271699905395507812e+01
1.500000000000000000e+01 4.017857015132904053e-01 3.670800018310546875e+01 4.201499938964843750e+01 5.111800003051757812e+01
0.000000000000000000e+00 4.107142984867095947e-01 3.628900146484375000e+01 3.848099899291992188e+01 4.959500122070312500e+01
1.700000000000000000e+01 4.955357015132904053e-01 3.818899917602539062e+01 3.543899917602539062e+01 4.804000091552734375e+01
9.000000000000000000e+00 3.794642984867095947e-01 3.741500091552734375e+01 3.232300186157226562e+01 4.599700164794921875e+01
1.300000000000000000e+01 4.687500000000000000e-01 3.875400161743164062e+01 3.047599983215332031e+01 4.294900131225585938e+01
1.800000000000000000e+01 4.419642984867095947e-01 3.757500076293945312e+01 2.974500083923339844e+01 3.942800140380859375e+01
1.700000000000000000e+01 1.964285671710968018e-01 3.485100173950195312e+01 2.717499923706054688e+01 3.870899963378906250e+01
7.000000000000000000e+00 8.482142537832260132e-02 3.502700042724609375e+01 2.511499977111816406e+01 3.551100158691406250e+01
1.700000000000000000e+01 1.562500000000000000e-01 3.357099914550781250e+01 2.781599998474121094e+01 3.333399963378906250e+01
9.000000000000000000e+00 4.196428656578063965e-01 3.659600067138671875e+01 2.994199943542480469e+01 3.432799911499023438e+01
7.000000000000000000e+00 4.508928656578063965e-01 3.428799819946289062e+01 3.198299980163574219e+01 3.655400085449218750e+01
1.200000000000000000e+01 4.553571343421936035e-01 3.406700134277343750e+01 3.303200149536132812e+01 4.018399810791015625e+01
9.000000000000000000e+00 1.339285671710968018e-01 2.979700088500976562e+01 3.418600082397460938e+01 4.543999862670898438e+01
1.200000000000000000e+01 3.125000000000000000e-01 3.208700180053710938e+01 3.722800064086914062e+01 4.621200180053710938e+01
1.800000000000000000e+01 1.696428507566452026e-01 2.933699989318847656e+01 3.952399826049804688e+01 4.761800003051757812e+01
1.800000000000000000e+01 3.571428731083869934e-02 2.560300064086914062e+01 4.049200057983398438e+01 4.770299911499023438e+01
7.000000000000000000e+00 1.785714365541934967e-02 2.365299987792968750e+01 4.374300003051757812e+01 4.711800003051757812e+01
7.000000000000000000e+00 0.000000000000000000e+00 2.316099929809570312e+01 4.486600112915039062e+01 5.080599975585937500e+01
7.000000000000000000e+00 2.678571455180644989e-02 2.676399993896484375e+01 4.403900146484375000e+01 5.154700088500976562e+01
1.500000000000000000e+01 1.250000000000000000e-01 2.851899909973144531e+01 4.609700012207031250e+01 4.882500076293945312e+01
2.200000000000000000e+01 9.821428358554840088e-02 2.939800071716308594e+01 4.968799972534179688e+01 5.006200027465820312e+01
7.000000000000000000e+00 2.098214328289031982e-01 3.093899917602539062e+01 5.273799896240234375e+01 4.820999908447265625e+01
9.000000000000000000e+00 3.839285671710968018e-01 3.477500152587890625e+01 5.256800079345703125e+01 4.799700164794921875e+01
1.100000000000000000e+01 6.651785969734191895e-01 3.790800094604492188e+01 5.170000076293945312e+01 4.601300048828125000e+01
2.000000000000000000e+01 7.633928656578063965e-01 3.819400024414062500e+01 4.793199920654296875e+01 4.523400115966796875e+01
1.300000000000000000e+01 8.973214030265808105e-01 4.115299987792968750e+01 4.567399978637695312e+01 4.402999877929687500e+01
2.200000000000000000e+01 9.107142686843872070e-01 4.082400131225585938e+01 4.209700012207031250e+01 4.272700119018554688e+01
7.000000000000000000e+00 9.285714030265808105e-01 4.422399902343750000e+01 4.042800140380859375e+01 4.325799942016601562e+01
1.100000000000000000e+01 9.151785969734191895e-01 4.456700134277343750e+01 3.723500061035156250e+01 4.114300155639648438e+01
3.000000000000000000e+00 8.303571343421936035e-01 4.744499969482421875e+01 3.471799850463867188e+01 4.146900177001953125e+01
1.800000000000000000e+01 8.482142686843872070e-01 4.816099929809570312e+01 3.388600158691406250e+01 3.772399902343750000e+01
1.300000000000000000e+01 7.589285969734191895e-01 5.171400070190429688e+01 3.274900054931640625e+01 3.822900009155273438e+01
1.700000000000000000e+01 6.160714030265808105e-01 5.052099990844726562e+01 2.972400093078613281e+01 4.017499923706054688e+01
2.000000000000000000e+01 5.848214030265808105e-01 4.824300003051757812e+01 2.875200080871582031e+01 3.734999847412109375e+01
1.900000000000000000e+01 5.580357313156127930e-01 5.117200088500976562e+01 2.883200073242187500e+01 3.489899826049804688e+01
1.300000000000000000e+01 3.660714328289031982e-01 5.355199813842773438e+01 2.712899971008300781e+01 3.731399917602539062e+01
0.000000000000000000e+00 2.589285671710968018e-01 5.074599838256835938e+01 2.449699974060058594e+01 3.790599822998046875e+01
1.200000000000000000e+01 2.053571492433547974e-01 5.094400024414062500e+01 2.368799972534179688e+01 3.416099929809570312e+01
9.000000000000000000e+00 1.383928507566452026e-01 5.465000152587890625e+01 2.401499938964843750e+01 3.445399856567382812e+01
1.100000000000000000e+01 2.901785671710968018e-01 5.525500106811523438e+01 2.694300079345703125e+01 3.205500030517578125e+01
1.700000000000000000e+01 4.330357015132904053e-01 5.733700180053710938e+01 2.993400001525878906e+01 3.323699951171875000e+01
1.600000000000000000e+01 6.875000000000000000e-01 5.544100189208984375e+01 3.328799819946289062e+01 3.331200027465820312e+01
1.500000000000000000e+01 7.857142686843872070e-01 5.666099929809570312e+01 3.674100112915039062e+01 3.366999816894531250e+01
7.000000000000000000e+00 8.928571343421936035e-01 5.343799972534179688e+01 3.780400085449218750e+01 3.913899993896484375e+01
0.000000000000000000e+00 9.776785969734191895e-01 4.683800125122070312e+01 4.018199920654296875e+01 3.777600097656250000e+01
7.000000000000000000e+00 9.866071343421936035e-01 4.551699829101562500e+01 4.293199920654296875e+01 3.996200180053710938e+01
2.200000000000000000e+01 9.732142686843872070e-01 4.255699920654296875e+01 4.503699874877929688e+01 3.877099990844726562e+01
2.200000000000000000e+01 9.642857313156127930e-01 4.163800048828125000e+01 4.822600173950195312e+01 4.057099914550781250e+01
1.500000000000000000e+01 8.526785969734191895e-01 3.837900161743164062e+01 5.032500076293945312e+01 4.046799850463867188e+01
1.800000000000000000e+01 6.741071343421936035e-01 3.596200180053710938e+01 5.270000076293945312e+01 4.219900131225585938e+01
0.000000000000000000e+00 5.223214030265808105e-01 3.254499816894531250e+01 5.114500045776367188e+01 4.286700057983398438e+01
2.000000000000000000e+00 2.544642984867095947e-01 2.900000000000000000e+01 5.225000000000000000e+01 4.343199920654296875e+01
3.000000000000000000e+00 1.875000000000000000e-01 2.972500038146972656e+01 5.595299911499023438e+01 4.324900054931640625e+01
1.700000000000000000e+01 8.035714179277420044e-02 2.716799926757812500e+01 5.656299972534179688e+01 4.054700088500976562e+01
9.000000000000000000e+00 3.125000000000000000e-02 2.475099945068359375e+01 5.442200088500976562e+01 4.259799957275390625e+01
1.600000000000000000e+01 6.250000000000000000e-02 2.462999916076660156e+01 5.059899902343750000e+01 4.235400009155273438e+01
1.000000000000000000e+00 2.142857164144515991e-01 2.607500076293945312e+01 4.872499847412109375e+01 3.942900085449218750e+01
1.000000000000000000e+00 2.857142984867095947e-01 2.694599914550781250e+01 4.524100112915039062e+01 3.823300170898437500e+01
2.000000000000000000e+01 5.535714030265808105e-01 3.048699951171875000e+01 4.463800048828125000e+01 3.700000000000000000e+01
1.800000000000000000e+01 6.294642686843872070e-01 3.172400093078613281e+01 4.164099884033203125e+01 3.491299819946289062e+01
1.100000000000000000e+01 8.169642686843872070e-01 3.552399826049804688e+01 4.140299987792968750e+01 3.461700057983398438e+01
0.000000000000000000e+00 8.080357313156127930e-01 3.714899826049804688e+01 3.922100067138671875e+01 3.188500022888183594e+01
0.000000000000000000e+00 9.017857313156127930e-01 4.089899826049804688e+01 3.849000167846679688e+01 3.213399887084960938e+01
1.200000000000000000e+01 8.214285969734191895e-01 4.274200057983398438e+01 3.653499984741210938e+01 2.933300018310546875e+01
1.200000000000000000e+01 8.348214030265808105e-01 4.621699905395507812e+01 3.515700149536132812e+01 3.010199928283691406e+01
1.700000000000000000e+01 7.321428656578063965e-01 4.938399887084960938e+01 3.419800186157226562e+01 2.822800064086914062e+01
1.600000000000000000e+01 7.008928656578063965e-01 5.293399810791015625e+01 3.363499832153320312e+01 2.970499992370605469e+01
2.000000000000000000e+01 8.035714030265808105e-01 5.414400100708007812e+01 3.718399810791015625e+01 2.903199958801269531e+01
1.700000000000000000e+01 8.883928656578063965e-01 5.078799819946289062e+01 3.913800048828125000e+01 2.852599906921386719e+01
2.000000000000000000e+01 9.508928656578063965e-01 4.727099990844726562e+01 3.974800109863281250e+01 2.980800056457519531e+01
1.700000000000000000e+01 9.330357313156127930e-01 4.414599990844726562e+01 4.138600158691406250e+01 2.846299934387207031e+01
1.800000000000000000e+01 9.553571343421936035e-01 4.159400177001953125e+01 4.276499938964843750e+01 3.087899971008300781e+01
1.800000000000000000e+01 8.616071343421936035e-01 3.815000152587890625e+01 4.411100006103515625e+01 2.995199966430664062e+01
0.000000000000000000e+00 7.901785969734191895e-01 3.509799957275390625e+01 4.500999832153320312e+01 3.197900009155273438e+01
2.200000000000000000e+01 5.669642686843872070e-01 3.122699928283691406e+01 4.536199951171875000e+01 3.132900047302246094e+01
2.200000000000000000e+01 4.732142984867095947e-01 2.941799926757812500e+01 4.772900009155273438e+01 3.382799911499023438e+01
1.800000000000000000e+01 1.741071492433547974e-01 2.551700019836425781e+01 4.743999862670898438e+01 3.379999923706054688e+01
2.000000000000000000e+00 4.464285820722579956e-02 2.278800010681152344e+01 4.917800140380859375e+01 3.579700088500976562e+01
1.600000000000000000e+01 1.339285727590322495e-02 2.044799995422363281e+01 4.669300079345703125e+01 3.779199981689453125e+01
5.000000000000000000e+00 9.375000000000000000e-02 6.821499633789062500e+01 4.997700119018554688e+01 2.775099945068359375e+01
1.600000000000000000e+01 2.232142835855484009e-01 6.743900299072265625e+01 4.754899978637695312e+01 3.061100006103515625e+01
1.200000000000000000e+01 5.000000000000000000e-01 6.376900100708007812e+01 4.845600128173828125e+01 3.138299942016601562e+01
1.400000000000000000e+01 5.491071343421936035e-01 6.141899871826171875e+01 5.027199935913085938e+01 2.908499908447265625e+01
2.200000000000000000e+01 7.098214030265808105e-01 5.774100112915039062e+01 5.100600051879882812e+01 2.923299980163574219e+01
1.300000000000000000e+01 6.517857313156127930e-01 5.623600006103515625e+01 5.160699844360351562e+01 2.572900009155273438e+01
2.200000000000000000e+01 7.053571343421936035e-01 5.259199905395507812e+01 5.289899826049804688e+01 2.588699913024902344e+01
1.200000000000000000e+01 6.473214030265808105e-01 4.990399932861328125e+01 5.273099899291992188e+01 2.307900047302246094e+01
3.000000000000000000e+00 6.026785969734191895e-01 4.638700103759765625e+01 5.414300155639648438e+01 2.271699905395507812e+01
0.000000000000000000e+00 5.625000000000000000e-01 4.370199966430664062e+01 5.202799987792968750e+01 2.138500022888183594e+01
2.200000000000000000e+01 3.616071343421936035e-01 4.114699935913085938e+01 5.488000106811523438e+01 2.102300071716308594e+01
1.000000000000000000e+00 1.919642835855484009e-01 4.313000106811523438e+01 5.712200164794921875e+01 1.844599914550781250e+01
9.000000000000000000e+00 2.276785671710968018e-01 4.535599899291992188e+01 5.413999938964843750e+01 1.721500015258789062e+01
1.700000000000000000e+01 2.321428507566452026e-01 4.869200134277343750e+01 5.584000015258789062e+01 1.812899971008300781e+01
1.600000000000000000e+01 3.258928656578063965e-01 5.145500183105468750e+01 5.590200042724609375e+01 2.068300056457519531e+01
0.000000000000000000e+00 4.910714328289031982e-01 5.052500152587890625e+01 5.757500076293945312e+01 2.395800018310546875e+01
1.100000000000000000e+01 2.946428656578063965e-01 5.190900039672851562e+01 6.099399948120117188e+01 2.508499908447265625e+01
2.000000000000000000e+00 3.214285671710968018e-01 5.246500015258789062e+01 6.209600067138671875e+01 2.870000076293945312e+01
2.200000000000000000e+01 6.428571343421936035e-01 5.125099945068359375e+01 5.879399871826171875e+01 3.047400093078613281e+01
0.000000000000000000e+00 6.696428656578063965e-01 5.253200149536132812e+01 5.889699935913085938e+01 3.395999908447265625e+01
1.400000000000000000e+01 7.767857313156127930e-01 5.385599899291992188e+01 5.595800018310546875e+01 3.597299957275390625e+01
2.200000000000000000e+01 7.366071343421936035e-01 5.814300155639648438e+01 5.205099868774414062e+01 3.931800079345703125e+01
1.500000000000000000e+01 7.232142686843872070e-01 5.813199996948242188e+01 5.016999816894531250e+01 4.269599914550781250e+01
1.000000000000000000e+00 6.116071343421936035e-01 6.075799942016601562e+01 4.784600067138671875e+01 4.427700042724609375e+01
1.300000000000000000e+01 5.089285969734191895e-01 6.026900100708007812e+01 4.576399993896484375e+01 4.745700073242187500e+01
0.000000000000000000e+00 2.500000000000000000e-01 6.197999954223632812e+01 4.671500015258789062e+01 5.078499984741210938e+01
0.000000000000000000e+00 7.142857462167739868e-02 6.390599822998046875e+01 4.400500106811523438e+01 5.276399993896484375e+01
3.000000000000000000e+00 1.116071417927742004e-01 6.064300155639648438e+01 4.290000152587890625e+01 5.444200134277343750e+01
3.000000000000000000e+00 3.482142984867095947e-01 5.864500045776367188e+01 4.265999984741210938e+01 5.123500061035156250e+01
1.800000000000000000e+01 4.375000000000000000e-01 5.688199996948242188e+01 4.612799835205078125e+01 5.160499954223632812e+01
1.900000000000000000e+01 5.937500000000000000e-01 5.694100189208984375e+01 4.852099990844726562e+01 4.858499908447265625e+01
7.000000000000000000e+00 4.642857015132904053e-01 5.874800109863281250e+01 5.163399887084960938e+01 4.827899932861328125e+01
1.600000000000000000e+01 5.178571343421936035e-01 5.891799926757812500e+01 5.384400177001953125e+01 4.503499984741210938e+01
1.500000000000000000e+01 3.392857015132904053e-01 6.231499862670898438e+01 5.429600143432617188e+01 4.330099868774414062e+01
0.000000000000000000e+00 3.973214328289031982e-01 6.170899963378906250e+01 5.579800033569335938e+01 3.993799972534179688e+01
1.700000000000000000e+01 4.821428656578063965e-01 5.909199905395507812e+01 5.814199829101562500e+01 3.823899841308593750e+01
9.000000000000000000e+00 4.151785671710968018e-01 5.830899810791015625e+01 5.965800094604492188e+01 3.478599929809570312e+01
1.300000000000000000e+01 4.866071343421936035e-01 5.583599853515625000e+01 6.006999969482421875e+01 3.203799819946289062e+01
1.800000000000000000e+01 4.598214328289031982e-01 5.583300018310546875e+01 5.886800003051757812e+01 2.837999916076660156e+01
1.700000000000000000e+01 2.008928507566452026e-01 5.770899963378906250e+01 6.081800079345703125e+01 2.567399978637695312e+01
7.000000000000000000e+00 7.589285820722579956e-02 5.622900009155273438e+01 6.190599822998046875e+01 2.232399940490722656e+01
1.700000000000000000e+01 1.205357164144515991e-01 5.674800109863281250e+01 5.849000167846679688e+01 2.053599929809570312e+01
9.000000000000000000e+00 3.705357015132904053e-01 5.507600021362304688e+01 5.652199935913085938e+01 2.330900001525878906e+01
7.000000000000000000e+00 3.750000000000000000e-01 5.835699844360351562e+01 5.545999908447265625e+01 2.503300094604492188e+01
1.200000000000000000e+01 4.776785671710968018e-01 5.932699966430664062e+01 5.599399948120117188e+01 2.870400047302246094e+01
9.000000000000000000e+00 1.785714328289031982e-01 6.523200225830078125e+01 5.665800094604492188e+01 3.236899948120117188e+01
1.200000000000000000e+01 3.526785671710968018e-01 6.368000030517578125e+01 5.432699966430664062e+01 3.488299942016601562e+01
1.800000000000000000e+01 2.410714328289031982e-01 6.681600189208984375e+01 5.233399963378906250e+01 3.586399841308593750e+01
1.800000000000000000e+01 5.803571268916130066e-02 7.051999664306640625e+01 5.194499969482421875e+01 3.493500137329101562e+01
7.000000000000000000e+00 2.232142910361289978e-02 7.273500061035156250e+01 4.887799835205078125e+01 3.409099960327148438e+01
7.000000000000000000e+00 4.464285913854837418e-03 7.450700378417968750e+01 4.913399887084960938e+01 3.748899841308593750e+01
7.000000000000000000e+00 4.910714179277420044e-02 7.108300018310546875e+01 4.947100067138671875e+01 3.911899948120117188e+01
1.500000000000000000e+01 1.517857164144515991e-01 6.922299957275390625e+01 4.664099884033203125e+01 3.741500091552734375e+01
2.200000000000000000e+01 1.294642835855484009e-01 6.936100006103515625e+01 4.347999954223632812e+01 3.947499847412109375e+01
7.000000000000000000e+00 2.455357164144515991e-01 6.718900299072265625e+01 4.046699905395507812e+01 4.045100021362304688e+01
9.000000000000000000e+00 4.285714328289031982e-01 6.399800109863281250e+01 4.116500091552734375e+01 4.237300109863281250e+01
1.100000000000000000e+01 6.785714030265808105e-01 6.028300094604492188e+01 4.172000122070312500e+01 4.220700073242187500e+01
2.000000000000000000e+01 7.723214030265808105e-01 5.929299926757812500e+01 4.512400054931640625e+01 4.072200012207031250e+01
1.300000000000000000e+01 9.062500000000000000e-01 5.597900009155273438e+01 4.683100128173828125e+01 3.987799835205078125e+01
2.200000000000000000e+01 9.196428656578063965e-01 5.506299972534179688e+01 4.954499816894531250e+01 3.733399963378906250e+01
7.000000000000000000e+00 9.464285969734191895e-01 5.190800094604492188e+01 5.159199905395507812e+01 3.825400161743164062e+01
1.100000000000000000e+01 9.241071343421936035e-01 5.049499893188476562e+01 5.333700180053710938e+01 3.523899841308593750e+01
3.000000000000000000e+00 8.437500000000000000e-01 4.801100158691406250e+01 5.628900146484375000e+01 3.596200180053710938e+01
1.800000000000000000e+01 8.571428656578063965e-01 4.565399932861328125e+01 5.550999832153320312e+01 3.302199935913085938e+01
1.300000000000000000e+01 7.678571343421936035e-01 4.261999893188476562e+01 5.718199920654296875e+01 3.459400177001953125e+01
1.700000000000000000e+01 6.071428656578063965e-01 4.423600006103515625e+01 6.074499893188476562e+01 3.418600082397460938e+01
2.000000000000000000e+01 5.892857313156127930e-01 4.509600067138671875e+01 6.011199951171875000e+01 3.047999954223632812e+01
1.900000000000000000e+01 5.357142686843872070e-01 4.138499832153320312e+01 5.953799819946289062e+01 2.977400016784667969e+01
1.300000000000000000e+01 3.348214328289031982e-01 4.006900024414062500e+01 6.236800003051757812e+01 3.195199966430664062e+01
0.000000000000000000e+00 2.187500000000000000e-01 4.249700164794921875e+01 6.494100189208984375e+01 3.035000038146972656e+01
1.200000000000000000e+01 1.607142835855484009e-01 4.090900039672851562e+01 6.394400024414062500e+01 2.689399909973144531e+01
9.000000000000000000e+00 8.928571641445159912e-02 3.743999862670898438e+01 6.464600372314453125e+01 2.846500015258789062e+01
1.100000000000000000e+01 2.812500000000000000e-01 3.677199935913085938e+01 6.089300155639648438e+01 2.841300010681152344e+01
1.700000000000000000e+01 3.571428656578063965e-01 3.533900070190429688e+01 5.914899826049804688e+01 3.152300071716308594e+01
1.600000000000000000e+01 6.607142686843872070e-01 3.725299835205078125e+01 5.583300018310546875e+01 3.230300140380859375e+01
1.500000000000000000e+01 7.544642686843872070e-01 3.652299880981445312e+01 5.267800140380859375e+01 3.423699951171875000e+01
7.000000000000000000e+00 8.750000000000000000e-01 4.179999923706054688e+01 5.375899887084960938e+01 3.818600082397460938e+01
0.000000000000000000e+00 9.910714030265808105e-01 4.694100189208984375e+01 4.953099822998046875e+01 3.548799896240234375e+01
7.000000000000000000e+00 9.955357313156127930e-01 4.934299850463867188e+01 4.800799942016601562e+01 3.795299911499023438e+01
2.200000000000000000e+01 9.821428656578063965e-01 5.178099822998046875e+01 4.555300140380859375e+01 3.642399978637695312e+01
2.200000000000000000e+01 9.687500000000000000e-01 5.393600082397460938e+01 4.319100189208984375e+01 3.864599990844726562e+01
1.500000000000000000e+01 8.705357313156127930e-01 5.696099853515625000e+01 4.117300033569335938e+01 3.763700103759765625e+01
1.800000000000000000e+01 6.919642686843872070e-01 6.014199829101562500e+01 3.919900131225585938e+01 3.855899810791015625e+01
0.000000000000000000e+00 5.446428656578063965e-01 6.331800079345703125e+01 4.061600112915039062e+01 3.683599853515625000e+01
2.000000000000000000e+00 2.991071343421936035e-01 6.591400146484375000e+01 3.809600067138671875e+01 3.553099822998046875e+01
3.000000000000000000e+00 3.035714328289031982e-01 6.415399932861328125e+01 3.486899948120117188e+01 3.667699813842773438e+01
1.700000000000000000e+01 1.071428582072257996e-01 6.626399993896484375e+01 3.244200134277343750e+01 3.449800109863281250e+01
9.000000000000000000e+00 5.357142910361289978e-02 6.915100097656250000e+01 3.470299911499023438e+01 3.339599990844726562e+01
1.600000000000000000e+01 6.696428358554840088e-02 6.980300140380859375e+01 3.845700073242187500e+01 3.240599822998046875e+01
1.000000000000000000e+00 1.830357164144515991e-01 6.745300292968750000e+01 3.996400070190429688e+01 2.987100028991699219e+01
1.000000000000000000e+00 2.633928656578063965e-01 6.638099670410156250e+01 4.327500152587890625e+01 2.830999946594238281e+01
2.000000000000000000e+01 5.267857313156127930e-01 6.274200057983398438e+01 4.416699981689453125e+01 2.890999984741210938e+01
1.800000000000000000e+01 6.205357313156127930e-01 6.025099945068359375e+01 4.633300018310546875e+01 2.689699935913085938e+01
1.100000000000000000e+01 8.125000000000000000e-01 5.682500076293945312e+01 4.640800094604492188e+01 2.869099998474121094e+01
0.000000000000000000e+00 7.946428656578063965e-01 5.423500061035156250e+01 4.713899993896484375e+01 2.583399963378906250e+01
0.000000000000000000e+00 8.839285969734191895e-01 5.086700057983398438e+01 4.841099929809570312e+01 2.706999969482421875e+01
1.200000000000000000e+01 8.258928656578063965e-01 4.759899902343750000e+01 4.909799957275390625e+01 2.523800086975097656e+01
1.200000000000000000e+01 8.392857313156127930e-01 4.517399978637695312e+01 5.148099899291992188e+01 2.678899955749511719e+01
1.700000000000000000e+01 7.455357313156127930e-01 4.134400177001953125e+01 5.206000137329101562e+01 2.641300010681152344e+01
1.600000000000000000e+01 7.187500000000000000e-01 3.863000106811523438e+01 5.337400054931640625e+01 2.891799926757812500e+01
2.000000000000000000e+01 7.812500000000000000e-01 3.707099914550781250e+01 4.990000152587890625e+01 2.976899909973144531e+01
1.700000000000000000e+01 8.794642686843872070e-01 4.013299942016601562e+01 4.779399871826171875e+01 2.886700057983398438e+01
2.000000000000000000e+01 9.419642686843872070e-01 4.371200180053710938e+01 4.741600036621093750e+01 2.873399925231933594e+01
1.700000000000000000e+01 9.375000000000000000e-01 4.620999908447265625e+01 4.504999923706054688e+01 2.740900039672851562e+01
1.800000000000000000e+01 9.598214030265808105e-01 4.975699996948242188e+01 4.461600112915039062e+01 2.869000053405761719e+01
1.800000000000000000e+01 8.660714030265808105e-01 5.243899917602539062e+01 4.244400024414062500e+01 2.690800094604492188e+01
0.000000000000000000e+00 7.991071343421936035e-01 5.622900009155273438e+01 4.191400146484375000e+01 2.784900093078613281e+01
2.200000000000000000e+01 5.803571343421936035e-01 5.891999816894531250e+01 4.168000030517578125e+01 2.501600074768066406e+01
2.200000000000000000e+01 3.928571343421936035e-01 6.206999969482421875e+01 3.994900131225585938e+01 2.617000007629394531e+01
1.800000000000000000e+01 1.473214328289031982e-01 6.535199737548828125e+01 4.007400131225585938e+01 2.433300018310546875e+01
2.000000000000000000e+00 4.017857089638710022e-02 6.844799804687500000e+01 3.813600158691406250e+01 2.541200065612792969e+01
1.600000000000000000e+01 8.928571827709674835e-03 7.152300262451171875e+01 4.048699951171875000e+01 2.500600051879882812e+01
