5.000000000000000000e+00 7.142857462167739868e-02 2.435300064086914062e+01 3.792200088500976562e+01 4.041600036621093750e+01
1.600000000000000000e+01 1.830357164144515991e-01 2.611100006103515625e+01 4.137500000000000000e+01 4.066899871826171875e+01
1.200000000000000000e+01 4.464285671710968018e-01 2.993400001525878906e+01 4.058399963378906250e+01 4.090999984741210938e+01
1.400000000000000000e+01 5.312500000000000000e-01 3.160899925231933594e+01 3.797299957275390625e+01 3.870600128173828125e+01
2.200000000000000000e+01 7.053571343421936035e-01 3.528300094604492188e+01 3.722800064086914062e+01 3.775099945068359375e+01
1.300000000000000000e+01 6.919642686843872070e-01 3.606000137329101562e+01 3.556900024414062500e+01 3.453599929809570312e+01
2.200000000000000000e+01 7.500000000000000000e-01 3.962799835205078125e+01 3.424499893188476562e+01 3.383499908447265625e+01
1.200000000000000000e+01 6.830357313156127930e-01 4.055300140380859375e+01 3.285100173950195312e+01 3.034199905395507812e+01
3.000000000000000000e+00 6.250000000000000000e-01 4.391799926757812500e+01 3.167099952697753906e+01 2.863800048828125000e+01
0.000000000000000000e+00 5.625000000000000000e-01 4.471099853515625000e+01 3.241699981689453125e+01 2.500399971008300781e+01
2.200000000000000000e+01 3.839285671710968018e-01 4.745999908447265625e+01 2.975600051879882812e+01 2.486700057983398438e+01
1.000000000000000000e+00 2.008928507566452026e-01 4.514899826049804688e+01 2.686599922180175781e+01 2.478199958801269531e+01
9.000000000000000000e+00 2.812500000000000000e-01 4.224700164794921875e+01 2.932099914550781250e+01 2.403199958801269531e+01
1.700000000000000000e+01 2.723214328289031982e-01 4.030400085449218750e+01 2.800399971008300781e+01 2.700600051879882812e+01
1.600000000000000000e+01 3.794642984867095947e-01 3.926100158691406250e+01 2.865999984741210938e+01 3.049500083923339844e+01
0.000000000000000000e+00 5.892857313156127930e-01 4.202600097656250000e+01 2.954800033569335938e+01 3.298199844360351562e+01
1.100000000000000000e+01 4.017857015132904053e-01 4.135400009155273438e+01 2.703599929809570312e+01 3.561299896240234375e+01
2.000000000000000000e+00 4.062500000000000000e-01 4.201800155639648438e+01 2.716900062561035156e+01 3.939300155639648438e+01
2.200000000000000000e+01 6.696428656578063965e-01 4.331499862670898438e+01 3.079800033569335938e+01 3.965100097656250000e+01
0.000000000000000000e+00 6.651785969734191895e-01 4.328300094604492188e+01 3.209199905395507812e+01 4.318899917602539062e+01
1.400000000000000000e+01 7.678571343421936035e-01 4.257799911499023438e+01 3.563399887084960938e+01 4.401200103759765625e+01
2.200000000000000000e+01 7.187500000000000000e-01 3.937699890136718750e+01 4.074800109863281250e+01 4.705699920654296875e+01
1.500000000000000000e+01 6.562500000000000000e-01 3.944599914550781250e+01 4.366699981689453125e+01 4.956100082397460938e+01
1.000000000000000000e+00 5.580357313156127930e-01 3.736100006103515625e+01 4.683599853515625000e+01 5.006999969482421875e+01
1.300000000000000000e+01 4.419642984867095947e-01 3.849300003051757812e+01 5.021699905395507812e+01 5.168299865722656250e+01
0.000000000000000000e+00 1.517857164144515991e-01 3.717900085449218750e+01 5.101699829101562500e+01 5.527299880981445312e+01
0.000000000000000000e+00 4.464285820722579956e-02 3.608000183105468750e+01 5.422800064086914062e+01 5.689099884033203125e+01
3.000000000000000000e+00 5.803571268916130066e-02 3.977500152587890625e+01 5.512500000000000000e+01 5.776599884033203125e+01
3.000000000000000000e+00 2.455357164144515991e-01 4.077099990844726562e+01 5.401100158691406250e+01 5.416699981689453125e+01
1.800000000000000000e+01 2.633928656578063965e-01 4.229100036621093750e+01 5.074900054931640625e+01 5.544400024414062500e+01
1.900000000000000000e+01 4.821428656578063965e-01 4.180699920654296875e+01 4.781100082397460938e+01 5.319499969482421875e+01
7.000000000000000000e+00 3.125000000000000000e-01 3.941400146484375000e+01 4.521699905395507812e+01 5.475099945068359375e+01
1.600000000000000000e+01 3.526785671710968018e-01 3.898899841308593750e+01 4.158700180053710938e+01 5.341600036621093750e+01
1.500000000000000000e+01 3.437500000000000000e-01 3.576699829101562500e+01 4.119599914550781250e+01 5.144900131225585938e+01
0.000000000000000000e+00 4.330357015132904053e-01 3.610499954223632812e+01 3.801300048828125000e+01 4.927299880981445312e+01
1.700000000000000000e+01 5.267857313156127930e-01 3.858399963378906250e+01 3.544599914550781250e+01 4.779100036621093750e+01
9.000000000000000000e+00 4.598214328289031982e-01 3.865499877929687500e+01 3.209899902343750000e+01 4.599100112915039062e+01
1.300000000000000000e+01 4.866071343421936035e-01 3.984500122070312500e+01 3.011800003051757812e+01 4.291099929809570312e+01
1.800000000000000000e+01 4.955357015132904053e-01 3.827399826049804688e+01 2.994300079345703125e+01 3.934700012207031250e+01
1.700000000000000000e+01 2.276785671710968018e-01 3.609799957275390625e+01 2.699300003051757812e+01 3.820000076293945312e+01
7.000000000000000000e+00 1.205357164144515991e-01 3.651100158691406250e+01 2.485499954223632812e+01 3.506800079345703125e+01
1.700000000000000000e+01 1.651785671710968018e-01 3.428400039672851562e+01 2.730699920654296875e+01 3.281800079345703125e+01
9.000000000000000000e+00 4.553571343421936035e-01 3.693700027465820312e+01 2.996899986267089844e+01 3.388399887084960938e+01
7.000000000000000000e+00 4.642857015132904053e-01 3.462200164794921875e+01 3.184499931335449219e+01 3.629299926757812500e+01
1.200000000000000000e+01 4.732142984867095947e-01 3.443500137329101562e+01 3.272299957275390625e+01 4.001900100708007812e+01
9.000000000000000000e+00 1.294642835855484009e-01 2.918400001525878906e+01 3.419200134277343750e+01 4.481399917602539062e+01
1.200000000000000000e+01 3.169642984867095947e-01 3.161700057983398438e+01 3.692200088500976562e+01 4.593099975585937500e+01
1.800000000000000000e+01 1.473214328289031982e-01 2.871899986267089844e+01 3.901699829101562500e+01 4.733700180053710938e+01
1.800000000000000000e+01 3.571428731083869934e-02 2.485700035095214844e+01 3.927799987792968750e+01 4.754700088500976562e+01
7.000000000000000000e+00 1.785714365541934967e-02 2.295400047302246094e+01 4.247800064086914062e+01 4.632400131225585938e+01
7.000000000000000000e+00 0.000000000000000000e+00 2.170299911499023438e+01 4.327700042724609375e+01 5.001800155639648438e+01
7.000000000000000000e+00 1.339285727590322495e-02 2.533200073242187500e+01 4.300999832153320312e+01 5.136399841308593750e+01
1.500000000000000000e+01 9.821428358554840088e-02 2.700300025939941406e+01 4.500699996948242188e+01 4.857699966430664062e+01
2.200000000000000000e+01 1.026785746216773987e-01 2.789800071716308594e+01 4.870199966430664062e+01 4.916600036621093750e+01
7.000000000000000000e+00 1.696428507566452026e-01 2.945299911499023438e+01 5.188399887084960938e+01 4.769699859619140625e+01
9.000000000000000000e+00 3.660714328289031982e-01 3.322399902343750000e+01 5.140200042724609375e+01 4.787500000000000000e+01
1.100000000000000000e+01 6.071428656578063965e-01 3.673600006103515625e+01 5.150699996948242188e+01 4.664099884033203125e+01
2.000000000000000000e+01 7.321428656578063965e-01 3.779100036621093750e+01 4.796599960327148438e+01 4.590599822998046875e+01
1.300000000000000000e+01 8.571428656578063965e-01 4.099800109863281250e+01 4.611299896240234375e+01 4.530899810791015625e+01
2.200000000000000000e+01 9.017857313156127930e-01 4.099300003051757812e+01 4.283800125122070312e+01 4.345600128173828125e+01
7.000000000000000000e+00 9.375000000000000000e-01 4.421900177001953125e+01 4.086199951171875000e+01 4.340000152587890625e+01
1.100000000000000000e+01 9.330357313156127930e-01 4.448899841308593750e+01 3.795800018310546875e+01 4.089500045776367188e+01
3.000000000000000000e+00 8.660714030265808105e-01 4.749700164794921875e+01 3.558499908447265625e+01 4.133100128173828125e+01
1.800000000000000000e+01 8.839285969734191895e-01 4.856000137329101562e+01 3.489799880981445312e+01 3.770299911499023438e+01
1.300000000000000000e+01 7.812500000000000000e-01 5.218600082397460938e+01 3.363000106811523438e+01 3.857799911499023438e+01
1.700000000000000000e+01 6.473214030265808105e-01 5.079399871826171875e+01 3.056500053405761719e+01 4.045800018310546875e+01
2.000000000000000000e+01 6.428571343421936035e-01 4.845399856567382812e+01 2.961499977111816406e+01 3.762200164794921875e+01
1.900000000000000000e+01 6.026785969734191895e-01 5.131800079345703125e+01 2.942499923706054688e+01 3.501300048828125000e+01
1.300000000000000000e+01 4.508928656578063965e-01 5.363800048828125000e+01 2.782799911499023438e+01 3.745000076293945312e+01
0.000000000000000000e+00 2.544642984867095947e-01 5.132300186157226562e+01 2.483399963378906250e+01 3.822399902343750000e+01
1.200000000000000000e+01 2.366071492433547974e-01 5.119699859619140625e+01 2.434799957275390625e+01 3.439099884033203125e+01
9.000000000000000000e+00 1.785714328289031982e-01 5.504199981689453125e+01 2.473200035095214844e+01 3.415000152587890625e+01
1.100000000000000000e+01 3.482142984867095947e-01 5.529600143432617188e+01 2.788299942016601562e+01 3.208499908447265625e+01
1.700000000000000000e+01 4.776785671710968018e-01 5.760499954223632812e+01 3.054199981689453125e+01 3.350500106811523438e+01
1.600000000000000000e+01 7.098214030265808105e-01 5.553799819946289062e+01 3.379800033569335938e+01 3.359700012207031250e+01
1.500000000000000000e+01 7.991071343421936035e-01 5.667599868774414062e+01 3.749399948120117188e+01 3.350899887084960938e+01
7.000000000000000000e+00 8.883928656578063965e-01 5.391600036621093750e+01 3.844400024414062500e+01 3.975799942016601562e+01
0.000000000000000000e+00 9.910714030265808105e-01 4.743399810791015625e+01 4.129600143432617188e+01 3.823300170898437500e+01
7.000000000000000000e+00 9.866071343421936035e-01 4.582699966430664062e+01 4.393399810791015625e+01 4.050600051879882812e+01
2.200000000000000000e+01 9.776785969734191895e-01 4.295700073242187500e+01 4.637400054931640625e+01 3.985200119018554688e+01
2.200000000000000000e+01 9.285714030265808105e-01 4.181499862670898438e+01 4.902799987792968750e+01 4.231600189208984375e+01
1.500000000000000000e+01 8.258928656578063965e-01 3.842300033569335938e+01 5.063899993896484375e+01 4.131800079345703125e+01
1.800000000000000000e+01 6.607142686843872070e-01 3.549499893188476562e+01 5.265599822998046875e+01 4.271500015258789062e+01
0.000000000000000000e+00 5.357142686843872070e-01 3.215900039672851562e+01 5.071699905395507812e+01 4.252700042724609375e+01
2.000000000000000000e+00 2.678571343421936035e-01 2.872100067138671875e+01 5.206299972534179688e+01 4.219300079345703125e+01
3.000000000000000000e+00 2.187500000000000000e-01 2.930200004577636719e+01 5.566500091552734375e+01 4.117399978637695312e+01
1.700000000000000000e+01 1.116071417927742004e-01 2.648399925231933594e+01 5.537900161743164062e+01 3.832899856567382812e+01
9.000000000000000000e+00 4.910714179277420044e-02 2.394599914550781250e+01 5.349499893188476562e+01 4.048099899291992188e+01
1.600000000000000000e+01 5.357142910361289978e-02 2.304500007629394531e+01 4.971900177001953125e+01 4.041099929809570312e+01
1.000000000000000000e+00 1.607142835855484009e-01 2.515800094604492188e+01 4.783499908447265625e+01 3.781499862670898438e+01
1.000000000000000000e+00 2.589285671710968018e-01 2.655299949645996094e+01 4.427099990844726562e+01 3.716099929809570312e+01
2.000000000000000000e+01 5.714285969734191895e-01 3.031800079345703125e+01 4.398500061035156250e+01 3.711000061035156250e+01
1.800000000000000000e+01 6.517857313156127930e-01 3.218500137329101562e+01 4.120000076293945312e+01 3.544699859619140625e+01
1.100000000000000000e+01 8.125000000000000000e-01 3.595199966430664062e+01 4.140599822998046875e+01 3.575500106811523438e+01
0.000000000000000000e+00 8.035714030265808105e-01 3.706600189208984375e+01 3.957099914550781250e+01 3.254100036621093750e+01
0.000000000000000000e+00 9.151785969734191895e-01 4.087099838256835938e+01 3.880500030517578125e+01 3.245299911499023438e+01
1.200000000000000000e+01 8.482142686843872070e-01 4.268899917602539062e+01 3.713199996948242188e+01 2.953300094604492188e+01
1.200000000000000000e+01 8.437500000000000000e-01 4.616299819946289062e+01 3.541199874877929688e+01 3.013500022888183594e+01
1.700000000000000000e+01 7.633928656578063965e-01 4.939400100708007812e+01 3.472900009155273438e+01 2.823100090026855469e+01
1.600000000000000000e+01 7.276785969734191895e-01 5.294100189208984375e+01 3.415299987792968750e+01 2.973699951171875000e+01
2.000000000000000000e+01 7.901785969734191895e-01 5.432699966430664062e+01 3.773899841308593750e+01 2.887100028991699219e+01
1.700000000000000000e+01 8.973214030265808105e-01 5.093500137329101562e+01 3.956600189208984375e+01 2.878100013732910156e+01
2.000000000000000000e+01 9.642857313156127930e-01 4.762500000000000000e+01 4.021300125122070312e+01 3.036800003051757812e+01
1.700000000000000000e+01 9.553571343421936035e-01 4.461299896240234375e+01 4.212200164794921875e+01 2.942900085449218750e+01
1.800000000000000000e+01 9.687500000000000000e-01 4.189699935913085938e+01 4.295800018310546875e+01 3.194799995422363281e+01
1.800000000000000000e+01 8.928571343421936035e-01 3.840599822998046875e+01 4.435699844360351562e+01 3.146899986267089844e+01
0.000000000000000000e+00 8.348214030265808105e-01 3.588600158691406250e+01 4.567699813842773438e+01 3.400199890136718750e+01
2.200000000000000000e+01 6.741071343421936035e-01 3.255899810791015625e+01 4.495199966430664062e+01 3.211399841308593750e+01
2.200000000000000000e+01 5.223214030265808105e-01 3.001899909973144531e+01 4.739599990844726562e+01 3.376300048828125000e+01
1.800000000000000000e+01 2.410714328289031982e-01 2.638699913024902344e+01 4.656700134277343750e+01 3.260100173950195312e+01
2.000000000000000000e+00 6.250000000000000000e-02 2.293400001525878906e+01 4.812599945068359375e+01 3.325400161743164062e+01
1.600000000000000000e+01 8.928571827709674835e-03 2.042700004577636719e+01 4.516799926757812500e+01 3.290299987792968750e+01
5.000000000000000000e+00 1.339285671710968018e-01 6.737999725341796875e+01 4.931499862670898438e+01 2.665099906921386719e+01
1.600000000000000000e+01 2.500000000000000000e-01 6.709700012207031250e+01 4.702799987792968750e+01 2.976499938964843750e+01
1.200000000000000000e+01 5.178571343421936035e-01 6.374000167846679688e+01 4.836800003051757812e+01 3.084499931335449219e+01
1.400000000000000000e+01 5.491071343421936035e-01 6.164899826049804688e+01 5.053099822998046875e+01 2.862299919128417969e+01
2.200000000000000000e+01 6.964285969734191895e-01 5.790499877929687500e+01 5.130799865722656250e+01 2.832600021362304688e+01
1.300000000000000000e+01 6.160714030265808105e-01 5.603499984741210938e+01 5.220399856567382812e+01 2.515800094604492188e+01
2.200000000000000000e+01 7.008928656578063965e-01 5.252899932861328125e+01 5.351599884033203125e+01 2.573399925231933594e+01
1.200000000000000000e+01 6.339285969734191895e-01 4.949599838256835938e+01 5.361199951171875000e+01 2.329899978637695312e+01
3.000000000000000000e+00 6.383928656578063965e-01 4.574900054931640625e+01 5.443199920654296875e+01 2.376300048828125000e+01
0.000000000000000000e+00 5.982142686843872070e-01 4.305799865722656250e+01 5.233900070190429688e+01 2.204899978637695312e+01
2.200000000000000000e+01 4.196428656578063965e-01 4.055099868774414062e+01 5.528499984741210938e+01 2.183200073242187500e+01
1.000000000000000000e+00 2.321428507566452026e-01 4.259099960327148438e+01 5.726100158691406250e+01 1.928499984741210938e+01
9.000000000000000000e+00 3.080357015132904053e-01 4.459600067138671875e+01 5.402399826049804688e+01 1.827599906921386719e+01
1.700000000000000000e+01 2.767857015132904053e-01 4.795999908447265625e+01 5.590000152587890625e+01 1.869499969482421875e+01
1.600000000000000000e+01 3.616071343421936035e-01 5.094400024414062500e+01 5.654499816894531250e+01 2.097200012207031250e+01
0.000000000000000000e+00 5.044642686843872070e-01 5.002500152587890625e+01 5.809000015258789062e+01 2.440999984741210938e+01
1.100000000000000000e+01 2.991071343421936035e-01 5.196099853515625000e+01 6.136000061035156250e+01 2.511100006103515625e+01
2.000000000000000000e+00 3.214285671710968018e-01 5.288700103759765625e+01 6.277600097656250000e+01 2.864399909973144531e+01
2.200000000000000000e+01 6.116071343421936035e-01 5.158900070190429688e+01 5.955799865722656250e+01 3.053899955749511719e+01
0.000000000000000000e+00 6.294642686843872070e-01 5.323199844360351562e+01 5.939599990844726562e+01 3.400899887084960938e+01
1.400000000000000000e+01 7.410714030265808105e-01 5.464300155639648438e+01 5.639699935913085938e+01 3.591199874877929688e+01
2.200000000000000000e+01 7.232142686843872070e-01 5.877999877929687500e+01 5.232400131225585938e+01 3.974100112915039062e+01
1.500000000000000000e+01 6.875000000000000000e-01 5.912099838256835938e+01 5.088700103759765625e+01 4.324499893188476562e+01
1.000000000000000000e+00 5.535714030265808105e-01 6.185900115966796875e+01 4.846099853515625000e+01 4.443199920654296875e+01
1.300000000000000000e+01 5.089285969734191895e-01 6.114199829101562500e+01 4.591600036621093750e+01 4.714400100708007812e+01
0.000000000000000000e+00 2.098214328289031982e-01 6.351200103759765625e+01 4.630300140380859375e+01 5.013600158691406250e+01
0.000000000000000000e+00 9.375000000000000000e-02 6.489199829101562500e+01 4.343799972534179688e+01 5.219400024414062500e+01
3.000000000000000000e+00 7.589285820722579956e-02 6.234899902343750000e+01 4.406100082397460938e+01 5.512099838256835938e+01
3.000000000000000000e+00 2.901785671710968018e-01 5.957799911499023438e+01 4.363999938964843750e+01 5.231100082397460938e+01
1.800000000000000000e+01 3.258928656578063965e-01 5.901200103759765625e+01 4.747600173950195312e+01 5.217599868774414062e+01
1.900000000000000000e+01 5.133928656578063965e-01 5.861199951171875000e+01 4.948500061035156250e+01 4.901699829101562500e+01
7.000000000000000000e+00 3.303571343421936035e-01 6.134199905395507812e+01 5.207099914550781250e+01 4.816099929809570312e+01
1.600000000000000000e+01 3.928571343421936035e-01 6.096500015258789062e+01 5.455799865722656250e+01 4.532500076293945312e+01
1.500000000000000000e+01 3.750000000000000000e-01 6.327899932861328125e+01 5.335900115966796875e+01 4.257600021362304688e+01
0.000000000000000000e+00 4.241071343421936035e-01 6.235499954223632812e+01 5.568399810791015625e+01 3.968500137329101562e+01
1.700000000000000000e+01 4.910714328289031982e-01 5.957099914550781250e+01 5.791299819946289062e+01 3.813999938964843750e+01
9.000000000000000000e+00 4.151785671710968018e-01 5.896699905395507812e+01 5.975699996948242188e+01 3.478599929809570312e+01
1.300000000000000000e+01 4.285714328289031982e-01 5.653200149536132812e+01 6.063100051879882812e+01 3.199099922180175781e+01
1.800000000000000000e+01 4.107142984867095947e-01 5.643099975585937500e+01 5.953200149536132812e+01 2.831900024414062500e+01
1.700000000000000000e+01 1.562500000000000000e-01 5.790700149536132812e+01 6.143799972534179688e+01 2.531299972534179688e+01
7.000000000000000000e+00 8.035714179277420044e-02 5.605300140380859375e+01 6.279800033569335938e+01 2.228199958801269531e+01
1.700000000000000000e+01 1.250000000000000000e-01 5.625799942016601562e+01 5.937200164794921875e+01 2.070999908447265625e+01
9.000000000000000000e+00 3.705357015132904053e-01 5.505599975585937500e+01 5.750899887084960938e+01 2.365500068664550781e+01
7.000000000000000000e+00 3.883928656578063965e-01 5.816899871826171875e+01 5.611000061035156250e+01 2.513199996948242188e+01
1.200000000000000000e+01 4.375000000000000000e-01 5.988000106811523438e+01 5.634999847412109375e+01 2.858300018310546875e+01
9.000000000000000000e+00 1.428571492433547974e-01 6.614600372314453125e+01 5.646500015258789062e+01 3.167600059509277344e+01
1.200000000000000000e+01 3.392857015132904053e-01 6.438099670410156250e+01 5.461899948120117188e+01 3.442699813842773438e+01
1.800000000000000000e+01 1.919642835855484009e-01 6.757299804687500000e+01 5.277700042724609375e+01 3.534400177001953125e+01
1.800000000000000000e+01 4.017857089638710022e-02 7.116999816894531250e+01 5.275799942016601562e+01 3.396300125122070312e+01
7.000000000000000000e+00 3.125000000000000000e-02 7.247899627685546875e+01 4.972200012207031250e+01 3.206900024414062500e+01
7.000000000000000000e+00 4.464285913854837418e-03 7.545400238037109375e+01 4.921200180053710938e+01 3.449000167846679688e+01
7.000000000000000000e+00 2.232142910361289978e-02 7.325700378417968750e+01 4.933100128173828125e+01 3.758599853515625000e+01
1.500000000000000000e+01 1.071428582072257996e-01 7.039399719238281250e+01 4.713600158691406250e+01 3.629100036621093750e+01
2.200000000000000000e+01 1.160714253783226013e-01 7.022000122070312500e+01 4.378699874877929688e+01 3.825199890136718750e+01
7.000000000000000000e+00 2.232142835855484009e-01 6.788700103759765625e+01 4.131900024414062500e+01 3.995500183105468750e+01
9.000000000000000000e+00 3.973214328289031982e-01 6.509100341796875000e+01 4.262799835205078125e+01 4.219400024414062500e+01
1.100000000000000000e+01 6.205357313156127930e-01 6.140499877929687500e+01 4.269699859619140625e+01 4.263899993896484375e+01
2.000000000000000000e+01 7.366071343421936035e-01 6.008100128173828125e+01 4.561700057983398438e+01 4.061399841308593750e+01
1.300000000000000000e+01 8.705357313156127930e-01 5.675299835205078125e+01 4.738999938964843750e+01 4.042200088500976562e+01
2.200000000000000000e+01 9.107142686843872070e-01 5.550899887084960938e+01 4.989799880981445312e+01 3.777500152587890625e+01
7.000000000000000000e+00 9.241071343421936035e-01 5.250999832153320312e+01 5.212400054931640625e+01 3.841799926757812500e+01
1.100000000000000000e+01 9.062500000000000000e-01 5.123799896240234375e+01 5.401300048828125000e+01 3.531100082397460938e+01
3.000000000000000000e+00 8.080357313156127930e-01 4.887900161743164062e+01 5.696200180053710938e+01 3.593999862670898438e+01
1.800000000000000000e+01 8.392857313156127930e-01 4.615599822998046875e+01 5.625400161743164062e+01 3.348099899291992188e+01
1.300000000000000000e+01 7.455357313156127930e-01 4.373899841308593750e+01 5.812799835205078125e+01 3.572000122070312500e+01
1.700000000000000000e+01 5.848214030265808105e-01 4.506399917602539062e+01 6.170999908447265625e+01 3.514199829101562500e+01
2.000000000000000000e+01 5.758928656578063965e-01 4.525299835205078125e+01 6.114400100708007812e+01 3.135199928283691406e+01
1.900000000000000000e+01 5.803571343421936035e-01 4.158399963378906250e+01 6.010900115966796875e+01 3.120599937438964844e+01
1.300000000000000000e+01 3.571428656578063965e-01 4.083000183105468750e+01 6.320800018310546875e+01 3.344200134277343750e+01
0.000000000000000000e+00 1.964285671710968018e-01 4.248300170898437500e+01 6.548999786376953125e+01 3.070899963378906250e+01
1.200000000000000000e+01 2.053571492433547974e-01 4.044800186157226562e+01 6.382300186157226562e+01 2.790600013732910156e+01
9.000000000000000000e+00 1.383928507566452026e-01 3.706200027465820312e+01 6.420300292968750000e+01 2.949799919128417969e+01
1.100000000000000000e+01 3.348214328289031982e-01 3.659999847412109375e+01 6.047200012207031250e+01 2.978300094604492188e+01
1.700000000000000000e+01 5.000000000000000000e-01 3.583399963378906250e+01 5.842800140380859375e+01 3.303400039672851562e+01
1.600000000000000000e+01 7.142857313156127930e-01 3.878699874877929688e+01 5.641600036621093750e+01 3.461500167846679688e+01
1.500000000000000000e+01 7.857142686843872070e-01 3.742599868774414062e+01 5.320600128173828125e+01 3.630300140380859375e+01
7.000000000000000000e+00 8.794642686843872070e-01 4.346099853515625000e+01 5.422200012207031250e+01 3.956999969482421875e+01
0.000000000000000000e+00 9.821428656578063965e-01 4.761000061035156250e+01 5.040200042724609375e+01 3.479700088500976562e+01
7.000000000000000000e+00 9.955357313156127930e-01 5.004800033569335938e+01 4.806800079345703125e+01 3.677899932861328125e+01
2.200000000000000000e+01 9.732142686843872070e-01 5.313000106811523438e+01 4.575500106811523438e+01 3.607699966430664062e+01
2.200000000000000000e+01 9.464285969734191895e-01 5.518299865722656250e+01 4.379199981689453125e+01 3.870600128173828125e+01
1.500000000000000000e+01 8.303571343421936035e-01 5.803200149536132812e+01 4.141699981689453125e+01 3.812799835205078125e+01
1.800000000000000000e+01 6.785714030265808105e-01 6.083100128173828125e+01 3.937900161743164062e+01 3.958300018310546875e+01
0.000000000000000000e+00 5.446428656578063965e-01 6.376800155639648438e+01 4.048699951171875000e+01 3.736000061035156250e+01
2.000000000000000000e+00 3.035714328289031982e-01 6.612899780273437500e+01 3.802500152587890625e+01 3.562500000000000000e+01
3.000000000000000000e+00 2.946428656578063965e-01 6.459100341796875000e+01 3.475999832153320312e+01 3.707600021362304688e+01
1.700000000000000000e+01 1.741071492433547974e-01 6.496600341796875000e+01 3.219300079345703125e+01 3.425999832153320312e+01
9.000000000000000000e+00 8.482142537832260132e-02 6.816300201416015625e+01 3.383700180053710938e+01 3.311800003051757812e+01
1.600000000000000000e+01 8.928571641445159912e-02 6.956099700927734375e+01 3.735100173950195312e+01 3.226100158691406250e+01
1.000000000000000000e+00 2.142857164144515991e-01 6.694599914550781250e+01 3.925099945068359375e+01 3.012100028991699219e+01
1.000000000000000000e+00 2.857142984867095947e-01 6.616100311279296875e+01 4.278300094604492188e+01 2.882999992370605469e+01
2.000000000000000000e+01 5.669642686843872070e-01 6.240499877929687500e+01 4.384199905395507812e+01 2.845800018310546875e+01
1.800000000000000000e+01 5.937500000000000000e-01 6.050999832153320312e+01 4.631000137329101562e+01 2.636700057983398438e+01
1.100000000000000000e+01 7.767857313156127930e-01 5.694599914550781250e+01 4.703599929809570312e+01 2.780500030517578125e+01
0.000000000000000000e+00 7.723214030265808105e-01 5.408000183105468750e+01 4.785800170898437500e+01 2.546299934387207031e+01
0.000000000000000000e+00 8.750000000000000000e-01 5.086000061035156250e+01 4.911700057983398438e+01 2.715800094604492188e+01
1.200000000000000000e+01 8.169642686843872070e-01 4.754700088500976562e+01 4.979100036621093750e+01 2.534300041198730469e+01
1.200000000000000000e+01 8.526785969734191895e-01 4.503400039672851562e+01 5.181600189208984375e+01 2.738500022888183594e+01
1.700000000000000000e+01 7.946428656578063965e-01 4.111000061035156250e+01 5.190399932861328125e+01 2.761599922180175781e+01
1.600000000000000000e+01 7.589285969734191895e-01 3.881200027465820312e+01 5.353099822998046875e+01 3.032900047302246094e+01
2.000000000000000000e+01 8.214285969734191895e-01 3.774700164794921875e+01 5.016899871826171875e+01 3.175499916076660156e+01
1.700000000000000000e+01 9.196428656578063965e-01 4.036500167846679688e+01 4.792699813842773438e+01 3.024799919128417969e+01
2.000000000000000000e+01 9.598214030265808105e-01 4.408800125122070312e+01 4.782799911499023438e+01 2.979400062561035156e+01
1.700000000000000000e+01 9.419642686843872070e-01 4.624100112915039062e+01 4.543899917602539062e+01 2.773399925231933594e+01
1.800000000000000000e+01 9.508928656578063965e-01 5.008000183105468750e+01 4.500400161743164062e+01 2.845599937438964844e+01
1.800000000000000000e+01 8.616071343421936035e-01 5.281299972534179688e+01 4.293299865722656250e+01 2.705500030517578125e+01
0.000000000000000000e+00 7.544642686843872070e-01 5.666299819946289062e+01 4.273500061035156250e+01 2.696500015258789062e+01
2.200000000000000000e+01 5.401785969734191895e-01 5.918000030517578125e+01 4.211100006103515625e+01 2.410000038146972656e+01
2.200000000000000000e+01 4.687500000000000000e-01 6.156900024414062500e+01 4.002500152587890625e+01 2.618099975585937500e+01
1.800000000000000000e+01 1.875000000000000000e-01 6.493199920654296875e+01 3.905799865722656250e+01 2.487800025939941406e+01
2.000000000000000000e+00 6.696428358554840088e-02 6.818199920654296875e+01 3.765800094604492188e+01 2.615999984741210938e+01
1.600000000000000000e+01 2.678571455180644989e-02 7.101300048828125000e+01 4.019400024414062500e+01 2.642700004577636719e+01
