5.000000000000000000e+00 1.071428582072257996e-01 2.559799957275390625e+01 3.897100067138671875e+01 4.090800094604492188e+01
1.600000000000000000e+01 2.544642984867095947e-01 2.735400009155273438e+01 4.237200164794921875e+01 4.179299926757812500e+01
1.200000000000000000e+01 5.267857313156127930e-01 3.093799972534179688e+01 4.154000091552734375e+01 4.111199951171875000e+01
1.400000000000000000e+01 5.446428656578063965e-01 3.177199935913085938e+01 3.845299911499023438e+01 3.886999893188476562e+01
2.200000000000000000e+01 7.187500000000000000e-01 3.540900039672851562e+01 3.770700073242187500e+01 3.802199935913085938e+01
1.300000000000000000e+01 6.919642686843872070e-01 3.624000167846679688e+01 3.562900161743164062e+01 3.485499954223632812e+01
2.200000000000000000e+01 7.366071343421936035e-01 3.951100158691406250e+01 3.413399887084960938e+01 3.350199890136718750e+01
1.200000000000000000e+01 6.651785969734191895e-01 4.026100158691406250e+01 3.290399932861328125e+01 3.003800010681152344e+01
3.000000000000000000e+00 6.071428656578063965e-01 4.335699844360351562e+01 3.111499977111816406e+01 2.875399971008300781e+01
0.000000000000000000e+00 5.580357313156127930e-01 4.501300048828125000e+01 3.223500061035156250e+01 2.554100036621093750e+01
2.200000000000000000e+01 3.794642984867095947e-01 4.750500106811523438e+01 2.943199920654296875e+01 2.528199958801269531e+01
1.000000000000000000e+00 2.098214328289031982e-01 4.491799926757812500e+01 2.655200004577636719e+01 2.528000068664550781e+01
9.000000000000000000e+00 2.678571343421936035e-01 4.214099884033203125e+01 2.896899986267089844e+01 2.414999961853027344e+01
1.700000000000000000e+01 2.723214328289031982e-01 3.939300155639648438e+01 2.839999961853027344e+01 2.667399978637695312e+01
1.600000000000000000e+01 3.839285671710968018e-01 3.837699890136718750e+01 2.925399971008300781e+01 3.023500061035156250e+01
0.000000000000000000e+00 5.133928656578063965e-01 4.082300186157226562e+01 2.896699905395507812e+01 3.325199890136718750e+01
1.100000000000000000e+01 2.991071343421936035e-01 3.962799835205078125e+01 2.668099975585937500e+01 3.601699829101562500e+01
2.000000000000000000e+00 3.392857015132904053e-01 4.083900070190429688e+01 2.716300010681152344e+01 3.958800125122070312e+01
2.200000000000000000e+01 6.473214030265808105e-01 4.296400070190429688e+01 3.041900062561035156e+01 3.936000061035156250e+01
0.000000000000000000e+00 6.428571343421936035e-01 4.288999938964843750e+01 3.172800064086914062e+01 4.297499847412109375e+01
1.400000000000000000e+01 7.321428656578063965e-01 4.216400146484375000e+01 3.534500122070312500e+01 4.419699859619140625e+01
2.200000000000000000e+01 7.142857313156127930e-01 3.945600128173828125e+01 4.084999847412109375e+01 4.704999923706054688e+01
1.500000000000000000e+01 6.830357313156127930e-01 4.041099929809570312e+01 4.394300079345703125e+01 4.910900115966796875e+01
1.000000000000000000e+00 5.982142686843872070e-01 3.873500061035156250e+01 4.712099838256835938e+01 4.991099929809570312e+01
1.300000000000000000e+01 5.714285969734191895e-01 4.076900100708007812e+01 5.030400085449218750e+01 5.040800094604492188e+01
0.000000000000000000e+00 2.767857015132904053e-01 4.043899917602539062e+01 5.180400085449218750e+01 5.405400085449218750e+01
0.000000000000000000e+00 1.294642835855484009e-01 3.985300064086914062e+01 5.554000091552734375e+01 5.471500015258789062e+01
3.000000000000000000e+00 1.116071417927742004e-01 4.357199859619140625e+01 5.620700073242187500e+01 5.565499877929687500e+01
3.000000000000000000e+00 3.616071343421936035e-01 4.468399810791015625e+01 5.440299987792968750e+01 5.244699859619140625e+01
1.800000000000000000e+01 3.883928656578063965e-01 4.529499816894531250e+01 5.082400131225585938e+01 5.391400146484375000e+01
1.900000000000000000e+01 5.401785969734191895e-01 4.394499969482421875e+01 4.748699951171875000e+01 5.256999969482421875e+01
7.000000000000000000e+00 3.660714328289031982e-01 4.131200027465820312e+01 4.525199890136718750e+01 5.419400024414062500e+01
1.600000000000000000e+01 4.062500000000000000e-01 4.025899887084960938e+01 4.156800079345703125e+01 5.314699935913085938e+01
1.500000000000000000e+01 3.526785671710968018e-01 3.667900085449218750e+01 4.140399932861328125e+01 5.175199890136718750e+01
0.000000000000000000e+00 4.151785671710968018e-01 3.621599960327148438e+01 3.828900146484375000e+01 4.961199951171875000e+01
1.700000000000000000e+01 4.642857015132904053e-01 3.801300048828125000e+01 3.529600143432617188e+01 4.813100051879882812e+01
9.000000000000000000e+00 4.285714328289031982e-01 3.773300170898437500e+01 3.229000091552734375e+01 4.579299926757812500e+01
1.300000000000000000e+01 4.732142984867095947e-01 3.890499877929687500e+01 3.050600051879882812e+01 4.268799972534179688e+01
1.800000000000000000e+01 4.598214328289031982e-01 3.727399826049804688e+01 3.019499969482421875e+01 3.922700119018554688e+01
1.700000000000000000e+01 1.964285671710968018e-01 3.459099960327148438e+01 2.753700065612792969e+01 3.862400054931640625e+01
7.000000000000000000e+00 6.696428358554840088e-02 3.433900070190429688e+01 2.475799942016601562e+01 3.600299835205078125e+01
1.700000000000000000e+01 1.160714253783226013e-01 3.310900115966796875e+01 2.731599998474121094e+01 3.348500061035156250e+01
9.000000000000000000e+00 3.750000000000000000e-01 3.581900024414062500e+01 2.988699913024902344e+01 3.443999862670898438e+01
7.000000000000000000e+00 4.017857015132904053e-01 3.341500091552734375e+01 3.223699951171875000e+01 3.633000183105468750e+01
1.200000000000000000e+01 4.330357015132904053e-01 3.338199996948242188e+01 3.325899887084960938e+01 4.001699829101562500e+01
9.000000000000000000e+00 1.250000000000000000e-01 2.961700057983398438e+01 3.426699829101562500e+01 4.560499954223632812e+01
1.200000000000000000e+01 2.901785671710968018e-01 3.207500076293945312e+01 3.712799835205078125e+01 4.656800079345703125e+01
1.800000000000000000e+01 1.830357164144515991e-01 2.940500068664550781e+01 3.963299942016601562e+01 4.780699920654296875e+01
1.800000000000000000e+01 3.571428731083869934e-02 2.562100028991699219e+01 4.057699966430664062e+01 4.756900024414062500e+01
7.000000000000000000e+00 2.678571455180644989e-02 2.391799926757812500e+01 4.390999984741210938e+01 4.632099914550781250e+01
7.000000000000000000e+00 4.464285913854837418e-03 2.305900001525878906e+01 4.529000091552734375e+01 4.971500015258789062e+01
7.000000000000000000e+00 2.232142910361289978e-02 2.639699935913085938e+01 4.422299957275390625e+01 5.133800125122070312e+01
1.500000000000000000e+01 1.383928507566452026e-01 2.841200065612792969e+01 4.595999908447265625e+01 4.851399993896484375e+01
2.200000000000000000e+01 9.375000000000000000e-02 2.908399963378906250e+01 4.946699905395507812e+01 4.997100067138671875e+01
7.000000000000000000e+00 2.053571492433547974e-01 3.062800025939941406e+01 5.229399871826171875e+01 4.779399871826171875e+01
9.000000000000000000e+00 3.928571343421936035e-01 3.435300064086914062e+01 5.199000167846679688e+01 4.800799942016601562e+01
1.100000000000000000e+01 6.562500000000000000e-01 3.766500091552734375e+01 5.151900100708007812e+01 4.628799819946289062e+01
2.000000000000000000e+01 7.633928656578063965e-01 3.837200164794921875e+01 4.777299880981445312e+01 4.549000167846679688e+01
1.300000000000000000e+01 9.017857313156127930e-01 4.130699920654296875e+01 4.565999984741210938e+01 4.433399963378906250e+01
2.200000000000000000e+01 9.107142686843872070e-01 4.101699829101562500e+01 4.227099990844726562e+01 4.285800170898437500e+01
7.000000000000000000e+00 9.285714030265808105e-01 4.432199859619140625e+01 4.043700027465820312e+01 4.321900177001953125e+01
1.100000000000000000e+01 9.196428656578063965e-01 4.461299896240234375e+01 3.743399810791015625e+01 4.086299896240234375e+01
3.000000000000000000e+00 8.348214030265808105e-01 4.746500015258789062e+01 3.475299835205078125e+01 4.144100189208984375e+01
1.800000000000000000e+01 8.660714030265808105e-01 4.801100158691406250e+01 3.410599899291992188e+01 3.772700119018554688e+01
1.300000000000000000e+01 7.767857313156127930e-01 5.157199859619140625e+01 3.281100082397460938e+01 3.829199981689453125e+01
1.700000000000000000e+01 6.116071343421936035e-01 5.049300003051757812e+01 2.990800094604492188e+01 4.045899963378906250e+01
2.000000000000000000e+01 5.803571343421936035e-01 4.806999969482421875e+01 2.859900093078613281e+01 3.779499816894531250e+01
1.900000000000000000e+01 5.669642686843872070e-01 5.090900039672851562e+01 2.883600044250488281e+01 3.534199905395507812e+01
1.300000000000000000e+01 3.705357015132904053e-01 5.344400024414062500e+01 2.710199928283691406e+01 3.747800064086914062e+01
0.000000000000000000e+00 2.232142835855484009e-01 5.108800125122070312e+01 2.418899917602539062e+01 3.793999862670898438e+01
1.200000000000000000e+01 1.741071492433547974e-01 5.150299835205078125e+01 2.352199935913085938e+01 3.413999938964843750e+01
9.000000000000000000e+00 1.339285671710968018e-01 5.529000091552734375e+01 2.398100090026855469e+01 3.460200119018554688e+01
1.100000000000000000e+01 3.080357015132904053e-01 5.501699829101562500e+01 2.725799942016601562e+01 3.277199935913085938e+01
1.700000000000000000e+01 4.776785671710968018e-01 5.705899810791015625e+01 3.030400085449218750e+01 3.388299942016601562e+01
1.600000000000000000e+01 7.098214030265808105e-01 5.511500167846679688e+01 3.370199966430664062e+01 3.325699996948242188e+01
1.500000000000000000e+01 7.901785969734191895e-01 5.683900070190429688e+01 3.714099884033203125e+01 3.352000045776367188e+01
7.000000000000000000e+00 8.883928656578063965e-01 5.337099838256835938e+01 3.732099914550781250e+01 3.906200027465820312e+01
0.000000000000000000e+00 9.821428656578063965e-01 4.704399871826171875e+01 4.036500167846679688e+01 3.754000091552734375e+01
7.000000000000000000e+00 9.955357313156127930e-01 4.583300018310546875e+01 4.333100128173828125e+01 3.980099868774414062e+01
2.200000000000000000e+01 9.732142686843872070e-01 4.254899978637695312e+01 4.502399826049804688e+01 3.897700119018554688e+01
2.200000000000000000e+01 9.598214030265808105e-01 4.188100051879882812e+01 4.836500167846679688e+01 4.081499862670898438e+01
1.500000000000000000e+01 8.616071343421936035e-01 3.855400085449218750e+01 5.028300094604492188e+01 4.074100112915039062e+01
1.800000000000000000e+01 6.696428656578063965e-01 3.590999984741210938e+01 5.235699844360351562e+01 4.267800140380859375e+01
0.000000000000000000e+00 5.357142686843872070e-01 3.264599990844726562e+01 5.044400024414062500e+01 4.316899871826171875e+01
2.000000000000000000e+00 2.589285671710968018e-01 2.898100090026855469e+01 5.172700119018554688e+01 4.318399810791015625e+01
3.000000000000000000e+00 2.008928507566452026e-01 2.980599975585937500e+01 5.549900054931640625e+01 4.357600021362304688e+01
1.700000000000000000e+01 8.482142537832260132e-02 2.738400077819824219e+01 5.650699996948242188e+01 4.068199920654296875e+01
9.000000000000000000e+00 4.017857089638710022e-02 2.484199905395507812e+01 5.384199905395507812e+01 4.188499832153320312e+01
1.600000000000000000e+01 8.035714179277420044e-02 2.464800071716308594e+01 5.009400177001953125e+01 4.175600051879882812e+01
1.000000000000000000e+00 2.142857164144515991e-01 2.618099975585937500e+01 4.837699890136718750e+01 3.869300079345703125e+01
1.000000000000000000e+00 2.812500000000000000e-01 2.683300018310546875e+01 4.479000091552734375e+01 3.749000167846679688e+01
2.000000000000000000e+01 5.625000000000000000e-01 3.059300041198730469e+01 4.447000122070312500e+01 3.748099899291992188e+01
1.800000000000000000e+01 6.517857313156127930e-01 3.212099838256835938e+01 4.158000183105468750e+01 3.530199813842773438e+01
1.100000000000000000e+01 8.303571343421936035e-01 3.593999862670898438e+01 4.168999862670898438e+01 3.542399978637695312e+01
0.000000000000000000e+00 8.080357313156127930e-01 3.699300003051757812e+01 3.950799942016601562e+01 3.240399932861328125e+01
0.000000000000000000e+00 8.928571343421936035e-01 4.069300079345703125e+01 3.850199890136718750e+01 3.156800079345703125e+01
1.200000000000000000e+01 8.169642686843872070e-01 4.267100143432617188e+01 3.680899810791015625e+01 2.882200050354003906e+01
1.200000000000000000e+01 8.392857313156127930e-01 4.591699981689453125e+01 3.528799819946289062e+01 3.005800056457519531e+01
1.700000000000000000e+01 7.500000000000000000e-01 4.927399826049804688e+01 3.422800064086914062e+01 2.835600090026855469e+01
1.600000000000000000e+01 7.232142686843872070e-01 5.278799819946289062e+01 3.390399932861328125e+01 2.997800064086914062e+01
2.000000000000000000e+01 7.946428656578063965e-01 5.409199905395507812e+01 3.730799865722656250e+01 2.870700073242187500e+01
1.700000000000000000e+01 8.482142686843872070e-01 5.076399993896484375e+01 3.883900070190429688e+01 2.732399940490722656e+01
2.000000000000000000e+01 9.375000000000000000e-01 4.754700088500976562e+01 3.955899810791015625e+01 2.929999923706054688e+01
1.700000000000000000e+01 9.419642686843872070e-01 4.444200134277343750e+01 4.157400131225585938e+01 2.856399917602539062e+01
1.800000000000000000e+01 9.687500000000000000e-01 4.207300186157226562e+01 4.256299972534179688e+01 3.134099960327148438e+01
1.800000000000000000e+01 8.973214030265808105e-01 3.856299972534179688e+01 4.421599960327148438e+01 3.073900032043457031e+01
0.000000000000000000e+00 8.125000000000000000e-01 3.559400177001953125e+01 4.550099945068359375e+01 3.260699844360351562e+01
2.200000000000000000e+01 6.294642686843872070e-01 3.211999893188476562e+01 4.476800155639648438e+01 3.148100090026855469e+01
2.200000000000000000e+01 4.866071343421936035e-01 2.993799972534179688e+01 4.716699981689453125e+01 3.350500106811523438e+01
1.800000000000000000e+01 2.187500000000000000e-01 2.613100051879882812e+01 4.667699813842773438e+01 3.288499832153320312e+01
2.000000000000000000e+00 5.803571268916130066e-02 2.322599983215332031e+01 4.870800018310546875e+01 3.420899963378906250e+01
1.600000000000000000e+01 1.339285727590322495e-02 2.069000053405761719e+01 4.685200119018554688e+01 3.645199966430664062e+01
5.000000000000000000e+00 1.205357164144515991e-01 6.773600006103515625e+01 5.055300140380859375e+01 2.839999961853027344e+01
1.600000000000000000e+01 2.633928656578063965e-01 6.681999969482421875e+01 4.743199920654296875e+01 3.045499992370605469e+01
1.200000000000000000e+01 5.312500000000000000e-01 6.323099899291992188e+01 4.839099884033203125e+01 3.119099998474121094e+01
1.400000000000000000e+01 5.178571343421936035e-01 6.166400146484375000e+01 5.028699874877929688e+01 2.820999908447265625e+01
2.200000000000000000e+01 6.875000000000000000e-01 5.778400039672851562e+01 5.083300018310546875e+01 2.825300025939941406e+01
1.300000000000000000e+01 6.250000000000000000e-01 5.602600097656250000e+01 5.169300079345703125e+01 2.496100044250488281e+01
2.200000000000000000e+01 6.964285969734191895e-01 5.244400024414062500e+01 5.291299819946289062e+01 2.541900062561035156e+01
1.200000000000000000e+01 6.205357313156127930e-01 4.973199844360351562e+01 5.293299865722656250e+01 2.267099952697753906e+01
3.000000000000000000e+00 5.937500000000000000e-01 4.621900177001953125e+01 5.447499847412109375e+01 2.284000015258789062e+01
0.000000000000000000e+00 5.491071343421936035e-01 4.345299911499023438e+01 5.227999877929687500e+01 2.139800071716308594e+01
2.200000000000000000e+01 3.437500000000000000e-01 4.074700164794921875e+01 5.495999908447265625e+01 2.098500061035156250e+01
1.000000000000000000e+00 1.919642835855484009e-01 4.270600128173828125e+01 5.715100097656250000e+01 1.858499908447265625e+01
9.000000000000000000e+00 2.410714328289031982e-01 4.478599929809570312e+01 5.413999938964843750e+01 1.737599945068359375e+01
1.700000000000000000e+01 2.276785671710968018e-01 4.791400146484375000e+01 5.620000076293945312e+01 1.809900093078613281e+01
1.600000000000000000e+01 3.125000000000000000e-01 5.080400085449218750e+01 5.640200042724609375e+01 2.061899948120117188e+01
0.000000000000000000e+00 4.910714328289031982e-01 4.987799835205078125e+01 5.751399993896484375e+01 2.416500091552734375e+01
1.100000000000000000e+01 3.035714328289031982e-01 5.180799865722656250e+01 6.064199829101562500e+01 2.513500022888183594e+01
2.000000000000000000e+00 3.258928656578063965e-01 5.218199920654296875e+01 6.211899948120117188e+01 2.858099937438964844e+01
2.200000000000000000e+01 6.383928656578063965e-01 5.111100006103515625e+01 5.887900161743164062e+01 3.043499946594238281e+01
0.000000000000000000e+00 6.607142686843872070e-01 5.259899902343750000e+01 5.898899841308593750e+01 3.391600036621093750e+01
1.400000000000000000e+01 7.678571343421936035e-01 5.415399932861328125e+01 5.606100082397460938e+01 3.573600006103515625e+01
2.200000000000000000e+01 7.276785969734191895e-01 5.827000045776367188e+01 5.196799850463867188e+01 3.939099884033203125e+01
1.500000000000000000e+01 7.008928656578063965e-01 5.849100112915039062e+01 5.031000137329101562e+01 4.271400070190429688e+01
1.000000000000000000e+00 6.160714030265808105e-01 6.062099838256835938e+01 4.754299926757812500e+01 4.413700103759765625e+01
1.300000000000000000e+01 4.955357015132904053e-01 6.045100021362304688e+01 4.537500000000000000e+01 4.740800094604492188e+01
0.000000000000000000e+00 2.366071492433547974e-01 6.220999908447265625e+01 4.652999877929687500e+01 5.060400009155273438e+01
0.000000000000000000e+00 7.589285820722579956e-02 6.367200088500976562e+01 4.415299987792968750e+01 5.326800155639648438e+01
3.000000000000000000e+00 9.821428358554840088e-02 6.025799942016601562e+01 4.334099960327148438e+01 5.481200027465820312e+01
3.000000000000000000e+00 3.571428656578063965e-01 5.852000045776367188e+01 4.290700149536132812e+01 5.130300140380859375e+01
1.800000000000000000e+01 4.553571343421936035e-01 5.678900146484375000e+01 4.642599868774414062e+01 5.127299880981445312e+01
1.900000000000000000e+01 6.339285969734191895e-01 5.665499877929687500e+01 4.838600158691406250e+01 4.806700134277343750e+01
7.000000000000000000e+00 4.821428656578063965e-01 5.912500000000000000e+01 5.125500106811523438e+01 4.764400100708007812e+01
1.600000000000000000e+01 5.044642686843872070e-01 5.929199981689453125e+01 5.393000030517578125e+01 4.484400177001953125e+01
1.500000000000000000e+01 3.348214328289031982e-01 6.251900100708007812e+01 5.434500122070312500e+01 4.298500061035156250e+01
0.000000000000000000e+00 4.464285671710968018e-01 6.189500045776367188e+01 5.523799896240234375e+01 3.924200057983398438e+01
1.700000000000000000e+01 5.089285969734191895e-01 5.936100006103515625e+01 5.735499954223632812e+01 3.732400131225585938e+01
9.000000000000000000e+00 4.375000000000000000e-01 5.851699829101562500e+01 5.929999923706054688e+01 3.420700073242187500e+01
1.300000000000000000e+01 4.687500000000000000e-01 5.602000045776367188e+01 5.988299942016601562e+01 3.163500022888183594e+01
1.800000000000000000e+01 4.241071343421936035e-01 5.578799819946289062e+01 5.920800018310546875e+01 2.797200012207031250e+01
1.700000000000000000e+01 1.785714328289031982e-01 5.776100158691406250e+01 6.069400024414062500e+01 2.508099937438964844e+01
7.000000000000000000e+00 6.250000000000000000e-02 5.614599990844726562e+01 6.215000152587890625e+01 2.180800056457519531e+01
1.700000000000000000e+01 1.026785746216773987e-01 5.665599822998046875e+01 5.853599929809570312e+01 2.029299926757812500e+01
9.000000000000000000e+00 3.482142984867095947e-01 5.488000106811523438e+01 5.704199981689453125e+01 2.336000061035156250e+01
7.000000000000000000e+00 3.973214328289031982e-01 5.800500106811523438e+01 5.538399887084960938e+01 2.491799926757812500e+01
1.200000000000000000e+01 4.508928656578063965e-01 5.956900024414062500e+01 5.591600036621093750e+01 2.842700004577636719e+01
9.000000000000000000e+00 1.473214328289031982e-01 6.576799774169921875e+01 5.652000045776367188e+01 3.149900054931640625e+01
1.200000000000000000e+01 3.303571343421936035e-01 6.395999908447265625e+01 5.435400009155273438e+01 3.408399963378906250e+01
1.800000000000000000e+01 2.321428507566452026e-01 6.699400329589843750e+01 5.236500167846679688e+01 3.518600082397460938e+01
1.800000000000000000e+01 4.910714179277420044e-02 7.060399627685546875e+01 5.186199951171875000e+01 3.441299819946289062e+01
7.000000000000000000e+00 1.785714365541934967e-02 7.268599700927734375e+01 4.858700180053710938e+01 3.424499893188476562e+01
7.000000000000000000e+00 0.000000000000000000e+00 7.447799682617187500e+01 4.900600051879882812e+01 3.763000106811523438e+01
7.000000000000000000e+00 4.464285820722579956e-02 7.114099884033203125e+01 4.961899948120117188e+01 3.929000091552734375e+01
1.500000000000000000e+01 1.607142835855484009e-01 6.922899627685546875e+01 4.673400115966796875e+01 3.728499984741210938e+01
2.200000000000000000e+01 1.428571492433547974e-01 6.923300170898437500e+01 4.353300094604492188e+01 3.954000091552734375e+01
7.000000000000000000e+00 2.500000000000000000e-01 6.694799804687500000e+01 4.072900009155273438e+01 4.064699935913085938e+01
9.000000000000000000e+00 4.419642984867095947e-01 6.375799942016601562e+01 4.092800140380859375e+01 4.283000183105468750e+01
1.100000000000000000e+01 6.785714030265808105e-01 6.006600189208984375e+01 4.155300140380859375e+01 4.224599838256835938e+01
2.000000000000000000e+01 7.812500000000000000e-01 5.911500167846679688e+01 4.489599990844726562e+01 4.084999847412109375e+01
1.300000000000000000e+01 9.062500000000000000e-01 5.577399826049804688e+01 4.661800003051757812e+01 4.036899948120117188e+01
2.200000000000000000e+01 9.241071343421936035e-01 5.505199813842773438e+01 4.917499923706054688e+01 3.744599914550781250e+01
7.000000000000000000e+00 9.464285969734191895e-01 5.212799835205078125e+01 5.149000167846679688e+01 3.805199813842773438e+01
1.100000000000000000e+01 9.151785969734191895e-01 5.047800064086914062e+01 5.358399963378906250e+01 3.529000091552734375e+01
3.000000000000000000e+00 8.526785969734191895e-01 4.810200119018554688e+01 5.618999862670898438e+01 3.618899917602539062e+01
1.800000000000000000e+01 8.437500000000000000e-01 4.565499877929687500e+01 5.581800079345703125e+01 3.334099960327148438e+01
1.300000000000000000e+01 7.410714030265808105e-01 4.263499832153320312e+01 5.756800079345703125e+01 3.499499893188476562e+01
1.700000000000000000e+01 6.026785969734191895e-01 4.443299865722656250e+01 6.097900009155273438e+01 3.507899856567382812e+01
2.000000000000000000e+01 5.758928656578063965e-01 4.517599868774414062e+01 6.064799880981445312e+01 3.128000068664550781e+01
1.900000000000000000e+01 5.223214030265808105e-01 4.156499862670898438e+01 6.020500183105468750e+01 3.004000091552734375e+01
1.300000000000000000e+01 3.214285671710968018e-01 4.037200164794921875e+01 6.294200134277343750e+01 3.251200103759765625e+01
0.000000000000000000e+00 1.696428507566452026e-01 4.222200012207031250e+01 6.575499725341796875e+01 3.079700088500976562e+01
1.200000000000000000e+01 1.562500000000000000e-01 4.094300079345703125e+01 6.448100280761718750e+01 2.747200012207031250e+01
9.000000000000000000e+00 8.928571641445159912e-02 3.715100097656250000e+01 6.453800201416015625e+01 2.846400070190429688e+01
1.100000000000000000e+01 2.857142984867095947e-01 3.687500000000000000e+01 6.079000091552734375e+01 2.873600006103515625e+01
1.700000000000000000e+01 4.107142984867095947e-01 3.549300003051757812e+01 5.889699935913085938e+01 3.176499938964843750e+01
1.600000000000000000e+01 6.741071343421936035e-01 3.798799896240234375e+01 5.610300064086914062e+01 3.270500183105468750e+01
1.500000000000000000e+01 7.857142686843872070e-01 3.719300079345703125e+01 5.288299942016601562e+01 3.473600006103515625e+01
7.000000000000000000e+00 8.794642686843872070e-01 4.209700012207031250e+01 5.384299850463867188e+01 3.876200103759765625e+01
0.000000000000000000e+00 9.776785969734191895e-01 4.704199981689453125e+01 4.988499832153320312e+01 3.575199890136718750e+01
7.000000000000000000e+00 9.910714030265808105e-01 4.943399810791015625e+01 4.804399871826171875e+01 3.808599853515625000e+01
2.200000000000000000e+01 9.866071343421936035e-01 5.182199859619140625e+01 4.533200073242187500e+01 3.676200103759765625e+01
2.200000000000000000e+01 9.642857313156127930e-01 5.361999893188476562e+01 4.305699920654296875e+01 3.926599884033203125e+01
1.500000000000000000e+01 8.839285969734191895e-01 5.649100112915039062e+01 4.094900131225585938e+01 3.775799942016601562e+01
1.800000000000000000e+01 7.053571343421936035e-01 5.981900024414062500e+01 3.912799835205078125e+01 3.838700103759765625e+01
0.000000000000000000e+00 5.848214030265808105e-01 6.291699981689453125e+01 4.071900177001953125e+01 3.689199829101562500e+01
2.000000000000000000e+00 2.946428656578063965e-01 6.584899902343750000e+01 3.856600189208984375e+01 3.561500167846679688e+01
3.000000000000000000e+00 3.169642984867095947e-01 6.412999725341796875e+01 3.527899932861328125e+01 3.651499938964843750e+01
1.700000000000000000e+01 1.517857164144515991e-01 6.598000335693359375e+01 3.304399871826171875e+01 3.409299850463867188e+01
9.000000000000000000e+00 5.357142910361289978e-02 6.923500061035156250e+01 3.502099990844726562e+01 3.394400024414062500e+01
1.600000000000000000e+01 7.142857462167739868e-02 6.999700164794921875e+01 3.869100189208984375e+01 3.320100021362304688e+01
1.000000000000000000e+00 1.875000000000000000e-01 6.770500183105468750e+01 4.015499877929687500e+01 3.043400001525878906e+01
1.000000000000000000e+00 2.455357164144515991e-01 6.645999908447265625e+01 4.330500030517578125e+01 2.858499908447265625e+01
2.000000000000000000e+01 5.000000000000000000e-01 6.285699844360351562e+01 4.422700119018554688e+01 2.846800041198730469e+01
1.800000000000000000e+01 5.535714030265808105e-01 6.043799972534179688e+01 4.597900009155273438e+01 2.605100059509277344e+01
1.100000000000000000e+01 7.723214030265808105e-01 5.697200012207031250e+01 4.632600021362304688e+01 2.749500083923339844e+01
0.000000000000000000e+00 7.589285969734191895e-01 5.416099929809570312e+01 4.707300186157226562e+01 2.499600028991699219e+01
0.000000000000000000e+00 8.705357313156127930e-01 5.101200103759765625e+01 4.841699981689453125e+01 2.660700035095214844e+01
1.200000000000000000e+01 8.214285969734191895e-01 4.760400009155273438e+01 4.952399826049804688e+01 2.530800056457519531e+01
1.200000000000000000e+01 8.258928656578063965e-01 4.495999908447265625e+01 5.173300170898437500e+01 2.677899932861328125e+01
1.700000000000000000e+01 7.544642686843872070e-01 4.123199844360351562e+01 5.189799880981445312e+01 2.637500000000000000e+01
1.600000000000000000e+01 7.455357313156127930e-01 3.918799972534179688e+01 5.329499816894531250e+01 2.920999908447265625e+01
2.000000000000000000e+01 8.035714030265808105e-01 3.724399948120117188e+01 5.006399917602539062e+01 3.029899978637695312e+01
1.700000000000000000e+01 8.750000000000000000e-01 3.986000061035156250e+01 4.765000152587890625e+01 2.885099983215332031e+01
2.000000000000000000e+01 9.508928656578063965e-01 4.371500015258789062e+01 4.725699996948242188e+01 2.872999954223632812e+01
1.700000000000000000e+01 9.330357313156127930e-01 4.632899856567382812e+01 4.481200027465820312e+01 2.724099922180175781e+01
1.800000000000000000e+01 9.553571343421936035e-01 4.998899841308593750e+01 4.461199951171875000e+01 2.824399948120117188e+01
1.800000000000000000e+01 8.571428656578063965e-01 5.282400131225585938e+01 4.240700149536132812e+01 2.674699974060058594e+01
0.000000000000000000e+00 7.991071343421936035e-01 5.640700149536132812e+01 4.193899917602539062e+01 2.810600090026855469e+01
2.200000000000000000e+01 5.892857313156127930e-01 5.880799865722656250e+01 4.125899887084960938e+01 2.523699951171875000e+01
2.200000000000000000e+01 4.196428656578063965e-01 6.207099914550781250e+01 3.968299865722656250e+01 2.639900016784667969e+01
1.800000000000000000e+01 1.651785671710968018e-01 6.563300323486328125e+01 3.989799880981445312e+01 2.511400032043457031e+01
2.000000000000000000e+00 3.125000000000000000e-02 6.867500305175781250e+01 3.784099960327148438e+01 2.608099937438964844e+01
1.600000000000000000e+01 8.928571827709674835e-03 7.200099945068359375e+01 3.995999908447265625e+01 2.600300025939941406e+01
