1 1 14 0 0.0059880239520957446 0 0 45.322 50.987 45.850
1 2 18 0 0.08383233532934131 0 0 44.490 47.319 46.209
1 3 7 0 0.3413173652694611 0 0 45.103 44.878 43.477
1 4 20 0 0.6047904191616766 0 0 42.982 41.978 42.410
1 5 13 0 0.7305389221556886 0 0 44.525 39.355 40.167
1 6 12 0 0.9161676646706587 0 0 41.780 37.914 38.113
1 7 22 0 0.9461077844311377 0 0 42.255 34.885 35.892
1 8 22 0 0.9820359281437125 0 0 40.025 34.540 32.870
1 9 22 0 0.9700598802395209 0 0 39.448 30.866 32.703
1 10 9 0 0.9341317365269461 0 0 37.532 28.996 30.094
1 11 0 0 0.7964071856287425 0 0 37.837 26.586 27.096
1 12 9 0 0.658682634730539 0 0 39.267 28.013 23.878
1 13 9 0 0.592814371257485 0 0 37.239 29.983 21.425
1 14 22 0 0.8143712574850299 0 0 34.652 31.452 23.819
1 15 9 0 0.8383233532934131 0 0 36.172 34.919 23.535
1 16 13 0 0.9281437125748503 0 0 38.571 35.109 26.430
1 17 17 0 0.8263473053892215 0 0 40.822 37.820 25.032
1 18 0 0 0.7425149700598803 0 0 37.802 39.458 23.399
1 19 12 0 0.8922155688622755 0 0 36.279 40.060 26.792
1 20 18 0 0.874251497005988 0 0 39.415 41.404 28.437
1 21 11 0 0.6407185628742516 0 0 40.219 43.613 25.469
1 22 6 0 0.6287425149700598 0 0 36.636 44.964 25.635
1 23 12 0 0.6826347305389222 0 0 36.930 46.085 29.242
1 24 11 0 0.5389221556886228 0 0 40.412 47.331 28.916
1 25 6 0 0.32335329341317365 0 0 41.115 48.651 25.472
1 26 2 0 0.2934131736526946 0 0 37.485 49.367 24.734
1 27 10 0 0.16766467065868274 0 0 37.503 48.028 21.214
1 28 15 0 0.16167664670658677 0 0 37.438 45.156 18.699
1 29 22 0 0.35928143712574856 0 0 39.969 42.465 19.373
1 30 3 0 0.11976047904191622 0 0 43.135 41.625 17.425
1 31 7 0 0.10179640718562877 0 0 44.306 38.132 16.378
1 32 20 0 0.24550898203592808 0 0 45.344 35.466 18.807
1 33 3 0 0.17964071856287422 0 0 48.604 35.661 20.693
1 34 16 0 0.3532934131736526 0 0 49.263 33.388 23.662
1 35 18 0 0.4610778443113772 0 0 49.208 36.347 26.072
1 36 11 0 0.26347305389221565 0 0 52.382 35.447 27.920
1 37 7 0 0.10778443113772451 0 0 53.984 38.882 27.472
1 38 3 0 0.221556886227545 0 0 51.330 41.497 27.657
1 39 17 0 0.4131736526946108 0 0 49.632 42.057 30.961
1 40 20 0 0.5329341317365269 0 0 46.341 43.950 30.720
1 41 1 0 0.5209580838323353 0 0 44.887 45.837 33.603
1 42 13 0 0.4011976047904191 0 0 43.087 49.041 34.690
1 43 6 0 0.19760479041916168 0 0 42.421 51.039 37.730
1 44 22 0 0.28742514970059885 0 0 38.600 51.272 37.920
1 45 22 0 0.12574850299401197 0 0 35.943 52.611 40.211
1 46 11 0 0.2694610778443114 0 0 33.874 49.931 41.866
1 47 3 0 0.04790419161676651 0 0 31.385 51.277 44.463
1 48 9 0 0.0 0 0 33.109 54.479 45.529
1 49 7 0 0.02395209580838331 0 0 36.533 53.125 45.556
1 50 18 0 0.03592814371257491 0 0 39.303 52.804 43.113
1 51 5 0 0.20359281437125742 0 0 40.898 49.435 42.731
1 52 12 0 0.37125748502994016 0 0 43.281 47.796 40.414
1 53 12 0 0.6467065868263473 0 0 42.185 44.913 38.263
1 54 3 0 0.652694610778443 0 0 45.090 42.888 36.900
1 55 11 0 0.8562874251497006 0 0 43.752 40.385 34.383
1 56 12 0 0.844311377245509 0 0 45.751 37.299 33.484
1 57 3 0 0.8682634730538922 0 0 44.666 35.708 30.235
1 58 18 0 0.8203592814371258 0 0 45.051 32.005 29.515
1 59 0 0 0.562874251497006 0 0 46.461 30.216 26.426
1 60 9 0 0.41916167664670656 0 0 46.189 26.571 25.469
1 61 6 0 0.437125748502994 0 0 44.327 23.786 27.161
1 62 7 0 0.15568862275449102 0 0 46.873 21.245 28.236
1 63 7 0 0.13173652694610782 0 0 45.806 19.413 31.346
1 64 20 0 0.029940119760479056 0 0 49.272 18.377 32.639
1 65 17 0 0.08982035928143717 0 0 50.401 21.780 33.812
1 66 0 0 0.053892215568862256 0 0 52.016 23.274 36.865
1 67 14 0 0.2335329341317366 0 0 51.522 26.687 35.267
1 68 1 0 0.49101796407185627 0 0 47.755 26.242 35.413
1 69 3 0 0.3892215568862275 0 0 47.898 25.453 39.040
1 70 6 0 0.3173652694610779 0 0 50.266 28.332 39.613
1 71 20 0 0.5808383233532934 0 0 47.941 30.649 37.744
1 72 14 0 0.6706586826347305 0 0 45.046 29.515 39.865
1 73 1 0 0.4251497005988024 0 0 47.256 30.009 42.929
1 74 18 0 0.5029940119760479 0 0 47.932 33.550 41.663
1 75 9 0 0.7844311377245509 0 0 44.320 34.338 40.744
1 76 7 0 0.7065868263473054 0 0 42.164 35.804 43.507
1 77 9 0 0.8862275449101796 0 0 38.766 35.104 41.928
1 78 15 0 0.9640718562874252 0 0 37.956 33.617 38.578
1 79 12 0 0.9940119760479041 0 0 36.004 34.900 35.582
1 80 5 0 0.9880239520958084 0 0 34.649 31.741 33.986
1 81 22 0 0.9760479041916168 0 0 33.743 31.998 30.320
1 82 15 0 0.8802395209580838 0 0 31.464 29.885 28.184
1 83 0 0 0.718562874251497 0 0 30.048 30.644 24.710
1 84 11 0 0.5149700598802396 0 0 26.270 30.586 24.363
1 85 2 0 0.27544910179640725 0 0 26.227 29.146 20.796
1 86 2 0 0.34730538922155685 0 0 28.444 26.245 21.714
1 87 18 0 0.23952095808383234 0 0 27.238 23.378 23.925
1 88 13 0 0.33532934131736525 0 0 30.804 22.177 24.355
1 89 17 0 0.6227544910179641 0 0 32.149 25.206 26.201
1 90 15 0 0.6347305389221557 0 0 29.637 24.887 29.025
1 91 7 0 0.4491017964071856 0 0 30.700 21.258 29.526
1 92 3 0 0.5868263473053892 0 0 34.057 22.112 31.009
1 93 11 0 0.7784431137724551 0 0 32.942 24.493 33.686
1 94 10 0 0.5449101796407185 0 0 32.553 21.756 36.258
1 95 10 0 0.4970059880239521 0 0 36.123 20.442 35.728
1 96 20 0 0.7485029940119761 0 0 37.622 23.940 35.808
1 97 1 0 0.7005988023952096 0 0 35.672 24.480 38.946
1 98 7 0 0.45508982035928147 0 0 37.134 21.289 40.332
1 99 6 0 0.4850299401197605 0 0 40.702 22.440 39.775
1 100 11 0 0.6107784431137725 0 0 40.259 25.599 41.684
1 101 13 0 0.40718562874251496 0 0 38.512 23.892 44.546
1 102 1 0 0.14970059880239517 0 0 41.543 21.607 44.907
1 103 22 0 0.281437125748503 0 0 44.043 24.492 44.752
1 104 13 0 0.29940119760479034 0 0 42.240 26.730 47.218
1 105 3 0 0.06586826347305386 0 0 40.987 23.823 49.295
1 106 17 0 0.13772455089820357 0 0 37.600 25.418 49.395
1 107 7 0 0.3053892215568862 0 0 34.223 25.723 47.726
1 108 3 0 0.3652694610778443 0 0 33.672 29.348 48.933
1 109 22 0 0.5748502994011976 0 0 36.012 30.662 46.299
1 110 16 0 0.7724550898203593 0 0 34.756 33.833 44.637
1 111 14 0 0.9221556886227544 0 0 33.933 33.095 40.919
1 112 22 0 0.9520958083832335 0 0 31.694 34.601 38.191
1 113 12 0 0.9401197604790419 0 0 30.207 32.544 35.412
1 114 22 0 0.9580838323353293 0 0 30.067 34.339 32.079
1 115 9 0 0.8622754491017964 0 0 28.068 33.342 29.007
1 116 2 0 0.8323353293413174 0 0 29.335 35.361 26.039
1 117 13 0 0.5508982035928144 0 0 27.738 36.239 22.742
1 118 5 0 0.43113772455089827 0 0 24.307 37.085 24.069
1 119 3 0 0.18562874251497008 0 0 23.905 39.496 21.205
1 120 12 0 0.07784431137724557 0 0 23.109 36.459 19.071
1 121 16 0 0.017964071856287345 0 0 19.352 35.779 19.317
1 122 17 0 0.0119760479041916 0 0 19.927 32.108 18.899
1 123 1 0 0.09580838323353291 0 0 21.677 30.079 21.589
1 124 18 0 0.059880239520958 0 0 22.506 26.422 21.988
1 125 22 0 0.2574850299401197 0 0 23.313 26.319 25.697
1 126 3 0 0.11377245508982048 0 0 20.065 26.285 27.549
1 127 18 0 0.22754491017964074 0 0 19.834 29.272 29.921
1 128 13 0 0.0718562874251496 0 0 18.133 27.201 32.565
1 129 6 0 0.19161676646706582 0 0 21.156 24.914 32.940
1 130 0 0 0.5089820359281436 0 0 23.594 27.845 33.195
1 131 6 0 0.38323353293413165 0 0 21.207 29.185 35.881
1 132 3 0 0.14371257485029942 0 0 20.706 25.920 37.712
1 133 12 0 0.39520958083832336 0 0 24.387 25.050 37.997
1 134 0 0 0.5568862275449102 0 0 25.240 28.526 39.132
1 135 1 0 0.31137724550898194 0 0 22.843 28.675 41.982
1 136 17 0 0.17365269461077848 0 0 24.004 25.148 42.928
1 137 20 0 0.44311377245508976 0 0 27.621 26.110 42.850
1 138 9 0 0.4730538922155688 0 0 27.042 29.544 44.383
1 139 11 0 0.7365269461077844 0 0 28.474 31.473 41.535
1 140 16 0 0.7544910179640718 0 0 26.736 34.371 39.903
1 141 15 0 0.7904191616766467 0 0 25.694 33.559 36.343
1 142 11 0 0.8083832335329342 0 0 25.652 36.633 34.141
1 143 7 0 0.6946107784431137 0 0 24.974 37.146 30.482
1 144 18 0 0.7664670658682635 0 0 27.301 39.123 28.256
1 145 17 0 0.5988023952095809 0 0 27.944 40.324 24.735
1 146 0 0 0.6646706586826348 0 0 31.550 41.392 24.089
1 147 13 0 0.3772455089820359 0 0 30.861 42.877 20.606
1 148 18 0 0.21556886227544902 0 0 28.131 45.226 21.572
1 149 1 0 0.46706586826347307 0 0 29.423 45.556 25.188
1 150 6 0 0.47904191616766467 0 0 26.621 44.242 27.346
1 151 9 0 0.6766467065868262 0 0 27.363 42.733 30.743
1 152 22 0 0.8502994011976048 0 0 31.138 42.934 30.418
1 153 3 0 0.7125748502994012 0 0 31.794 45.705 32.889
1 154 3 0 0.688622754491018 0 0 29.097 44.343 35.168
1 155 0 0 0.9041916167664671 0 0 30.590 40.856 35.135
1 156 15 0 0.9101796407185628 0 0 34.029 42.162 36.201
1 157 20 0 0.7604790419161677 0 0 32.544 44.290 38.818
1 158 18 0 0.8023952095808383 0 0 30.551 41.346 40.125
1 159 12 0 0.8982035928143712 0 0 33.729 39.373 40.534
1 160 22 0 0.7245508982035929 0 0 35.257 42.020 42.801
1 161 1 0 0.5269461077844311 0 0 32.071 42.321 44.838
1 162 7 0 0.6167664670658684 0 0 32.531 38.620 45.491
1 163 11 0 0.5688622754491017 0 0 36.198 39.183 46.369
1 164 1 0 0.3293413173652695 0 0 35.271 42.031 48.757
1 165 13 0 0.20958083832335328 0 0 32.542 39.889 50.332
1 166 10 0 0.25149700598802394 0 0 34.905 37.028 50.945
1 167 13 0 0.041916167664670656 0 0 37.154 36.710 53.953
