5.000000000000000000e+00 1.160714253783226013e-01 2.522500038146972656e+01 3.861399841308593750e+01 3.987500000000000000e+01
1.600000000000000000e+01 2.455357164144515991e-01 2.683099937438964844e+01 4.192200088500976562e+01 4.116699981689453125e+01
1.200000000000000000e+01 5.044642686843872070e-01 3.050300025939941406e+01 4.101100158691406250e+01 4.053499984741210938e+01
1.400000000000000000e+01 5.357142686843872070e-01 3.159399986267089844e+01 3.804899978637695312e+01 3.847399902343750000e+01
2.200000000000000000e+01 7.098214030265808105e-01 3.524399948120117188e+01 3.743299865722656250e+01 3.747200012207031250e+01
1.300000000000000000e+01 6.875000000000000000e-01 3.612799835205078125e+01 3.536299896240234375e+01 3.438700103759765625e+01
2.200000000000000000e+01 7.321428656578063965e-01 3.956600189208984375e+01 3.394800186157226562e+01 3.359199905395507812e+01
1.200000000000000000e+01 6.517857313156127930e-01 4.081399917602539062e+01 3.216999816894531250e+01 3.039800071716308594e+01
3.000000000000000000e+00 6.026785969734191895e-01 4.428099822998046875e+01 3.074699974060058594e+01 2.912400054931640625e+01
0.000000000000000000e+00 5.669642686843872070e-01 4.581000137329101562e+01 3.197299957275390625e+01 2.581599998474121094e+01
2.200000000000000000e+01 3.482142984867095947e-01 4.819300079345703125e+01 2.896800041198730469e+01 2.542200088500976562e+01
1.000000000000000000e+00 1.696428507566452026e-01 4.566400146484375000e+01 2.600499916076660156e+01 2.508399963378906250e+01
9.000000000000000000e+00 2.589285671710968018e-01 4.262900161743164062e+01 2.825900077819824219e+01 2.456399917602539062e+01
1.700000000000000000e+01 2.410714328289031982e-01 4.067399978637695312e+01 2.680599975585937500e+01 2.758699989318847656e+01
1.600000000000000000e+01 3.214285671710968018e-01 3.882899856567382812e+01 2.842700004577636719e+01 3.045700073242187500e+01
0.000000000000000000e+00 5.178571343421936035e-01 4.122399902343750000e+01 2.894799995422363281e+01 3.334000015258789062e+01
1.100000000000000000e+01 3.125000000000000000e-01 4.030899810791015625e+01 2.661300086975097656e+01 3.634799957275390625e+01
2.000000000000000000e+00 3.660714328289031982e-01 4.099800109863281250e+01 2.724600028991699219e+01 3.999499893188476562e+01
2.200000000000000000e+01 6.473214030265808105e-01 4.244699859619140625e+01 3.066300010681152344e+01 3.944100189208984375e+01
0.000000000000000000e+00 6.607142686843872070e-01 4.257799911499023438e+01 3.227999877929687500e+01 4.296200180053710938e+01
1.400000000000000000e+01 7.723214030265808105e-01 4.198199844360351562e+01 3.589500045776367188e+01 4.393500137329101562e+01
2.200000000000000000e+01 7.276785969734191895e-01 3.914300155639648438e+01 4.146799850463867188e+01 4.678499984741210938e+01
1.500000000000000000e+01 6.741071343421936035e-01 3.973099899291992188e+01 4.425799942016601562e+01 4.922600173950195312e+01
1.000000000000000000e+00 5.491071343421936035e-01 3.768899917602539062e+01 4.741299819946289062e+01 5.004899978637695312e+01
1.300000000000000000e+01 5.089285969734191895e-01 3.908100128173828125e+01 5.081000137329101562e+01 5.083800125122070312e+01
0.000000000000000000e+00 2.232142835855484009e-01 3.818399810791015625e+01 5.176399993896484375e+01 5.448400115966796875e+01
0.000000000000000000e+00 7.589285820722579956e-02 3.774200057983398438e+01 5.529199981689453125e+01 5.591899871826171875e+01
3.000000000000000000e+00 9.375000000000000000e-02 4.146300125122070312e+01 5.563899993896484375e+01 5.663600158691406250e+01
3.000000000000000000e+00 2.901785671710968018e-01 4.256600189208984375e+01 5.461899948120117188e+01 5.317399978637695312e+01
1.800000000000000000e+01 3.705357015132904053e-01 4.370199966430664062e+01 5.105500030517578125e+01 5.404899978637695312e+01
1.900000000000000000e+01 5.625000000000000000e-01 4.263800048828125000e+01 4.787699890136718750e+01 5.213600158691406250e+01
7.000000000000000000e+00 3.392857015132904053e-01 4.020199966430664062e+01 4.575899887084960938e+01 5.429800033569335938e+01
1.600000000000000000e+01 3.571428656578063965e-01 3.918999862670898438e+01 4.205500030517578125e+01 5.349000167846679688e+01
1.500000000000000000e+01 3.258928656578063965e-01 3.576300048828125000e+01 4.181200027465820312e+01 5.161000061035156250e+01
0.000000000000000000e+00 4.419642984867095947e-01 3.571500015258789062e+01 3.884099960327148438e+01 4.920100021362304688e+01
1.700000000000000000e+01 5.223214030265808105e-01 3.781900024414062500e+01 3.613199996948242188e+01 4.774599838256835938e+01
9.000000000000000000e+00 4.642857015132904053e-01 3.769699859619140625e+01 3.288600158691406250e+01 4.573400115966796875e+01
1.300000000000000000e+01 4.866071343421936035e-01 3.902500152587890625e+01 3.063400077819824219e+01 4.309299850463867188e+01
1.800000000000000000e+01 4.732142984867095947e-01 3.749300003051757812e+01 3.015999984741210938e+01 3.954700088500976562e+01
1.700000000000000000e+01 1.919642835855484009e-01 3.523500061035156250e+01 2.712700080871582031e+01 3.859299850463867188e+01
7.000000000000000000e+00 9.821428358554840088e-02 3.583399963378906250e+01 2.438800048828125000e+01 3.590100097656250000e+01
1.700000000000000000e+01 1.383928507566452026e-01 3.428599929809570312e+01 2.672400093078613281e+01 3.318000030517578125e+01
9.000000000000000000e+00 3.839285671710968018e-01 3.652600097656250000e+01 2.943499946594238281e+01 3.474200057983398438e+01
7.000000000000000000e+00 4.107142984867095947e-01 3.397900009155273438e+01 3.177799987792968750e+01 3.620899963378906250e+01
1.200000000000000000e+01 4.241071343421936035e-01 3.394400024414062500e+01 3.264300155639648438e+01 3.990499877929687500e+01
9.000000000000000000e+00 1.339285671710968018e-01 2.952899932861328125e+01 3.383000183105468750e+01 4.511199951171875000e+01
1.200000000000000000e+01 3.169642984867095947e-01 3.214400100708007812e+01 3.663999938964843750e+01 4.539400100708007812e+01
1.800000000000000000e+01 2.500000000000000000e-01 2.987999916076660156e+01 3.932300186157226562e+01 4.692200088500976562e+01
1.800000000000000000e+01 5.357142910361289978e-02 2.617499923706054688e+01 3.986100006103515625e+01 4.776399993896484375e+01
7.000000000000000000e+00 3.125000000000000000e-02 2.385600090026855469e+01 4.239799880981445312e+01 4.621400070190429688e+01
7.000000000000000000e+00 4.464285913854837418e-03 2.336499977111816406e+01 4.448500061035156250e+01 4.942399978637695312e+01
7.000000000000000000e+00 4.464285820722579956e-02 2.695800018310546875e+01 4.461999893188476562e+01 5.058800125122070312e+01
1.500000000000000000e+01 2.008928507566452026e-01 2.865500068664550781e+01 4.588000106811523438e+01 4.735400009155273438e+01
2.200000000000000000e+01 1.026785746216773987e-01 2.751000022888183594e+01 4.941099929809570312e+01 4.807699966430664062e+01
7.000000000000000000e+00 1.651785671710968018e-01 2.929999923706054688e+01 5.261500167846679688e+01 4.695800018310546875e+01
9.000000000000000000e+00 3.616071343421936035e-01 3.305300140380859375e+01 5.185300064086914062e+01 4.744200134277343750e+01
1.100000000000000000e+01 6.250000000000000000e-01 3.650400161743164062e+01 5.163299942016601562e+01 4.599900054931640625e+01
2.000000000000000000e+01 7.410714030265808105e-01 3.784299850463867188e+01 4.808499908447265625e+01 4.560499954223632812e+01
1.300000000000000000e+01 8.750000000000000000e-01 4.111899948120117188e+01 4.619499969482421875e+01 4.479199981689453125e+01
2.200000000000000000e+01 9.151785969734191895e-01 4.112699890136718750e+01 4.281900024414062500e+01 4.308000183105468750e+01
7.000000000000000000e+00 9.330357313156127930e-01 4.433900070190429688e+01 4.084999847412109375e+01 4.341199874877929688e+01
1.100000000000000000e+01 9.196428656578063965e-01 4.479800033569335938e+01 3.763199996948242188e+01 4.130599975585937500e+01
3.000000000000000000e+00 8.392857313156127930e-01 4.747000122070312500e+01 3.514899826049804688e+01 4.157699966430664062e+01
1.800000000000000000e+01 8.571428656578063965e-01 4.812699890136718750e+01 3.402600097656250000e+01 3.800899887084960938e+01
1.300000000000000000e+01 7.633928656578063965e-01 5.154899978637695312e+01 3.275500106811523438e+01 3.878099822998046875e+01
1.700000000000000000e+01 6.071428656578063965e-01 5.032099914550781250e+01 2.984499931335449219e+01 4.089899826049804688e+01
2.000000000000000000e+01 5.892857313156127930e-01 4.829899978637695312e+01 2.868700027465820312e+01 3.789099884033203125e+01
1.900000000000000000e+01 5.848214030265808105e-01 5.094699859619140625e+01 2.900099945068359375e+01 3.518000030517578125e+01
1.300000000000000000e+01 3.973214328289031982e-01 5.361199951171875000e+01 2.738299942016601562e+01 3.759400177001953125e+01
0.000000000000000000e+00 2.544642984867095947e-01 5.129399871826171875e+01 2.447999954223632812e+01 3.839400100708007812e+01
1.200000000000000000e+01 1.964285671710968018e-01 5.123500061035156250e+01 2.379700088500976562e+01 3.462699890136718750e+01
9.000000000000000000e+00 1.428571492433547974e-01 5.506600189208984375e+01 2.389399909973144531e+01 3.448099899291992188e+01
1.100000000000000000e+01 2.991071343421936035e-01 5.524200057983398438e+01 2.726199913024902344e+01 3.267599868774414062e+01
1.700000000000000000e+01 4.821428656578063965e-01 5.732500076293945312e+01 3.029800033569335938e+01 3.392399978637695312e+01
1.600000000000000000e+01 7.053571343421936035e-01 5.523799896240234375e+01 3.353099822998046875e+01 3.350099945068359375e+01
1.500000000000000000e+01 7.812500000000000000e-01 5.667100143432617188e+01 3.708700180053710938e+01 3.334700012207031250e+01
7.000000000000000000e+00 8.883928656578063965e-01 5.355899810791015625e+01 3.752000045776367188e+01 3.889300155639648438e+01
0.000000000000000000e+00 9.821428656578063965e-01 4.688499832153320312e+01 4.025600051879882812e+01 3.782400131225585938e+01
7.000000000000000000e+00 9.910714030265808105e-01 4.575600051879882812e+01 4.330500030517578125e+01 3.983499908447265625e+01
2.200000000000000000e+01 9.776785969734191895e-01 4.290999984741210938e+01 4.587500000000000000e+01 3.910800170898437500e+01
2.200000000000000000e+01 9.419642686843872070e-01 4.136800003051757812e+01 4.878499984741210938e+01 4.111100006103515625e+01
1.500000000000000000e+01 8.214285969734191895e-01 3.785900115966796875e+01 5.036199951171875000e+01 4.055199813842773438e+01
1.800000000000000000e+01 6.562500000000000000e-01 3.517399978637695312e+01 5.269200134277343750e+01 4.203300094604492188e+01
0.000000000000000000e+00 5.133928656578063965e-01 3.165299987792968750e+01 5.104700088500976562e+01 4.202399826049804688e+01
2.000000000000000000e+00 2.366071492433547974e-01 2.809900093078613281e+01 5.249300003051757812e+01 4.210900115966796875e+01
3.000000000000000000e+00 1.741071492433547974e-01 2.866600036621093750e+01 5.603300094604492188e+01 4.055699920654296875e+01
1.700000000000000000e+01 1.116071417927742004e-01 2.635300064086914062e+01 5.544300079345703125e+01 3.754600143432617188e+01
9.000000000000000000e+00 3.571428731083869934e-02 2.352199935913085938e+01 5.386500167846679688e+01 3.974499893188476562e+01
1.600000000000000000e+01 4.017857089638710022e-02 2.287599945068359375e+01 5.013999938964843750e+01 4.004000091552734375e+01
1.000000000000000000e+00 1.517857164144515991e-01 2.504100036621093750e+01 4.807899856567382812e+01 3.768199920654296875e+01
1.000000000000000000e+00 2.678571343421936035e-01 2.656999969482421875e+01 4.458499908447265625e+01 3.740299987792968750e+01
2.000000000000000000e+01 5.535714030265808105e-01 3.029800033569335938e+01 4.404000091552734375e+01 3.677500152587890625e+01
1.800000000000000000e+01 6.383928656578063965e-01 3.193600082397460938e+01 4.115900039672851562e+01 3.506000137329101562e+01
1.100000000000000000e+01 8.080357313156127930e-01 3.570100021362304688e+01 4.124399948120117188e+01 3.489699935913085938e+01
0.000000000000000000e+00 7.991071343421936035e-01 3.712900161743164062e+01 3.910200119018554688e+01 3.207799911499023438e+01
0.000000000000000000e+00 9.017857313156127930e-01 4.089799880981445312e+01 3.868199920654296875e+01 3.198600006103515625e+01
1.200000000000000000e+01 8.303571343421936035e-01 4.307300186157226562e+01 3.684799957275390625e+01 2.940699958801269531e+01
1.200000000000000000e+01 8.482142686843872070e-01 4.643600082397460938e+01 3.543500137329101562e+01 3.038199996948242188e+01
1.700000000000000000e+01 7.589285969734191895e-01 4.948099899291992188e+01 3.460699844360351562e+01 2.823999977111816406e+01
1.600000000000000000e+01 7.142857313156127930e-01 5.309299850463867188e+01 3.396300125122070312e+01 2.947900009155273438e+01
2.000000000000000000e+01 7.767857313156127930e-01 5.424700164794921875e+01 3.751699829101562500e+01 2.853499984741210938e+01
1.700000000000000000e+01 8.928571343421936035e-01 5.095399856567382812e+01 3.945999908447265625e+01 2.852799987792968750e+01
2.000000000000000000e+01 9.553571343421936035e-01 4.759299850463867188e+01 3.989199829101562500e+01 3.012800025939941406e+01
1.700000000000000000e+01 9.464285969734191895e-01 4.451100158691406250e+01 4.166500091552734375e+01 2.894000053405761719e+01
1.800000000000000000e+01 9.687500000000000000e-01 4.176699829101562500e+01 4.270800018310546875e+01 3.148399925231933594e+01
1.800000000000000000e+01 8.794642686843872070e-01 3.836800003051757812e+01 4.397399902343750000e+01 3.068099975585937500e+01
0.000000000000000000e+00 8.125000000000000000e-01 3.561700057983398438e+01 4.527700042724609375e+01 3.297299957275390625e+01
2.200000000000000000e+01 6.339285969734191895e-01 3.201300048828125000e+01 4.495600128173828125e+01 3.155699920654296875e+01
2.200000000000000000e+01 4.776785671710968018e-01 2.957699966430664062e+01 4.733399963378906250e+01 3.304399871826171875e+01
1.800000000000000000e+01 2.142857164144515991e-01 2.592399978637695312e+01 4.603799819946289062e+01 3.274800109863281250e+01
2.000000000000000000e+00 4.910714179277420044e-02 2.272400093078613281e+01 4.783700180053710938e+01 3.332699966430664062e+01
1.600000000000000000e+01 8.928571827709674835e-03 2.007399940490722656e+01 4.524599838256835938e+01 3.445399856567382812e+01
5.000000000000000000e+00 1.250000000000000000e-01 6.782299804687500000e+01 5.008200073242187500e+01 2.717499923706054688e+01
1.600000000000000000e+01 2.187500000000000000e-01 6.774800109863281250e+01 4.737500000000000000e+01 2.991900062561035156e+01
1.200000000000000000e+01 4.598214328289031982e-01 6.438500213623046875e+01 4.874000167846679688e+01 3.120999908447265625e+01
1.400000000000000000e+01 5.401785969734191895e-01 6.191999816894531250e+01 5.087599945068359375e+01 2.906599998474121094e+01
2.200000000000000000e+01 7.008928656578063965e-01 5.816600036621093750e+01 5.184199905395507812e+01 2.948600006103515625e+01
1.300000000000000000e+01 6.651785969734191895e-01 5.609600067138671875e+01 5.252399826049804688e+01 2.631500053405761719e+01
2.200000000000000000e+01 7.455357313156127930e-01 5.246500015258789062e+01 5.368399810791015625e+01 2.699600028991699219e+01
1.200000000000000000e+01 6.964285969734191895e-01 4.952399826049804688e+01 5.388000106811523438e+01 2.462299919128417969e+01
3.000000000000000000e+00 6.830357313156127930e-01 4.565299987792968750e+01 5.429600143432617188e+01 2.454199981689453125e+01
0.000000000000000000e+00 6.205357313156127930e-01 4.311999893188476562e+01 5.228499984741210938e+01 2.236599922180175781e+01
2.200000000000000000e+01 4.553571343421936035e-01 4.030199813842773438e+01 5.496500015258789062e+01 2.228300094604492188e+01
1.000000000000000000e+00 2.633928656578063965e-01 4.240900039672851562e+01 5.704600143432617188e+01 1.990600013732910156e+01
9.000000000000000000e+00 3.437500000000000000e-01 4.469699859619140625e+01 5.414400100708007812e+01 1.915500068664550781e+01
1.700000000000000000e+01 3.035714328289031982e-01 4.784999847412109375e+01 5.606600189208984375e+01 1.964399909973144531e+01
1.600000000000000000e+01 4.330357015132904053e-01 5.086600112915039062e+01 5.658700180053710938e+01 2.207299995422363281e+01
0.000000000000000000e+00 5.267857313156127930e-01 4.993600082397460938e+01 5.841099929809570312e+01 2.537899971008300781e+01
1.100000000000000000e+01 3.080357015132904053e-01 5.141299819946289062e+01 6.169699859619140625e+01 2.628700065612792969e+01
2.000000000000000000e+00 2.946428656578063965e-01 5.183399963378906250e+01 6.332400131225585938e+01 2.967700004577636719e+01
2.200000000000000000e+01 6.160714030265808105e-01 5.126200103759765625e+01 6.013700103759765625e+01 3.178400039672851562e+01
0.000000000000000000e+00 6.294642686843872070e-01 5.274300003051757812e+01 6.002299880981445312e+01 3.530799865722656250e+01
1.400000000000000000e+01 7.544642686843872070e-01 5.394900131225585938e+01 5.673699951171875000e+01 3.666500091552734375e+01
2.200000000000000000e+01 7.187500000000000000e-01 5.862900161743164062e+01 5.237900161743164062e+01 3.950500106811523438e+01
1.500000000000000000e+01 6.919642686843872070e-01 5.919499969482421875e+01 5.050799942016601562e+01 4.282300186157226562e+01
1.000000000000000000e+00 5.982142686843872070e-01 6.151100158691406250e+01 4.768399810791015625e+01 4.370199966430664062e+01
1.300000000000000000e+01 5.000000000000000000e-01 6.157099914550781250e+01 4.534400177001953125e+01 4.681999969482421875e+01
0.000000000000000000e+00 2.321428507566452026e-01 6.361399841308593750e+01 4.612300109863281250e+01 4.989199829101562500e+01
0.000000000000000000e+00 7.142857462167739868e-02 6.567700195312500000e+01 4.350600051879882812e+01 5.171500015258789062e+01
3.000000000000000000e+00 8.928571641445159912e-02 6.277700042724609375e+01 4.326599884033203125e+01 5.412699890136718750e+01
3.000000000000000000e+00 2.857142984867095947e-01 6.049499893188476562e+01 4.250799942016601562e+01 5.122399902343750000e+01
1.800000000000000000e+01 3.794642984867095947e-01 5.857699966430664062e+01 4.587599945068359375e+01 5.154000091552734375e+01
1.900000000000000000e+01 5.714285969734191895e-01 5.824399948120117188e+01 4.811800003051757812e+01 4.843700027465820312e+01
7.000000000000000000e+00 4.062500000000000000e-01 6.069200134277343750e+01 5.106999969482421875e+01 4.789799880981445312e+01
1.600000000000000000e+01 4.464285671710968018e-01 6.091999816894531250e+01 5.376399993896484375e+01 4.505899810791015625e+01
1.500000000000000000e+01 3.928571343421936035e-01 6.336500167846679688e+01 5.314400100708007812e+01 4.222600173950195312e+01
0.000000000000000000e+00 4.151785671710968018e-01 6.254399871826171875e+01 5.539699935913085938e+01 3.929999923706054688e+01
1.700000000000000000e+01 4.910714328289031982e-01 5.983200073242187500e+01 5.778599929809570312e+01 3.823199844360351562e+01
9.000000000000000000e+00 3.883928656578063965e-01 5.867800140380859375e+01 6.028099822998046875e+01 3.548500061035156250e+01
1.300000000000000000e+01 4.508928656578063965e-01 5.614400100708007812e+01 6.084700012207031250e+01 3.281800079345703125e+01
1.800000000000000000e+01 4.375000000000000000e-01 5.580300140380859375e+01 5.994800186157226562e+01 2.911899948120117188e+01
1.700000000000000000e+01 1.785714328289031982e-01 5.733900070190429688e+01 6.186399841308593750e+01 2.619700050354003906e+01
7.000000000000000000e+00 1.071428582072257996e-01 5.541199874877929688e+01 6.255199813842773438e+01 2.296800041198730469e+01
1.700000000000000000e+01 1.562500000000000000e-01 5.627099990844726562e+01 5.924100112915039062e+01 2.139100074768066406e+01
9.000000000000000000e+00 4.196428656578063965e-01 5.462699890136718750e+01 5.753499984741210938e+01 2.441699981689453125e+01
7.000000000000000000e+00 4.017857015132904053e-01 5.806999969482421875e+01 5.660699844360351562e+01 2.587800025939941406e+01
1.200000000000000000e+01 4.285714328289031982e-01 5.972499847412109375e+01 5.702099990844726562e+01 2.932799911499023438e+01
9.000000000000000000e+00 1.205357164144515991e-01 6.668800354003906250e+01 5.663000106811523438e+01 3.140399932861328125e+01
1.200000000000000000e+01 2.812500000000000000e-01 6.519599914550781250e+01 5.440700149536132812e+01 3.416199874877929688e+01
1.800000000000000000e+01 1.294642835855484009e-01 6.869799804687500000e+01 5.293600082397460938e+01 3.502099990844726562e+01
1.800000000000000000e+01 2.678571455180644989e-02 7.228399658203125000e+01 5.306100082397460938e+01 3.349000167846679688e+01
7.000000000000000000e+00 1.785714365541934967e-02 7.323500061035156250e+01 4.979000091552734375e+01 3.183399963378906250e+01
7.000000000000000000e+00 0.000000000000000000e+00 7.619899749755859375e+01 4.932500076293945312e+01 3.410499954223632812e+01
7.000000000000000000e+00 1.339285727590322495e-02 7.407199859619140625e+01 4.940999984741210938e+01 3.731499862670898438e+01
1.500000000000000000e+01 8.482142537832260132e-02 7.105300140380859375e+01 4.709799957275390625e+01 3.638199996948242188e+01
2.200000000000000000e+01 8.035714179277420044e-02 7.101599884033203125e+01 4.420000076293945312e+01 3.883900070190429688e+01
7.000000000000000000e+00 1.875000000000000000e-01 6.835900115966796875e+01 4.159000015258789062e+01 4.000400161743164062e+01
9.000000000000000000e+00 3.750000000000000000e-01 6.520099639892578125e+01 4.200899887084960938e+01 4.205500030517578125e+01
1.100000000000000000e+01 6.428571343421936035e-01 6.145000076293945312e+01 4.208900070190429688e+01 4.201100158691406250e+01
2.000000000000000000e+01 7.500000000000000000e-01 6.003099822998046875e+01 4.518099975585937500e+01 4.029899978637695312e+01
1.300000000000000000e+01 8.839285969734191895e-01 5.687500000000000000e+01 4.707300186157226562e+01 3.980300140380859375e+01
2.200000000000000000e+01 9.062500000000000000e-01 5.563899993896484375e+01 4.972499847412109375e+01 3.729999923706054688e+01
7.000000000000000000e+00 9.285714030265808105e-01 5.268600082397460938e+01 5.178799819946289062e+01 3.867200088500976562e+01
1.100000000000000000e+01 9.241071343421936035e-01 5.066099929809570312e+01 5.374700164794921875e+01 3.592300033569335938e+01
3.000000000000000000e+00 8.258928656578063965e-01 4.807799911499023438e+01 5.655799865722656250e+01 3.677999877929687500e+01
1.800000000000000000e+01 8.348214030265808105e-01 4.558200073242187500e+01 5.614500045776367188e+01 3.400299835205078125e+01
1.300000000000000000e+01 7.366071343421936035e-01 4.296200180053710938e+01 5.806499862670898438e+01 3.606399917602539062e+01
1.700000000000000000e+01 5.803571343421936035e-01 4.461999893188476562e+01 6.147100067138671875e+01 3.539799880981445312e+01
2.000000000000000000e+01 5.758928656578063965e-01 4.500600051879882812e+01 6.099100112915039062e+01 3.156399917602539062e+01
1.900000000000000000e+01 5.580357313156127930e-01 4.126699829101562500e+01 6.004100036621093750e+01 3.111199951171875000e+01
1.300000000000000000e+01 3.526785671710968018e-01 4.025500106811523438e+01 6.298699951171875000e+01 3.334299850463867188e+01
0.000000000000000000e+00 2.276785671710968018e-01 4.222600173950195312e+01 6.530699920654296875e+01 3.101300048828125000e+01
1.200000000000000000e+01 2.098214328289031982e-01 4.036600112915039062e+01 6.391500091552734375e+01 2.789299964904785156e+01
9.000000000000000000e+00 1.607142835855484009e-01 3.696900177001953125e+01 6.378300094604492188e+01 2.958900070190429688e+01
1.100000000000000000e+01 3.348214328289031982e-01 3.651499938964843750e+01 5.995000076293945312e+01 2.956999969482421875e+01
1.700000000000000000e+01 4.955357015132904053e-01 3.534199905395507812e+01 5.806700134277343750e+01 3.270100021362304688e+01
1.600000000000000000e+01 6.785714030265808105e-01 3.826200103759765625e+01 5.714300155639648438e+01 3.492200088500976562e+01
1.500000000000000000e+01 7.232142686843872070e-01 3.651800155639648438e+01 5.392300033569335938e+01 3.626100158691406250e+01
7.000000000000000000e+00 8.705357313156127930e-01 4.249900054931640625e+01 5.408100128173828125e+01 3.942399978637695312e+01
0.000000000000000000e+00 9.866071343421936035e-01 4.743099975585937500e+01 5.007199859619140625e+01 3.566299819946289062e+01
7.000000000000000000e+00 9.955357313156127930e-01 5.007600021362304688e+01 4.778400039672851562e+01 3.727700042724609375e+01
2.200000000000000000e+01 9.732142686843872070e-01 5.293399810791015625e+01 4.534099960327148438e+01 3.627600097656250000e+01
2.200000000000000000e+01 9.508928656578063965e-01 5.482600021362304688e+01 4.310100173950195312e+01 3.883800125122070312e+01
1.500000000000000000e+01 8.437500000000000000e-01 5.780799865722656250e+01 4.123400115966796875e+01 3.733700180053710938e+01
1.800000000000000000e+01 6.696428656578063965e-01 6.119599914550781250e+01 3.967100143432617188e+01 3.844200134277343750e+01
0.000000000000000000e+00 5.312500000000000000e-01 6.409100341796875000e+01 4.111299896240234375e+01 3.645199966430664062e+01
2.000000000000000000e+00 2.767857015132904053e-01 6.651799774169921875e+01 3.843199920654296875e+01 3.526699829101562500e+01
3.000000000000000000e+00 3.303571343421936035e-01 6.423600006103515625e+01 3.562500000000000000e+01 3.678799819946289062e+01
1.700000000000000000e+01 1.473214328289031982e-01 6.596399688720703125e+01 3.269200134277343750e+01 3.509000015258789062e+01
9.000000000000000000e+00 6.696428358554840088e-02 6.868000030517578125e+01 3.441199874877929688e+01 3.302199935913085938e+01
1.600000000000000000e+01 6.250000000000000000e-02 6.992500305175781250e+01 3.789799880981445312e+01 3.187899971008300781e+01
1.000000000000000000e+00 2.053571492433547974e-01 6.725000000000000000e+01 3.971400070190429688e+01 2.978899955749511719e+01
1.000000000000000000e+00 2.723214328289031982e-01 6.639299774169921875e+01 4.322100067138671875e+01 2.868799972534179688e+01
2.000000000000000000e+01 5.446428656578063965e-01 6.280099868774414062e+01 4.456600189208984375e+01 2.927400016784667969e+01
1.800000000000000000e+01 6.116071343421936035e-01 6.061299896240234375e+01 4.698699951171875000e+01 2.725900077819824219e+01
1.100000000000000000e+01 7.901785969734191895e-01 5.713899993896484375e+01 4.737900161743164062e+01 2.876799964904785156e+01
0.000000000000000000e+00 7.946428656578063965e-01 5.419200134277343750e+01 4.833599853515625000e+01 2.631500053405761719e+01
0.000000000000000000e+00 8.973214030265808105e-01 5.079999923706054688e+01 4.921099853515625000e+01 2.775499916076660156e+01
1.200000000000000000e+01 8.526785969734191895e-01 4.765999984741210938e+01 4.960699844360351562e+01 2.586000061035156250e+01
1.200000000000000000e+01 8.616071343421936035e-01 4.516799926757812500e+01 5.178300094604492188e+01 2.796299934387207031e+01
1.700000000000000000e+01 8.035714030265808105e-01 4.131600189208984375e+01 5.200400161743164062e+01 2.778599929809570312e+01
1.600000000000000000e+01 7.678571343421936035e-01 3.868700027465820312e+01 5.320999908447265625e+01 3.025799942016601562e+01
2.000000000000000000e+01 8.169642686843872070e-01 3.725000000000000000e+01 4.979800033569335938e+01 3.133099937438964844e+01
1.700000000000000000e+01 9.107142686843872070e-01 4.023300170898437500e+01 4.776200103759765625e+01 3.011100006103515625e+01
2.000000000000000000e+01 9.642857313156127930e-01 4.393399810791015625e+01 4.763600158691406250e+01 2.964399909973144531e+01
1.700000000000000000e+01 9.375000000000000000e-01 4.614699935913085938e+01 4.523099899291992188e+01 2.770100021362304688e+01
1.800000000000000000e+01 9.598214030265808105e-01 4.980899810791015625e+01 4.498699951171875000e+01 2.869799995422363281e+01
1.800000000000000000e+01 8.660714030265808105e-01 5.283200073242187500e+01 4.306900024414062500e+01 2.727599906921386719e+01
0.000000000000000000e+00 7.857142686843872070e-01 5.668099975585937500e+01 4.269699859619140625e+01 2.805599975585937500e+01
2.200000000000000000e+01 5.937500000000000000e-01 5.903900146484375000e+01 4.277399826049804688e+01 2.506900024414062500e+01
2.200000000000000000e+01 4.687500000000000000e-01 6.180899810791015625e+01 4.063700103759765625e+01 2.628000068664550781e+01
1.800000000000000000e+01 1.830357164144515991e-01 6.509799957275390625e+01 4.017900085449218750e+01 2.446599960327148438e+01
2.000000000000000000e+00 5.803571268916130066e-02 6.853600311279296875e+01 3.910800170898437500e+01 2.548900032043457031e+01
1.600000000000000000e+01 2.232142910361289978e-02 7.152400207519531250e+01 4.150999832153320312e+01 2.612700080871582031e+01
