5.000000000000000000e+00 7.142857462167739868e-02 2.468199920654296875e+01 3.847800064086914062e+01 4.027999877929687500e+01
1.600000000000000000e+01 2.187500000000000000e-01 2.654500007629394531e+01 4.180500030517578125e+01 4.104800033569335938e+01
1.200000000000000000e+01 4.732142984867095947e-01 3.017700004577636719e+01 4.088399887084960938e+01 4.068799972534179688e+01
1.400000000000000000e+01 5.491071343421936035e-01 3.185099983215332031e+01 3.802899932861328125e+01 3.880699920654296875e+01
2.200000000000000000e+01 7.053571343421936035e-01 3.545800018310546875e+01 3.739300155639648438e+01 3.781600189208984375e+01
1.300000000000000000e+01 6.919642686843872070e-01 3.645800018310546875e+01 3.510800170898437500e+01 3.484199905395507812e+01
2.200000000000000000e+01 7.589285969734191895e-01 4.009299850463867188e+01 3.398600006103515625e+01 3.429700088500976562e+01
1.200000000000000000e+01 7.008928656578063965e-01 4.124700164794921875e+01 3.281999969482421875e+01 3.089999961853027344e+01
3.000000000000000000e+00 6.250000000000000000e-01 4.434199905395507812e+01 3.112599945068359375e+01 2.931800079345703125e+01
0.000000000000000000e+00 5.803571343421936035e-01 4.618000030517578125e+01 3.208100128173828125e+01 2.611899948120117188e+01
2.200000000000000000e+01 3.660714328289031982e-01 4.831900024414062500e+01 2.890500068664550781e+01 2.566799926757812500e+01
1.000000000000000000e+00 2.008928507566452026e-01 4.548600006103515625e+01 2.622500038146972656e+01 2.552499961853027344e+01
9.000000000000000000e+00 2.901785671710968018e-01 4.289799880981445312e+01 2.893799972534179688e+01 2.507699966430664062e+01
1.700000000000000000e+01 2.633928656578063965e-01 4.081200027465820312e+01 2.753899955749511719e+01 2.787199974060058594e+01
1.600000000000000000e+01 4.419642984867095947e-01 3.902600097656250000e+01 2.934900093078613281e+01 3.078800010681152344e+01
0.000000000000000000e+00 5.133928656578063965e-01 4.142599868774414062e+01 2.879299926757812500e+01 3.377899932861328125e+01
1.100000000000000000e+01 3.080357015132904053e-01 4.060499954223632812e+01 2.625200080871582031e+01 3.638600158691406250e+01
2.000000000000000000e+00 3.750000000000000000e-01 4.143399810791015625e+01 2.714900016784667969e+01 4.005799865722656250e+01
2.200000000000000000e+01 6.428571343421936035e-01 4.305099868774414062e+01 3.068199920654296875e+01 3.981700134277343750e+01
0.000000000000000000e+00 6.517857313156127930e-01 4.325400161743164062e+01 3.216899871826171875e+01 4.336299896240234375e+01
1.400000000000000000e+01 7.633928656578063965e-01 4.210800170898437500e+01 3.579399871826171875e+01 4.412599945068359375e+01
2.200000000000000000e+01 7.187500000000000000e-01 3.880699920654296875e+01 4.109899902343750000e+01 4.655300140380859375e+01
1.500000000000000000e+01 6.785714030265808105e-01 3.941600036621093750e+01 4.411600112915039062e+01 4.892300033569335938e+01
1.000000000000000000e+00 5.625000000000000000e-01 3.718899917602539062e+01 4.716500091552734375e+01 4.952700042724609375e+01
1.300000000000000000e+01 5.357142686843872070e-01 3.882099914550781250e+01 5.055699920654296875e+01 5.018899917602539062e+01
0.000000000000000000e+00 2.455357164144515991e-01 3.771500015258789062e+01 5.185499954223632812e+01 5.358499908447265625e+01
0.000000000000000000e+00 9.821428358554840088e-02 3.723799896240234375e+01 5.559199905395507812e+01 5.461399841308593750e+01
3.000000000000000000e+00 8.482142537832260132e-02 4.064899826049804688e+01 5.598199844360351562e+01 5.615599822998046875e+01
3.000000000000000000e+00 3.125000000000000000e-01 4.207899856567382812e+01 5.467100143432617188e+01 5.283599853515625000e+01
1.800000000000000000e+01 3.794642984867095947e-01 4.288299942016601562e+01 5.111199951171875000e+01 5.387799835205078125e+01
1.900000000000000000e+01 5.669642686843872070e-01 4.224499893188476562e+01 4.772900009155273438e+01 5.202099990844726562e+01
7.000000000000000000e+00 3.571428656578063965e-01 3.956800079345703125e+01 4.589099884033203125e+01 5.399499893188476562e+01
1.600000000000000000e+01 3.392857015132904053e-01 3.870100021362304688e+01 4.217399978637695312e+01 5.349800109863281250e+01
1.500000000000000000e+01 3.348214328289031982e-01 3.551900100708007812e+01 4.185100173950195312e+01 5.147000122070312500e+01
0.000000000000000000e+00 4.375000000000000000e-01 3.560900115966796875e+01 3.875199890136718750e+01 4.929199981689453125e+01
1.700000000000000000e+01 4.776785671710968018e-01 3.766799926757812500e+01 3.569900131225585938e+01 4.838199996948242188e+01
9.000000000000000000e+00 4.464285671710968018e-01 3.757899856567382812e+01 3.266299819946289062e+01 4.599800109863281250e+01
1.300000000000000000e+01 4.821428656578063965e-01 3.908100128173828125e+01 3.052899932861328125e+01 4.315299987792968750e+01
1.800000000000000000e+01 5.000000000000000000e-01 3.775799942016601562e+01 3.024799919128417969e+01 3.948799896240234375e+01
1.700000000000000000e+01 2.142857164144515991e-01 3.565299987792968750e+01 2.710799980163574219e+01 3.872600173950195312e+01
7.000000000000000000e+00 9.375000000000000000e-02 3.586899948120117188e+01 2.448100090026855469e+01 3.584299850463867188e+01
1.700000000000000000e+01 1.250000000000000000e-01 3.409199905395507812e+01 2.683900070190429688e+01 3.336299896240234375e+01
9.000000000000000000e+00 4.062500000000000000e-01 3.650600051879882812e+01 2.962299919128417969e+01 3.457799911499023438e+01
7.000000000000000000e+00 3.883928656578063965e-01 3.369200134277343750e+01 3.173200035095214844e+01 3.606800079345703125e+01
1.200000000000000000e+01 4.285714328289031982e-01 3.377799987792968750e+01 3.253499984741210938e+01 3.979499816894531250e+01
9.000000000000000000e+00 1.160714253783226013e-01 2.906599998474121094e+01 3.407899856567382812e+01 4.461299896240234375e+01
1.200000000000000000e+01 2.723214328289031982e-01 3.148200035095214844e+01 3.674300003051757812e+01 4.576300048828125000e+01
1.800000000000000000e+01 1.741071492433547974e-01 2.913299942016601562e+01 3.932400131225585938e+01 4.722100067138671875e+01
1.800000000000000000e+01 4.017857089638710022e-02 2.561300086975097656e+01 4.009199905395507812e+01 4.807899856567382812e+01
7.000000000000000000e+00 3.125000000000000000e-02 2.384799957275390625e+01 4.279999923706054688e+01 4.608499908447265625e+01
7.000000000000000000e+00 8.928571827709674835e-03 2.296699905395507812e+01 4.495000076293945312e+01 4.916999816894531250e+01
7.000000000000000000e+00 3.571428731083869934e-02 2.653300094604492188e+01 4.487400054931640625e+01 5.060499954223632812e+01
1.500000000000000000e+01 1.785714328289031982e-01 2.840299987792968750e+01 4.587200164794921875e+01 4.738100051879882812e+01
2.200000000000000000e+01 1.116071417927742004e-01 2.802499961853027344e+01 4.975299835205078125e+01 4.789799880981445312e+01
7.000000000000000000e+00 2.053571492433547974e-01 2.977700042724609375e+01 5.283399963378906250e+01 4.641899871826171875e+01
9.000000000000000000e+00 3.973214328289031982e-01 3.358000183105468750e+01 5.282400131225585938e+01 4.682899856567382812e+01
1.100000000000000000e+01 6.473214030265808105e-01 3.690200042724609375e+01 5.168199920654296875e+01 4.549900054931640625e+01
2.000000000000000000e+01 7.544642686843872070e-01 3.742100143432617188e+01 4.795700073242187500e+01 4.505500030517578125e+01
1.300000000000000000e+01 8.750000000000000000e-01 4.077600097656250000e+01 4.605699920654296875e+01 4.465800094604492188e+01
2.200000000000000000e+01 9.151785969734191895e-01 4.135699844360351562e+01 4.258200073242187500e+01 4.319100189208984375e+01
7.000000000000000000e+00 9.285714030265808105e-01 4.462300109863281250e+01 4.065499877929687500e+01 4.385300064086914062e+01
1.100000000000000000e+01 9.241071343421936035e-01 4.486199951171875000e+01 3.765800094604492188e+01 4.124000167846679688e+01
3.000000000000000000e+00 8.258928656578063965e-01 4.764500045776367188e+01 3.517399978637695312e+01 4.176699829101562500e+01
1.800000000000000000e+01 8.660714030265808105e-01 4.823199844360351562e+01 3.456200027465820312e+01 3.804999923706054688e+01
1.300000000000000000e+01 7.723214030265808105e-01 5.187099838256835938e+01 3.335200119018554688e+01 3.842300033569335938e+01
1.700000000000000000e+01 6.116071343421936035e-01 5.100600051879882812e+01 3.020199966430664062e+01 4.058800125122070312e+01
2.000000000000000000e+01 5.892857313156127930e-01 4.871099853515625000e+01 2.893600082397460938e+01 3.779700088500976562e+01
1.900000000000000000e+01 5.714285969734191895e-01 5.136700057983398438e+01 2.895400047302246094e+01 3.509999847412109375e+01
1.300000000000000000e+01 4.241071343421936035e-01 5.392399978637695312e+01 2.759700012207031250e+01 3.759299850463867188e+01
0.000000000000000000e+00 2.321428507566452026e-01 5.189300155639648438e+01 2.445800018310546875e+01 3.826100158691406250e+01
1.200000000000000000e+01 1.964285671710968018e-01 5.141400146484375000e+01 2.382699966430664062e+01 3.445000076293945312e+01
9.000000000000000000e+00 1.428571492433547974e-01 5.532600021362304688e+01 2.437299919128417969e+01 3.400000000000000000e+01
1.100000000000000000e+01 3.482142984867095947e-01 5.518199920654296875e+01 2.780500030517578125e+01 3.223199844360351562e+01
1.700000000000000000e+01 5.089285969734191895e-01 5.733399963378906250e+01 3.079100036621093750e+01 3.338199996948242188e+01
1.600000000000000000e+01 7.142857313156127930e-01 5.518199920654296875e+01 3.393700027465820312e+01 3.321699905395507812e+01
1.500000000000000000e+01 8.080357313156127930e-01 5.635300064086914062e+01 3.761999893188476562e+01 3.323199844360351562e+01
7.000000000000000000e+00 8.839285969734191895e-01 5.377500152587890625e+01 3.782600021362304688e+01 3.944499969482421875e+01
0.000000000000000000e+00 9.866071343421936035e-01 4.736299896240234375e+01 4.061199951171875000e+01 3.794100189208984375e+01
7.000000000000000000e+00 9.955357313156127930e-01 4.603599929809570312e+01 4.347100067138671875e+01 4.003099822998046875e+01
2.200000000000000000e+01 9.821428656578063965e-01 4.288800048828125000e+01 4.560699844360351562e+01 3.922499847412109375e+01
2.200000000000000000e+01 9.464285969734191895e-01 4.172999954223632812e+01 4.879399871826171875e+01 4.111199951171875000e+01
1.500000000000000000e+01 8.482142686843872070e-01 3.830400085449218750e+01 5.029299926757812500e+01 4.016500091552734375e+01
1.800000000000000000e+01 6.875000000000000000e-01 3.535300064086914062e+01 5.238399887084960938e+01 4.136700057983398438e+01
0.000000000000000000e+00 5.267857313156127930e-01 3.188699913024902344e+01 5.081200027465820312e+01 4.169699859619140625e+01
2.000000000000000000e+00 2.589285671710968018e-01 2.837299919128417969e+01 5.219100189208984375e+01 4.147900009155273438e+01
3.000000000000000000e+00 2.366071492433547974e-01 2.915999984741210938e+01 5.553400039672851562e+01 3.970000076293945312e+01
1.700000000000000000e+01 1.517857164144515991e-01 2.705699920654296875e+01 5.464400100708007812e+01 3.670800018310546875e+01
9.000000000000000000e+00 4.910714179277420044e-02 2.407200050354003906e+01 5.357600021362304688e+01 3.878400039672851562e+01
1.600000000000000000e+01 5.357142910361289978e-02 2.343199920654296875e+01 4.995999908447265625e+01 3.964199829101562500e+01
1.000000000000000000e+00 1.830357164144515991e-01 2.550200080871582031e+01 4.755500030517578125e+01 3.752899932861328125e+01
1.000000000000000000e+00 2.500000000000000000e-01 2.635799980163574219e+01 4.384899902343750000e+01 3.731399917602539062e+01
2.000000000000000000e+01 5.312500000000000000e-01 3.006800079345703125e+01 4.358800125122070312e+01 3.667699813842773438e+01
1.800000000000000000e+01 6.205357313156127930e-01 3.201599884033203125e+01 4.078099822998046875e+01 3.493500137329101562e+01
1.100000000000000000e+01 8.035714030265808105e-01 3.572299957275390625e+01 4.114699935913085938e+01 3.510900115966796875e+01
0.000000000000000000e+00 8.169642686843872070e-01 3.740499877929687500e+01 3.899300003051757812e+01 3.249700164794921875e+01
0.000000000000000000e+00 9.107142686843872070e-01 4.120100021362304688e+01 3.867200088500976562e+01 3.264300155639648438e+01
1.200000000000000000e+01 8.348214030265808105e-01 4.297700119018554688e+01 3.684000015258789062e+01 2.983799934387207031e+01
1.200000000000000000e+01 8.616071343421936035e-01 4.654700088500976562e+01 3.574800109863281250e+01 3.086100006103515625e+01
1.700000000000000000e+01 7.678571343421936035e-01 4.939699935913085938e+01 3.495899963378906250e+01 2.853000068664550781e+01
1.600000000000000000e+01 7.232142686843872070e-01 5.297999954223632812e+01 3.431900024414062500e+01 2.959600067138671875e+01
2.000000000000000000e+01 7.946428656578063965e-01 5.394100189208984375e+01 3.794800186157226562e+01 2.875600051879882812e+01
1.700000000000000000e+01 9.196428656578063965e-01 5.059999847412109375e+01 3.984400177001953125e+01 2.914500045776367188e+01
2.000000000000000000e+01 9.687500000000000000e-01 4.733200073242187500e+01 4.034700012207031250e+01 3.086499977111816406e+01
1.700000000000000000e+01 9.419642686843872070e-01 4.432500076293945312e+01 4.175299835205078125e+01 2.913500022888183594e+01
1.800000000000000000e+01 9.553571343421936035e-01 4.150899887084960938e+01 4.267399978637695312e+01 3.141399955749511719e+01
1.800000000000000000e+01 8.571428656578063965e-01 3.797399902343750000e+01 4.381999969482421875e+01 3.056999969482421875e+01
0.000000000000000000e+00 7.812500000000000000e-01 3.502600097656250000e+01 4.505400085449218750e+01 3.261399841308593750e+01
2.200000000000000000e+01 5.982142686843872070e-01 3.194899940490722656e+01 4.383100128173828125e+01 3.078599929809570312e+01
2.200000000000000000e+01 4.598214328289031982e-01 2.922299957275390625e+01 4.591299819946289062e+01 3.250600051879882812e+01
1.800000000000000000e+01 1.696428507566452026e-01 2.550300025939941406e+01 4.489400100708007812e+01 3.241099929809570312e+01
2.000000000000000000e+00 4.464285820722579956e-02 2.268099975585937500e+01 4.736999893188476562e+01 3.317699813842773438e+01
1.600000000000000000e+01 4.464285913854837418e-03 1.963500022888183594e+01 4.540900039672851562e+01 3.464799880981445312e+01
5.000000000000000000e+00 1.383928507566452026e-01 6.710800170898437500e+01 5.010300064086914062e+01 2.712899971008300781e+01
1.600000000000000000e+01 2.276785671710968018e-01 6.750599670410156250e+01 4.786600112915039062e+01 3.015500068664550781e+01
1.200000000000000000e+01 4.955357015132904053e-01 6.408699798583984375e+01 4.881499862670898438e+01 3.123399925231933594e+01
1.400000000000000000e+01 5.401785969734191895e-01 6.171699905395507812e+01 5.109600067138671875e+01 2.921299934387207031e+01
2.200000000000000000e+01 6.964285969734191895e-01 5.806999969482421875e+01 5.215399932861328125e+01 2.913800048828125000e+01
1.300000000000000000e+01 6.562500000000000000e-01 5.571400070190429688e+01 5.275799942016601562e+01 2.620599937438964844e+01
2.200000000000000000e+01 7.321428656578063965e-01 5.215599822998046875e+01 5.386299896240234375e+01 2.686199951171875000e+01
1.200000000000000000e+01 6.741071343421936035e-01 4.924700164794921875e+01 5.396900177001953125e+01 2.426600074768066406e+01
3.000000000000000000e+00 6.607142686843872070e-01 4.551699829101562500e+01 5.431800079345703125e+01 2.425699996948242188e+01
0.000000000000000000e+00 6.026785969734191895e-01 4.321900177001953125e+01 5.208000183105468750e+01 2.216200065612792969e+01
2.200000000000000000e+01 4.508928656578063965e-01 4.034799957275390625e+01 5.462599945068359375e+01 2.189999961853027344e+01
1.000000000000000000e+00 2.544642984867095947e-01 4.237699890136718750e+01 5.655099868774414062e+01 1.939100074768066406e+01
9.000000000000000000e+00 3.214285671710968018e-01 4.510100173950195312e+01 5.383000183105468750e+01 1.870999908447265625e+01
1.700000000000000000e+01 2.946428656578063965e-01 4.809500122070312500e+01 5.610599899291992188e+01 1.944099998474121094e+01
1.600000000000000000e+01 4.107142984867095947e-01 5.073600006103515625e+01 5.702099990844726562e+01 2.200600051879882812e+01
0.000000000000000000e+00 5.223214030265808105e-01 4.970100021362304688e+01 5.852700042724609375e+01 2.534900093078613281e+01
1.100000000000000000e+01 3.035714328289031982e-01 5.099599838256835938e+01 6.195199966430664062e+01 2.612100028991699219e+01
2.000000000000000000e+00 3.616071343421936035e-01 5.144400024414062500e+01 6.290499877929687500e+01 2.977599906921386719e+01
2.200000000000000000e+01 6.339285969734191895e-01 5.104700088500976562e+01 5.968199920654296875e+01 3.163500022888183594e+01
0.000000000000000000e+00 6.383928656578063965e-01 5.316899871826171875e+01 5.959899902343750000e+01 3.488600158691406250e+01
1.400000000000000000e+01 7.410714030265808105e-01 5.452399826049804688e+01 5.652600097656250000e+01 3.657400131225585938e+01
2.200000000000000000e+01 7.098214030265808105e-01 5.887799835205078125e+01 5.231800079345703125e+01 3.963700103759765625e+01
1.500000000000000000e+01 6.696428656578063965e-01 5.978499984741210938e+01 5.025500106811523438e+01 4.274700164794921875e+01
1.000000000000000000e+00 5.446428656578063965e-01 6.240999984741210938e+01 4.771300125122070312e+01 4.370800018310546875e+01
1.300000000000000000e+01 4.642857015132904053e-01 6.220299911499023438e+01 4.544200134277343750e+01 4.680699920654296875e+01
0.000000000000000000e+00 1.607142835855484009e-01 6.449500274658203125e+01 4.538199996948242188e+01 4.998600006103515625e+01
0.000000000000000000e+00 5.803571268916130066e-02 6.586299896240234375e+01 4.226800155639648438e+01 5.161899948120117188e+01
3.000000000000000000e+00 8.035714179277420044e-02 6.275600051879882812e+01 4.220000076293945312e+01 5.384999847412109375e+01
3.000000000000000000e+00 2.991071343421936035e-01 6.068399810791015625e+01 4.227999877929687500e+01 5.077799987792968750e+01
1.800000000000000000e+01 3.705357015132904053e-01 5.927299880981445312e+01 4.586500167846679688e+01 5.128300094604492188e+01
1.900000000000000000e+01 5.178571343421936035e-01 5.932799911499023438e+01 4.841799926757812500e+01 4.833399963378906250e+01
7.000000000000000000e+00 3.169642984867095947e-01 6.197900009155273438e+01 5.109400177001953125e+01 4.778799819946289062e+01
1.600000000000000000e+01 4.151785671710968018e-01 6.150099945068359375e+01 5.373500061035156250e+01 4.490700149536132812e+01
1.500000000000000000e+01 3.839285671710968018e-01 6.373600006103515625e+01 5.278200149536132812e+01 4.209999847412109375e+01
0.000000000000000000e+00 3.928571343421936035e-01 6.286800003051757812e+01 5.536100006103515625e+01 3.945600128173828125e+01
1.700000000000000000e+01 4.910714328289031982e-01 6.007199859619140625e+01 5.756100082397460938e+01 3.820100021362304688e+01
9.000000000000000000e+00 4.330357015132904053e-01 5.886500167846679688e+01 5.968999862670898438e+01 3.542499923706054688e+01
1.300000000000000000e+01 4.687500000000000000e-01 5.628699874877929688e+01 6.043399810791015625e+01 3.264699935913085938e+01
1.800000000000000000e+01 4.553571343421936035e-01 5.573899841308593750e+01 5.972600173950195312e+01 2.886499977111816406e+01
1.700000000000000000e+01 1.875000000000000000e-01 5.695399856567382812e+01 6.159700012207031250e+01 2.581900024414062500e+01
7.000000000000000000e+00 1.026785746216773987e-01 5.484500122070312500e+01 6.255799865722656250e+01 2.264200019836425781e+01
1.700000000000000000e+01 1.339285671710968018e-01 5.581200027465820312e+01 5.923699951171875000e+01 2.090699958801269531e+01
9.000000000000000000e+00 4.017857015132904053e-01 5.500500106811523438e+01 5.745500183105468750e+01 2.410400009155273438e+01
7.000000000000000000e+00 3.526785671710968018e-01 5.858300018310546875e+01 5.655199813842773438e+01 2.537299919128417969e+01
1.200000000000000000e+01 4.196428656578063965e-01 6.000099945068359375e+01 5.679800033569335938e+01 2.886599922180175781e+01
9.000000000000000000e+00 1.294642835855484009e-01 6.588099670410156250e+01 5.708700180053710938e+01 3.165399932861328125e+01
1.200000000000000000e+01 2.812500000000000000e-01 6.474099731445312500e+01 5.489400100708007812e+01 3.464699935913085938e+01
1.800000000000000000e+01 1.562500000000000000e-01 6.797899627685546875e+01 5.288999938964843750e+01 3.506900024414062500e+01
1.800000000000000000e+01 2.678571455180644989e-02 7.155000305175781250e+01 5.250899887084960938e+01 3.365900039672851562e+01
7.000000000000000000e+00 1.785714365541934967e-02 7.262000274658203125e+01 4.929100036621093750e+01 3.179100036621093750e+01
7.000000000000000000e+00 0.000000000000000000e+00 7.534899902343750000e+01 4.910599899291992188e+01 3.449900054931640625e+01
7.000000000000000000e+00 2.232142910361289978e-02 7.280300140380859375e+01 4.936500167846679688e+01 3.737099838256835938e+01
1.500000000000000000e+01 1.205357164144515991e-01 7.000099945068359375e+01 4.690399932861328125e+01 3.607400131225585938e+01
2.200000000000000000e+01 8.928571641445159912e-02 7.073100280761718750e+01 4.357799911499023438e+01 3.779600143432617188e+01
7.000000000000000000e+00 1.651785671710968018e-01 6.863099670410156250e+01 4.079299926757812500e+01 3.940100097656250000e+01
9.000000000000000000e+00 3.437500000000000000e-01 6.566200256347656250e+01 4.168899917602539062e+01 4.163700103759765625e+01
1.100000000000000000e+01 6.160714030265808105e-01 6.172800064086914062e+01 4.204000091552734375e+01 4.202799987792968750e+01
2.000000000000000000e+01 7.276785969734191895e-01 6.041899871826171875e+01 4.518799972534179688e+01 4.008300018310546875e+01
1.300000000000000000e+01 8.705357313156127930e-01 5.700699996948242188e+01 4.692499923706054688e+01 4.021799850463867188e+01
2.200000000000000000e+01 9.062500000000000000e-01 5.556399917602539062e+01 4.952500152587890625e+01 3.788999938964843750e+01
7.000000000000000000e+00 9.330357313156127930e-01 5.276100158691406250e+01 5.190000152587890625e+01 3.883200073242187500e+01
1.100000000000000000e+01 9.017857313156127930e-01 5.121699905395507812e+01 5.386000061035156250e+01 3.596599960327148438e+01
3.000000000000000000e+00 8.214285969734191895e-01 4.868799972534179688e+01 5.666099929809570312e+01 3.700099945068359375e+01
1.800000000000000000e+01 8.303571343421936035e-01 4.598500061035156250e+01 5.628599929809570312e+01 3.442100143432617188e+01
1.300000000000000000e+01 7.455357313156127930e-01 4.323699951171875000e+01 5.804999923706054688e+01 3.644499969482421875e+01
1.700000000000000000e+01 5.848214030265808105e-01 4.510800170898437500e+01 6.135400009155273438e+01 3.594400024414062500e+01
2.000000000000000000e+01 5.937500000000000000e-01 4.527199935913085938e+01 6.074900054931640625e+01 3.219699859619140625e+01
1.900000000000000000e+01 5.580357313156127930e-01 4.157500076293945312e+01 6.040200042724609375e+01 3.182999992370605469e+01
1.300000000000000000e+01 3.258928656578063965e-01 4.095899963378906250e+01 6.358300018310546875e+01 3.392100143432617188e+01
0.000000000000000000e+00 2.232142835855484009e-01 4.315599822998046875e+01 6.555699920654296875e+01 3.148100090026855469e+01
1.200000000000000000e+01 2.098214328289031982e-01 4.091099929809570312e+01 6.425399780273437500e+01 2.855699920654296875e+01
9.000000000000000000e+00 1.473214328289031982e-01 3.754100036621093750e+01 6.438200378417968750e+01 3.034399986267089844e+01
1.100000000000000000e+01 3.303571343421936035e-01 3.688700103759765625e+01 6.070899963378906250e+01 3.025399971008300781e+01
1.700000000000000000e+01 4.866071343421936035e-01 3.568899917602539062e+01 5.872800064086914062e+01 3.329000091552734375e+01
1.600000000000000000e+01 6.651785969734191895e-01 3.841899871826171875e+01 5.743199920654296875e+01 3.566899871826171875e+01
1.500000000000000000e+01 7.366071343421936035e-01 3.692200088500976562e+01 5.397700119018554688e+01 3.612900161743164062e+01
7.000000000000000000e+00 8.794642686843872070e-01 4.277399826049804688e+01 5.386100006103515625e+01 3.959299850463867188e+01
0.000000000000000000e+00 9.776785969734191895e-01 4.777199935913085938e+01 5.037699890136718750e+01 3.541899871826171875e+01
7.000000000000000000e+00 9.910714030265808105e-01 5.004000091552734375e+01 4.819699859619140625e+01 3.759899902343750000e+01
2.200000000000000000e+01 9.732142686843872070e-01 5.265000152587890625e+01 4.552299880981445312e+01 3.689799880981445312e+01
2.200000000000000000e+01 9.375000000000000000e-01 5.474300003051757812e+01 4.344599914550781250e+01 3.937799835205078125e+01
1.500000000000000000e+01 8.392857313156127930e-01 5.754899978637695312e+01 4.122299957275390625e+01 3.786800003051757812e+01
1.800000000000000000e+01 6.830357313156127930e-01 6.062799835205078125e+01 3.927799987792968750e+01 3.902500152587890625e+01
0.000000000000000000e+00 5.535714030265808105e-01 6.346300125122070312e+01 4.039599990844726562e+01 3.663299942016601562e+01
2.000000000000000000e+00 2.767857015132904053e-01 6.614199829101562500e+01 3.794800186157226562e+01 3.532500076293945312e+01
3.000000000000000000e+00 2.678571343421936035e-01 6.459300231933593750e+01 3.463299942016601562e+01 3.658599853515625000e+01
1.700000000000000000e+01 1.071428582072257996e-01 6.631300354003906250e+01 3.240599822998046875e+01 3.401699829101562500e+01
9.000000000000000000e+00 6.250000000000000000e-02 6.914900207519531250e+01 3.488399887084960938e+01 3.335699844360351562e+01
1.600000000000000000e+01 7.589285820722579956e-02 6.968499755859375000e+01 3.860699844360351562e+01 3.200600051879882812e+01
1.000000000000000000e+00 2.410714328289031982e-01 6.668099975585937500e+01 4.002700042724609375e+01 3.020000076293945312e+01
1.000000000000000000e+00 2.857142984867095947e-01 6.586599731445312500e+01 4.352099990844726562e+01 2.877300071716308594e+01
2.000000000000000000e+01 5.758928656578063965e-01 6.240599822998046875e+01 4.481999969482421875e+01 2.939200019836425781e+01
1.800000000000000000e+01 6.294642686843872070e-01 6.012099838256835938e+01 4.701100158691406250e+01 2.729400062561035156e+01
1.100000000000000000e+01 8.125000000000000000e-01 5.658800125122070312e+01 4.741299819946289062e+01 2.876700019836425781e+01
0.000000000000000000e+00 7.901785969734191895e-01 5.381299972534179688e+01 4.850999832153320312e+01 2.634900093078613281e+01
0.000000000000000000e+00 8.973214030265808105e-01 5.076800155639648438e+01 4.956000137329101562e+01 2.831699943542480469e+01
1.200000000000000000e+01 8.526785969734191895e-01 4.741899871826171875e+01 5.003200149536132812e+01 2.635700035095214844e+01
1.200000000000000000e+01 8.437500000000000000e-01 4.478200149536132812e+01 5.217200088500976562e+01 2.799900054931640625e+01
1.700000000000000000e+01 7.767857313156127930e-01 4.083900070190429688e+01 5.206100082397460938e+01 2.756399917602539062e+01
1.600000000000000000e+01 7.500000000000000000e-01 3.818600082397460938e+01 5.317800140380859375e+01 3.015999984741210938e+01
2.000000000000000000e+01 7.857142686843872070e-01 3.674599838256835938e+01 4.979499816894531250e+01 3.112700080871582031e+01
1.700000000000000000e+01 8.928571343421936035e-01 3.964599990844726562e+01 4.774499893188476562e+01 3.016300010681152344e+01
2.000000000000000000e+01 9.508928656578063965e-01 4.345000076293945312e+01 4.784000015258789062e+01 2.986499977111816406e+01
1.700000000000000000e+01 9.598214030265808105e-01 4.611199951171875000e+01 4.556200027465820312e+01 2.849300003051757812e+01
1.800000000000000000e+01 9.642857313156127930e-01 4.980099868774414062e+01 4.537799835205078125e+01 2.925600051879882812e+01
1.800000000000000000e+01 8.883928656578063965e-01 5.240999984741210938e+01 4.326900100708007812e+01 2.752099990844726562e+01
0.000000000000000000e+00 7.991071343421936035e-01 5.619900131225585938e+01 4.318099975585937500e+01 2.798399925231933594e+01
2.200000000000000000e+01 6.071428656578063965e-01 5.859199905395507812e+01 4.267599868774414062e+01 2.497500038146972656e+01
2.200000000000000000e+01 5.044642686843872070e-01 6.146500015258789062e+01 4.078699874877929688e+01 2.634499931335449219e+01
1.800000000000000000e+01 1.919642835855484009e-01 6.496499633789062500e+01 3.976200103759765625e+01 2.477400016784667969e+01
2.000000000000000000e+00 6.696428358554840088e-02 6.847899627685546875e+01 3.888800048828125000e+01 2.612199974060058594e+01
1.600000000000000000e+01 1.339285727590322495e-02 7.129499816894531250e+01 4.141999816894531250e+01 2.597400093078613281e+01
