5.000000000000000000e+00 1.116071417927742004e-01 2.577199935913085938e+01 3.849900054931640625e+01 4.155799865722656250e+01
1.600000000000000000e+01 2.321428507566452026e-01 2.700099945068359375e+01 4.198699951171875000e+01 4.233800125122070312e+01
1.200000000000000000e+01 4.910714328289031982e-01 3.073399925231933594e+01 4.122200012207031250e+01 4.164899826049804688e+01
1.400000000000000000e+01 5.401785969734191895e-01 3.185000038146972656e+01 3.854199981689453125e+01 3.928099822998046875e+01
2.200000000000000000e+01 7.053571343421936035e-01 3.518600082397460938e+01 3.748699951171875000e+01 3.782899856567382812e+01
1.300000000000000000e+01 6.651785969734191895e-01 3.570800018310546875e+01 3.542200088500976562e+01 3.456000137329101562e+01
2.200000000000000000e+01 7.500000000000000000e-01 3.937400054931640625e+01 3.444400024414062500e+01 3.373300170898437500e+01
1.200000000000000000e+01 6.741071343421936035e-01 4.030199813842773438e+01 3.309099960327148438e+01 3.032799911499023438e+01
3.000000000000000000e+00 6.160714030265808105e-01 4.320800018310546875e+01 3.102799987792968750e+01 2.913599967956542969e+01
0.000000000000000000e+00 5.982142686843872070e-01 4.463100051879882812e+01 3.252099990844726562e+01 2.584399986267089844e+01
2.200000000000000000e+01 4.062500000000000000e-01 4.718899917602539062e+01 2.954999923706054688e+01 2.546100044250488281e+01
1.000000000000000000e+00 2.187500000000000000e-01 4.469300079345703125e+01 2.675799942016601562e+01 2.526000022888183594e+01
9.000000000000000000e+00 2.857142984867095947e-01 4.209999847412109375e+01 2.943600082397460938e+01 2.430999946594238281e+01
1.700000000000000000e+01 2.723214328289031982e-01 3.925199890136718750e+01 2.848299980163574219e+01 2.669599914550781250e+01
1.600000000000000000e+01 3.571428656578063965e-01 3.809600067138671875e+01 2.901899909973144531e+01 3.032600021362304688e+01
0.000000000000000000e+00 5.312500000000000000e-01 4.077799987792968750e+01 2.914500045776367188e+01 3.296900177001953125e+01
1.100000000000000000e+01 3.125000000000000000e-01 3.977399826049804688e+01 2.652300071716308594e+01 3.568600082397460938e+01
2.000000000000000000e+00 3.482142984867095947e-01 4.063100051879882812e+01 2.710600090026855469e+01 3.943999862670898438e+01
2.200000000000000000e+01 6.383928656578063965e-01 4.263800048828125000e+01 3.036700057983398438e+01 3.906200027465820312e+01
0.000000000000000000e+00 6.607142686843872070e-01 4.258599853515625000e+01 3.205599975585937500e+01 4.245700073242187500e+01
1.400000000000000000e+01 7.678571343421936035e-01 4.188800048828125000e+01 3.564099884033203125e+01 4.357199859619140625e+01
2.200000000000000000e+01 7.321428656578063965e-01 3.922600173950195312e+01 4.089799880981445312e+01 4.644100189208984375e+01
1.500000000000000000e+01 6.919642686843872070e-01 4.000799942016601562e+01 4.382899856567382812e+01 4.885800170898437500e+01
1.000000000000000000e+00 5.625000000000000000e-01 3.827299880981445312e+01 4.704299926757812500e+01 5.002899932861328125e+01
1.300000000000000000e+01 5.580357313156127930e-01 4.036199951171875000e+01 5.021699905395507812e+01 5.051499938964843750e+01
0.000000000000000000e+00 2.767857015132904053e-01 4.011999893188476562e+01 5.195199966430664062e+01 5.394400024414062500e+01
0.000000000000000000e+00 1.473214328289031982e-01 4.034700012207031250e+01 5.583300018310546875e+01 5.423600006103515625e+01
3.000000000000000000e+00 1.383928507566452026e-01 4.398199844360351562e+01 5.568899917602539062e+01 5.541999816894531250e+01
3.000000000000000000e+00 4.241071343421936035e-01 4.474700164794921875e+01 5.418399810791015625e+01 5.202799987792968750e+01
1.800000000000000000e+01 4.598214328289031982e-01 4.528499984741210938e+01 5.052899932861328125e+01 5.325699996948242188e+01
1.900000000000000000e+01 6.116071343421936035e-01 4.364899826049804688e+01 4.747200012207031250e+01 5.160900115966796875e+01
7.000000000000000000e+00 3.928571343421936035e-01 4.122700119018554688e+01 4.559199905395507812e+01 5.395899963378906250e+01
1.600000000000000000e+01 3.973214328289031982e-01 4.040999984741210938e+01 4.183599853515625000e+01 5.337200164794921875e+01
1.500000000000000000e+01 3.705357015132904053e-01 3.691400146484375000e+01 4.155400085449218750e+01 5.176300048828125000e+01
0.000000000000000000e+00 4.196428656578063965e-01 3.618199920654296875e+01 3.851300048828125000e+01 4.964300155639648438e+01
1.700000000000000000e+01 4.955357015132904053e-01 3.818000030517578125e+01 3.549499893188476562e+01 4.800400161743164062e+01
9.000000000000000000e+00 4.464285671710968018e-01 3.789500045776367188e+01 3.237900161743164062e+01 4.588000106811523438e+01
1.300000000000000000e+01 4.776785671710968018e-01 3.872600173950195312e+01 3.054199981689453125e+01 4.261899948120117188e+01
1.800000000000000000e+01 4.553571343421936035e-01 3.733100128173828125e+01 2.995999908447265625e+01 3.919599914550781250e+01
1.700000000000000000e+01 2.008928507566452026e-01 3.472499847412109375e+01 2.730800056457519531e+01 3.820899963378906250e+01
7.000000000000000000e+00 8.928571641445159912e-02 3.470000076293945312e+01 2.519400024414062500e+01 3.504100036621093750e+01
1.700000000000000000e+01 1.250000000000000000e-01 3.301599884033203125e+01 2.775900077819824219e+01 3.271699905395507812e+01
9.000000000000000000e+00 4.017857015132904053e-01 3.565800094604492188e+01 3.028899955749511719e+01 3.391899871826171875e+01
7.000000000000000000e+00 3.883928656578063965e-01 3.327399826049804688e+01 3.221799850463867188e+01 3.615499877929687500e+01
1.200000000000000000e+01 4.107142984867095947e-01 3.347100067138671875e+01 3.279899978637695312e+01 3.987699890136718750e+01
9.000000000000000000e+00 1.517857164144515991e-01 3.027899932861328125e+01 3.384500122070312500e+01 4.522399902343750000e+01
1.200000000000000000e+01 3.214285671710968018e-01 3.265299987792968750e+01 3.652399826049804688e+01 4.626499938964843750e+01
1.800000000000000000e+01 1.875000000000000000e-01 3.003400039672851562e+01 3.876300048828125000e+01 4.812300109863281250e+01
1.800000000000000000e+01 3.571428731083869934e-02 2.638800048828125000e+01 3.958000183105468750e+01 4.911000061035156250e+01
7.000000000000000000e+00 1.785714365541934967e-02 2.451300048828125000e+01 4.288499832153320312e+01 4.807300186157226562e+01
7.000000000000000000e+00 0.000000000000000000e+00 2.416099929809570312e+01 4.450000000000000000e+01 5.154800033569335938e+01
7.000000000000000000e+00 2.678571455180644989e-02 2.785700035095214844e+01 4.381900024414062500e+01 5.222200012207031250e+01
1.500000000000000000e+01 1.428571492433547974e-01 2.890200042724609375e+01 4.504399871826171875e+01 4.883300018310546875e+01
2.200000000000000000e+01 1.071428582072257996e-01 2.907600021362304688e+01 4.882099914550781250e+01 4.988499832153320312e+01
7.000000000000000000e+00 1.964285671710968018e-01 3.039999961853027344e+01 5.188399887084960938e+01 4.810599899291992188e+01
9.000000000000000000e+00 3.660714328289031982e-01 3.413399887084960938e+01 5.265200042724609375e+01 4.772999954223632812e+01
1.100000000000000000e+01 6.473214030265808105e-01 3.738999938964843750e+01 5.156999969482421875e+01 4.612200164794921875e+01
2.000000000000000000e+01 7.366071343421936035e-01 3.797200012207031250e+01 4.784099960327148438e+01 4.557099914550781250e+01
1.300000000000000000e+01 8.973214030265808105e-01 4.065100097656250000e+01 4.563199996948242188e+01 4.390200042724609375e+01
2.200000000000000000e+01 9.151785969734191895e-01 4.073199844360351562e+01 4.213600158691406250e+01 4.261999893188476562e+01
7.000000000000000000e+00 9.330357313156127930e-01 4.413399887084960938e+01 4.043199920654296875e+01 4.307899856567382812e+01
1.100000000000000000e+01 9.196428656578063965e-01 4.448500061035156250e+01 3.752999877929687500e+01 4.065000152587890625e+01
3.000000000000000000e+00 8.392857313156127930e-01 4.700099945068359375e+01 3.472000122070312500e+01 4.114799880981445312e+01
1.800000000000000000e+01 8.616071343421936035e-01 4.811100006103515625e+01 3.416600036621093750e+01 3.761000061035156250e+01
1.300000000000000000e+01 7.544642686843872070e-01 5.148799896240234375e+01 3.267499923706054688e+01 3.854100036621093750e+01
1.700000000000000000e+01 6.026785969734191895e-01 5.023300170898437500e+01 2.977899932861328125e+01 4.051300048828125000e+01
2.000000000000000000e+01 6.071428656578063965e-01 4.807099914550781250e+01 2.894000053405761719e+01 3.744599914550781250e+01
1.900000000000000000e+01 5.937500000000000000e-01 5.106999969482421875e+01 2.913899993896484375e+01 3.521400070190429688e+01
1.300000000000000000e+01 3.750000000000000000e-01 5.360900115966796875e+01 2.715200042724609375e+01 3.730899810791015625e+01
0.000000000000000000e+00 2.544642984867095947e-01 5.104399871826171875e+01 2.442399978637695312e+01 3.770700073242187500e+01
1.200000000000000000e+01 2.098214328289031982e-01 5.110200119018554688e+01 2.395499992370605469e+01 3.388100051879882812e+01
9.000000000000000000e+00 1.741071492433547974e-01 5.479700088500976562e+01 2.448900032043457031e+01 3.439099884033203125e+01
1.100000000000000000e+01 3.303571343421936035e-01 5.536500167846679688e+01 2.768199920654296875e+01 3.251900100708007812e+01
1.700000000000000000e+01 4.642857015132904053e-01 5.750199890136718750e+01 3.022299957275390625e+01 3.447700119018554688e+01
1.600000000000000000e+01 6.964285969734191895e-01 5.590800094604492188e+01 3.360699844360351562e+01 3.379399871826171875e+01
1.500000000000000000e+01 7.589285969734191895e-01 5.747200012207031250e+01 3.702299880981445312e+01 3.372499847412109375e+01
7.000000000000000000e+00 8.883928656578063965e-01 5.337200164794921875e+01 3.746599960327148438e+01 3.924499893188476562e+01
0.000000000000000000e+00 9.866071343421936035e-01 4.718000030517578125e+01 4.061800003051757812e+01 3.764799880981445312e+01
7.000000000000000000e+00 9.910714030265808105e-01 4.580400085449218750e+01 4.339699935913085938e+01 3.994400024414062500e+01
2.200000000000000000e+01 9.776785969734191895e-01 4.244300079345703125e+01 4.503699874877929688e+01 3.891600036621093750e+01
2.200000000000000000e+01 9.598214030265808105e-01 4.159299850463867188e+01 4.833499908447265625e+01 4.061299896240234375e+01
1.500000000000000000e+01 8.437500000000000000e-01 3.798500061035156250e+01 4.985599899291992188e+01 4.057099914550781250e+01
1.800000000000000000e+01 6.696428656578063965e-01 3.559299850463867188e+01 5.225999832153320312e+01 4.221500015258789062e+01
0.000000000000000000e+00 5.178571343421936035e-01 3.216400146484375000e+01 5.054600143432617188e+01 4.295500183105468750e+01
2.000000000000000000e+00 2.455357164144515991e-01 2.860000038146972656e+01 5.177000045776367188e+01 4.341400146484375000e+01
3.000000000000000000e+00 1.785714328289031982e-01 2.948800086975097656e+01 5.549599838256835938e+01 4.363299942016601562e+01
1.700000000000000000e+01 8.035714179277420044e-02 2.694099998474121094e+01 5.638899993896484375e+01 4.091500091552734375e+01
9.000000000000000000e+00 2.232142910361289978e-02 2.410600090026855469e+01 5.430799865722656250e+01 4.242200088500976562e+01
1.600000000000000000e+01 5.357142910361289978e-02 2.406399917602539062e+01 5.048600006103515625e+01 4.223099899291992188e+01
1.000000000000000000e+00 1.696428507566452026e-01 2.567799949645996094e+01 4.860300064086914062e+01 3.928900146484375000e+01
1.000000000000000000e+00 2.678571343421936035e-01 2.669899940490722656e+01 4.496500015258789062e+01 3.885800170898437500e+01
2.000000000000000000e+01 5.446428656578063965e-01 3.039800071716308594e+01 4.435200119018554688e+01 3.813399887084960938e+01
1.800000000000000000e+01 6.250000000000000000e-01 3.171699905395507812e+01 4.151900100708007812e+01 3.573799896240234375e+01
1.100000000000000000e+01 8.125000000000000000e-01 3.550299835205078125e+01 4.143000030517578125e+01 3.533700180053710938e+01
0.000000000000000000e+00 8.080357313156127930e-01 3.681000137329101562e+01 3.978099822998046875e+01 3.217800140380859375e+01
0.000000000000000000e+00 9.017857313156127930e-01 4.044400024414062500e+01 3.871699905395507812e+01 3.225899887084960938e+01
1.200000000000000000e+01 8.526785969734191895e-01 4.254800033569335938e+01 3.712599945068359375e+01 2.939500045776367188e+01
1.200000000000000000e+01 8.571428656578063965e-01 4.575199890136718750e+01 3.532400131225585938e+01 3.053100013732910156e+01
1.700000000000000000e+01 7.767857313156127930e-01 4.907300186157226562e+01 3.448899841308593750e+01 2.884199905395507812e+01
1.600000000000000000e+01 7.410714030265808105e-01 5.261399841308593750e+01 3.411399841308593750e+01 3.040800094604492188e+01
2.000000000000000000e+01 7.901785969734191895e-01 5.425600051879882812e+01 3.719200134277343750e+01 2.893300056457519531e+01
1.700000000000000000e+01 8.660714030265808105e-01 5.102700042724609375e+01 3.907099914550781250e+01 2.812599945068359375e+01
2.000000000000000000e+01 9.508928656578063965e-01 4.769699859619140625e+01 3.991500091552734375e+01 2.968099975585937500e+01
1.700000000000000000e+01 9.553571343421936035e-01 4.458200073242187500e+01 4.192599868774414062e+01 2.913999938964843750e+01
1.800000000000000000e+01 9.687500000000000000e-01 4.194900131225585938e+01 4.284400177001953125e+01 3.161400032043457031e+01
1.800000000000000000e+01 8.928571343421936035e-01 3.852000045776367188e+01 4.418000030517578125e+01 3.065299987792968750e+01
0.000000000000000000e+00 8.169642686843872070e-01 3.545600128173828125e+01 4.500999832153320312e+01 3.276599884033203125e+01
2.200000000000000000e+01 6.205357313156127930e-01 3.169300079345703125e+01 4.534600067138671875e+01 3.208100128173828125e+01
2.200000000000000000e+01 4.821428656578063965e-01 2.954999923706054688e+01 4.762699890136718750e+01 3.430300140380859375e+01
1.800000000000000000e+01 2.232142835855484009e-01 2.596699905395507812e+01 4.654499816894531250e+01 3.421300125122070312e+01
2.000000000000000000e+00 4.910714179277420044e-02 2.301799964904785156e+01 4.899200057983398438e+01 3.435400009155273438e+01
1.600000000000000000e+01 8.928571827709674835e-03 1.999399948120117188e+01 4.763100051879882812e+01 3.637099838256835938e+01
5.000000000000000000e+00 8.482142537832260132e-02 6.886000061035156250e+01 4.959899902343750000e+01 2.814200019836425781e+01
1.600000000000000000e+01 2.410714328289031982e-01 6.744400024414062500e+01 4.705899810791015625e+01 3.069799995422363281e+01
1.200000000000000000e+01 4.866071343421936035e-01 6.386700057983398438e+01 4.825899887084960938e+01 3.092300033569335938e+01
1.400000000000000000e+01 5.000000000000000000e-01 6.199100112915039062e+01 5.016799926757812500e+01 2.815900039672851562e+01
2.200000000000000000e+01 6.875000000000000000e-01 5.828200149536132812e+01 5.102099990844726562e+01 2.855599975585937500e+01
1.300000000000000000e+01 6.562500000000000000e-01 5.582199859619140625e+01 5.218700027465820312e+01 2.574399948120117188e+01
2.200000000000000000e+01 7.098214030265808105e-01 5.227399826049804688e+01 5.359400177001953125e+01 2.613199996948242188e+01
1.200000000000000000e+01 6.517857313156127930e-01 4.977099990844726562e+01 5.313399887084960938e+01 2.326099967956542969e+01
3.000000000000000000e+00 5.714285969734191895e-01 4.622399902343750000e+01 5.439699935913085938e+01 2.255500030517578125e+01
0.000000000000000000e+00 5.491071343421936035e-01 4.347399902343750000e+01 5.202799987792968750e+01 2.124300003051757812e+01
2.200000000000000000e+01 3.348214328289031982e-01 4.078699874877929688e+01 5.467499923706054688e+01 2.054500007629394531e+01
1.000000000000000000e+00 1.919642835855484009e-01 4.284899902343750000e+01 5.675699996948242188e+01 1.824500083923339844e+01
9.000000000000000000e+00 2.366071492433547974e-01 4.533900070190429688e+01 5.417699813842773438e+01 1.708900070190429688e+01
1.700000000000000000e+01 2.142857164144515991e-01 4.833599853515625000e+01 5.631200027465820312e+01 1.805699920654296875e+01
1.600000000000000000e+01 3.080357015132904053e-01 5.133499908447265625e+01 5.665999984741210938e+01 2.053400039672851562e+01
0.000000000000000000e+00 4.732142984867095947e-01 5.021799850463867188e+01 5.786100006103515625e+01 2.395499992370605469e+01
1.100000000000000000e+01 2.812500000000000000e-01 5.221099853515625000e+01 6.112599945068359375e+01 2.472999954223632812e+01
2.000000000000000000e+00 3.035714328289031982e-01 5.345700073242187500e+01 6.220700073242187500e+01 2.816699981689453125e+01
2.200000000000000000e+01 5.892857313156127930e-01 5.157600021362304688e+01 5.951200103759765625e+01 3.008799934387207031e+01
0.000000000000000000e+00 6.339285969734191895e-01 5.293299865722656250e+01 5.930899810791015625e+01 3.381399917602539062e+01
1.400000000000000000e+01 7.633928656578063965e-01 5.415599822998046875e+01 5.617200088500976562e+01 3.564799880981445312e+01
2.200000000000000000e+01 7.276785969734191895e-01 5.832600021362304688e+01 5.219200134277343750e+01 3.929000091552734375e+01
1.500000000000000000e+01 7.187500000000000000e-01 5.816600036621093750e+01 5.009999847412109375e+01 4.247700119018554688e+01
1.000000000000000000e+00 6.294642686843872070e-01 6.037500000000000000e+01 4.756800079345703125e+01 4.422100067138671875e+01
1.300000000000000000e+01 5.267857313156127930e-01 6.009700012207031250e+01 4.578099822998046875e+01 4.761000061035156250e+01
0.000000000000000000e+00 2.633928656578063965e-01 6.156600189208984375e+01 4.684899902343750000e+01 5.105199813842773438e+01
0.000000000000000000e+00 7.142857462167739868e-02 6.334799957275390625e+01 4.439899826049804688e+01 5.351100158691406250e+01
3.000000000000000000e+00 1.160714253783226013e-01 5.993500137329101562e+01 4.336299896240234375e+01 5.504800033569335938e+01
3.000000000000000000e+00 3.526785671710968018e-01 5.849200057983398438e+01 4.300400161743164062e+01 5.156499862670898438e+01
1.800000000000000000e+01 4.687500000000000000e-01 5.662599945068359375e+01 4.629999923706054688e+01 5.133000183105468750e+01
1.900000000000000000e+01 6.428571343421936035e-01 5.621099853515625000e+01 4.837699890136718750e+01 4.823199844360351562e+01
7.000000000000000000e+00 5.223214030265808105e-01 5.856900024414062500e+01 5.135499954223632812e+01 4.751900100708007812e+01
1.600000000000000000e+01 5.669642686843872070e-01 5.868600082397460938e+01 5.356100082397460938e+01 4.443700027465820312e+01
1.500000000000000000e+01 3.437500000000000000e-01 6.233399963378906250e+01 5.443500137329101562e+01 4.336800003051757812e+01
0.000000000000000000e+00 4.151785671710968018e-01 6.161000061035156250e+01 5.608700180053710938e+01 3.983200073242187500e+01
1.700000000000000000e+01 5.089285969734191895e-01 5.885400009155273438e+01 5.792300033569335938e+01 3.785400009155273438e+01
9.000000000000000000e+00 4.285714328289031982e-01 5.892900085449218750e+01 5.916799926757812500e+01 3.427199935913085938e+01
1.300000000000000000e+01 4.330357015132904053e-01 5.658300018310546875e+01 6.022900009155273438e+01 3.146400070190429688e+01
1.800000000000000000e+01 3.839285671710968018e-01 5.654100036621093750e+01 5.918099975585937500e+01 2.782900047302246094e+01
1.700000000000000000e+01 1.294642835855484009e-01 5.811500167846679688e+01 6.098799896240234375e+01 2.487100028991699219e+01
7.000000000000000000e+00 5.803571268916130066e-02 5.638199996948242188e+01 6.233100128173828125e+01 2.177199935913085938e+01
1.700000000000000000e+01 9.375000000000000000e-02 5.713000106811523438e+01 5.883900070190429688e+01 2.027700042724609375e+01
9.000000000000000000e+00 3.169642984867095947e-01 5.506100082397460938e+01 5.737799835205078125e+01 2.308200073242187500e+01
7.000000000000000000e+00 3.794642984867095947e-01 5.800699996948242188e+01 5.546599960327148438e+01 2.464900016784667969e+01
1.200000000000000000e+01 3.616071343421936035e-01 6.028499984741210938e+01 5.607600021362304688e+01 2.768799972534179688e+01
9.000000000000000000e+00 1.651785671710968018e-01 6.596399688720703125e+01 5.551200103759765625e+01 3.144799995422363281e+01
1.200000000000000000e+01 3.392857015132904053e-01 6.396500015258789062e+01 5.438399887084960938e+01 3.448699951171875000e+01
1.800000000000000000e+01 2.589285671710968018e-01 6.680300140380859375e+01 5.210800170898437500e+01 3.589899826049804688e+01
1.800000000000000000e+01 6.250000000000000000e-02 7.049299621582031250e+01 5.133599853515625000e+01 3.553200149536132812e+01
7.000000000000000000e+00 3.125000000000000000e-02 7.206700134277343750e+01 4.785900115966796875e+01 3.491299819946289062e+01
7.000000000000000000e+00 1.339285727590322495e-02 7.370300292968750000e+01 4.820999908447265625e+01 3.836199951171875000e+01
7.000000000000000000e+00 7.589285820722579956e-02 7.027899932861328125e+01 4.897600173950195312e+01 3.990499877929687500e+01
1.500000000000000000e+01 2.053571492433547974e-01 6.852999877929687500e+01 4.612599945068359375e+01 3.803200149536132812e+01
2.200000000000000000e+01 1.205357164144515991e-01 6.949700164794921875e+01 4.308399963378906250e+01 4.010400009155273438e+01
7.000000000000000000e+00 2.500000000000000000e-01 6.710099792480468750e+01 4.003099822998046875e+01 4.058900070190429688e+01
9.000000000000000000e+00 4.508928656578063965e-01 6.378099822998046875e+01 4.083900070190429688e+01 4.240000152587890625e+01
1.100000000000000000e+01 6.830357313156127930e-01 6.016099929809570312e+01 4.155699920654296875e+01 4.215700149536132812e+01
2.000000000000000000e+01 7.812500000000000000e-01 5.915800094604492188e+01 4.491099929809570312e+01 4.073099899291992188e+01
1.300000000000000000e+01 9.107142686843872070e-01 5.597000122070312500e+01 4.674599838256835938e+01 3.980099868774414062e+01
2.200000000000000000e+01 9.241071343421936035e-01 5.508000183105468750e+01 4.927199935913085938e+01 3.726100158691406250e+01
7.000000000000000000e+00 9.375000000000000000e-01 5.209199905395507812e+01 5.161600112915039062e+01 3.773300170898437500e+01
1.100000000000000000e+01 9.062500000000000000e-01 5.098300170898437500e+01 5.391699981689453125e+01 3.484199905395507812e+01
3.000000000000000000e+00 8.214285969734191895e-01 4.855799865722656250e+01 5.680500030517578125e+01 3.542100143432617188e+01
1.800000000000000000e+01 8.303571343421936035e-01 4.590900039672851562e+01 5.616999816894531250e+01 3.274900054931640625e+01
1.300000000000000000e+01 7.142857313156127930e-01 4.309199905395507812e+01 5.801900100708007812e+01 3.445399856567382812e+01
1.700000000000000000e+01 5.535714030265808105e-01 4.458000183105468750e+01 6.147100067138671875e+01 3.410200119018554688e+01
2.000000000000000000e+01 5.357142686843872070e-01 4.508700180053710938e+01 6.085300064086914062e+01 3.036499977111816406e+01
1.900000000000000000e+01 5.133928656578063965e-01 4.146900177001953125e+01 6.009299850463867188e+01 2.962800025939941406e+01
1.300000000000000000e+01 3.258928656578063965e-01 4.019300079345703125e+01 6.281700134277343750e+01 3.194199943542480469e+01
0.000000000000000000e+00 1.830357164144515991e-01 4.214300155639648438e+01 6.537200164794921875e+01 2.999300003051757812e+01
1.200000000000000000e+01 1.562500000000000000e-01 4.030500030517578125e+01 6.395100021362304688e+01 2.690399932861328125e+01
9.000000000000000000e+00 9.821428358554840088e-02 3.687099838256835938e+01 6.415299987792968750e+01 2.844799995422363281e+01
1.100000000000000000e+01 2.901785671710968018e-01 3.658499908447265625e+01 6.030699920654296875e+01 2.853400039672851562e+01
1.700000000000000000e+01 4.375000000000000000e-01 3.544800186157226562e+01 5.867699813842773438e+01 3.181999969482421875e+01
1.600000000000000000e+01 6.785714030265808105e-01 3.735200119018554688e+01 5.529800033569335938e+01 3.208100128173828125e+01
1.500000000000000000e+01 7.991071343421936035e-01 3.702000045776367188e+01 5.232699966430664062e+01 3.438199996948242188e+01
7.000000000000000000e+00 8.750000000000000000e-01 4.171599960327148438e+01 5.357500076293945312e+01 3.861299896240234375e+01
0.000000000000000000e+00 9.732142686843872070e-01 4.724000167846679688e+01 5.045399856567382812e+01 3.529999923706054688e+01
7.000000000000000000e+00 9.955357313156127930e-01 4.925299835205078125e+01 4.831999969482421875e+01 3.777899932861328125e+01
2.200000000000000000e+01 9.821428656578063965e-01 5.170399856567382812e+01 4.551800155639648438e+01 3.660300064086914062e+01
2.200000000000000000e+01 9.642857313156127930e-01 5.386600112915039062e+01 4.319900131225585938e+01 3.893700027465820312e+01
1.500000000000000000e+01 8.705357313156127930e-01 5.690700149536132812e+01 4.115700149536132812e+01 3.762400054931640625e+01
1.800000000000000000e+01 7.008928656578063965e-01 6.006700134277343750e+01 3.925099945068359375e+01 3.862300109863281250e+01
0.000000000000000000e+00 5.848214030265808105e-01 6.299399948120117188e+01 4.067900085449218750e+01 3.668299865722656250e+01
2.000000000000000000e+00 2.946428656578063965e-01 6.622499847412109375e+01 3.888299942016601562e+01 3.554600143432617188e+01
3.000000000000000000e+00 2.991071343421936035e-01 6.477200317382812500e+01 3.551699829101562500e+01 3.661299896240234375e+01
1.700000000000000000e+01 1.026785746216773987e-01 6.694200134277343750e+01 3.331800079345703125e+01 3.424800109863281250e+01
9.000000000000000000e+00 4.464285820722579956e-02 6.981300354003906250e+01 3.575199890136718750e+01 3.419300079345703125e+01
1.600000000000000000e+01 6.696428358554840088e-02 7.028299713134765625e+01 3.930199813842773438e+01 3.271200180053710938e+01
1.000000000000000000e+00 1.339285671710968018e-01 6.790799713134765625e+01 3.972700119018554688e+01 2.972900009155273438e+01
1.000000000000000000e+00 2.276785671710968018e-01 6.679100036621093750e+01 4.306299972534179688e+01 2.811300086975097656e+01
2.000000000000000000e+01 5.044642686843872070e-01 6.302399826049804688e+01 4.390200042724609375e+01 2.854299926757812500e+01
1.800000000000000000e+01 5.758928656578063965e-01 6.043500137329101562e+01 4.588600158691406250e+01 2.639500045776367188e+01
1.100000000000000000e+01 7.857142686843872070e-01 5.705799865722656250e+01 4.650199890136718750e+01 2.801300048828125000e+01
0.000000000000000000e+00 7.723214030265808105e-01 5.428099822998046875e+01 4.802799987792968750e+01 2.575300025939941406e+01
0.000000000000000000e+00 8.839285969734191895e-01 5.085499954223632812e+01 4.881999969482421875e+01 2.721299934387207031e+01
1.200000000000000000e+01 8.258928656578063965e-01 4.781399917602539062e+01 4.927000045776367188e+01 2.498600006103515625e+01
1.200000000000000000e+01 8.348214030265808105e-01 4.509000015258789062e+01 5.143999862670898438e+01 2.662700080871582031e+01
1.700000000000000000e+01 7.455357313156127930e-01 4.137799835205078125e+01 5.150099945068359375e+01 2.597999954223632812e+01
1.600000000000000000e+01 7.232142686843872070e-01 3.895000076293945312e+01 5.298400115966796875e+01 2.855200004577636719e+01
2.000000000000000000e+01 8.035714030265808105e-01 3.740200042724609375e+01 4.983900070190429688e+01 3.008099937438964844e+01
1.700000000000000000e+01 8.794642686843872070e-01 4.009899902343750000e+01 4.752199935913085938e+01 2.884600067138671875e+01
2.000000000000000000e+01 9.464285969734191895e-01 4.385400009155273438e+01 4.744100189208984375e+01 2.884300041198730469e+01
1.700000000000000000e+01 9.285714030265808105e-01 4.643899917602539062e+01 4.506700134277343750e+01 2.722100067138671875e+01
1.800000000000000000e+01 9.419642686843872070e-01 5.013600158691406250e+01 4.478599929809570312e+01 2.826899909973144531e+01
1.800000000000000000e+01 8.482142686843872070e-01 5.297900009155273438e+01 4.281200027465820312e+01 2.667099952697753906e+01
0.000000000000000000e+00 7.946428656578063965e-01 5.640999984741210938e+01 4.194400024414062500e+01 2.804800033569335938e+01
2.200000000000000000e+01 5.803571343421936035e-01 5.895800018310546875e+01 4.111299896240234375e+01 2.533600044250488281e+01
2.200000000000000000e+01 4.419642984867095947e-01 6.215800094604492188e+01 3.950999832153320312e+01 2.677499961853027344e+01
1.800000000000000000e+01 1.607142835855484009e-01 6.521800231933593750e+01 3.959299850463867188e+01 2.445999908447265625e+01
2.000000000000000000e+00 4.017857089638710022e-02 6.816200256347656250e+01 3.736000061035156250e+01 2.526600074768066406e+01
1.600000000000000000e+01 4.464285913854837418e-03 7.163700103759765625e+01 3.917900085449218750e+01 2.466600036621093750e+01
