1 1 14 0 0.0119760479041916 0 0 14.595 40.205 24.974
1 2 18 0 0.09580838323353291 0 0 16.717 37.191 25.974
1 3 7 0 0.3053892215568862 0 0 17.792 37.066 29.576
1 4 20 0 0.5568862275449102 0 0 20.897 35.090 30.323
1 5 13 0 0.6826347305389222 0 0 21.510 33.348 33.634
1 6 12 0 0.8922155688622755 0 0 25.111 33.976 34.408
1 7 22 0 0.9341317365269461 0 0 26.980 32.396 37.357
1 8 22 0 0.9820359281437125 0 0 30.312 33.785 38.529
1 9 22 0 0.9700598802395209 0 0 32.609 31.044 39.813
1 10 9 0 0.9281437125748503 0 0 35.806 31.535 41.601
1 11 0 0 0.8083832335329342 0 0 38.059 31.223 44.579
1 12 9 0 0.6107784431137725 0 0 38.378 33.526 47.627
1 13 9 0 0.5808383233532934 0 0 39.878 36.938 47.091
1 14 22 0 0.8143712574850299 0 0 40.300 36.725 43.300
1 15 9 0 0.8263473053892215 0 0 38.069 39.823 42.750
1 16 13 0 0.9401197604790419 0 0 35.076 38.051 41.441
1 17 17 0 0.8622754491017964 0 0 32.498 40.162 43.256
1 18 0 0 0.7844311377245509 0 0 34.516 43.228 42.320
1 19 12 0 0.9101796407185628 0 0 34.485 42.139 38.681
1 20 18 0 0.9161676646706587 0 0 30.749 41.587 38.874
1 21 11 0 0.7065868263473054 0 0 29.963 44.914 40.695
1 22 6 0 0.6646706586826348 0 0 31.954 46.707 37.939
1 23 12 0 0.688622754491018 0 0 29.419 45.909 35.197
1 24 11 0 0.5389221556886228 0 0 26.528 46.522 37.550
1 25 6 0 0.3413173652694611 0 0 27.526 49.845 39.027
1 26 2 0 0.2574850299401197 0 0 30.145 51.567 36.869
1 27 10 0 0.14371257485029942 0 0 32.600 52.713 39.475
1 28 15 0 0.14970059880239517 0 0 35.766 52.054 41.396
1 29 22 0 0.24550898203592808 0 0 34.660 49.973 44.307
1 30 3 0 0.11976047904191622 0 0 37.041 49.547 47.201
1 31 7 0 0.0718562874251496 0 0 34.727 48.656 50.100
1 32 20 0 0.13772455089820357 0 0 33.501 45.251 51.322
1 33 3 0 0.17964071856287422 0 0 29.887 44.176 50.853
1 34 16 0 0.18562874251497008 0 0 28.571 40.863 52.101
1 35 18 0 0.3892215568862275 0 0 26.482 39.296 49.341
1 36 11 0 0.19161676646706582 0 0 23.577 37.358 50.768
1 37 7 0 0.22754491017964074 0 0 20.724 37.040 48.229
1 38 3 0 0.37125748502994016 0 0 21.916 39.758 45.798
1 39 17 0 0.4131736526946108 0 0 20.296 40.368 42.465
1 40 20 0 0.5449101796407185 0 0 22.306 41.909 39.618
1 41 1 0 0.45508982035928147 0 0 20.561 42.675 36.364
1 42 13 0 0.4251497005988024 0 0 21.805 44.882 33.523
1 43 6 0 0.20359281437125742 0 0 20.467 45.472 29.987
1 44 22 0 0.28742514970059885 0 0 23.497 45.874 27.747
1 45 22 0 0.10179640718562877 0 0 23.402 46.275 23.973
1 46 11 0 0.23952095808383234 0 0 25.882 43.682 22.741
1 47 3 0 0.07784431137724557 0 0 26.769 43.302 19.109
1 48 9 0 0.0059880239520957446 0 0 23.745 45.370 18.213
1 49 7 0 0.029940119760479056 0 0 21.185 43.495 20.277
1 50 18 0 0.04790419161676651 0 0 19.964 44.232 23.754
1 51 5 0 0.2335329341317366 0 0 20.271 41.392 26.168
1 52 12 0 0.3652694610778443 0 0 19.898 41.142 29.844
1 53 12 0 0.6467065868263473 0 0 22.602 39.664 31.959
1 54 3 0 0.658682634730539 0 0 21.360 38.070 35.216
1 55 11 0 0.8502994011976048 0 0 24.477 37.697 37.171
1 56 12 0 0.8383233532934131 0 0 24.778 35.530 40.311
1 57 3 0 0.8802395209580838 0 0 27.720 36.505 42.413
1 58 18 0 0.8323353293413174 0 0 29.000 33.784 44.569
1 59 0 0 0.6047904191616766 0 0 29.843 34.133 48.277
1 60 9 0 0.41916167664670656 0 0 30.914 32.074 51.183
1 61 6 0 0.29940119760479034 0 0 32.197 28.484 51.713
1 62 7 0 0.3772455089820359 0 0 30.926 26.046 49.217
1 63 7 0 0.12574850299401197 0 0 31.652 22.683 50.844
1 64 20 0 0.02395209580838331 0 0 28.812 21.153 52.763
1 65 17 0 0.059880239520958 0 0 26.279 23.348 51.135
1 66 0 0 0.041916167664670656 0 0 23.500 21.910 49.058
1 67 14 0 0.16766467065868274 0 0 22.577 24.622 46.735
1 68 1 0 0.4610778443113772 0 0 25.907 25.074 45.085
1 69 3 0 0.40718562874251496 0 0 24.834 22.816 42.242
1 70 6 0 0.33532934131736525 0 0 21.413 24.552 42.100
1 71 20 0 0.5688622754491017 0 0 23.005 27.781 41.019
1 72 14 0 0.6706586826347305 0 0 24.901 25.984 38.299
1 73 1 0 0.43113772455089827 0 0 21.901 24.028 37.146
1 74 18 0 0.46706586826347307 0 0 20.116 27.297 36.740
1 75 9 0 0.7305389221556886 0 0 23.203 28.864 35.237
1 76 7 0 0.6946107784431137 0 0 23.721 28.709 31.477
1 77 9 0 0.8682634730538922 0 0 27.082 30.392 31.075
1 78 15 0 0.9640718562874252 0 0 30.042 30.457 33.467
1 79 12 0 0.9940119760479041 0 0 32.472 33.061 34.355
1 80 5 0 0.9880239520958084 0 0 35.321 31.467 36.113
1 81 22 0 0.9760479041916168 0 0 37.691 33.927 37.732
1 82 15 0 0.8862275449101796 0 0 41.133 33.299 39.167
1 83 0 0 0.7425149700598803 0 0 43.949 35.581 40.312
1 84 11 0 0.5089820359281436 0 0 47.470 35.711 39.013
1 85 2 0 0.3293413173652695 0 0 48.647 36.037 42.574
1 86 2 0 0.38323353293413165 0 0 47.048 32.913 43.949
1 87 18 0 0.27544910179640725 0 0 48.215 29.471 42.829
1 88 13 0 0.3532934131736526 0 0 45.426 27.656 44.624
1 89 17 0 0.6287425149700598 0 0 42.880 29.839 42.991
1 90 15 0 0.5988023952095809 0 0 44.193 28.579 39.637
1 91 7 0 0.4730538922155688 0 0 43.889 24.940 40.586
1 92 3 0 0.6167664670658684 0 0 40.330 25.541 41.752
1 93 11 0 0.7964071856287425 0 0 39.577 26.106 38.058
1 94 10 0 0.5329341317365269 0 0 40.170 22.438 37.393
1 95 10 0 0.5209580838323353 0 0 37.846 21.781 40.304
1 96 20 0 0.7604790419161677 0 0 34.948 23.999 39.317
1 97 1 0 0.7125748502994012 0 0 34.973 22.747 35.765
1 98 7 0 0.4491017964071856 0 0 34.433 19.288 37.132
1 99 6 0 0.5149700598802396 0 0 31.498 20.575 39.088
1 100 11 0 0.652694610778443 0 0 30.131 22.397 36.058
1 101 13 0 0.44311377245508976 0 0 30.573 19.349 33.893
1 102 1 0 0.20958083832335328 0 0 28.915 17.189 36.532
1 103 22 0 0.2934131736526946 0 0 25.741 19.303 36.564
1 104 13 0 0.281437125748503 0 0 25.535 19.630 32.702
1 105 3 0 0.06586826347305386 0 0 26.377 16.057 31.713
1 106 17 0 0.13173652694610782 0 0 28.751 17.505 29.214
1 107 7 0 0.31137724550898194 0 0 31.877 19.407 28.443
1 108 3 0 0.34730538922155685 0 0 30.081 21.612 26.006
1 109 22 0 0.5748502994011976 0 0 29.160 24.459 28.243
1 110 16 0 0.7904191616766467 0 0 29.752 28.218 27.898
1 111 14 0 0.9221556886227544 0 0 32.650 29.222 30.117
1 112 22 0 0.9520958083832335 0 0 34.960 32.207 30.074
1 113 12 0 0.9461077844311377 0 0 38.223 31.903 31.912
1 114 22 0 0.9580838323353293 0 0 39.198 35.137 33.637
1 115 9 0 0.8562874251497006 0 0 42.641 36.085 34.875
1 116 2 0 0.844311377245509 0 0 41.938 38.739 37.455
1 117 13 0 0.5868263473053892 0 0 43.944 41.375 39.288
1 118 5 0 0.47904191616766467 0 0 46.384 41.634 36.456
1 119 3 0 0.221556886227545 0 0 47.690 45.140 36.552
1 120 12 0 0.08383233532934131 0 0 50.294 44.229 39.145
1 121 16 0 0.0 0 0 53.932 44.481 38.225
1 122 17 0 0.017964071856287345 0 0 54.494 40.857 39.418
1 123 1 0 0.08982035928143717 0 0 52.628 37.484 39.299
1 124 18 0 0.053892215568862256 0 0 52.934 34.168 41.030
1 125 22 0 0.21556886227544902 0 0 50.860 32.160 38.548
1 126 3 0 0.10778443113772451 0 0 52.636 32.145 35.187
1 127 18 0 0.26347305389221565 0 0 50.321 33.308 32.366
1 128 13 0 0.11377245508982048 0 0 51.264 30.431 30.101
1 129 6 0 0.17365269461077848 0 0 49.833 27.710 32.334
1 130 0 0 0.4970059880239521 0 0 46.577 29.561 32.272
1 131 6 0 0.39520958083832336 0 0 46.572 29.803 28.486
1 132 3 0 0.16167664670658677 0 0 47.635 26.191 28.128
1 133 12 0 0.4011976047904191 0 0 44.800 25.060 30.407
1 134 0 0 0.5508982035928144 0 0 42.475 27.288 28.503
1 135 1 0 0.2694610778443114 0 0 43.649 25.723 25.215
1 136 17 0 0.15568862275449102 0 0 43.315 22.189 26.623
1 137 20 0 0.437125748502994 0 0 39.825 22.942 27.755
1 138 9 0 0.35928143712574856 0 0 39.014 24.586 24.430
1 139 11 0 0.6227544910179641 0 0 37.964 27.907 25.928
1 140 16 0 0.7245508982035929 0 0 38.817 31.580 25.973
1 141 15 0 0.7784431137724551 0 0 41.302 32.973 28.444
1 142 11 0 0.8023952095808383 0 0 41.059 36.663 29.110
1 143 7 0 0.7485029940119761 0 0 43.150 38.716 31.555
1 144 18 0 0.7664670658682635 0 0 41.452 41.585 33.306
1 145 17 0 0.6407185628742516 0 0 41.572 44.007 36.144
1 146 0 0 0.7544910179640718 0 0 38.111 44.511 37.691
1 147 13 0 0.5029940119760479 0 0 38.479 47.548 39.851
1 148 18 0 0.3173652694610779 0 0 40.205 49.810 37.361
1 149 1 0 0.49101796407185627 0 0 38.015 48.304 34.635
1 150 6 0 0.4850299401197605 0 0 40.373 46.865 32.067
1 151 9 0 0.6347305389221557 0 0 38.896 44.215 29.836
1 152 22 0 0.8203592814371258 0 0 35.817 43.584 31.971
1 153 3 0 0.6766467065868262 0 0 33.585 44.625 29.072
1 154 3 0 0.7005988023952096 0 0 35.374 42.165 26.782
1 155 0 0 0.8982035928143712 0 0 35.130 39.368 29.354
1 156 15 0 0.9041916167664671 0 0 31.393 39.780 29.870
1 157 20 0 0.7365269461077844 0 0 30.435 40.235 26.225
1 158 18 0 0.7724550898203593 0 0 32.715 37.320 25.219
1 159 12 0 0.874251497005988 0 0 30.733 34.941 27.378
1 160 22 0 0.718562874251497 0 0 27.488 36.137 25.877
1 161 1 0 0.5269461077844311 0 0 28.992 35.626 22.419
1 162 7 0 0.592814371257485 0 0 29.747 32.148 23.578
1 163 11 0 0.562874251497006 0 0 26.211 31.648 24.779
1 164 1 0 0.32335329341317365 0 0 24.920 32.917 21.411
1 165 13 0 0.19760479041916168 0 0 26.955 30.256 19.587
1 166 10 0 0.25149700598802394 0 0 25.873 27.346 21.693
1 167 13 0 0.03592814371257491 0 0 23.103 25.402 20.127
