5.000000000000000000e+00 9.821428358554840088e-02 2.528000068664550781e+01 3.926800155639648438e+01 4.071500015258789062e+01
1.600000000000000000e+01 2.455357164144515991e-01 2.711300086975097656e+01 4.245299911499023438e+01 4.180300140380859375e+01
1.200000000000000000e+01 5.223214030265808105e-01 3.070599937438964844e+01 4.144599914550781250e+01 4.099200057983398438e+01
1.400000000000000000e+01 5.401785969734191895e-01 3.137299919128417969e+01 3.856100082397460938e+01 3.842300033569335938e+01
2.200000000000000000e+01 7.008928656578063965e-01 3.496699905395507812e+01 3.753900146484375000e+01 3.752500152587890625e+01
1.300000000000000000e+01 6.696428656578063965e-01 3.547900009155273438e+01 3.536800003051757812e+01 3.452199935913085938e+01
2.200000000000000000e+01 7.276785969734191895e-01 3.909700012207031250e+01 3.417699813842773438e+01 3.365900039672851562e+01
1.200000000000000000e+01 6.651785969734191895e-01 3.994699859619140625e+01 3.289599990844726562e+01 3.028400039672851562e+01
3.000000000000000000e+00 6.026785969734191895e-01 4.296799850463867188e+01 3.120700073242187500e+01 2.861899948120117188e+01
0.000000000000000000e+00 5.669642686843872070e-01 4.492399978637695312e+01 3.242900085449218750e+01 2.552000045776367188e+01
2.200000000000000000e+01 3.883928656578063965e-01 4.752899932861328125e+01 2.959000015258789062e+01 2.525900077819824219e+01
1.000000000000000000e+00 2.142857164144515991e-01 4.452999877929687500e+01 2.715800094604492188e+01 2.483300018310546875e+01
9.000000000000000000e+00 2.767857015132904053e-01 4.201399993896484375e+01 2.972100067138671875e+01 2.352799987792968750e+01
1.700000000000000000e+01 2.633928656578063965e-01 3.936500167846679688e+01 2.872200012207031250e+01 2.593199920654296875e+01
1.600000000000000000e+01 3.526785671710968018e-01 3.802199935913085938e+01 2.941099929809570312e+01 2.953100013732910156e+01
0.000000000000000000e+00 4.821428656578063965e-01 4.035900115966796875e+01 2.888899993896484375e+01 3.244800186157226562e+01
1.100000000000000000e+01 2.857142984867095947e-01 3.951499938964843750e+01 2.621299934387207031e+01 3.507899856567382812e+01
2.000000000000000000e+00 3.303571343421936035e-01 4.021900177001953125e+01 2.688199996948242188e+01 3.881200027465820312e+01
2.200000000000000000e+01 6.294642686843872070e-01 4.215200042724609375e+01 3.020499992370605469e+01 3.890000152587890625e+01
0.000000000000000000e+00 6.517857313156127930e-01 4.229399871826171875e+01 3.188599967956542969e+01 4.235200119018554688e+01
1.400000000000000000e+01 7.589285969734191895e-01 4.184400177001953125e+01 3.550400161743164062e+01 4.350899887084960938e+01
2.200000000000000000e+01 7.321428656578063965e-01 3.970000076293945312e+01 4.099700164794921875e+01 4.683300018310546875e+01
1.500000000000000000e+01 6.919642686843872070e-01 4.072000122070312500e+01 4.388600158691406250e+01 4.912400054931640625e+01
1.000000000000000000e+00 5.937500000000000000e-01 3.888700103759765625e+01 4.712400054931640625e+01 5.014099884033203125e+01
1.300000000000000000e+01 5.535714030265808105e-01 4.078900146484375000e+01 5.032600021362304688e+01 5.074800109863281250e+01
0.000000000000000000e+00 2.812500000000000000e-01 4.066500091552734375e+01 5.223099899291992188e+01 5.402099990844726562e+01
0.000000000000000000e+00 1.116071417927742004e-01 4.063800048828125000e+01 5.603400039672851562e+01 5.495800018310546875e+01
3.000000000000000000e+00 1.294642835855484009e-01 4.433200073242187500e+01 5.601300048828125000e+01 5.573300170898437500e+01
3.000000000000000000e+00 3.973214328289031982e-01 4.508200073242187500e+01 5.451900100708007812e+01 5.212300109863281250e+01
1.800000000000000000e+01 4.285714328289031982e-01 4.551699829101562500e+01 5.099800109863281250e+01 5.341600036621093750e+01
1.900000000000000000e+01 5.758928656578063965e-01 4.406399917602539062e+01 4.773600006103515625e+01 5.207300186157226562e+01
7.000000000000000000e+00 3.705357015132904053e-01 4.174599838256835938e+01 4.566199874877929688e+01 5.432300186157226562e+01
1.600000000000000000e+01 4.553571343421936035e-01 4.116500091552734375e+01 4.204100036621093750e+01 5.310699844360351562e+01
1.500000000000000000e+01 4.151785671710968018e-01 3.764699935913085938e+01 4.162799835205078125e+01 5.175899887084960938e+01
0.000000000000000000e+00 4.375000000000000000e-01 3.700400161743164062e+01 3.835200119018554688e+01 4.993199920654296875e+01
1.700000000000000000e+01 5.178571343421936035e-01 3.866199874877929688e+01 3.544599914550781250e+01 4.809999847412109375e+01
9.000000000000000000e+00 4.776785671710968018e-01 3.772200012207031250e+01 3.294800186157226562e+01 4.537099838256835938e+01
1.300000000000000000e+01 4.687500000000000000e-01 3.849300003051757812e+01 3.063800048828125000e+01 4.248500061035156250e+01
1.800000000000000000e+01 4.330357015132904053e-01 3.694100189208984375e+01 2.994400024414062500e+01 3.902500152587890625e+01
1.700000000000000000e+01 1.562500000000000000e-01 3.440700149536132812e+01 2.716200065612792969e+01 3.805599975585937500e+01
7.000000000000000000e+00 8.035714179277420044e-02 3.490999984741210938e+01 2.474399948120117188e+01 3.519300079345703125e+01
1.700000000000000000e+01 1.160714253783226013e-01 3.314099884033203125e+01 2.726099967956542969e+01 3.284899902343750000e+01
9.000000000000000000e+00 3.750000000000000000e-01 3.565999984741210938e+01 3.004800033569335938e+01 3.386100006103515625e+01
7.000000000000000000e+00 3.482142984867095947e-01 3.305799865722656250e+01 3.191399955749511719e+01 3.596200180053710938e+01
1.200000000000000000e+01 4.017857015132904053e-01 3.319100189208984375e+01 3.306200027465820312e+01 3.963700103759765625e+01
9.000000000000000000e+00 1.428571492433547974e-01 3.000799942016601562e+01 3.409099960327148438e+01 4.511700057983398438e+01
1.200000000000000000e+01 3.437500000000000000e-01 3.276599884033203125e+01 3.663299942016601562e+01 4.577899932861328125e+01
1.800000000000000000e+01 2.098214328289031982e-01 3.024399948120117188e+01 3.902799987792968750e+01 4.753699874877929688e+01
1.800000000000000000e+01 5.803571268916130066e-02 2.674600028991699219e+01 4.028900146484375000e+01 4.795999908447265625e+01
7.000000000000000000e+00 1.785714365541934967e-02 2.472100067138671875e+01 4.359899902343750000e+01 4.783300018310546875e+01
7.000000000000000000e+00 4.464285913854837418e-03 2.447100067138671875e+01 4.439899826049804688e+01 5.154499816894531250e+01
7.000000000000000000e+00 3.571428731083869934e-02 2.822699928283691406e+01 4.333800125122070312e+01 5.198600006103515625e+01
1.500000000000000000e+01 1.785714328289031982e-01 2.952000045776367188e+01 4.524900054931640625e+01 4.900400161743164062e+01
2.200000000000000000e+01 1.026785746216773987e-01 2.956800079345703125e+01 4.889300155639648438e+01 5.025699996948242188e+01
7.000000000000000000e+00 2.053571492433547974e-01 3.104299926757812500e+01 5.186199951171875000e+01 4.830699920654296875e+01
9.000000000000000000e+00 3.794642984867095947e-01 3.472800064086914062e+01 5.270000076293945312e+01 4.811000061035156250e+01
1.100000000000000000e+01 6.607142686843872070e-01 3.795800018310546875e+01 5.180699920654296875e+01 4.617399978637695312e+01
2.000000000000000000e+01 7.544642686843872070e-01 3.849300003051757812e+01 4.805599975585937500e+01 4.569499969482421875e+01
1.300000000000000000e+01 8.928571343421936035e-01 4.092900085449218750e+01 4.579100036621093750e+01 4.408000183105468750e+01
2.200000000000000000e+01 9.151785969734191895e-01 4.087500000000000000e+01 4.222700119018554688e+01 4.272000122070312500e+01
7.000000000000000000e+00 9.419642686843872070e-01 4.414099884033203125e+01 4.033499908447265625e+01 4.267800140380859375e+01
1.100000000000000000e+01 9.241071343421936035e-01 4.411800003051757812e+01 3.727799987792968750e+01 4.035300064086914062e+01
3.000000000000000000e+00 8.437500000000000000e-01 4.687900161743164062e+01 3.454199981689453125e+01 4.088499832153320312e+01
1.800000000000000000e+01 8.616071343421936035e-01 4.816899871826171875e+01 3.419200134277343750e+01 3.735599899291992188e+01
1.300000000000000000e+01 7.633928656578063965e-01 5.150500106811523438e+01 3.295899963378906250e+01 3.849900054931640625e+01
1.700000000000000000e+01 6.250000000000000000e-01 5.014599990844726562e+01 2.985899925231933594e+01 4.017900085449218750e+01
2.000000000000000000e+01 6.160714030265808105e-01 4.811899948120117188e+01 2.890900039672851562e+01 3.701800155639648438e+01
1.900000000000000000e+01 5.714285969734191895e-01 5.154399871826171875e+01 2.904000091552734375e+01 3.532899856567382812e+01
1.300000000000000000e+01 3.616071343421936035e-01 5.391600036621093750e+01 2.714900016784667969e+01 3.766699981689453125e+01
0.000000000000000000e+00 2.366071492433547974e-01 5.138499832153320312e+01 2.432799911499023438e+01 3.781700134277343750e+01
1.200000000000000000e+01 1.964285671710968018e-01 5.150199890136718750e+01 2.400300025939941406e+01 3.405400085449218750e+01
9.000000000000000000e+00 1.339285671710968018e-01 5.537599945068359375e+01 2.420800018310546875e+01 3.405300140380859375e+01
1.100000000000000000e+01 3.348214328289031982e-01 5.565700149536132812e+01 2.769899940490722656e+01 3.272999954223632812e+01
1.700000000000000000e+01 4.732142984867095947e-01 5.757300186157226562e+01 3.058900070190429688e+01 3.418500137329101562e+01
1.600000000000000000e+01 7.053571343421936035e-01 5.563299942016601562e+01 3.375500106811523438e+01 3.374000167846679688e+01
1.500000000000000000e+01 7.812500000000000000e-01 5.704999923706054688e+01 3.723300170898437500e+01 3.348899841308593750e+01
7.000000000000000000e+00 9.107142686843872070e-01 5.328499984741210938e+01 3.801599884033203125e+01 3.900799942016601562e+01
0.000000000000000000e+00 9.821428656578063965e-01 4.675500106811523438e+01 4.027500152587890625e+01 3.727500152587890625e+01
7.000000000000000000e+00 9.955357313156127930e-01 4.556600189208984375e+01 4.322499847412109375e+01 3.942300033569335938e+01
2.200000000000000000e+01 9.732142686843872070e-01 4.248899841308593750e+01 4.533100128173828125e+01 3.888399887084960938e+01
2.200000000000000000e+01 9.553571343421936035e-01 4.166799926757812500e+01 4.859700012207031250e+01 4.079100036621093750e+01
1.500000000000000000e+01 8.526785969734191895e-01 3.820500183105468750e+01 5.030699920654296875e+01 4.059199905395507812e+01
1.800000000000000000e+01 6.741071343421936035e-01 3.594300079345703125e+01 5.258599853515625000e+01 4.263199996948242188e+01
0.000000000000000000e+00 5.312500000000000000e-01 3.247299957275390625e+01 5.080699920654296875e+01 4.303099822998046875e+01
2.000000000000000000e+00 2.500000000000000000e-01 2.887999916076660156e+01 5.192300033569335938e+01 4.363999938964843750e+01
3.000000000000000000e+00 1.651785671710968018e-01 2.951899909973144531e+01 5.576800155639648438e+01 4.348099899291992188e+01
1.700000000000000000e+01 8.928571641445159912e-02 2.707399940490722656e+01 5.632799911499023438e+01 4.071799850463867188e+01
9.000000000000000000e+00 3.125000000000000000e-02 2.457900047302246094e+01 5.388999938964843750e+01 4.217699813842773438e+01
1.600000000000000000e+01 6.250000000000000000e-02 2.456399917602539062e+01 5.014699935913085938e+01 4.209199905395507812e+01
1.000000000000000000e+00 1.919642835855484009e-01 2.595599937438964844e+01 4.823600006103515625e+01 3.917699813842773438e+01
1.000000000000000000e+00 2.544642984867095947e-01 2.647599983215332031e+01 4.471799850463867188e+01 3.803900146484375000e+01
2.000000000000000000e+01 5.446428656578063965e-01 3.018000030517578125e+01 4.438499832153320312e+01 3.700999832153320312e+01
1.800000000000000000e+01 6.428571343421936035e-01 3.192099952697753906e+01 4.175000000000000000e+01 3.487799835205078125e+01
1.100000000000000000e+01 8.125000000000000000e-01 3.577999877929687500e+01 4.133200073242187500e+01 3.509099960327148438e+01
0.000000000000000000e+00 8.080357313156127930e-01 3.696599960327148438e+01 3.957400131225585938e+01 3.198699951171875000e+01
0.000000000000000000e+00 8.973214030265808105e-01 4.054299926757812500e+01 3.840299987792968750e+01 3.237099838256835938e+01
1.200000000000000000e+01 8.392857313156127930e-01 4.239400100708007812e+01 3.684600067138671875e+01 2.944400024414062500e+01
1.200000000000000000e+01 8.482142686843872070e-01 4.565700149536132812e+01 3.509299850463867188e+01 3.058399963378906250e+01
1.700000000000000000e+01 7.678571343421936035e-01 4.893399810791015625e+01 3.431200027465820312e+01 2.889699935913085938e+01
1.600000000000000000e+01 7.455357313156127930e-01 5.238399887084960938e+01 3.399800109863281250e+01 3.056299972534179688e+01
2.000000000000000000e+01 7.991071343421936035e-01 5.393199920654296875e+01 3.716199874877929688e+01 2.906599998474121094e+01
1.700000000000000000e+01 8.883928656578063965e-01 5.073400115966796875e+01 3.915599822998046875e+01 2.835000038146972656e+01
2.000000000000000000e+01 9.598214030265808105e-01 4.729100036621093750e+01 3.974700164794921875e+01 2.998600006103515625e+01
1.700000000000000000e+01 9.375000000000000000e-01 4.421699905395507812e+01 4.158300018310546875e+01 2.868799972534179688e+01
1.800000000000000000e+01 9.642857313156127930e-01 4.168299865722656250e+01 4.263499832153320312e+01 3.126300048828125000e+01
1.800000000000000000e+01 8.750000000000000000e-01 3.839300155639648438e+01 4.407300186157226562e+01 3.031500053405761719e+01
0.000000000000000000e+00 8.303571343421936035e-01 3.598400115966796875e+01 4.560599899291992188e+01 3.280400085449218750e+01
2.200000000000000000e+01 6.473214030265808105e-01 3.221699905395507812e+01 4.537599945068359375e+01 3.190200042724609375e+01
2.200000000000000000e+01 4.910714328289031982e-01 2.969000053405761719e+01 4.758800125122070312e+01 3.382799911499023438e+01
1.800000000000000000e+01 2.008928507566452026e-01 2.589200019836425781e+01 4.681000137329101562e+01 3.349800109863281250e+01
2.000000000000000000e+00 4.017857089638710022e-02 2.320100021362304688e+01 4.924100112915039062e+01 3.472000122070312500e+01
1.600000000000000000e+01 8.928571827709674835e-03 2.026899909973144531e+01 4.717900085449218750e+01 3.625899887084960938e+01
5.000000000000000000e+00 9.375000000000000000e-02 6.851699829101562500e+01 5.010499954223632812e+01 2.828599929809570312e+01
1.600000000000000000e+01 2.232142835855484009e-01 6.744000244140625000e+01 4.723899841308593750e+01 3.049300003051757812e+01
1.200000000000000000e+01 4.955357015132904053e-01 6.386999893188476562e+01 4.814699935913085938e+01 3.122400093078613281e+01
1.400000000000000000e+01 5.267857313156127930e-01 6.185200119018554688e+01 4.986399841308593750e+01 2.829999923706054688e+01
2.200000000000000000e+01 6.830357313156127930e-01 5.823600006103515625e+01 5.075600051879882812e+01 2.846299934387207031e+01
1.300000000000000000e+01 6.562500000000000000e-01 5.590399932861328125e+01 5.185699844360351562e+01 2.563500022888183594e+01
2.200000000000000000e+01 7.187500000000000000e-01 5.220899963378906250e+01 5.288800048828125000e+01 2.582900047302246094e+01
1.200000000000000000e+01 6.339285969734191895e-01 4.997100067138671875e+01 5.286000061035156250e+01 2.274099922180175781e+01
3.000000000000000000e+00 6.071428656578063965e-01 4.629299926757812500e+01 5.398899841308593750e+01 2.270800018310546875e+01
0.000000000000000000e+00 5.491071343421936035e-01 4.370000076293945312e+01 5.183200073242187500e+01 2.098299980163574219e+01
2.200000000000000000e+01 3.392857015132904053e-01 4.092100143432617188e+01 5.436500167846679688e+01 2.045700073242187500e+01
1.000000000000000000e+00 1.875000000000000000e-01 4.293500137329101562e+01 5.657400131225585938e+01 1.819000053405761719e+01
9.000000000000000000e+00 2.678571343421936035e-01 4.561100006103515625e+01 5.379700088500976562e+01 1.748299980163574219e+01
1.700000000000000000e+01 2.187500000000000000e-01 4.834000015258789062e+01 5.635100173950195312e+01 1.825600051879882812e+01
1.600000000000000000e+01 2.991071343421936035e-01 5.134999847412109375e+01 5.674499893188476562e+01 2.047599983215332031e+01
0.000000000000000000e+00 4.866071343421936035e-01 5.036199951171875000e+01 5.759999847412109375e+01 2.397299957275390625e+01
1.100000000000000000e+01 2.901785671710968018e-01 5.205699920654296875e+01 6.091400146484375000e+01 2.490399932861328125e+01
2.000000000000000000e+00 3.125000000000000000e-01 5.294200134277343750e+01 6.227799987792968750e+01 2.842300033569335938e+01
2.200000000000000000e+01 6.205357313156127930e-01 5.171099853515625000e+01 5.922299957275390625e+01 3.024699974060058594e+01
0.000000000000000000e+00 6.383928656578063965e-01 5.270899963378906250e+01 5.954199981689453125e+01 3.390000152587890625e+01
1.400000000000000000e+01 7.410714030265808105e-01 5.426699829101562500e+01 5.642800140380859375e+01 3.549000167846679688e+01
2.200000000000000000e+01 7.142857313156127930e-01 5.831700134277343750e+01 5.253099822998046875e+01 3.965000152587890625e+01
1.500000000000000000e+01 7.098214030265808105e-01 5.829800033569335938e+01 5.055699920654296875e+01 4.278900146484375000e+01
1.000000000000000000e+00 5.848214030265808105e-01 6.089199829101562500e+01 4.839300155639648438e+01 4.446099853515625000e+01
1.300000000000000000e+01 5.133928656578063965e-01 6.037799835205078125e+01 4.608499908447265625e+01 4.760900115966796875e+01
0.000000000000000000e+00 2.321428507566452026e-01 6.203200149536132812e+01 4.713100051879882812e+01 5.095800018310546875e+01
0.000000000000000000e+00 4.910714179277420044e-02 6.394400024414062500e+01 4.485699844360351562e+01 5.339599990844726562e+01
3.000000000000000000e+00 8.482142537832260132e-02 6.065700149536132812e+01 4.436500167846679688e+01 5.534099960327148438e+01
3.000000000000000000e+00 3.214285671710968018e-01 5.895600128173828125e+01 4.389799880981445312e+01 5.185599899291992188e+01
1.800000000000000000e+01 4.062500000000000000e-01 5.703400039672851562e+01 4.725199890136718750e+01 5.174000167846679688e+01
1.900000000000000000e+01 6.116071343421936035e-01 5.667800140380859375e+01 4.902600097656250000e+01 4.846900177001953125e+01
7.000000000000000000e+00 4.598214328289031982e-01 5.907699966430664062e+01 5.196099853515625000e+01 4.795899963378906250e+01
1.600000000000000000e+01 5.044642686843872070e-01 5.938399887084960938e+01 5.413000106811523438e+01 4.484000015258789062e+01
1.500000000000000000e+01 3.169642984867095947e-01 6.278599929809570312e+01 5.465999984741210938e+01 4.326599884033203125e+01
0.000000000000000000e+00 3.928571343421936035e-01 6.193799972534179688e+01 5.596599960327148438e+01 3.972700119018554688e+01
1.700000000000000000e+01 5.000000000000000000e-01 5.910800170898437500e+01 5.784899902343750000e+01 3.784700012207031250e+01
9.000000000000000000e+00 4.464285671710968018e-01 5.852199935913085938e+01 5.924200057983398438e+01 3.448400115966796875e+01
1.300000000000000000e+01 4.419642984867095947e-01 5.648099899291992188e+01 6.000199890136718750e+01 3.133600044250488281e+01
1.800000000000000000e+01 4.508928656578063965e-01 5.606999969482421875e+01 5.863600158691406250e+01 2.780599975585937500e+01
1.700000000000000000e+01 1.607142835855484009e-01 5.767100143432617188e+01 6.057199859619140625e+01 2.480699920654296875e+01
7.000000000000000000e+00 6.696428358554840088e-02 5.590700149536132812e+01 6.173300170898437500e+01 2.157799911499023438e+01
1.700000000000000000e+01 1.205357164144515991e-01 5.645399856567382812e+01 5.825199890136718750e+01 2.015600013732910156e+01
9.000000000000000000e+00 3.571428656578063965e-01 5.502099990844726562e+01 5.694300079345703125e+01 2.337100028991699219e+01
7.000000000000000000e+00 4.196428656578063965e-01 5.800999832153320312e+01 5.523199844360351562e+01 2.504800033569335938e+01
1.200000000000000000e+01 3.839285671710968018e-01 6.026100158691406250e+01 5.583399963378906250e+01 2.799399948120117188e+01
9.000000000000000000e+00 1.696428507566452026e-01 6.578700256347656250e+01 5.556200027465820312e+01 3.160600090026855469e+01
1.200000000000000000e+01 3.660714328289031982e-01 6.375999832153320312e+01 5.411800003051757812e+01 3.461700057983398438e+01
1.800000000000000000e+01 2.589285671710968018e-01 6.667600250244140625e+01 5.181200027465820312e+01 3.596300125122070312e+01
1.800000000000000000e+01 5.357142910361289978e-02 7.034300231933593750e+01 5.130500030517578125e+01 3.556999969482421875e+01
7.000000000000000000e+00 2.232142910361289978e-02 7.211000061035156250e+01 4.800000000000000000e+01 3.501100158691406250e+01
7.000000000000000000e+00 1.339285727590322495e-02 7.354799652099609375e+01 4.746599960327148438e+01 3.844200134277343750e+01
7.000000000000000000e+00 7.589285820722579956e-02 7.029399871826171875e+01 4.864099884033203125e+01 4.010800170898437500e+01
1.500000000000000000e+01 2.410714328289031982e-01 6.816600036621093750e+01 4.608599853515625000e+01 3.794900131225585938e+01
2.200000000000000000e+01 1.383928507566452026e-01 6.906199645996093750e+01 4.302000045776367188e+01 4.015499877929687500e+01
7.000000000000000000e+00 2.723214328289031982e-01 6.644000244140625000e+01 4.030799865722656250e+01 4.093600082397460938e+01
9.000000000000000000e+00 4.642857015132904053e-01 6.337200164794921875e+01 4.095999908447265625e+01 4.308000183105468750e+01
1.100000000000000000e+01 6.875000000000000000e-01 5.982199859619140625e+01 4.179700088500976562e+01 4.256299972534179688e+01
2.000000000000000000e+01 7.901785969734191895e-01 5.895500183105468750e+01 4.514199829101562500e+01 4.097600173950195312e+01
1.300000000000000000e+01 9.017857313156127930e-01 5.586700057983398438e+01 4.702799987792968750e+01 4.005199813842773438e+01
2.200000000000000000e+01 9.196428656578063965e-01 5.500199890136718750e+01 4.982699966430664062e+01 3.760300064086914062e+01
7.000000000000000000e+00 9.285714030265808105e-01 5.202399826049804688e+01 5.192499923706054688e+01 3.826900100708007812e+01
1.100000000000000000e+01 9.062500000000000000e-01 5.075299835205078125e+01 5.398699951171875000e+01 3.517699813842773438e+01
3.000000000000000000e+00 8.258928656578063965e-01 4.816899871826171875e+01 5.679399871826171875e+01 3.575099945068359375e+01
1.800000000000000000e+01 8.348214030265808105e-01 4.547499847412109375e+01 5.599200057983398438e+01 3.316799926757812500e+01
1.300000000000000000e+01 7.366071343421936035e-01 4.275899887084960938e+01 5.783800125122070312e+01 3.506600189208984375e+01
1.700000000000000000e+01 5.580357313156127930e-01 4.419499969482421875e+01 6.142399978637695312e+01 3.451499938964843750e+01
2.000000000000000000e+01 5.625000000000000000e-01 4.439500045776367188e+01 6.044100189208984375e+01 3.079000091552734375e+01
1.900000000000000000e+01 5.357142686843872070e-01 4.066299819946289062e+01 5.975500106811523438e+01 3.004700088500976562e+01
1.300000000000000000e+01 3.258928656578063965e-01 3.969200134277343750e+01 6.266799926757812500e+01 3.237699890136718750e+01
0.000000000000000000e+00 1.830357164144515991e-01 4.143899917602539062e+01 6.508899688720703125e+01 3.005100059509277344e+01
1.200000000000000000e+01 1.517857164144515991e-01 3.969400024414062500e+01 6.368500137329101562e+01 2.701300048828125000e+01
9.000000000000000000e+00 1.250000000000000000e-01 3.621699905395507812e+01 6.345800018310546875e+01 2.868499946594238281e+01
1.100000000000000000e+01 2.946428656578063965e-01 3.544699859619140625e+01 5.971699905395507812e+01 2.906699943542480469e+01
1.700000000000000000e+01 4.241071343421936035e-01 3.505599975585937500e+01 5.850400161743164062e+01 3.267599868774414062e+01
1.600000000000000000e+01 6.785714030265808105e-01 3.696300125122070312e+01 5.514699935913085938e+01 3.270299911499023438e+01
1.500000000000000000e+01 7.767857313156127930e-01 3.646799850463867188e+01 5.207600021362304688e+01 3.510100173950195312e+01
7.000000000000000000e+00 8.839285969734191895e-01 4.202600097656250000e+01 5.373500061035156250e+01 3.875000000000000000e+01
0.000000000000000000e+00 9.776785969734191895e-01 4.730699920654296875e+01 5.017900085449218750e+01 3.543000030517578125e+01
7.000000000000000000e+00 9.910714030265808105e-01 4.940800094604492188e+01 4.827000045776367188e+01 3.810100173950195312e+01
2.200000000000000000e+01 9.866071343421936035e-01 5.186399841308593750e+01 4.564599990844726562e+01 3.649300003051757812e+01
2.200000000000000000e+01 9.687500000000000000e-01 5.385499954223632812e+01 4.338100051879882812e+01 3.880899810791015625e+01
1.500000000000000000e+01 8.705357313156127930e-01 5.679499816894531250e+01 4.111199951171875000e+01 3.784700012207031250e+01
1.800000000000000000e+01 6.964285969734191895e-01 5.999499893188476562e+01 3.913800048828125000e+01 3.874300003051757812e+01
0.000000000000000000e+00 5.803571343421936035e-01 6.299599838256835938e+01 4.054700088500976562e+01 3.708000183105468750e+01
2.000000000000000000e+00 3.080357015132904053e-01 6.601499938964843750e+01 3.860800170898437500e+01 3.565800094604492188e+01
3.000000000000000000e+00 3.035714328289031982e-01 6.444000244140625000e+01 3.509199905395507812e+01 3.647200012207031250e+01
1.700000000000000000e+01 1.071428582072257996e-01 6.635199737548828125e+01 3.284299850463867188e+01 3.393700027465820312e+01
9.000000000000000000e+00 4.464285820722579956e-02 6.927300262451171875e+01 3.523400115966796875e+01 3.405099868774414062e+01
1.600000000000000000e+01 7.142857462167739868e-02 6.999199676513671875e+01 3.885599899291992188e+01 3.315499877929687500e+01
1.000000000000000000e+00 1.741071492433547974e-01 6.766899871826171875e+01 3.999900054931640625e+01 3.030100059509277344e+01
1.000000000000000000e+00 2.276785671710968018e-01 6.680699920654296875e+01 4.316500091552734375e+01 2.849200057983398438e+01
2.000000000000000000e+01 5.089285969734191895e-01 6.299300003051757812e+01 4.370199966430664062e+01 2.852899932861328125e+01
1.800000000000000000e+01 5.892857313156127930e-01 6.035900115966796875e+01 4.551599884033203125e+01 2.633200073242187500e+01
1.100000000000000000e+01 7.857142686843872070e-01 5.711899948120117188e+01 4.637400054931640625e+01 2.814200019836425781e+01
0.000000000000000000e+00 7.723214030265808105e-01 5.436999893188476562e+01 4.744200134277343750e+01 2.570599937438964844e+01
0.000000000000000000e+00 8.794642686843872070e-01 5.076699829101562500e+01 4.848199844360351562e+01 2.688999938964843750e+01
1.200000000000000000e+01 8.214285969734191895e-01 4.759299850463867188e+01 4.939599990844726562e+01 2.500300025939941406e+01
1.200000000000000000e+01 8.169642686843872070e-01 4.514300155639648438e+01 5.179399871826171875e+01 2.648900032043457031e+01
1.700000000000000000e+01 7.500000000000000000e-01 4.133100128173828125e+01 5.169200134277343750e+01 2.620000076293945312e+01
1.600000000000000000e+01 7.232142686843872070e-01 3.887400054931640625e+01 5.312200164794921875e+01 2.871999931335449219e+01
2.000000000000000000e+01 8.035714030265808105e-01 3.739099884033203125e+01 4.977399826049804688e+01 2.993400001525878906e+01
1.700000000000000000e+01 8.660714030265808105e-01 3.999700164794921875e+01 4.754100036621093750e+01 2.848900032043457031e+01
2.000000000000000000e+01 9.464285969734191895e-01 4.378900146484375000e+01 4.720800018310546875e+01 2.889699935913085938e+01
1.700000000000000000e+01 9.330357313156127930e-01 4.632699966430664062e+01 4.484700012207031250e+01 2.741799926757812500e+01
1.800000000000000000e+01 9.508928656578063965e-01 4.996900177001953125e+01 4.462300109863281250e+01 2.839599990844726562e+01
1.800000000000000000e+01 8.571428656578063965e-01 5.255699920654296875e+01 4.257199859619140625e+01 2.660600090026855469e+01
0.000000000000000000e+00 7.946428656578063965e-01 5.605199813842773438e+01 4.178799819946289062e+01 2.790200042724609375e+01
2.200000000000000000e+01 5.982142686843872070e-01 5.895600128173828125e+01 4.075000000000000000e+01 2.561400032043457031e+01
2.200000000000000000e+01 4.107142984867095947e-01 6.222900009155273438e+01 3.930300140380859375e+01 2.674500083923339844e+01
1.800000000000000000e+01 1.473214328289031982e-01 6.554499816894531250e+01 3.963299942016601562e+01 2.490099906921386719e+01
2.000000000000000000e+00 2.678571455180644989e-02 6.873899841308593750e+01 3.764699935913085938e+01 2.576000022888183594e+01
1.600000000000000000e+01 0.000000000000000000e+00 7.201899719238281250e+01 3.945000076293945312e+01 2.495999908447265625e+01
