5.000000000000000000e+00 1.071428582072257996e-01 2.531699943542480469e+01 3.842800140380859375e+01 4.067499923706054688e+01
1.600000000000000000e+01 2.276785671710968018e-01 2.669799995422363281e+01 4.201300048828125000e+01 4.140200042724609375e+01
1.200000000000000000e+01 4.955357015132904053e-01 3.047800064086914062e+01 4.106299972534179688e+01 4.096200180053710938e+01
1.400000000000000000e+01 5.758928656578063965e-01 3.224000167846679688e+01 3.831399917602539062e+01 3.909600067138671875e+01
2.200000000000000000e+01 7.142857313156127930e-01 3.576699829101562500e+01 3.724499893188476562e+01 3.789199829101562500e+01
1.300000000000000000e+01 6.919642686843872070e-01 3.624399948120117188e+01 3.502799987792968750e+01 3.479999923706054688e+01
2.200000000000000000e+01 7.410714030265808105e-01 3.976699829101562500e+01 3.392699813842773438e+01 3.364099884033203125e+01
1.200000000000000000e+01 6.785714030265808105e-01 4.072800064086914062e+01 3.271099853515625000e+01 3.027700042724609375e+01
3.000000000000000000e+00 6.160714030265808105e-01 4.396400070190429688e+01 3.158499908447265625e+01 2.835099983215332031e+01
0.000000000000000000e+00 5.580357313156127930e-01 4.468399810791015625e+01 3.273300170898437500e+01 2.471800041198730469e+01
2.200000000000000000e+01 3.794642984867095947e-01 4.744499969482421875e+01 2.999399948120117188e+01 2.439399909973144531e+01
1.000000000000000000e+00 1.696428507566452026e-01 4.510800170898437500e+01 2.695700073242187500e+01 2.399500083923339844e+01
9.000000000000000000e+00 2.723214328289031982e-01 4.192399978637695312e+01 2.913599967956542969e+01 2.406999969482421875e+01
1.700000000000000000e+01 2.500000000000000000e-01 4.032699966430664062e+01 2.738599967956542969e+01 2.705400085449218750e+01
1.600000000000000000e+01 3.660714328289031982e-01 3.904700088500976562e+01 2.868799972534179688e+01 3.038599967956542969e+01
0.000000000000000000e+00 5.312500000000000000e-01 4.161399841308593750e+01 2.897400093078613281e+01 3.328300094604492188e+01
1.100000000000000000e+01 3.392857015132904053e-01 4.050600051879882812e+01 2.681599998474121094e+01 3.639699935913085938e+01
2.000000000000000000e+00 3.750000000000000000e-01 4.206499862670898438e+01 2.700600051879882812e+01 3.992100143432617188e+01
2.200000000000000000e+01 6.696428656578063965e-01 4.331000137329101562e+01 3.063199996948242188e+01 3.952299880981445312e+01
0.000000000000000000e+00 6.473214030265808105e-01 4.309400177001953125e+01 3.185000038146972656e+01 4.322600173950195312e+01
1.400000000000000000e+01 7.500000000000000000e-01 4.232199859619140625e+01 3.552099990844726562e+01 4.430300140380859375e+01
2.200000000000000000e+01 7.187500000000000000e-01 3.909700012207031250e+01 4.107199859619140625e+01 4.679000091552734375e+01
1.500000000000000000e+01 6.875000000000000000e-01 3.951599884033203125e+01 4.411500167846679688e+01 4.902700042724609375e+01
1.000000000000000000e+00 5.357142686843872070e-01 3.709600067138671875e+01 4.707400131225585938e+01 5.001300048828125000e+01
1.300000000000000000e+01 4.776785671710968018e-01 3.845199966430664062e+01 5.049900054931640625e+01 5.106800079345703125e+01
0.000000000000000000e+00 1.919642835855484009e-01 3.776200103759765625e+01 5.197000122070312500e+01 5.456999969482421875e+01
0.000000000000000000e+00 6.696428358554840088e-02 3.694800186157226562e+01 5.544599914550781250e+01 5.564300155639648438e+01
3.000000000000000000e+00 7.589285820722579956e-02 4.056100082397460938e+01 5.632199859619140625e+01 5.646500015258789062e+01
3.000000000000000000e+00 2.901785671710968018e-01 4.151499938964843750e+01 5.499300003051757812e+01 5.300600051879882812e+01
1.800000000000000000e+01 3.035714328289031982e-01 4.295399856567382812e+01 5.178400039672851562e+01 5.447700119018554688e+01
1.900000000000000000e+01 5.178571343421936035e-01 4.200999832153320312e+01 4.865499877929687500e+01 5.243700027465820312e+01
7.000000000000000000e+00 3.303571343421936035e-01 3.993600082397460938e+01 4.606600189208984375e+01 5.433499908447265625e+01
1.600000000000000000e+01 3.482142984867095947e-01 3.913999938964843750e+01 4.230899810791015625e+01 5.354000091552734375e+01
1.500000000000000000e+01 3.571428656578063965e-01 3.591899871826171875e+01 4.188299942016601562e+01 5.145199966430664062e+01
0.000000000000000000e+00 4.330357015132904053e-01 3.572100067138671875e+01 3.860800170898437500e+01 4.942699813842773438e+01
1.700000000000000000e+01 5.044642686843872070e-01 3.788499832153320312e+01 3.569300079345703125e+01 4.809000015258789062e+01
9.000000000000000000e+00 4.508928656578063965e-01 3.778900146484375000e+01 3.258700180053710938e+01 4.591099929809570312e+01
1.300000000000000000e+01 5.089285969734191895e-01 3.933599853515625000e+01 3.073900032043457031e+01 4.294100189208984375e+01
1.800000000000000000e+01 4.866071343421936035e-01 3.797100067138671875e+01 3.007999992370605469e+01 3.942399978637695312e+01
1.700000000000000000e+01 2.142857164144515991e-01 3.580199813842773438e+01 2.700499916076660156e+01 3.859799957275390625e+01
7.000000000000000000e+00 9.821428358554840088e-02 3.566600036621093750e+01 2.462000083923339844e+01 3.570000076293945312e+01
1.700000000000000000e+01 1.517857164144515991e-01 3.423799896240234375e+01 2.716500091552734375e+01 3.322200012207031250e+01
9.000000000000000000e+00 4.419642984867095947e-01 3.665100097656250000e+01 2.984600067138671875e+01 3.461000061035156250e+01
7.000000000000000000e+00 4.285714328289031982e-01 3.397000122070312500e+01 3.183600044250488281e+01 3.659500122070312500e+01
1.200000000000000000e+01 4.375000000000000000e-01 3.402799987792968750e+01 3.259999847412109375e+01 4.027099990844726562e+01
9.000000000000000000e+00 1.294642835855484009e-01 2.971100044250488281e+01 3.413299942016601562e+01 4.541699981689453125e+01
1.200000000000000000e+01 3.080357015132904053e-01 3.219100189208984375e+01 3.690299987792968750e+01 4.634500122070312500e+01
1.800000000000000000e+01 1.562500000000000000e-01 2.925000000000000000e+01 3.896799850463867188e+01 4.775699996948242188e+01
1.800000000000000000e+01 3.571428731083869934e-02 2.551700019836425781e+01 3.970399856567382812e+01 4.821300125122070312e+01
7.000000000000000000e+00 1.785714365541934967e-02 2.350200080871582031e+01 4.259000015258789062e+01 4.683900070190429688e+01
7.000000000000000000e+00 4.464285913854837418e-03 2.295999908447265625e+01 4.423799896240234375e+01 5.026800155639648438e+01
7.000000000000000000e+00 3.125000000000000000e-02 2.666099929809570312e+01 4.427500152587890625e+01 5.123600006103515625e+01
1.500000000000000000e+01 1.473214328289031982e-01 2.818600082397460938e+01 4.553900146484375000e+01 4.798699951171875000e+01
2.200000000000000000e+01 1.026785746216773987e-01 2.810300064086914062e+01 4.930400085449218750e+01 4.891299819946289062e+01
7.000000000000000000e+00 1.651785671710968018e-01 2.948299980163574219e+01 5.240399932861328125e+01 4.701599884033203125e+01
9.000000000000000000e+00 3.437500000000000000e-01 3.332600021362304688e+01 5.280199813842773438e+01 4.727199935913085938e+01
1.100000000000000000e+01 6.294642686843872070e-01 3.673699951171875000e+01 5.167800140380859375e+01 4.593099975585937500e+01
2.000000000000000000e+01 7.455357313156127930e-01 3.760800170898437500e+01 4.790000152587890625e+01 4.526699829101562500e+01
1.300000000000000000e+01 8.750000000000000000e-01 4.089500045776367188e+01 4.615599822998046875e+01 4.452199935913085938e+01
2.200000000000000000e+01 9.196428656578063965e-01 4.054499816894531250e+01 4.270600128173828125e+01 4.273899841308593750e+01
7.000000000000000000e+00 9.330357313156127930e-01 4.382300186157226562e+01 4.070199966430664062e+01 4.284700012207031250e+01
1.100000000000000000e+01 9.241071343421936035e-01 4.415900039672851562e+01 3.750600051879882812e+01 4.071300125122070312e+01
3.000000000000000000e+00 8.482142686843872070e-01 4.721300125122070312e+01 3.512200164794921875e+01 4.138999938964843750e+01
1.800000000000000000e+01 8.705357313156127930e-01 4.811199951171875000e+01 3.467300033569335938e+01 3.767800140380859375e+01
1.300000000000000000e+01 7.901785969734191895e-01 5.151800155639648438e+01 3.335800170898437500e+01 3.823400115966796875e+01
1.700000000000000000e+01 6.205357313156127930e-01 5.057699966430664062e+01 3.005500030517578125e+01 3.985300064086914062e+01
2.000000000000000000e+01 6.026785969734191895e-01 4.851800155639648438e+01 2.886800003051757812e+01 3.686199951171875000e+01
1.900000000000000000e+01 5.625000000000000000e-01 5.148500061035156250e+01 2.869899940490722656e+01 3.445899963378906250e+01
1.300000000000000000e+01 3.883928656578063965e-01 5.382699966430664062e+01 2.719099998474121094e+01 3.722000122070312500e+01
0.000000000000000000e+00 2.455357164144515991e-01 5.140800094604492188e+01 2.422599983215332031e+01 3.768000030517578125e+01
1.200000000000000000e+01 1.964285671710968018e-01 5.143899917602539062e+01 2.384199905395507812e+01 3.385699844360351562e+01
9.000000000000000000e+00 1.160714253783226013e-01 5.532699966430664062e+01 2.373500061035156250e+01 3.379199981689453125e+01
1.100000000000000000e+01 2.857142984867095947e-01 5.583599853515625000e+01 2.711899948120117188e+01 3.198100090026855469e+01
1.700000000000000000e+01 4.464285671710968018e-01 5.765200042724609375e+01 3.006100082397460938e+01 3.348600006103515625e+01
1.600000000000000000e+01 7.008928656578063965e-01 5.535499954223632812e+01 3.319900131225585938e+01 3.349900054931640625e+01
1.500000000000000000e+01 7.767857313156127930e-01 5.676699829101562500e+01 3.682699966430664062e+01 3.358700180053710938e+01
7.000000000000000000e+00 9.151785969734191895e-01 5.340900039672851562e+01 3.815000152587890625e+01 3.915800094604492188e+01
0.000000000000000000e+00 9.866071343421936035e-01 4.683499908447265625e+01 4.092900085449218750e+01 3.791799926757812500e+01
7.000000000000000000e+00 9.910714030265808105e-01 4.594200134277343750e+01 4.368199920654296875e+01 4.023799896240234375e+01
2.200000000000000000e+01 9.776785969734191895e-01 4.294300079345703125e+01 4.598600006103515625e+01 3.937799835205078125e+01
2.200000000000000000e+01 9.375000000000000000e-01 4.140200042724609375e+01 4.901699829101562500e+01 4.125299835205078125e+01
1.500000000000000000e+01 8.348214030265808105e-01 3.800500106811523438e+01 5.056200027465820312e+01 4.054199981689453125e+01
1.800000000000000000e+01 6.651785969734191895e-01 3.534299850463867188e+01 5.293299865722656250e+01 4.197399902343750000e+01
0.000000000000000000e+00 5.223214030265808105e-01 3.203699874877929688e+01 5.111700057983398438e+01 4.215800094604492188e+01
2.000000000000000000e+00 2.589285671710968018e-01 2.835499954223632812e+01 5.236500167846679688e+01 4.190200042724609375e+01
3.000000000000000000e+00 2.187500000000000000e-01 2.924900054931640625e+01 5.587900161743164062e+01 4.093600082397460938e+01
1.700000000000000000e+01 1.205357164144515991e-01 2.719899940490722656e+01 5.569400024414062500e+01 3.758900070190429688e+01
9.000000000000000000e+00 4.017857089638710022e-02 2.403100013732910156e+01 5.431100082397460938e+01 3.921099853515625000e+01
1.600000000000000000e+01 4.464285820722579956e-02 2.299799919128417969e+01 5.071200180053710938e+01 3.984199905395507812e+01
1.000000000000000000e+00 1.607142835855484009e-01 2.529000091552734375e+01 4.807300186157226562e+01 3.817300033569335938e+01
1.000000000000000000e+00 2.678571343421936035e-01 2.655200004577636719e+01 4.450299835205078125e+01 3.801800155639648438e+01
2.000000000000000000e+01 5.491071343421936035e-01 3.011499977111816406e+01 4.408100128173828125e+01 3.695999908447265625e+01
1.800000000000000000e+01 6.428571343421936035e-01 3.209500122070312500e+01 4.134999847412109375e+01 3.528599929809570312e+01
1.100000000000000000e+01 8.125000000000000000e-01 3.584999847412109375e+01 4.150500106811523438e+01 3.555899810791015625e+01
0.000000000000000000e+00 8.258928656578063965e-01 3.764099884033203125e+01 3.936600112915039062e+01 3.293899917602539062e+01
0.000000000000000000e+00 9.062500000000000000e-01 4.116899871826171875e+01 3.837300109863281250e+01 3.243999862670898438e+01
1.200000000000000000e+01 8.392857313156127930e-01 4.308100128173828125e+01 3.670299911499023438e+01 2.969000053405761719e+01
1.200000000000000000e+01 8.214285969734191895e-01 4.641299819946289062e+01 3.506200027465820312e+01 3.032299995422363281e+01
1.700000000000000000e+01 7.589285969734191895e-01 4.957699966430664062e+01 3.459500122070312500e+01 2.821400070190429688e+01
1.600000000000000000e+01 7.232142686843872070e-01 5.321099853515625000e+01 3.438000106811523438e+01 2.963999938964843750e+01
2.000000000000000000e+01 7.812500000000000000e-01 5.453400039672851562e+01 3.776699829101562500e+01 2.853499984741210938e+01
1.700000000000000000e+01 8.839285969734191895e-01 5.109899902343750000e+01 3.952000045776367188e+01 2.842900085449218750e+01
2.000000000000000000e+01 9.553571343421936035e-01 4.763399887084960938e+01 3.993000030517578125e+01 3.015999984741210938e+01
1.700000000000000000e+01 9.508928656578063965e-01 4.448300170898437500e+01 4.174399948120117188e+01 2.916699981689453125e+01
1.800000000000000000e+01 9.687500000000000000e-01 4.190800094604492188e+01 4.286700057983398438e+01 3.183200073242187500e+01
1.800000000000000000e+01 8.883928656578063965e-01 3.846500015258789062e+01 4.404700088500976562e+01 3.108200073242187500e+01
0.000000000000000000e+00 8.035714030265808105e-01 3.539199829101562500e+01 4.502600097656250000e+01 3.323099899291992188e+01
2.200000000000000000e+01 6.116071343421936035e-01 3.189100074768066406e+01 4.443899917602539062e+01 3.156599998474121094e+01
2.200000000000000000e+01 4.821428656578063965e-01 2.963400077819824219e+01 4.702500152587890625e+01 3.319400024414062500e+01
1.800000000000000000e+01 2.232142835855484009e-01 2.600399971008300781e+01 4.601200103759765625e+01 3.311999893188476562e+01
2.000000000000000000e+00 5.803571268916130066e-02 2.269000053405761719e+01 4.770600128173828125e+01 3.439199829101562500e+01
1.600000000000000000e+01 8.928571827709674835e-03 1.987500000000000000e+01 4.514599990844726562e+01 3.497499847412109375e+01
5.000000000000000000e+00 1.383928507566452026e-01 6.747799682617187500e+01 5.007099914550781250e+01 2.776399993896484375e+01
1.600000000000000000e+01 2.544642984867095947e-01 6.742500305175781250e+01 4.766899871826171875e+01 3.079800033569335938e+01
1.200000000000000000e+01 5.133928656578063965e-01 6.378699874877929688e+01 4.851499938964843750e+01 3.154599952697753906e+01
1.400000000000000000e+01 5.669642686843872070e-01 6.169599914550781250e+01 5.095299911499023438e+01 2.946599960327148438e+01
2.200000000000000000e+01 7.053571343421936035e-01 5.799900054931640625e+01 5.172100067138671875e+01 2.907099914550781250e+01
1.300000000000000000e+01 6.562500000000000000e-01 5.595600128173828125e+01 5.283599853515625000e+01 2.600799942016601562e+01
2.200000000000000000e+01 7.276785969734191895e-01 5.225099945068359375e+01 5.370700073242187500e+01 2.648600006103515625e+01
1.200000000000000000e+01 6.741071343421936035e-01 4.942900085449218750e+01 5.380699920654296875e+01 2.388199996948242188e+01
3.000000000000000000e+00 6.517857313156127930e-01 4.566199874877929688e+01 5.437500000000000000e+01 2.380999946594238281e+01
0.000000000000000000e+00 5.803571343421936035e-01 4.304100036621093750e+01 5.245399856567382812e+01 2.187000083923339844e+01
2.200000000000000000e+01 4.107142984867095947e-01 4.042699813842773438e+01 5.530799865722656250e+01 2.184199905395507812e+01
1.000000000000000000e+00 2.410714328289031982e-01 4.243999862670898438e+01 5.685699844360351562e+01 1.899799919128417969e+01
9.000000000000000000e+00 2.991071343421936035e-01 4.468799972534179688e+01 5.379399871826171875e+01 1.840999984741210938e+01
1.700000000000000000e+01 2.946428656578063965e-01 4.791199874877929688e+01 5.580400085449218750e+01 1.899099922180175781e+01
1.600000000000000000e+01 4.151785671710968018e-01 5.065800094604492188e+01 5.659500122070312500e+01 2.162500000000000000e+01
0.000000000000000000e+00 5.267857313156127930e-01 4.984500122070312500e+01 5.813999938964843750e+01 2.498200035095214844e+01
1.100000000000000000e+01 3.214285671710968018e-01 5.176800155639648438e+01 6.128499984741210938e+01 2.601399993896484375e+01
2.000000000000000000e+00 3.348214328289031982e-01 5.235699844360351562e+01 6.271699905395507812e+01 2.948600006103515625e+01
2.200000000000000000e+01 6.250000000000000000e-01 5.160100173950195312e+01 5.947800064086914062e+01 3.135000038146972656e+01
0.000000000000000000e+00 6.383928656578063965e-01 5.336800003051757812e+01 5.939500045776367188e+01 3.478099822998046875e+01
1.400000000000000000e+01 7.544642686843872070e-01 5.459600067138671875e+01 5.630199813842773438e+01 3.645199966430664062e+01
2.200000000000000000e+01 7.098214030265808105e-01 5.881000137329101562e+01 5.238399887084960938e+01 3.947000122070312500e+01
1.500000000000000000e+01 6.964285969734191895e-01 5.950299835205078125e+01 5.032600021362304688e+01 4.270199966430664062e+01
1.000000000000000000e+00 5.848214030265808105e-01 6.163199996948242188e+01 4.750000000000000000e+01 4.401699829101562500e+01
1.300000000000000000e+01 4.910714328289031982e-01 6.142599868774414062e+01 4.521599960327148438e+01 4.706800079345703125e+01
0.000000000000000000e+00 2.053571492433547974e-01 6.391299819946289062e+01 4.539799880981445312e+01 4.987599945068359375e+01
0.000000000000000000e+00 7.142857462167739868e-02 6.500800323486328125e+01 4.279600143432617188e+01 5.256200027465820312e+01
3.000000000000000000e+00 8.928571641445159912e-02 6.174300003051757812e+01 4.288499832153320312e+01 5.462599945068359375e+01
3.000000000000000000e+00 3.169642984867095947e-01 5.954199981689453125e+01 4.302999877929687500e+01 5.150699996948242188e+01
1.800000000000000000e+01 3.258928656578063965e-01 5.899599838256835938e+01 4.679399871826171875e+01 5.176300048828125000e+01
1.900000000000000000e+01 5.535714030265808105e-01 5.866899871826171875e+01 4.861299896240234375e+01 4.836299896240234375e+01
7.000000000000000000e+00 3.526785671710968018e-01 6.143600082397460938e+01 5.118399810791015625e+01 4.779999923706054688e+01
1.600000000000000000e+01 4.196428656578063965e-01 6.137599945068359375e+01 5.371300125122070312e+01 4.508200073242187500e+01
1.500000000000000000e+01 3.928571343421936035e-01 6.352799987792968750e+01 5.298699951171875000e+01 4.204899978637695312e+01
0.000000000000000000e+00 4.062500000000000000e-01 6.259500122070312500e+01 5.565999984741210938e+01 3.946599960327148438e+01
1.700000000000000000e+01 4.687500000000000000e-01 5.977799987792968750e+01 5.808000183105468750e+01 3.836399841308593750e+01
9.000000000000000000e+00 3.839285671710968018e-01 5.867900085449218750e+01 6.039300155639648438e+01 3.561199951171875000e+01
1.300000000000000000e+01 4.732142984867095947e-01 5.614500045776367188e+01 6.054499816894531250e+01 3.275699996948242188e+01
1.800000000000000000e+01 4.598214328289031982e-01 5.572999954223632812e+01 5.974800109863281250e+01 2.900499916076660156e+01
1.700000000000000000e+01 1.875000000000000000e-01 5.700600051879882812e+01 6.175799942016601562e+01 2.605900001525878906e+01
7.000000000000000000e+00 8.482142537832260132e-02 5.558100128173828125e+01 6.272000122070312500e+01 2.262199974060058594e+01
1.700000000000000000e+01 1.428571492433547974e-01 5.615399932861328125e+01 5.918399810791015625e+01 2.111899948120117188e+01
9.000000000000000000e+00 4.241071343421936035e-01 5.470800018310546875e+01 5.754399871826171875e+01 2.425900077819824219e+01
7.000000000000000000e+00 4.017857015132904053e-01 5.827999877929687500e+01 5.631700134277343750e+01 2.555200004577636719e+01
1.200000000000000000e+01 4.553571343421936035e-01 5.941799926757812500e+01 5.692599868774414062e+01 2.911000061035156250e+01
9.000000000000000000e+00 1.250000000000000000e-01 6.615000152587890625e+01 5.669200134277343750e+01 3.158300018310546875e+01
1.200000000000000000e+01 3.125000000000000000e-01 6.433399963378906250e+01 5.500299835205078125e+01 3.452500152587890625e+01
1.800000000000000000e+01 2.008928507566452026e-01 6.751499938964843750e+01 5.295100021362304688e+01 3.528599929809570312e+01
1.800000000000000000e+01 5.357142910361289978e-02 7.090899658203125000e+01 5.192399978637695312e+01 3.362699890136718750e+01
7.000000000000000000e+00 2.232142910361289978e-02 7.282599639892578125e+01 4.867499923706054688e+01 3.264400100708007812e+01
7.000000000000000000e+00 0.000000000000000000e+00 7.545800018310546875e+01 4.935499954223632812e+01 3.542599868774414062e+01
7.000000000000000000e+00 2.678571455180644989e-02 7.253700256347656250e+01 4.953799819946289062e+01 3.789899826049804688e+01
1.500000000000000000e+01 1.339285671710968018e-01 6.966600036621093750e+01 4.717100143432617188e+01 3.693399810791015625e+01
2.200000000000000000e+01 1.116071417927742004e-01 7.024299621582031250e+01 4.387099838256835938e+01 3.888700103759765625e+01
7.000000000000000000e+00 1.741071492433547974e-01 6.834200286865234375e+01 4.083200073242187500e+01 3.997999954223632812e+01
9.000000000000000000e+00 3.616071343421936035e-01 6.516899871826171875e+01 4.142300033569335938e+01 4.213399887084960938e+01
1.100000000000000000e+01 6.339285969734191895e-01 6.138899993896484375e+01 4.176800155639648438e+01 4.218099975585937500e+01
2.000000000000000000e+01 7.366071343421936035e-01 6.039899826049804688e+01 4.502299880981445312e+01 4.026499938964843750e+01
1.300000000000000000e+01 8.660714030265808105e-01 5.705400085449218750e+01 4.692100143432617188e+01 4.000699996948242188e+01
2.200000000000000000e+01 9.107142686843872070e-01 5.561800003051757812e+01 4.982600021362304688e+01 3.787300109863281250e+01
7.000000000000000000e+00 9.285714030265808105e-01 5.264300155639648438e+01 5.177700042724609375e+01 3.898300170898437500e+01
1.100000000000000000e+01 8.973214030265808105e-01 5.128699874877929688e+01 5.402899932861328125e+01 3.614899826049804688e+01
3.000000000000000000e+00 8.169642686843872070e-01 4.859000015258789062e+01 5.671799850463867188e+01 3.663800048828125000e+01
1.800000000000000000e+01 8.571428656578063965e-01 4.631700134277343750e+01 5.591299819946289062e+01 3.376599884033203125e+01
1.300000000000000000e+01 7.678571343421936035e-01 4.342200088500976562e+01 5.773899841308593750e+01 3.535400009155273438e+01
1.700000000000000000e+01 5.982142686843872070e-01 4.486100006103515625e+01 6.131499862670898438e+01 3.511999893188476562e+01
2.000000000000000000e+01 5.714285969734191895e-01 4.511399841308593750e+01 6.097800064086914062e+01 3.136199951171875000e+01
1.900000000000000000e+01 5.937500000000000000e-01 4.150999832153320312e+01 5.964699935913085938e+01 3.107399940490722656e+01
1.300000000000000000e+01 3.973214328289031982e-01 4.052500152587890625e+01 6.265000152587890625e+01 3.330300140380859375e+01
0.000000000000000000e+00 2.366071492433547974e-01 4.217900085449218750e+01 6.520200347900390625e+01 3.095999908447265625e+01
1.200000000000000000e+01 2.321428507566452026e-01 4.059899902343750000e+01 6.363299942016601562e+01 2.782500076293945312e+01
9.000000000000000000e+00 1.785714328289031982e-01 3.721200180053710938e+01 6.343799972534179688e+01 2.976399993896484375e+01
1.100000000000000000e+01 3.705357015132904053e-01 3.671300125122070312e+01 5.985400009155273438e+01 2.975799942016601562e+01
1.700000000000000000e+01 5.000000000000000000e-01 3.497900009155273438e+01 5.745500183105468750e+01 3.219200134277343750e+01
1.600000000000000000e+01 6.607142686843872070e-01 3.765700149536132812e+01 5.711000061035156250e+01 3.490999984741210938e+01
1.500000000000000000e+01 7.633928656578063965e-01 3.694400024414062500e+01 5.350600051879882812e+01 3.586700057983398438e+01
7.000000000000000000e+00 8.794642686843872070e-01 4.286100006103515625e+01 5.415000152587890625e+01 3.909299850463867188e+01
0.000000000000000000e+00 9.821428656578063965e-01 4.780599975585937500e+01 4.993999862670898438e+01 3.567699813842773438e+01
7.000000000000000000e+00 9.955357313156127930e-01 5.034999847412109375e+01 4.794400024414062500e+01 3.763199996948242188e+01
2.200000000000000000e+01 9.732142686843872070e-01 5.295600128173828125e+01 4.556700134277343750e+01 3.623300170898437500e+01
2.200000000000000000e+01 9.464285969734191895e-01 5.490399932861328125e+01 4.336899948120117188e+01 3.868899917602539062e+01
1.500000000000000000e+01 8.437500000000000000e-01 5.769100189208984375e+01 4.105300140380859375e+01 3.769800186157226562e+01
1.800000000000000000e+01 6.830357313156127930e-01 6.077399826049804688e+01 3.913899993896484375e+01 3.902600097656250000e+01
0.000000000000000000e+00 5.401785969734191895e-01 6.376399993896484375e+01 4.032199859619140625e+01 3.688299942016601562e+01
2.000000000000000000e+00 2.767857015132904053e-01 6.671800231933593750e+01 3.844699859619140625e+01 3.522000122070312500e+01
3.000000000000000000e+00 2.633928656578063965e-01 6.552300262451171875e+01 3.494400024414062500e+01 3.613999938964843750e+01
1.700000000000000000e+01 9.375000000000000000e-02 6.718000030517578125e+01 3.283700180053710938e+01 3.358800125122070312e+01
9.000000000000000000e+00 4.910714179277420044e-02 7.010700225830078125e+01 3.529100036621093750e+01 3.305599975585937500e+01
1.600000000000000000e+01 8.035714179277420044e-02 7.023999786376953125e+01 3.905400085449218750e+01 3.251800155639648438e+01
1.000000000000000000e+00 2.098214328289031982e-01 6.745800018310546875e+01 4.049399948120117188e+01 3.035000038146972656e+01
1.000000000000000000e+00 2.812500000000000000e-01 6.641899871826171875e+01 4.375500106811523438e+01 2.882200050354003906e+01
2.000000000000000000e+01 5.446428656578063965e-01 6.286399841308593750e+01 4.470899963378906250e+01 2.910199928283691406e+01
1.800000000000000000e+01 6.071428656578063965e-01 6.043999862670898438e+01 4.685300064086914062e+01 2.708600044250488281e+01
1.100000000000000000e+01 7.946428656578063965e-01 5.695100021362304688e+01 4.695299911499023438e+01 2.870599937438964844e+01
0.000000000000000000e+00 8.080357313156127930e-01 5.398799896240234375e+01 4.833700180053710938e+01 2.667700004577636719e+01
0.000000000000000000e+00 8.928571343421936035e-01 5.052299880981445312e+01 4.919699859619140625e+01 2.787299919128417969e+01
1.200000000000000000e+01 8.303571343421936035e-01 4.756999969482421875e+01 4.954999923706054688e+01 2.546400070190429688e+01
1.200000000000000000e+01 8.526785969734191895e-01 4.459299850463867188e+01 5.110400009155273438e+01 2.716200065612792969e+01
1.700000000000000000e+01 7.723214030265808105e-01 4.086700057983398438e+01 5.146400070190429688e+01 2.684600067138671875e+01
1.600000000000000000e+01 7.321428656578063965e-01 3.840499877929687500e+01 5.318799972534179688e+01 2.933399963378906250e+01
2.000000000000000000e+01 7.991071343421936035e-01 3.721099853515625000e+01 5.013899993896484375e+01 3.120499992370605469e+01
1.700000000000000000e+01 9.017857313156127930e-01 4.008700180053710938e+01 4.770199966430664062e+01 2.998900032043457031e+01
2.000000000000000000e+01 9.642857313156127930e-01 4.390999984741210938e+01 4.763899993896484375e+01 2.981299972534179688e+01
1.700000000000000000e+01 9.419642686843872070e-01 4.614799880981445312e+01 4.518399810791015625e+01 2.790900039672851562e+01
1.800000000000000000e+01 9.598214030265808105e-01 4.986299896240234375e+01 4.495199966430664062e+01 2.887899971008300781e+01
1.800000000000000000e+01 8.616071343421936035e-01 5.277399826049804688e+01 4.316699981689453125e+01 2.720700073242187500e+01
0.000000000000000000e+00 7.857142686843872070e-01 5.642300033569335938e+01 4.274000167846679688e+01 2.767300033569335938e+01
2.200000000000000000e+01 5.892857313156127930e-01 5.932699966430664062e+01 4.240399932861328125e+01 2.523600006103515625e+01
2.200000000000000000e+01 4.642857015132904053e-01 6.203400039672851562e+01 4.026699829101562500e+01 2.675499916076660156e+01
1.800000000000000000e+01 1.830357164144515991e-01 6.544699859619140625e+01 4.017800140380859375e+01 2.523500061035156250e+01
2.000000000000000000e+00 6.250000000000000000e-02 6.877899932861328125e+01 3.871900177001953125e+01 2.594700050354003906e+01
1.600000000000000000e+01 1.339285727590322495e-02 7.154399871826171875e+01 4.147399902343750000e+01 2.598999977111816406e+01
