5.000000000000000000e+00 8.928571641445159912e-02 2.512299919128417969e+01 3.774900054931640625e+01 4.059199905395507812e+01
1.600000000000000000e+01 1.964285671710968018e-01 2.665900039672851562e+01 4.115800094604492188e+01 4.163299942016601562e+01
1.200000000000000000e+01 4.866071343421936035e-01 3.046199989318847656e+01 4.087400054931640625e+01 4.109600067138671875e+01
1.400000000000000000e+01 5.357142686843872070e-01 3.172400093078613281e+01 3.814199829101562500e+01 3.870500183105468750e+01
2.200000000000000000e+01 7.098214030265808105e-01 3.538899993896484375e+01 3.719499969482421875e+01 3.786999893188476562e+01
1.300000000000000000e+01 7.008928656578063965e-01 3.649200057983398438e+01 3.533700180053710938e+01 3.474399948120117188e+01
2.200000000000000000e+01 7.544642686843872070e-01 3.998199844360351562e+01 3.418500137329101562e+01 3.380500030517578125e+01
1.200000000000000000e+01 6.785714030265808105e-01 4.080099868774414062e+01 3.285900115966796875e+01 3.023699951171875000e+01
3.000000000000000000e+00 6.026785969734191895e-01 4.394599914550781250e+01 3.105299949645996094e+01 2.890800094604492188e+01
0.000000000000000000e+00 5.758928656578063965e-01 4.534899902343750000e+01 3.245299911499023438e+01 2.548200035095214844e+01
2.200000000000000000e+01 3.750000000000000000e-01 4.785300064086914062e+01 2.966699981689453125e+01 2.468899917602539062e+01
1.000000000000000000e+00 1.785714328289031982e-01 4.560800170898437500e+01 2.662700080871582031e+01 2.451899909973144531e+01
9.000000000000000000e+00 2.723214328289031982e-01 4.265999984741210938e+01 2.909000015258789062e+01 2.427199935913085938e+01
1.700000000000000000e+01 2.633928656578063965e-01 4.054199981689453125e+01 2.785199928283691406e+01 2.719799995422363281e+01
1.600000000000000000e+01 3.482142984867095947e-01 3.893799972534179688e+01 2.847699928283691406e+01 3.054000091552734375e+01
0.000000000000000000e+00 5.312500000000000000e-01 4.155300140380859375e+01 2.908799934387207031e+01 3.327999877929687500e+01
1.100000000000000000e+01 3.392857015132904053e-01 4.071099853515625000e+01 2.671100044250488281e+01 3.613999938964843750e+01
2.000000000000000000e+00 3.660714328289031982e-01 4.157400131225585938e+01 2.697200012207031250e+01 3.988000106811523438e+01
2.200000000000000000e+01 6.339285969734191895e-01 4.318199920654296875e+01 3.052499961853027344e+01 3.967300033569335938e+01
0.000000000000000000e+00 6.741071343421936035e-01 4.370399856567382812e+01 3.218700027465820312e+01 4.309899902343750000e+01
1.400000000000000000e+01 7.633928656578063965e-01 4.231700134277343750e+01 3.559099960327148438e+01 4.393000030517578125e+01
2.200000000000000000e+01 7.321428656578063965e-01 3.920800018310546875e+01 4.117599868774414062e+01 4.668000030517578125e+01
1.500000000000000000e+01 6.875000000000000000e-01 3.953799819946289062e+01 4.421799850463867188e+01 4.896200180053710938e+01
1.000000000000000000e+00 5.491071343421936035e-01 3.725000000000000000e+01 4.709899902343750000e+01 4.975099945068359375e+01
1.300000000000000000e+01 4.955357015132904053e-01 3.828300094604492188e+01 5.070800018310546875e+01 5.060300064086914062e+01
0.000000000000000000e+00 1.919642835855484009e-01 3.636299896240234375e+01 5.177099990844726562e+01 5.373600006103515625e+01
0.000000000000000000e+00 7.142857462167739868e-02 3.534299850463867188e+01 5.531200027465820312e+01 5.464500045776367188e+01
3.000000000000000000e+00 6.250000000000000000e-02 3.877099990844726562e+01 5.631399917602539062e+01 5.624000167846679688e+01
3.000000000000000000e+00 2.544642984867095947e-01 4.054899978637695312e+01 5.529499816894531250e+01 5.316299819946289062e+01
1.800000000000000000e+01 2.767857015132904053e-01 4.156999969482421875e+01 5.190000152587890625e+01 5.459400177001953125e+01
1.900000000000000000e+01 5.000000000000000000e-01 4.158499908447265625e+01 4.869100189208984375e+01 5.271099853515625000e+01
7.000000000000000000e+00 3.258928656578063965e-01 3.936299896240234375e+01 4.578099822998046875e+01 5.419900131225585938e+01
1.600000000000000000e+01 3.526785671710968018e-01 3.894499969482421875e+01 4.206200027465820312e+01 5.348500061035156250e+01
1.500000000000000000e+01 3.705357015132904053e-01 3.585800170898437500e+01 4.130599975585937500e+01 5.129700088500976562e+01
0.000000000000000000e+00 4.553571343421936035e-01 3.625099945068359375e+01 3.830599975585937500e+01 4.902199935913085938e+01
1.700000000000000000e+01 5.178571343421936035e-01 3.854700088500976562e+01 3.553099822998046875e+01 4.787799835205078125e+01
9.000000000000000000e+00 4.464285671710968018e-01 3.845000076293945312e+01 3.229399871826171875e+01 4.599700164794921875e+01
1.300000000000000000e+01 4.910714328289031982e-01 3.960800170898437500e+01 3.041399955749511719e+01 4.297100067138671875e+01
1.800000000000000000e+01 4.642857015132904053e-01 3.800000000000000000e+01 2.981399917602539062e+01 3.940900039672851562e+01
1.700000000000000000e+01 1.830357164144515991e-01 3.550899887084960938e+01 2.698800086975097656e+01 3.849000167846679688e+01
7.000000000000000000e+00 9.821428358554840088e-02 3.600899887084960938e+01 2.460199928283691406e+01 3.559600067138671875e+01
1.700000000000000000e+01 1.428571492433547974e-01 3.441199874877929688e+01 2.702199935913085938e+01 3.309400177001953125e+01
9.000000000000000000e+00 4.196428656578063965e-01 3.668399810791015625e+01 2.995700073242187500e+01 3.424399948120117188e+01
7.000000000000000000e+00 4.241071343421936035e-01 3.411500167846679688e+01 3.208300018310546875e+01 3.609400177001953125e+01
1.200000000000000000e+01 4.330357015132904053e-01 3.413199996948242188e+01 3.260800170898437500e+01 3.982600021362304688e+01
9.000000000000000000e+00 1.116071417927742004e-01 2.923699951171875000e+01 3.364099884033203125e+01 4.495500183105468750e+01
1.200000000000000000e+01 3.080357015132904053e-01 3.188999938964843750e+01 3.626900100708007812e+01 4.573699951171875000e+01
1.800000000000000000e+01 1.741071492433547974e-01 2.951300048828125000e+01 3.873199844360351562e+01 4.746500015258789062e+01
1.800000000000000000e+01 4.017857089638710022e-02 2.599300003051757812e+01 3.962099838256835938e+01 4.842200088500976562e+01
7.000000000000000000e+00 1.785714365541934967e-02 2.369899940490722656e+01 4.245100021362304688e+01 4.713299942016601562e+01
7.000000000000000000e+00 4.464285913854837418e-03 2.373699951171875000e+01 4.413299942016601562e+01 5.057199859619140625e+01
7.000000000000000000e+00 4.910714179277420044e-02 2.749699974060058594e+01 4.389699935913085938e+01 5.136800003051757812e+01
1.500000000000000000e+01 1.651785671710968018e-01 2.866200065612792969e+01 4.530400085449218750e+01 4.794800186157226562e+01
2.200000000000000000e+01 1.250000000000000000e-01 2.862899971008300781e+01 4.902099990844726562e+01 4.865700149536132812e+01
7.000000000000000000e+00 2.232142835855484009e-01 2.986199951171875000e+01 5.207600021362304688e+01 4.666600036621093750e+01
9.000000000000000000e+00 4.017857015132904053e-01 3.367399978637695312e+01 5.285900115966796875e+01 4.682899856567382812e+01
1.100000000000000000e+01 6.562500000000000000e-01 3.715499877929687500e+01 5.181200027465820312e+01 4.563999938964843750e+01
2.000000000000000000e+01 7.589285969734191895e-01 3.783499908447265625e+01 4.816799926757812500e+01 4.503499984741210938e+01
1.300000000000000000e+01 8.883928656578063965e-01 4.115299987792968750e+01 4.623600006103515625e+01 4.437400054931640625e+01
2.200000000000000000e+01 9.241071343421936035e-01 4.130099868774414062e+01 4.277899932861328125e+01 4.278599929809570312e+01
7.000000000000000000e+00 9.375000000000000000e-01 4.451499938964843750e+01 4.074000167846679688e+01 4.297399902343750000e+01
1.100000000000000000e+01 9.196428656578063965e-01 4.475600051879882812e+01 3.747499847412109375e+01 4.090399932861328125e+01
3.000000000000000000e+00 8.392857313156127930e-01 4.771300125122070312e+01 3.492699813842773438e+01 4.125799942016601562e+01
1.800000000000000000e+01 8.571428656578063965e-01 4.836999893188476562e+01 3.433499908447265625e+01 3.750299835205078125e+01
1.300000000000000000e+01 7.723214030265808105e-01 5.188899993896484375e+01 3.319800186157226562e+01 3.829800033569335938e+01
1.700000000000000000e+01 6.116071343421936035e-01 5.076499938964843750e+01 3.000099945068359375e+01 4.006499862670898438e+01
2.000000000000000000e+01 6.160714030265808105e-01 4.851200103759765625e+01 2.929299926757812500e+01 3.709099960327148438e+01
1.900000000000000000e+01 5.892857313156127930e-01 5.154999923706054688e+01 2.923600006103515625e+01 3.477399826049804688e+01
1.300000000000000000e+01 4.062500000000000000e-01 5.389199829101562500e+01 2.749099922180175781e+01 3.719699859619140625e+01
0.000000000000000000e+00 2.455357164144515991e-01 5.134099960327148438e+01 2.459499931335449219e+01 3.688299942016601562e+01
1.200000000000000000e+01 2.366071492433547974e-01 5.160699844360351562e+01 2.467399978637695312e+01 3.317599868774414062e+01
9.000000000000000000e+00 1.339285671710968018e-01 5.541500091552734375e+01 2.435199928283691406e+01 3.325600051879882812e+01
1.100000000000000000e+01 3.214285671710968018e-01 5.604299926757812500e+01 2.794499969482421875e+01 3.233800125122070312e+01
1.700000000000000000e+01 4.776785671710968018e-01 5.776900100708007812e+01 3.058399963378906250e+01 3.459799957275390625e+01
1.600000000000000000e+01 6.919642686843872070e-01 5.601800155639648438e+01 3.362300109863281250e+01 3.318700027465820312e+01
1.500000000000000000e+01 7.767857313156127930e-01 5.701399993896484375e+01 3.723799896240234375e+01 3.324599838256835938e+01
7.000000000000000000e+00 8.794642686843872070e-01 5.381000137329101562e+01 3.774900054931640625e+01 3.905500030517578125e+01
0.000000000000000000e+00 9.866071343421936035e-01 4.733800125122070312e+01 4.064300155639648438e+01 3.742800140380859375e+01
7.000000000000000000e+00 9.955357313156127930e-01 4.566799926757812500e+01 4.329999923706054688e+01 3.976100158691406250e+01
2.200000000000000000e+01 9.821428656578063965e-01 4.282199859619140625e+01 4.596799850463867188e+01 3.907199859619140625e+01
2.200000000000000000e+01 9.419642686843872070e-01 4.156600189208984375e+01 4.897399902343750000e+01 4.111199951171875000e+01
1.500000000000000000e+01 8.482142686843872070e-01 3.825000000000000000e+01 5.063700103759765625e+01 4.029299926757812500e+01
1.800000000000000000e+01 6.696428656578063965e-01 3.549900054931640625e+01 5.295800018310546875e+01 4.154700088500976562e+01
0.000000000000000000e+00 5.446428656578063965e-01 3.228200149536132812e+01 5.102099990844726562e+01 4.203300094604492188e+01
2.000000000000000000e+00 2.589285671710968018e-01 2.866399955749511719e+01 5.236000061035156250e+01 4.173699951171875000e+01
3.000000000000000000e+00 1.875000000000000000e-01 2.925300025939941406e+01 5.612300109863281250e+01 4.129899978637695312e+01
1.700000000000000000e+01 9.375000000000000000e-02 2.662899971008300781e+01 5.654100036621093750e+01 3.837599945068359375e+01
9.000000000000000000e+00 2.232142910361289978e-02 2.373299980163574219e+01 5.501200103759765625e+01 4.009600067138671875e+01
1.600000000000000000e+01 4.464285820722579956e-02 2.328499984741210938e+01 5.115200042724609375e+01 4.068399810791015625e+01
1.000000000000000000e+00 1.696428507566452026e-01 2.576000022888183594e+01 4.900099945068359375e+01 3.872800064086914062e+01
1.000000000000000000e+00 2.678571343421936035e-01 2.687400054931640625e+01 4.527700042724609375e+01 3.853599929809570312e+01
2.000000000000000000e+01 5.625000000000000000e-01 3.044199943542480469e+01 4.457300186157226562e+01 3.736100006103515625e+01
1.800000000000000000e+01 6.294642686843872070e-01 3.209600067138671875e+01 4.161999893188476562e+01 3.560599899291992188e+01
1.100000000000000000e+01 8.169642686843872070e-01 3.597000122070312500e+01 4.133900070190429688e+01 3.550999832153320312e+01
0.000000000000000000e+00 8.214285969734191895e-01 3.754000091552734375e+01 3.939899826049804688e+01 3.256200027465820312e+01
0.000000000000000000e+00 9.107142686843872070e-01 4.123400115966796875e+01 3.845399856567382812e+01 3.255500030517578125e+01
1.200000000000000000e+01 8.348214030265808105e-01 4.287500000000000000e+01 3.686199951171875000e+01 2.946699905395507812e+01
1.200000000000000000e+01 8.303571343421936035e-01 4.634700012207031250e+01 3.548300170898437500e+01 2.993499946594238281e+01
1.700000000000000000e+01 7.455357313156127930e-01 4.957799911499023438e+01 3.482400131225585938e+01 2.795899963378906250e+01
1.600000000000000000e+01 7.142857313156127930e-01 5.311600112915039062e+01 3.411800003051757812e+01 2.940500068664550781e+01
2.000000000000000000e+01 7.946428656578063965e-01 5.430699920654296875e+01 3.773400115966796875e+01 2.877099990844726562e+01
1.700000000000000000e+01 8.928571343421936035e-01 5.091999816894531250e+01 3.939799880981445312e+01 2.857200050354003906e+01
2.000000000000000000e+01 9.642857313156127930e-01 4.747900009155273438e+01 4.001399993896484375e+01 3.017300033569335938e+01
1.700000000000000000e+01 9.464285969734191895e-01 4.423199844360351562e+01 4.173799896240234375e+01 2.914200019836425781e+01
1.800000000000000000e+01 9.687500000000000000e-01 4.189899826049804688e+01 4.290399932861328125e+01 3.187700080871582031e+01
1.800000000000000000e+01 8.839285969734191895e-01 3.834700012207031250e+01 4.416099929809570312e+01 3.114500045776367188e+01
0.000000000000000000e+00 8.125000000000000000e-01 3.565800094604492188e+01 4.560300064086914062e+01 3.347000122070312500e+01
2.200000000000000000e+01 6.473214030265808105e-01 3.238700103759765625e+01 4.484099960327148438e+01 3.189599990844726562e+01
2.200000000000000000e+01 4.821428656578063965e-01 2.959399986267089844e+01 4.696900177001953125e+01 3.312699890136718750e+01
1.800000000000000000e+01 2.098214328289031982e-01 2.588999938964843750e+01 4.593700027465820312e+01 3.357300186157226562e+01
2.000000000000000000e+00 6.696428358554840088e-02 2.312400054931640625e+01 4.832400131225585938e+01 3.456100082397460938e+01
1.600000000000000000e+01 1.339285727590322495e-02 2.062400054931640625e+01 4.627700042724609375e+01 3.681299972534179688e+01
5.000000000000000000e+00 1.473214328289031982e-01 6.730599975585937500e+01 5.056499862670898438e+01 2.814599990844726562e+01
1.600000000000000000e+01 2.500000000000000000e-01 6.722799682617187500e+01 4.759299850463867188e+01 3.060000038146972656e+01
1.200000000000000000e+01 5.089285969734191895e-01 6.366199874877929688e+01 4.884799957275390625e+01 3.118899917602539062e+01
1.400000000000000000e+01 5.267857313156127930e-01 6.165599822998046875e+01 5.070700073242187500e+01 2.860600090026855469e+01
2.200000000000000000e+01 7.053571343421936035e-01 5.785200119018554688e+01 5.130899810791015625e+01 2.867799949645996094e+01
1.300000000000000000e+01 6.651785969734191895e-01 5.565499877929687500e+01 5.226800155639648438e+01 2.566600036621093750e+01
2.200000000000000000e+01 7.276785969734191895e-01 5.209899902343750000e+01 5.337400054931640625e+01 2.624399948120117188e+01
1.200000000000000000e+01 6.607142686843872070e-01 4.929100036621093750e+01 5.365900039672851562e+01 2.367200088500976562e+01
3.000000000000000000e+00 6.428571343421936035e-01 4.548199844360351562e+01 5.420999908447265625e+01 2.382600021362304688e+01
0.000000000000000000e+00 5.982142686843872070e-01 4.331100082397460938e+01 5.185800170898437500e+01 2.176199913024902344e+01
2.200000000000000000e+01 4.419642984867095947e-01 4.041500091552734375e+01 5.450199890136718750e+01 2.190399932861328125e+01
1.000000000000000000e+00 2.410714328289031982e-01 4.216899871826171875e+01 5.660900115966796875e+01 1.925000000000000000e+01
9.000000000000000000e+00 3.125000000000000000e-01 4.450099945068359375e+01 5.363999938964843750e+01 1.829100036621093750e+01
1.700000000000000000e+01 2.812500000000000000e-01 4.760200119018554688e+01 5.573899841308593750e+01 1.884300041198730469e+01
1.600000000000000000e+01 3.571428656578063965e-01 5.047299957275390625e+01 5.702099990844726562e+01 2.127700042724609375e+01
0.000000000000000000e+00 5.223214030265808105e-01 4.954100036621093750e+01 5.803599929809570312e+01 2.482299995422363281e+01
1.100000000000000000e+01 3.616071343421936035e-01 5.155599975585937500e+01 6.100799942016601562e+01 2.602899932861328125e+01
2.000000000000000000e+00 3.437500000000000000e-01 5.219900131225585938e+01 6.267300033569335938e+01 2.934900093078613281e+01
2.200000000000000000e+01 6.205357313156127930e-01 5.142599868774414062e+01 5.945600128173828125e+01 3.139999961853027344e+01
0.000000000000000000e+00 6.250000000000000000e-01 5.338299942016601562e+01 5.937400054931640625e+01 3.457500076293945312e+01
1.400000000000000000e+01 7.500000000000000000e-01 5.462200164794921875e+01 5.622600173950195312e+01 3.619800186157226562e+01
2.200000000000000000e+01 7.232142686843872070e-01 5.879899978637695312e+01 5.207799911499023438e+01 3.975299835205078125e+01
1.500000000000000000e+01 6.830357313156127930e-01 5.916500091552734375e+01 5.069499969482421875e+01 4.332600021362304688e+01
1.000000000000000000e+00 6.071428656578063965e-01 6.097499847412109375e+01 4.735800170898437500e+01 4.427999877929687500e+01
1.300000000000000000e+01 5.133928656578063965e-01 6.090299987792968750e+01 4.489300155639648438e+01 4.717699813842773438e+01
0.000000000000000000e+00 2.321428507566452026e-01 6.345399856567382812e+01 4.522200012207031250e+01 4.993899917602539062e+01
0.000000000000000000e+00 8.482142537832260132e-02 6.501999664306640625e+01 4.242100143432617188e+01 5.192300033569335938e+01
3.000000000000000000e+00 8.035714179277420044e-02 6.234700012207031250e+01 4.283800125122070312e+01 5.464400100708007812e+01
3.000000000000000000e+00 3.035714328289031982e-01 5.972600173950195312e+01 4.278900146484375000e+01 5.197700119018554688e+01
1.800000000000000000e+01 3.169642984867095947e-01 5.901599884033203125e+01 4.651499938964843750e+01 5.204999923706054688e+01
1.900000000000000000e+01 5.580357313156127930e-01 5.834799957275390625e+01 4.820299911499023438e+01 4.853599929809570312e+01
7.000000000000000000e+00 3.794642984867095947e-01 6.072200012207031250e+01 5.105300140380859375e+01 4.831100082397460938e+01
1.600000000000000000e+01 4.375000000000000000e-01 6.072700119018554688e+01 5.366600036621093750e+01 4.541500091552734375e+01
1.500000000000000000e+01 3.839285671710968018e-01 6.326200103759765625e+01 5.303099822998046875e+01 4.253599929809570312e+01
0.000000000000000000e+00 3.883928656578063965e-01 6.274100112915039062e+01 5.544499969482421875e+01 3.967599868774414062e+01
1.700000000000000000e+01 5.044642686843872070e-01 5.991400146484375000e+01 5.738399887084960938e+01 3.806900024414062500e+01
9.000000000000000000e+00 4.151785671710968018e-01 5.915299987792968750e+01 5.929199981689453125e+01 3.472499847412109375e+01
1.300000000000000000e+01 4.598214328289031982e-01 5.658000183105468750e+01 6.007600021362304688e+01 3.193499946594238281e+01
1.800000000000000000e+01 4.732142984867095947e-01 5.571699905395507812e+01 5.905799865722656250e+01 2.842000007629394531e+01
1.700000000000000000e+01 2.008928507566452026e-01 5.716799926757812500e+01 6.086600112915039062e+01 2.537999916076660156e+01
7.000000000000000000e+00 1.071428582072257996e-01 5.523699951171875000e+01 6.195199966430664062e+01 2.233799934387207031e+01
1.700000000000000000e+01 1.562500000000000000e-01 5.563499832153320312e+01 5.845000076293945312e+01 2.059300041198730469e+01
9.000000000000000000e+00 4.285714328289031982e-01 5.465700149536132812e+01 5.666799926757812500e+01 2.385799980163574219e+01
7.000000000000000000e+00 3.928571343421936035e-01 5.815800094604492188e+01 5.581100082397460938e+01 2.503499984741210938e+01
1.200000000000000000e+01 4.107142984867095947e-01 5.986899948120117188e+01 5.657199859619140625e+01 2.846400070190429688e+01
9.000000000000000000e+00 1.205357164144515991e-01 6.605100250244140625e+01 5.689300155639648438e+01 3.120100021362304688e+01
1.200000000000000000e+01 2.901785671710968018e-01 6.481099700927734375e+01 5.516600036621093750e+01 3.447399902343750000e+01
1.800000000000000000e+01 1.383928507566452026e-01 6.803700256347656250e+01 5.331100082397460938e+01 3.544400024414062500e+01
1.800000000000000000e+01 3.571428731083869934e-02 7.155799865722656250e+01 5.220199966430664062e+01 3.424100112915039062e+01
7.000000000000000000e+00 2.678571455180644989e-02 7.255200195312500000e+01 4.861100006103515625e+01 3.315999984741210938e+01
7.000000000000000000e+00 0.000000000000000000e+00 7.489700317382812500e+01 4.845500183105468750e+01 3.613000106811523438e+01
7.000000000000000000e+00 3.125000000000000000e-02 7.214600372314453125e+01 4.953699874877929688e+01 3.858599853515625000e+01
1.500000000000000000e+01 1.517857164144515991e-01 6.938899993896484375e+01 4.709700012207031250e+01 3.727000045776367188e+01
2.200000000000000000e+01 1.026785746216773987e-01 7.037100219726562500e+01 4.384899902343750000e+01 3.912200164794921875e+01
7.000000000000000000e+00 2.142857164144515991e-01 6.797699737548828125e+01 4.078400039672851562e+01 3.985400009155273438e+01
9.000000000000000000e+00 3.973214328289031982e-01 6.486599731445312500e+01 4.141799926757812500e+01 4.198699951171875000e+01
1.100000000000000000e+01 6.517857313156127930e-01 6.109199905395507812e+01 4.198799896240234375e+01 4.219100189208984375e+01
2.000000000000000000e+01 7.410714030265808105e-01 5.988499832153320312e+01 4.519800186157226562e+01 4.059400177001953125e+01
1.300000000000000000e+01 8.750000000000000000e-01 5.654899978637695312e+01 4.697800064086914062e+01 4.026699829101562500e+01
2.200000000000000000e+01 9.017857313156127930e-01 5.575999832153320312e+01 4.954000091552734375e+01 3.773300170898437500e+01
7.000000000000000000e+00 9.285714030265808105e-01 5.284199905395507812e+01 5.172299957275390625e+01 3.877999877929687500e+01
1.100000000000000000e+01 9.062500000000000000e-01 5.111800003051757812e+01 5.400999832153320312e+01 3.626200103759765625e+01
3.000000000000000000e+00 8.035714030265808105e-01 4.904999923706054688e+01 5.708200073242187500e+01 3.675999832153320312e+01
1.800000000000000000e+01 8.437500000000000000e-01 4.629199981689453125e+01 5.621099853515625000e+01 3.422200012207031250e+01
1.300000000000000000e+01 7.366071343421936035e-01 4.364599990844726562e+01 5.826699829101562500e+01 3.599599838256835938e+01
1.700000000000000000e+01 5.535714030265808105e-01 4.507500076293945312e+01 6.184700012207031250e+01 3.522100067138671875e+01
2.000000000000000000e+01 5.803571343421936035e-01 4.518600082397460938e+01 6.094900131225585938e+01 3.154999923706054688e+01
1.900000000000000000e+01 5.669642686843872070e-01 4.141600036621093750e+01 6.015499877929687500e+01 3.153499984741210938e+01
1.300000000000000000e+01 3.348214328289031982e-01 4.045700073242187500e+01 6.320800018310546875e+01 3.353699874877929688e+01
0.000000000000000000e+00 2.276785671710968018e-01 4.247800064086914062e+01 6.534300231933593750e+01 3.104500007629394531e+01
1.200000000000000000e+01 2.187500000000000000e-01 4.074599838256835938e+01 6.386700057983398438e+01 2.801799964904785156e+01
9.000000000000000000e+00 1.294642835855484009e-01 3.728799819946289062e+01 6.427400207519531250e+01 2.973800086975097656e+01
1.100000000000000000e+01 3.303571343421936035e-01 3.674200057983398438e+01 6.046300125122070312e+01 3.007500076293945312e+01
1.700000000000000000e+01 4.687500000000000000e-01 3.527600097656250000e+01 5.828900146484375000e+01 3.284199905395507812e+01
1.600000000000000000e+01 6.383928656578063965e-01 3.798600006103515625e+01 5.749900054931640625e+01 3.545899963378906250e+01
1.500000000000000000e+01 7.187500000000000000e-01 3.650299835205078125e+01 5.409000015258789062e+01 3.630400085449218750e+01
7.000000000000000000e+00 8.705357313156127930e-01 4.265800094604492188e+01 5.407099914550781250e+01 3.927000045776367188e+01
0.000000000000000000e+00 9.732142686843872070e-01 4.780599975585937500e+01 5.040700149536132812e+01 3.545700073242187500e+01
7.000000000000000000e+00 9.910714030265808105e-01 4.993399810791015625e+01 4.817499923706054688e+01 3.772499847412109375e+01
2.200000000000000000e+01 9.776785969734191895e-01 5.254000091552734375e+01 4.568500137329101562e+01 3.636800003051757812e+01
2.200000000000000000e+01 9.598214030265808105e-01 5.445000076293945312e+01 4.346200180053710938e+01 3.891299819946289062e+01
1.500000000000000000e+01 8.616071343421936035e-01 5.727700042724609375e+01 4.124200057983398438e+01 3.757400131225585938e+01
1.800000000000000000e+01 6.964285969734191895e-01 6.046699905395507812e+01 3.950199890136718750e+01 3.878599929809570312e+01
0.000000000000000000e+00 5.714285969734191895e-01 6.345100021362304688e+01 4.088999938964843750e+01 3.681399917602539062e+01
2.000000000000000000e+00 2.946428656578063965e-01 6.654900360107421875e+01 3.882300186157226562e+01 3.556200027465820312e+01
3.000000000000000000e+00 2.991071343421936035e-01 6.505000305175781250e+01 3.543999862670898438e+01 3.703499984741210938e+01
1.700000000000000000e+01 1.160714253783226013e-01 6.666899871826171875e+01 3.306000137329101562e+01 3.450199890136718750e+01
9.000000000000000000e+00 5.357142910361289978e-02 6.979499816894531250e+01 3.502199935913085938e+01 3.361600112915039062e+01
1.600000000000000000e+01 7.589285820722579956e-02 7.017099761962890625e+01 3.871599960327148438e+01 3.268999862670898438e+01
1.000000000000000000e+00 2.053571492433547974e-01 6.743900299072265625e+01 4.036100006103515625e+01 3.046699905395507812e+01
1.000000000000000000e+00 2.857142984867095947e-01 6.623100280761718750e+01 4.371300125122070312e+01 2.906699943542480469e+01
2.000000000000000000e+01 5.401785969734191895e-01 6.267599868774414062e+01 4.459600067138671875e+01 2.886499977111816406e+01
1.800000000000000000e+01 5.937500000000000000e-01 6.051100158691406250e+01 4.658200073242187500e+01 2.654999923706054688e+01
1.100000000000000000e+01 7.857142686843872070e-01 5.707199859619140625e+01 4.679100036621093750e+01 2.816099929809570312e+01
0.000000000000000000e+00 7.991071343421936035e-01 5.404499816894531250e+01 4.779800033569335938e+01 2.596299934387207031e+01
0.000000000000000000e+00 8.973214030265808105e-01 5.069499969482421875e+01 4.887200164794921875e+01 2.753599929809570312e+01
1.200000000000000000e+01 8.258928656578063965e-01 4.749000167846679688e+01 4.944200134277343750e+01 2.538999938964843750e+01
1.200000000000000000e+01 8.526785969734191895e-01 4.488800048828125000e+01 5.144100189208984375e+01 2.731900024414062500e+01
1.700000000000000000e+01 7.901785969734191895e-01 4.106999969482421875e+01 5.194400024414062500e+01 2.749799919128417969e+01
1.600000000000000000e+01 7.678571343421936035e-01 3.887099838256835938e+01 5.348199844360351562e+01 3.033499908447265625e+01
2.000000000000000000e+01 8.080357313156127930e-01 3.738800048828125000e+01 5.014799880981445312e+01 3.161800003051757812e+01
1.700000000000000000e+01 9.151785969734191895e-01 4.019400024414062500e+01 4.785100173950195312e+01 3.041900062561035156e+01
2.000000000000000000e+01 9.508928656578063965e-01 4.377500152587890625e+01 4.742800140380859375e+01 2.928400039672851562e+01
1.700000000000000000e+01 9.330357313156127930e-01 4.613399887084960938e+01 4.505599975585937500e+01 2.743600082397460938e+01
1.800000000000000000e+01 9.553571343421936035e-01 4.967699813842773438e+01 4.483900070190429688e+01 2.869300079345703125e+01
1.800000000000000000e+01 8.660714030265808105e-01 5.258200073242187500e+01 4.294599914550781250e+01 2.725600051879882812e+01
0.000000000000000000e+00 7.812500000000000000e-01 5.632699966430664062e+01 4.245399856567382812e+01 2.754199981689453125e+01
2.200000000000000000e+01 5.848214030265808105e-01 5.889199829101562500e+01 4.204999923706054688e+01 2.478100013732910156e+01
2.200000000000000000e+01 4.508928656578063965e-01 6.198699951171875000e+01 4.072499847412109375e+01 2.641699981689453125e+01
1.800000000000000000e+01 1.607142835855484009e-01 6.544699859619140625e+01 4.028699874877929688e+01 2.481399917602539062e+01
2.000000000000000000e+00 5.803571268916130066e-02 6.881500244140625000e+01 3.940599822998046875e+01 2.615600013732910156e+01
1.600000000000000000e+01 8.928571827709674835e-03 7.181600189208984375e+01 4.181600189208984375e+01 2.620400047302246094e+01
