1 1 14 0 0.017964071856287345 0 0 42.687 52.704 28.216
1 2 18 0 0.041916167664670656 0 0 44.325 49.296 27.969
1 3 7 0 0.29940119760479034 0 0 42.225 46.145 27.276
1 4 20 0 0.5808383233532934 0 0 41.183 43.644 29.841
1 5 13 0 0.7425149700598803 0 0 41.204 40.219 28.135
1 6 12 0 0.9221556886227544 0 0 38.724 37.992 29.682
1 7 22 0 0.9580838323353293 0 0 38.468 34.309 28.838
1 8 22 0 0.9820359281437125 0 0 35.462 32.147 29.554
1 9 22 0 0.9700598802395209 0 0 36.759 28.755 30.577
1 10 9 0 0.9281437125748503 0 0 35.081 25.479 31.444
1 11 0 0 0.7964071856287425 0 0 32.959 22.721 30.077
1 12 9 0 0.6287425149700598 0 0 30.569 22.396 27.116
1 13 9 0 0.592814371257485 0 0 27.007 23.535 27.596
1 14 22 0 0.8143712574850299 0 0 27.522 25.438 30.837
1 15 9 0 0.8323353293413174 0 0 26.476 28.611 29.035
1 16 13 0 0.9341317365269461 0 0 29.854 30.131 28.232
1 17 17 0 0.8383233532934131 0 0 28.646 32.079 25.205
1 18 0 0 0.7904191616766467 0 0 25.633 33.389 26.995
1 19 12 0 0.8982035928143712 0 0 27.417 35.208 29.768
1 20 18 0 0.8862275449101796 0 0 29.513 37.053 27.259
1 21 11 0 0.6646706586826348 0 0 26.505 37.922 25.100
1 22 6 0 0.6227544910179641 0 0 24.590 39.082 28.167
1 23 12 0 0.6706586826347305 0 0 27.189 41.762 28.743
1 24 11 0 0.5269461077844311 0 0 27.800 42.574 25.148
1 25 6 0 0.24550898203592808 0 0 24.263 42.716 23.721
1 26 2 0 0.281437125748503 0 0 22.279 42.761 26.934
1 27 10 0 0.221556886227545 0 0 19.912 39.864 26.319
1 28 15 0 0.3652694610778443 0 0 20.142 36.134 26.009
1 29 22 0 0.3892215568862275 0 0 21.909 34.575 23.010
1 30 3 0 0.07784431137724557 0 0 19.979 33.249 20.057
1 31 7 0 0.10778443113772451 0 0 23.039 32.029 18.116
1 32 20 0 0.14970059880239517 0 0 24.545 28.523 18.398
1 33 3 0 0.16167664670658677 0 0 27.913 29.017 16.589
1 34 16 0 0.34730538922155685 0 0 31.173 27.626 17.878
1 35 18 0 0.4610778443113772 0 0 32.666 31.096 18.240
1 36 11 0 0.3413173652694611 0 0 36.099 30.059 17.065
1 37 7 0 0.3173652694610779 0 0 37.728 33.443 16.935
1 38 3 0 0.3053892215568862 0 0 35.035 36.039 16.815
1 39 17 0 0.3772455089820359 0 0 35.672 39.363 18.467
1 40 20 0 0.5329341317365269 0 0 33.289 40.340 21.284
1 41 1 0 0.4970059880239521 0 0 34.105 43.461 23.155
1 42 13 0 0.32335329341317365 0 0 32.812 46.733 24.568
1 43 6 0 0.16766467065868274 0 0 33.629 49.580 26.920
1 44 22 0 0.18562874251497008 0 0 31.958 49.947 30.303
1 45 22 0 0.09580838323353291 0 0 32.636 51.943 33.472
1 46 11 0 0.21556886227544902 0 0 33.872 49.815 36.380
1 47 3 0 0.053892215568862256 0 0 34.426 51.466 39.794
1 48 9 0 0.0 0 0 34.889 55.042 38.547
1 49 7 0 0.029940119760479056 0 0 37.063 53.955 35.641
1 50 18 0 0.03592814371257491 0 0 36.221 53.331 32.027
1 51 5 0 0.19760479041916168 0 0 37.321 49.840 30.938
1 52 12 0 0.33532934131736525 0 0 37.396 47.848 27.697
1 53 12 0 0.6107784431137725 0 0 36.442 44.219 28.116
1 54 3 0 0.6467065868263473 0 0 37.673 41.921 25.417
1 55 11 0 0.8622754491017964 0 0 35.791 38.697 26.014
1 56 12 0 0.8562874251497006 0 0 37.006 35.551 24.555
1 57 3 0 0.8682634730538922 0 0 35.025 32.428 23.867
1 58 18 0 0.844311377245509 0 0 36.376 28.909 24.445
1 59 0 0 0.5988023952095809 0 0 34.670 27.203 21.523
1 60 9 0 0.4730538922155688 0 0 33.108 23.775 21.263
1 61 6 0 0.4131736526946108 0 0 31.105 21.158 23.101
1 62 7 0 0.20359281437125742 0 0 33.470 18.220 23.455
1 63 7 0 0.31137724550898194 0 0 36.033 17.778 26.197
1 64 20 0 0.17365269461077848 0 0 38.845 18.201 23.732
1 65 17 0 0.2574850299401197 0 0 39.751 21.288 21.911
1 66 0 0 0.10179640718562877 0 0 42.466 21.912 19.408
1 67 14 0 0.2694610778443114 0 0 42.314 25.624 20.067
1 68 1 0 0.5149700598802396 0 0 42.547 25.537 23.850
1 69 3 0 0.40718562874251496 0 0 45.963 27.062 24.328
1 70 6 0 0.37125748502994016 0 0 45.365 29.809 21.743
1 71 20 0 0.6347305389221557 0 0 42.579 31.213 23.917
1 72 14 0 0.6826347305389222 0 0 44.500 30.824 27.120
1 73 1 0 0.4491017964071856 0 0 47.568 32.645 25.787
1 74 18 0 0.5029940119760479 0 0 45.606 35.620 24.450
1 75 9 0 0.7544910179640718 0 0 43.732 35.846 27.716
1 76 7 0 0.7065868263473054 0 0 44.922 37.338 30.949
1 77 9 0 0.874251497005988 0 0 42.239 36.526 33.404
1 78 15 0 0.9640718562874252 0 0 39.908 33.606 33.559
1 79 12 0 0.9940119760479041 0 0 36.207 33.664 34.203
1 80 5 0 0.9880239520958084 0 0 35.714 29.983 35.094
1 81 22 0 0.9760479041916168 0 0 32.247 28.657 34.545
1 82 15 0 0.8922155688622755 0 0 30.273 25.652 35.765
1 83 0 0 0.7365269461077844 0 0 26.585 25.006 36.360
1 84 11 0 0.5089820359281436 0 0 24.999 23.896 39.615
1 85 2 0 0.27544910179640725 0 0 23.102 21.100 37.989
1 86 2 0 0.39520958083832336 0 0 25.920 19.432 36.155
1 87 18 0 0.25149700598802394 0 0 28.445 17.813 38.464
1 88 13 0 0.35928143712574856 0 0 30.810 17.121 35.619
1 89 17 0 0.6407185628742516 0 0 31.159 20.822 34.913
1 90 15 0 0.6047904191616766 0 0 32.438 21.262 38.460
1 91 7 0 0.4251497005988024 0 0 34.726 18.204 38.317
1 92 3 0 0.5688622754491017 0 0 36.694 19.670 35.412
1 93 11 0 0.7604790419161677 0 0 37.504 22.877 37.343
1 94 10 0 0.5449101796407185 0 0 40.734 21.873 39.136
1 95 10 0 0.47904191616766467 0 0 42.176 20.557 35.894
1 96 20 0 0.7305389221556886 0 0 41.217 23.770 34.186
1 97 1 0 0.688622754491018 0 0 43.010 25.651 36.843
1 98 7 0 0.44311377245508976 0 0 46.076 23.551 36.084
1 99 6 0 0.5209580838323353 0 0 45.824 24.339 32.433
1 100 11 0 0.652694610778443 0 0 45.721 28.014 33.148
1 101 13 0 0.437125748502994 0 0 48.469 27.487 35.658
1 102 1 0 0.17964071856287422 0 0 50.437 25.661 33.005
1 103 22 0 0.2934131736526946 0 0 50.078 28.314 30.273
1 104 13 0 0.3293413173652695 0 0 50.609 31.285 32.390
1 105 3 0 0.08383233532934131 0 0 53.278 29.449 34.382
1 106 17 0 0.12574850299401197 0 0 52.179 31.086 37.626
1 107 7 0 0.22754491017964074 0 0 49.758 30.793 40.486
1 108 3 0 0.26347305389221565 0 0 49.129 34.431 40.880
1 109 22 0 0.562874251497006 0 0 46.789 34.511 37.897
1 110 16 0 0.7784431137724551 0 0 43.376 36.087 38.252
1 111 14 0 0.9041916167664671 0 0 40.215 34.167 38.078
1 112 22 0 0.9401197604790419 0 0 36.599 34.219 39.195
1 113 12 0 0.9461077844311377 0 0 34.485 31.175 39.305
1 114 22 0 0.9520958083832335 0 0 30.926 31.262 38.270
1 115 9 0 0.8502994011976048 0 0 27.937 29.076 38.966
1 116 2 0 0.8203592814371258 0 0 25.503 29.372 36.049
1 117 13 0 0.5568862275449102 0 0 21.854 28.511 36.575
1 118 5 0 0.45508982035928147 0 0 21.435 29.137 40.222
1 119 3 0 0.14371257485029942 0 0 17.719 29.571 39.914
1 120 12 0 0.0718562874251496 0 0 17.097 25.935 39.294
1 121 16 0 0.0119760479041916 0 0 15.949 23.863 42.244
1 122 17 0 0.0059880239520957446 0 0 17.798 20.848 43.693
1 123 1 0 0.06586826347305386 0 0 21.334 21.572 42.630
1 124 18 0 0.04790419161676651 0 0 23.664 18.607 42.478
1 125 22 0 0.20958083832335328 0 0 26.732 20.674 43.112
1 126 3 0 0.08982035928143717 0 0 26.840 21.427 46.844
1 127 18 0 0.19161676646706582 0 0 27.291 25.203 47.302
1 128 13 0 0.059880239520958 0 0 29.408 24.515 50.418
1 129 6 0 0.11377245508982048 0 0 31.878 22.454 48.448
1 130 0 0 0.46706586826347307 0 0 32.154 24.995 45.634
1 131 6 0 0.3532934131736526 0 0 32.850 27.494 48.409
1 132 3 0 0.13173652694610782 0 0 35.465 25.226 49.875
1 133 12 0 0.4011976047904191 0 0 37.072 24.945 46.506
1 134 0 0 0.5508982035928144 0 0 36.990 28.679 46.001
1 135 1 0 0.23952095808383234 0 0 38.266 29.492 49.421
1 136 17 0 0.11976047904191622 0 0 41.157 27.107 49.362
1 137 20 0 0.38323353293413165 0 0 42.549 28.256 46.094
1 138 9 0 0.41916167664670656 0 0 41.867 31.959 46.554
1 139 11 0 0.6766467065868262 0 0 39.121 32.349 44.053
1 140 16 0 0.7485029940119761 0 0 36.155 34.733 44.048
1 141 15 0 0.8083832335329342 0 0 32.994 32.686 43.464
1 142 11 0 0.8023952095808383 0 0 29.740 34.205 42.444
1 143 7 0 0.7005988023952096 0 0 26.305 32.661 41.787
1 144 18 0 0.7724550898203593 0 0 24.661 33.715 38.548
1 145 17 0 0.6167664670658684 0 0 21.961 33.032 36.031
1 146 0 0 0.6946107784431137 0 0 22.560 34.119 32.498
1 147 13 0 0.43113772455089827 0 0 19.095 33.864 31.043
1 148 18 0 0.2335329341317366 0 0 17.418 36.276 33.372
1 149 1 0 0.4850299401197605 0 0 20.611 38.301 33.887
1 150 6 0 0.49101796407185627 0 0 21.234 37.841 37.627
1 151 9 0 0.658682634730539 0 0 24.788 38.256 38.805
1 152 22 0 0.8263473053892215 0 0 26.490 38.236 35.403
1 153 3 0 0.718562874251497 0 0 27.664 41.800 35.591
1 154 3 0 0.7245508982035929 0 0 29.136 41.152 38.979
1 155 0 0 0.9101796407185628 0 0 31.066 38.159 37.697
1 156 15 0 0.9161676646706587 0 0 32.827 40.081 34.949
1 157 20 0 0.7664670658682635 0 0 33.493 43.137 37.161
1 158 18 0 0.7844311377245509 0 0 34.709 40.831 39.956
1 159 12 0 0.8802395209580838 0 0 37.343 39.698 37.447
1 160 22 0 0.7125748502994012 0 0 38.433 43.164 36.562
1 161 1 0 0.5389221556886228 0 0 38.761 43.963 40.233
1 162 7 0 0.5868263473053892 0 0 40.982 40.926 40.558
1 163 11 0 0.5748502994011976 0 0 43.119 41.858 37.500
1 164 1 0 0.28742514970059885 0 0 43.732 45.234 39.037
1 165 13 0 0.15568862275449102 0 0 45.689 43.676 41.872
1 166 10 0 0.13772455089820357 0 0 48.438 42.188 39.813
1 167 13 0 0.02395209580838331 0 0 51.782 43.728 39.187
