1 1 14 0 0.0119760479041916 0 0 38.832 52.053 21.894
1 2 18 0 0.08982035928143717 0 0 39.656 48.406 22.340
1 3 7 0 0.26347305389221565 0 0 36.621 46.089 22.206
1 4 20 0 0.5568862275449102 0 0 37.089 42.681 23.841
1 5 13 0 0.6766467065868262 0 0 34.902 39.637 23.470
1 6 12 0 0.8982035928143712 0 0 34.726 37.733 26.630
1 7 22 0 0.9341317365269461 0 0 32.977 34.502 27.280
1 8 22 0 0.9820359281437125 0 0 31.670 33.097 30.567
1 9 22 0 0.9700598802395209 0 0 32.216 29.409 30.973
1 10 9 0 0.9281437125748503 0 0 31.537 27.034 33.784
1 11 0 0 0.8143712574850299 0 0 28.886 24.840 35.397
1 12 9 0 0.6706586826347305 0 0 25.169 25.521 35.205
1 13 9 0 0.6047904191616766 0 0 24.226 26.991 38.542
1 14 22 0 0.8203592814371258 0 0 27.407 28.697 39.701
1 15 9 0 0.8682634730538922 0 0 26.276 32.156 38.608
1 16 13 0 0.9401197604790419 0 0 27.558 32.733 35.087
1 17 17 0 0.8502994011976048 0 0 24.762 35.192 34.469
1 18 0 0 0.8083832335329342 0 0 24.855 36.668 37.934
1 19 12 0 0.9101796407185628 0 0 28.340 38.009 37.448
1 20 18 0 0.874251497005988 0 0 27.549 39.804 34.189
1 21 11 0 0.652694610778443 0 0 24.219 41.237 35.470
1 22 6 0 0.592814371257485 0 0 25.782 42.666 38.537
1 23 12 0 0.658682634730539 0 0 28.450 44.406 36.606
1 24 11 0 0.4970059880239521 0 0 25.831 45.695 34.135
1 25 6 0 0.25149700598802394 0 0 23.057 46.812 36.400
1 26 2 0 0.17964071856287422 0 0 24.300 47.607 39.885
1 27 10 0 0.17365269461077848 0 0 21.862 44.939 40.929
1 28 15 0 0.3413173652694611 0 0 21.680 41.194 41.569
1 29 22 0 0.4011976047904191 0 0 20.162 38.762 39.158
1 30 3 0 0.11976047904191622 0 0 16.427 38.363 39.442
1 31 7 0 0.059880239520958 0 0 14.565 37.117 36.354
1 32 20 0 0.13173652694610782 0 0 15.448 33.751 34.844
1 33 3 0 0.19161676646706582 0 0 16.485 33.590 31.235
1 34 16 0 0.3173652694610779 0 0 18.427 31.155 29.156
1 35 18 0 0.4251497005988024 0 0 20.188 34.057 27.424
1 36 11 0 0.2335329341317366 0 0 20.052 33.273 23.745
1 37 7 0 0.09580838323353291 0 0 19.058 36.436 21.904
1 38 3 0 0.20958083832335328 0 0 20.242 38.925 24.485
1 39 17 0 0.38323353293413165 0 0 23.504 40.782 24.563
1 40 20 0 0.5508982035928144 0 0 25.246 42.302 27.573
1 41 1 0 0.5269461077844311 0 0 28.103 44.776 27.515
1 42 13 0 0.47904191616766467 0 0 29.993 47.380 29.566
1 43 6 0 0.27544910179640725 0 0 32.684 50.064 29.312
1 44 22 0 0.32335329341317365 0 0 35.079 50.209 32.274
1 45 22 0 0.14371257485029942 0 0 38.547 51.543 33.119
1 46 11 0 0.29940119760479034 0 0 41.257 48.935 33.423
1 47 3 0 0.08383233532934131 0 0 44.658 50.354 34.357
1 48 9 0 0.0059880239520957446 0 0 44.265 53.823 33.064
1 49 7 0 0.029940119760479056 0 0 42.355 52.925 29.897
1 50 18 0 0.0718562874251496 0 0 38.642 52.500 29.193
1 51 5 0 0.22754491017964074 0 0 37.845 49.352 27.237
1 52 12 0 0.34730538922155685 0 0 34.556 47.944 25.963
1 53 12 0 0.6347305389221557 0 0 33.926 44.534 27.317
1 54 3 0 0.6646706586826348 0 0 31.367 42.389 25.608
1 55 11 0 0.8622754491017964 0 0 30.212 39.578 27.696
1 56 12 0 0.8323353293413174 0 0 28.614 36.429 26.240
1 57 3 0 0.844311377245509 0 0 26.588 33.859 28.100
1 58 18 0 0.7964071856287425 0 0 26.625 30.109 27.534
1 59 0 0 0.562874251497006 0 0 22.917 29.717 27.455
1 60 9 0 0.4610778443113772 0 0 20.883 27.956 30.096
1 61 6 0 0.45508982035928147 0 0 21.367 25.656 33.011
1 62 7 0 0.3532934131736526 0 0 22.395 22.984 30.559
1 63 7 0 0.4850299401197605 0 0 26.021 22.023 30.375
1 64 20 0 0.2694610778443114 0 0 25.203 21.001 26.794
1 65 17 0 0.2574850299401197 0 0 24.957 23.285 23.783
1 66 0 0 0.04790419161676651 0 0 24.413 23.025 20.098
1 67 14 0 0.18562874251497008 0 0 26.433 26.225 19.657
1 68 1 0 0.4131736526946108 0 0 29.244 25.114 21.984
1 69 3 0 0.35928143712574856 0 0 32.187 26.018 19.838
1 70 6 0 0.33532934131736525 0 0 30.705 29.316 18.600
1 71 20 0 0.6467065868263473 0 0 31.229 30.754 22.091
1 72 14 0 0.6407185628742516 0 0 34.736 29.359 22.147
1 73 1 0 0.40718562874251496 0 0 35.595 30.810 18.749
1 74 18 0 0.5029940119760479 0 0 34.447 34.326 19.534
1 75 9 0 0.7365269461077844 0 0 35.974 34.733 22.954
1 76 7 0 0.6946107784431137 0 0 39.210 36.465 23.576
1 77 9 0 0.8862275449101796 0 0 39.342 35.802 27.273
1 78 15 0 0.9640718562874252 0 0 37.388 33.208 29.152
1 79 12 0 0.9940119760479041 0 0 35.852 33.869 32.515
1 80 5 0 0.9880239520958084 0 0 35.892 30.567 34.361
1 81 22 0 0.9760479041916168 0 0 33.218 30.164 36.927
1 82 15 0 0.8922155688622755 0 0 32.775 27.706 39.793
1 83 0 0 0.7305389221556886 0 0 31.496 27.916 43.352
1 84 11 0 0.5149700598802396 0 0 33.260 27.065 46.606
1 85 2 0 0.2934131736526946 0 0 30.495 24.775 47.710
1 86 2 0 0.3892215568862275 0 0 30.460 22.645 44.576
1 87 18 0 0.28742514970059885 0 0 33.086 20.022 43.813
1 88 13 0 0.3293413173652695 0 0 31.627 18.921 40.502
1 89 17 0 0.6287425149700598 0 0 31.748 22.471 39.233
1 90 15 0 0.6227544910179641 0 0 35.358 22.812 40.243
1 91 7 0 0.46706586826347307 0 0 36.499 19.751 38.390
1 92 3 0 0.5868263473053892 0 0 34.683 20.571 35.174
1 93 11 0 0.7904191616766467 0 0 37.076 23.443 34.676
1 94 10 0 0.5329341317365269 0 0 39.401 20.755 33.274
1 95 10 0 0.5089820359281436 0 0 36.918 20.093 30.538
1 96 20 0 0.7604790419161677 0 0 36.391 23.799 29.877
1 97 1 0 0.6826347305389222 0 0 40.084 24.476 29.448
1 98 7 0 0.41916167664670656 0 0 40.393 21.484 27.142
1 99 6 0 0.49101796407185627 0 0 37.706 22.799 24.929
1 100 11 0 0.6167664670658684 0 0 39.194 26.287 25.018
1 101 13 0 0.39520958083832336 0 0 42.522 24.603 24.256
1 102 1 0 0.15568862275449102 0 0 41.050 22.730 21.295
1 103 22 0 0.221556886227545 0 0 39.449 25.623 19.545
1 104 13 0 0.24550898203592808 0 0 42.318 28.036 19.898
1 105 3 0 0.03592814371257491 0 0 44.727 25.210 19.020
1 106 17 0 0.10778443113772451 0 0 46.985 26.566 21.694
1 107 7 0 0.23952095808383234 0 0 47.329 26.422 25.443
1 108 3 0 0.3053892215568862 0 0 48.246 30.047 25.963
1 109 22 0 0.5748502994011976 0 0 44.799 31.431 26.200
1 110 16 0 0.7724550898203593 0 0 43.571 34.095 28.650
1 111 14 0 0.9161676646706587 0 0 41.400 32.952 31.510
1 112 22 0 0.9520958083832335 0 0 40.547 34.030 35.052
1 113 12 0 0.9461077844311377 0 0 39.184 31.533 37.618
1 114 22 0 0.9580838323353293 0 0 36.197 32.743 39.630
1 115 9 0 0.8562874251497006 0 0 35.193 31.132 42.920
1 116 2 0 0.8263473053892215 0 0 31.677 32.321 43.414
1 117 13 0 0.5808383233532934 0 0 29.169 32.416 46.231
1 118 5 0 0.4491017964071856 0 0 31.678 33.214 48.897
1 119 3 0 0.16167664670658677 0 0 29.064 34.363 51.424
1 120 12 0 0.07784431137724557 0 0 28.709 30.874 52.783
1 121 16 0 0.0 0 0 30.189 30.227 56.261
1 122 17 0 0.02395209580838331 0 0 31.884 27.032 55.051
1 123 1 0 0.06586826347305386 0 0 33.261 25.380 51.968
1 124 18 0 0.041916167664670656 0 0 33.453 22.007 50.317
1 125 22 0 0.20359281437125742 0 0 36.055 23.203 47.875
1 126 3 0 0.10179640718562877 0 0 39.384 23.742 49.666
1 127 18 0 0.19760479041916168 0 0 40.877 27.108 49.014
1 128 13 0 0.053892215568862256 0 0 44.281 25.510 49.043
1 129 6 0 0.12574850299401197 0 0 43.375 22.967 46.378
1 130 0 0 0.44311377245508976 0 0 41.639 25.588 44.333
1 131 6 0 0.3652694610778443 0 0 44.751 27.808 44.534
1 132 3 0 0.13772455089820357 0 0 46.885 24.875 43.758
1 133 12 0 0.37125748502994016 0 0 44.840 23.955 40.669
1 134 0 0 0.5688622754491017 0 0 44.845 27.540 39.371
1 135 1 0 0.31137724550898194 0 0 48.572 28.118 39.917
1 136 17 0 0.14970059880239517 0 0 49.435 24.773 38.338
1 137 20 0 0.3772455089820359 0 0 47.996 26.018 35.028
1 138 9 0 0.437125748502994 0 0 48.775 29.737 35.529
1 139 11 0 0.718562874251497 0 0 45.128 30.878 35.881
1 140 16 0 0.7485029940119761 0 0 44.312 33.510 38.428
1 141 15 0 0.7784431137724551 0 0 42.013 32.375 41.269
1 142 11 0 0.8023952095808383 0 0 39.672 35.000 42.750
1 143 7 0 0.7065868263473054 0 0 36.899 34.857 45.319
1 144 18 0 0.7544910179640718 0 0 33.662 36.570 44.669
1 145 17 0 0.5988023952095809 0 0 30.161 37.441 45.637
1 146 0 0 0.7125748502994012 0 0 27.814 38.032 42.765
1 147 13 0 0.43113772455089827 0 0 24.969 38.765 45.187
1 148 18 0 0.21556886227544902 0 0 26.044 41.663 47.334
1 149 1 0 0.4730538922155688 0 0 28.920 42.374 44.953
1 150 6 0 0.5209580838323353 0 0 32.425 41.499 45.874
1 151 9 0 0.7005988023952096 0 0 35.104 40.974 43.344
1 152 22 0 0.8383233532934131 0 0 32.697 40.714 40.416
1 153 3 0 0.7664670658682635 0 0 34.188 43.690 38.666
1 154 3 0 0.7425149700598803 0 0 37.723 42.621 39.729
1 155 0 0 0.9221556886227544 0 0 37.505 39.404 37.747
1 156 15 0 0.9041916167664671 0 0 36.649 41.342 34.604
1 157 20 0 0.7245508982035929 0 0 39.447 43.734 35.228
1 158 18 0 0.7844311377245509 0 0 41.912 40.950 35.907
1 159 12 0 0.8802395209580838 0 0 40.932 39.165 32.774
1 160 22 0 0.688622754491018 0 0 41.965 42.131 30.703
1 161 1 0 0.5389221556886228 0 0 45.257 42.185 32.446
1 162 7 0 0.6107784431137725 0 0 45.689 38.582 31.510
1 163 11 0 0.5449101796407185 0 0 45.124 39.537 27.857
1 164 1 0 0.281437125748503 0 0 47.343 42.605 28.158
1 165 13 0 0.16766467065868274 0 0 50.271 40.576 29.426
1 166 10 0 0.11377245508982048 0 0 50.514 39.140 25.876
1 167 13 0 0.017964071856287345 0 0 52.034 41.308 23.139
