1 1 14 0 0.0 0 0 22.565 39.574 51.516
1 2 18 0 0.06586826347305386 0 0 23.047 39.979 47.817
1 3 7 0 0.2934131736526946 0 0 25.400 37.351 46.396
1 4 20 0 0.592814371257485 0 0 27.065 37.670 42.996
1 5 13 0 0.7305389221556886 0 0 28.615 34.603 41.401
1 6 12 0 0.9161676646706587 0 0 31.490 35.877 39.360
1 7 22 0 0.9580838323353293 0 0 33.377 33.451 37.169
1 8 22 0 0.9880239520958084 0 0 36.694 34.453 35.647
1 9 22 0 0.9700598802395209 0 0 37.236 33.366 32.068
1 10 9 0 0.9401197604790419 0 0 40.392 33.567 29.952
1 11 0 0 0.8023952095808383 0 0 43.342 31.798 28.286
1 12 9 0 0.6407185628742516 0 0 46.408 30.378 29.989
1 13 9 0 0.6047904191616766 0 0 48.843 32.891 31.404
1 14 22 0 0.8263473053892215 0 0 46.526 35.952 31.181
1 15 9 0 0.844311377245509 0 0 46.682 36.664 34.882
1 16 13 0 0.9520958083832335 0 0 43.216 35.241 35.667
1 17 17 0 0.8562874251497006 0 0 44.091 33.621 39.036
1 18 0 0 0.8083832335329342 0 0 46.353 36.575 39.701
1 19 12 0 0.9101796407185628 0 0 43.580 39.077 39.116
1 20 18 0 0.9041916167664671 0 0 41.355 36.990 41.409
1 21 11 0 0.688622754491018 0 0 43.823 36.594 44.226
1 22 6 0 0.6467065868263473 0 0 44.482 40.352 44.317
1 23 12 0 0.6946107784431137 0 0 40.896 41.160 45.171
1 24 11 0 0.5688622754491017 0 0 40.656 38.418 47.748
1 25 6 0 0.3173652694610779 0 0 43.887 38.570 49.703
1 26 2 0 0.29940119760479034 0 0 44.670 42.166 48.936
1 27 10 0 0.27544910179640725 0 0 47.876 41.123 47.247
1 28 15 0 0.4011976047904191 0 0 49.414 39.112 44.426
1 29 22 0 0.21556886227544902 0 0 50.521 35.741 45.826
1 30 3 0 0.07784431137724557 0 0 53.855 34.671 44.268
1 31 7 0 0.029940119760479056 0 0 53.456 31.143 45.690
1 32 20 0 0.10778443113772451 0 0 51.706 28.763 43.392
1 33 3 0 0.19161676646706582 0 0 48.166 27.500 44.049
1 34 16 0 0.26347305389221565 0 0 46.189 25.293 41.682
1 35 18 0 0.4131736526946108 0 0 42.877 26.269 43.463
1 36 11 0 0.14970059880239517 0 0 41.682 22.664 43.801
1 37 7 0 0.11377245508982048 0 0 39.044 23.062 46.503
1 38 3 0 0.2335329341317366 0 0 39.158 26.665 47.699
1 39 17 0 0.45508982035928147 0 0 36.409 29.069 46.573
1 40 20 0 0.5329341317365269 0 0 36.496 32.716 47.503
1 41 1 0 0.43113772455089827 0 0 33.967 34.803 49.363
1 42 13 0 0.39520958083832336 0 0 34.574 38.386 50.029
1 43 6 0 0.19760479041916168 0 0 32.143 40.969 51.231
1 44 22 0 0.28742514970059885 0 0 32.380 44.183 49.305
1 45 22 0 0.13173652694610782 0 0 30.571 47.522 48.877
1 46 11 0 0.2694610778443114 0 0 29.663 48.478 45.307
1 47 3 0 0.059880239520958 0 0 27.911 51.818 44.726
1 48 9 0 0.0059880239520957446 0 0 26.927 52.054 48.324
1 49 7 0 0.02395209580838331 0 0 25.437 48.577 48.482
1 50 18 0 0.03592814371257491 0 0 27.184 45.845 50.364
1 51 5 0 0.18562874251497008 0 0 27.246 42.459 48.635
1 52 12 0 0.32335329341317365 0 0 29.075 39.160 48.858
1 53 12 0 0.6227544910179641 0 0 31.245 38.481 45.816
1 54 3 0 0.6347305389221557 0 0 31.387 34.730 45.243
1 55 11 0 0.8502994011976048 0 0 34.128 34.619 42.713
1 56 12 0 0.8622754491017964 0 0 35.301 31.521 40.893
1 57 3 0 0.8682634730538922 0 0 38.824 30.724 39.938
1 58 18 0 0.7904191616766467 0 0 39.164 27.625 37.799
1 59 0 0 0.5269461077844311 0 0 41.560 24.990 38.951
1 60 9 0 0.33532934131736525 0 0 44.963 23.687 37.797
1 61 6 0 0.281437125748503 0 0 46.036 23.423 34.188
1 62 7 0 0.4610778443113772 0 0 44.056 24.929 31.371
1 63 7 0 0.221556886227545 0 0 42.407 21.782 29.933
1 64 20 0 0.16167664670658677 0 0 38.881 20.616 29.077
1 65 17 0 0.13772455089820357 0 0 36.937 19.456 32.010
1 66 0 0 0.0718562874251496 0 0 33.401 18.731 32.755
1 67 14 0 0.16766467065868274 0 0 33.536 20.235 36.238
1 68 1 0 0.5089820359281436 0 0 34.833 23.455 34.665
1 69 3 0 0.4491017964071856 0 0 31.691 23.785 32.559
1 70 6 0 0.31137724550898194 0 0 29.410 23.194 35.493
1 71 20 0 0.5568862275449102 0 0 31.048 25.967 37.482
1 72 14 0 0.7125748502994012 0 0 30.612 28.285 34.568
1 73 1 0 0.49101796407185627 0 0 26.966 27.361 34.240
1 74 18 0 0.47904191616766467 0 0 26.169 28.546 37.723
1 75 9 0 0.7544910179640718 0 0 27.998 31.783 37.017
1 76 7 0 0.6826347305389222 0 0 26.075 35.025 37.099
1 77 9 0 0.8802395209580838 0 0 28.817 37.131 35.461
1 78 15 0 0.9640718562874252 0 0 31.749 36.185 33.259
1 79 12 0 0.9940119760479041 0 0 34.812 38.251 33.948
1 80 5 0 0.9820359281437125 0 0 36.667 37.671 30.674
1 81 22 0 0.9760479041916168 0 0 40.421 38.364 30.782
1 82 15 0 0.874251497005988 0 0 43.146 38.463 28.119
1 83 0 0 0.718562874251497 0 0 46.668 39.822 28.016
1 84 11 0 0.5149700598802396 0 0 47.732 42.710 25.919
1 85 2 0 0.24550898203592808 0 0 51.205 41.278 25.101
1 86 2 0 0.3413173652694611 0 0 49.845 37.957 23.894
1 87 18 0 0.25149700598802394 0 0 47.593 37.841 20.869
1 88 13 0 0.34730538922155685 0 0 46.362 34.317 21.338
1 89 17 0 0.6287425149700598 0 0 44.714 35.345 24.561
1 90 15 0 0.6107784431137725 0 0 42.691 37.970 22.754
1 91 7 0 0.41916167664670656 0 0 42.087 35.682 19.742
1 92 3 0 0.562874251497006 0 0 40.602 33.102 22.034
1 93 11 0 0.7425149700598803 0 0 37.916 35.439 23.356
1 94 10 0 0.5209580838323353 0 0 35.413 34.402 20.696
1 95 10 0 0.4730538922155688 0 0 35.944 30.784 21.484
1 96 20 0 0.7485029940119761 0 0 35.404 31.593 25.129
1 97 1 0 0.6646706586826348 0 0 32.203 33.491 24.273
1 98 7 0 0.437125748502994 0 0 30.953 30.377 22.553
1 99 6 0 0.5389221556886228 0 0 31.913 28.492 25.680
1 100 11 0 0.652694610778443 0 0 29.706 30.615 27.832
1 101 13 0 0.3892215568862275 0 0 27.019 30.129 25.119
1 102 1 0 0.20958083832335328 0 0 27.166 26.398 25.430
1 103 22 0 0.35928143712574856 0 0 27.037 26.380 29.231
1 104 13 0 0.3652694610778443 0 0 24.441 29.097 29.733
1 105 3 0 0.10179640718562877 0 0 22.457 28.460 26.543
1 106 17 0 0.17964071856287422 0 0 22.712 32.121 25.623
1 107 7 0 0.38323353293413165 0 0 24.904 35.007 24.528
1 108 3 0 0.3532934131736526 0 0 22.989 37.621 26.507
1 109 22 0 0.5748502994011976 0 0 24.637 37.029 29.931
1 110 16 0 0.7724550898203593 0 0 26.646 39.554 31.852
1 111 14 0 0.8922155688622755 0 0 30.230 40.036 30.647
1 112 22 0 0.9341317365269461 0 0 33.164 42.431 30.822
1 113 12 0 0.9281437125748503 0 0 36.258 42.427 28.676
1 114 22 0 0.9461077844311377 0 0 39.409 42.915 30.726
1 115 9 0 0.8383233532934131 0 0 42.736 43.842 29.323
1 116 2 0 0.8323353293413174 0 0 45.345 42.583 31.654
1 117 13 0 0.5868263473053892 0 0 49.097 43.273 31.666
1 118 5 0 0.4850299401197605 0 0 48.425 46.883 30.851
1 119 3 0 0.20359281437125742 0 0 51.573 48.218 32.501
1 120 12 0 0.09580838323353291 0 0 53.610 46.933 29.651
1 121 16 0 0.0119760479041916 0 0 54.646 49.755 27.334
1 122 17 0 0.017964071856287345 0 0 54.478 47.367 24.386
1 123 1 0 0.08383233532934131 0 0 51.101 45.850 23.523
1 124 18 0 0.053892215568862256 0 0 50.366 43.499 20.615
1 125 22 0 0.22754491017964074 0 0 46.631 43.762 21.017
1 126 3 0 0.08982035928143717 0 0 45.393 46.992 19.471
1 127 18 0 0.17365269461077848 0 0 43.348 49.123 21.847
1 128 13 0 0.04790419161676651 0 0 41.121 49.925 18.933
1 129 6 0 0.11976047904191622 0 0 40.534 46.387 17.804
1 130 0 0 0.44311377245508976 0 0 39.733 45.276 21.310
1 131 6 0 0.3772455089820359 0 0 37.320 48.137 21.990
1 132 3 0 0.12574850299401197 0 0 35.732 47.642 18.545
1 133 12 0 0.37125748502994016 0 0 35.198 43.969 19.602
1 134 0 0 0.5449101796407185 0 0 33.841 44.863 23.021
1 135 1 0 0.2574850299401197 0 0 31.401 47.515 21.790
1 136 17 0 0.14371257485029942 0 0 29.995 45.163 19.143
1 137 20 0 0.4251497005988024 0 0 29.475 42.469 21.765
1 138 9 0 0.40718562874251496 0 0 28.168 45.255 24.025
1 139 11 0 0.6706586826347305 0 0 30.574 44.636 26.915
1 140 16 0 0.7005988023952096 0 0 32.800 47.065 28.731
1 141 15 0 0.7365269461077844 0 0 36.558 47.285 28.033
1 142 11 0 0.8143712574850299 0 0 38.756 47.584 31.065
1 143 7 0 0.6766467065868262 0 0 42.474 48.142 31.194
1 144 18 0 0.7844311377245509 0 0 43.911 46.610 34.396
1 145 17 0 0.658682634730539 0 0 47.233 45.093 35.421
1 146 0 0 0.7664670658682635 0 0 46.855 42.588 38.237
1 147 13 0 0.46706586826347307 0 0 50.243 42.630 40.016
1 148 18 0 0.3053892215568862 0 0 50.504 46.398 40.045
1 149 1 0 0.5029940119760479 0 0 46.869 46.587 41.210
1 150 6 0 0.4970059880239521 0 0 45.450 49.194 38.755
1 151 9 0 0.5988023952095809 0 0 41.695 49.367 38.704
1 152 22 0 0.8203592814371258 0 0 41.380 45.777 39.760
1 153 3 0 0.7245508982035929 0 0 38.390 46.526 42.051
1 154 3 0 0.7065868263473054 0 0 36.772 48.494 39.378
1 155 0 0 0.8982035928143712 0 0 36.739 45.607 36.863
1 156 15 0 0.9221556886227544 0 0 35.020 43.309 39.298
1 157 20 0 0.7784431137724551 0 0 32.448 46.027 40.127
1 158 18 0 0.7964071856287425 0 0 31.989 46.916 36.430
1 159 12 0 0.8862275449101796 0 0 30.985 43.318 36.086
1 160 22 0 0.7604790419161677 0 0 28.518 43.546 38.912
1 161 1 0 0.5508982035928144 0 0 27.017 46.605 37.258
1 162 7 0 0.6167664670658684 0 0 26.363 44.631 34.122
1 163 11 0 0.5808383233532934 0 0 24.721 42.008 36.295
1 164 1 0 0.3293413173652695 0 0 22.616 44.596 38.134
1 165 13 0 0.15568862275449102 0 0 20.931 45.907 34.959
1 166 10 0 0.23952095808383234 0 0 20.809 42.591 33.182
1 167 13 0 0.041916167664670656 0 0 17.332 41.179 32.546
