5.000000000000000000e+00 1.116071417927742004e-01 2.581200027465820312e+01 3.878900146484375000e+01 4.240399932861328125e+01
1.600000000000000000e+01 2.633928656578063965e-01 2.714800071716308594e+01 4.241400146484375000e+01 4.159600067138671875e+01
1.200000000000000000e+01 5.089285969734191895e-01 3.073800086975097656e+01 4.142499923706054688e+01 4.152199935913085938e+01
1.400000000000000000e+01 5.446428656578063965e-01 3.161199951171875000e+01 3.877500152587890625e+01 3.899700164794921875e+01
2.200000000000000000e+01 7.142857313156127930e-01 3.518299865722656250e+01 3.760800170898437500e+01 3.807600021362304688e+01
1.300000000000000000e+01 6.830357313156127930e-01 3.615299987792968750e+01 3.542900085449218750e+01 3.503599929809570312e+01
2.200000000000000000e+01 7.500000000000000000e-01 3.950400161743164062e+01 3.436199951171875000e+01 3.347800064086914062e+01
1.200000000000000000e+01 6.741071343421936035e-01 4.038899993896484375e+01 3.298300170898437500e+01 3.001700019836425781e+01
3.000000000000000000e+00 5.982142686843872070e-01 4.328599929809570312e+01 3.109199905395507812e+01 2.856399917602539062e+01
0.000000000000000000e+00 5.401785969734191895e-01 4.467800140380859375e+01 3.219100189208984375e+01 2.519799995422363281e+01
2.200000000000000000e+01 3.437500000000000000e-01 4.744400024414062500e+01 2.939200019836425781e+01 2.495299911499023438e+01
1.000000000000000000e+00 2.142857164144515991e-01 4.479700088500976562e+01 2.667600059509277344e+01 2.523900032043457031e+01
9.000000000000000000e+00 2.321428507566452026e-01 4.177099990844726562e+01 2.849300003051757812e+01 2.365900039672851562e+01
1.700000000000000000e+01 2.455357164144515991e-01 3.931499862670898438e+01 2.782600021362304688e+01 2.636899948120117188e+01
1.600000000000000000e+01 3.348214328289031982e-01 3.819300079345703125e+01 2.902400016784667969e+01 2.981200027465820312e+01
0.000000000000000000e+00 5.267857313156127930e-01 4.085100173950195312e+01 2.918899917602539062e+01 3.256900024414062500e+01
1.100000000000000000e+01 3.214285671710968018e-01 3.994400024414062500e+01 2.690900039672851562e+01 3.539099884033203125e+01
2.000000000000000000e+00 3.750000000000000000e-01 4.104199981689453125e+01 2.736199951171875000e+01 3.898500061035156250e+01
2.200000000000000000e+01 6.562500000000000000e-01 4.311800003051757812e+01 3.068000030517578125e+01 3.907300186157226562e+01
0.000000000000000000e+00 6.607142686843872070e-01 4.295800018310546875e+01 3.198399925231933594e+01 4.261700057983398438e+01
1.400000000000000000e+01 7.678571343421936035e-01 4.189799880981445312e+01 3.551599884033203125e+01 4.342800140380859375e+01
2.200000000000000000e+01 7.321428656578063965e-01 3.923600006103515625e+01 4.123099899291992188e+01 4.650899887084960938e+01
1.500000000000000000e+01 6.964285969734191895e-01 4.031399917602539062e+01 4.413800048828125000e+01 4.871300125122070312e+01
1.000000000000000000e+00 5.848214030265808105e-01 3.819400024414062500e+01 4.714199829101562500e+01 4.988600158691406250e+01
1.300000000000000000e+01 5.357142686843872070e-01 3.988999938964843750e+01 5.056299972534179688e+01 5.040000152587890625e+01
0.000000000000000000e+00 2.678571343421936035e-01 3.928099822998046875e+01 5.234400177001953125e+01 5.378499984741210938e+01
0.000000000000000000e+00 1.071428582072257996e-01 3.942399978637695312e+01 5.616699981689453125e+01 5.485300064086914062e+01
3.000000000000000000e+00 1.339285671710968018e-01 4.327999877929687500e+01 5.641899871826171875e+01 5.531999969482421875e+01
3.000000000000000000e+00 3.928571343421936035e-01 4.357799911499023438e+01 5.447399902343750000e+01 5.192300033569335938e+01
1.800000000000000000e+01 3.839285671710968018e-01 4.441500091552734375e+01 5.110200119018554688e+01 5.368899917602539062e+01
1.900000000000000000e+01 5.937500000000000000e-01 4.335300064086914062e+01 4.808800125122070312e+01 5.166899871826171875e+01
7.000000000000000000e+00 4.017857015132904053e-01 4.098899841308593750e+01 4.592800140380859375e+01 5.378300094604492188e+01
1.600000000000000000e+01 4.464285671710968018e-01 4.064400100708007812e+01 4.213899993896484375e+01 5.296699905395507812e+01
1.500000000000000000e+01 3.705357015132904053e-01 3.698099899291992188e+01 4.167399978637695312e+01 5.172800064086914062e+01
0.000000000000000000e+00 4.419642984867095947e-01 3.626900100708007812e+01 3.865599822998046875e+01 4.943299865722656250e+01
1.700000000000000000e+01 4.910714328289031982e-01 3.787300109863281250e+01 3.551399993896484375e+01 4.794800186157226562e+01
9.000000000000000000e+00 4.285714328289031982e-01 3.760800170898437500e+01 3.237500000000000000e+01 4.583599853515625000e+01
1.300000000000000000e+01 4.955357015132904053e-01 3.894599914550781250e+01 3.068099975585937500e+01 4.270500183105468750e+01
1.800000000000000000e+01 4.821428656578063965e-01 3.773199844360351562e+01 3.013899993896484375e+01 3.910400009155273438e+01
1.700000000000000000e+01 2.276785671710968018e-01 3.526300048828125000e+01 2.735499954223632812e+01 3.829299926757812500e+01
7.000000000000000000e+00 9.821428358554840088e-02 3.510100173950195312e+01 2.501899909973144531e+01 3.522499847412109375e+01
1.700000000000000000e+01 1.383928507566452026e-01 3.301900100708007812e+01 2.756800079345703125e+01 3.314099884033203125e+01
9.000000000000000000e+00 3.883928656578063965e-01 3.578699874877929688e+01 3.009900093078613281e+01 3.397900009155273438e+01
7.000000000000000000e+00 3.794642984867095947e-01 3.335599899291992188e+01 3.211800003051757812e+01 3.614199829101562500e+01
1.200000000000000000e+01 4.196428656578063965e-01 3.359700012207031250e+01 3.280199813842773438e+01 3.986899948120117188e+01
9.000000000000000000e+00 1.428571492433547974e-01 2.962100028991699219e+01 3.414899826049804688e+01 4.524599838256835938e+01
1.200000000000000000e+01 3.035714328289031982e-01 3.194000053405761719e+01 3.697000122070312500e+01 4.607600021362304688e+01
1.800000000000000000e+01 1.785714328289031982e-01 2.929599952697753906e+01 3.931900024414062500e+01 4.757500076293945312e+01
1.800000000000000000e+01 3.571428731083869934e-02 2.559099960327148438e+01 4.001599884033203125e+01 4.805699920654296875e+01
7.000000000000000000e+00 2.232142910361289978e-02 2.373200035095214844e+01 4.321500015258789062e+01 4.711899948120117188e+01
7.000000000000000000e+00 0.000000000000000000e+00 2.270999908447265625e+01 4.335800170898437500e+01 5.073699951171875000e+01
7.000000000000000000e+00 1.785714365541934967e-02 2.647599983215332031e+01 4.355400085449218750e+01 5.176499938964843750e+01
1.500000000000000000e+01 1.026785746216773987e-01 2.770499992370605469e+01 4.564400100708007812e+01 4.870299911499023438e+01
2.200000000000000000e+01 8.035714179277420044e-02 2.865600013732910156e+01 4.910400009155273438e+01 4.995999908447265625e+01
7.000000000000000000e+00 1.919642835855484009e-01 3.051199913024902344e+01 5.220299911499023438e+01 4.831600189208984375e+01
9.000000000000000000e+00 3.616071343421936035e-01 3.427099990844726562e+01 5.261100006103515625e+01 4.789899826049804688e+01
1.100000000000000000e+01 6.383928656578063965e-01 3.713100051879882812e+01 5.186600112915039062e+01 4.558900070190429688e+01
2.000000000000000000e+01 7.544642686843872070e-01 3.799900054931640625e+01 4.809400177001953125e+01 4.523899841308593750e+01
1.300000000000000000e+01 9.017857313156127930e-01 4.091699981689453125e+01 4.602999877929687500e+01 4.396300125122070312e+01
2.200000000000000000e+01 9.196428656578063965e-01 4.088700103759765625e+01 4.249000167846679688e+01 4.243799972534179688e+01
7.000000000000000000e+00 9.330357313156127930e-01 4.422299957275390625e+01 4.054899978637695312e+01 4.296799850463867188e+01
1.100000000000000000e+01 9.241071343421936035e-01 4.465700149536132812e+01 3.755799865722656250e+01 4.069499969482421875e+01
3.000000000000000000e+00 8.214285969734191895e-01 4.734600067138671875e+01 3.474800109863281250e+01 4.158000183105468750e+01
1.800000000000000000e+01 8.616071343421936035e-01 4.827099990844726562e+01 3.429100036621093750e+01 3.786299896240234375e+01
1.300000000000000000e+01 7.723214030265808105e-01 5.191500091552734375e+01 3.308900070190429688e+01 3.865999984741210938e+01
1.700000000000000000e+01 6.160714030265808105e-01 5.071099853515625000e+01 2.998900032043457031e+01 4.066500091552734375e+01
2.000000000000000000e+01 6.116071343421936035e-01 4.865700149536132812e+01 2.898999977111816406e+01 3.759299850463867188e+01
1.900000000000000000e+01 5.803571343421936035e-01 5.169400024414062500e+01 2.900600051879882812e+01 3.518500137329101562e+01
1.300000000000000000e+01 3.571428656578063965e-01 5.421099853515625000e+01 2.731399917602539062e+01 3.757699966430664062e+01
0.000000000000000000e+00 2.366071492433547974e-01 5.187900161743164062e+01 2.430800056457519531e+01 3.809400177001953125e+01
1.200000000000000000e+01 2.053571492433547974e-01 5.216600036621093750e+01 2.390600013732910156e+01 3.425199890136718750e+01
9.000000000000000000e+00 1.517857164144515991e-01 5.596400070190429688e+01 2.438899993896484375e+01 3.460800170898437500e+01
1.100000000000000000e+01 3.169642984867095947e-01 5.586700057983398438e+01 2.771599960327148438e+01 3.274800109863281250e+01
1.700000000000000000e+01 4.598214328289031982e-01 5.790800094604492188e+01 3.050000000000000000e+01 3.420800018310546875e+01
1.600000000000000000e+01 6.919642686843872070e-01 5.595600128173828125e+01 3.375099945068359375e+01 3.383399963378906250e+01
1.500000000000000000e+01 7.991071343421936035e-01 5.703200149536132812e+01 3.737500000000000000e+01 3.360200119018554688e+01
7.000000000000000000e+00 8.839285969734191895e-01 5.369300079345703125e+01 3.760100173950195312e+01 3.962699890136718750e+01
0.000000000000000000e+00 9.821428656578063965e-01 4.740399932861328125e+01 4.061299896240234375e+01 3.787200164794921875e+01
7.000000000000000000e+00 9.955357313156127930e-01 4.588700103759765625e+01 4.339699935913085938e+01 3.996400070190429688e+01
2.200000000000000000e+01 9.776785969734191895e-01 4.283399963378906250e+01 4.536600112915039062e+01 3.877099990844726562e+01
2.200000000000000000e+01 9.553571343421936035e-01 4.133499908447265625e+01 4.861199951171875000e+01 4.043700027465820312e+01
1.500000000000000000e+01 8.258928656578063965e-01 3.770500183105468750e+01 5.030300140380859375e+01 4.010100173950195312e+01
1.800000000000000000e+01 6.517857313156127930e-01 3.519499969482421875e+01 5.227700042724609375e+01 4.203400039672851562e+01
0.000000000000000000e+00 5.133928656578063965e-01 3.193099975585937500e+01 5.068799972534179688e+01 4.291500091552734375e+01
2.000000000000000000e+00 2.232142835855484009e-01 2.847400093078613281e+01 5.206499862670898438e+01 4.369400024414062500e+01
3.000000000000000000e+00 1.651785671710968018e-01 2.957099914550781250e+01 5.577099990844726562e+01 4.409999847412109375e+01
1.700000000000000000e+01 9.375000000000000000e-02 2.753400039672851562e+01 5.674399948120117188e+01 4.103400039672851562e+01
9.000000000000000000e+00 3.125000000000000000e-02 2.467700004577636719e+01 5.443600082397460938e+01 4.225400161743164062e+01
1.600000000000000000e+01 5.357142910361289978e-02 2.407200050354003906e+01 5.069599914550781250e+01 4.220899963378906250e+01
1.000000000000000000e+00 1.607142835855484009e-01 2.554199981689453125e+01 4.857600021362304688e+01 3.941199874877929688e+01
1.000000000000000000e+00 2.723214328289031982e-01 2.668300056457519531e+01 4.506900024414062500e+01 3.850199890136718750e+01
2.000000000000000000e+01 5.535714030265808105e-01 3.026799964904785156e+01 4.465299987792968750e+01 3.740100097656250000e+01
1.800000000000000000e+01 6.339285969734191895e-01 3.197599983215332031e+01 4.176900100708007812e+01 3.555300140380859375e+01
1.100000000000000000e+01 8.169642686843872070e-01 3.561199951171875000e+01 4.146200180053710938e+01 3.505400085449218750e+01
0.000000000000000000e+00 8.125000000000000000e-01 3.700199890136718750e+01 3.952299880981445312e+01 3.214400100708007812e+01
0.000000000000000000e+00 9.062500000000000000e-01 4.073199844360351562e+01 3.849200057983398438e+01 3.229000091552734375e+01
1.200000000000000000e+01 8.437500000000000000e-01 4.264400100708007812e+01 3.690800094604492188e+01 2.938800048828125000e+01
1.200000000000000000e+01 8.348214030265808105e-01 4.600600051879882812e+01 3.525899887084960938e+01 3.007500076293945312e+01
1.700000000000000000e+01 7.455357313156127930e-01 4.922000122070312500e+01 3.412900161743164062e+01 2.833799934387207031e+01
1.600000000000000000e+01 7.187500000000000000e-01 5.266199874877929688e+01 3.364599990844726562e+01 2.983799934387207031e+01
2.000000000000000000e+01 8.035714030265808105e-01 5.414699935913085938e+01 3.714199829101562500e+01 2.953400039672851562e+01
1.700000000000000000e+01 8.794642686843872070e-01 5.093199920654296875e+01 3.889799880981445312e+01 2.842000007629394531e+01
2.000000000000000000e+01 9.598214030265808105e-01 4.754499816894531250e+01 3.974900054931640625e+01 3.013699913024902344e+01
1.700000000000000000e+01 9.375000000000000000e-01 4.439899826049804688e+01 4.140599822998046875e+01 2.874900054931640625e+01
1.800000000000000000e+01 9.687500000000000000e-01 4.162300109863281250e+01 4.267800140380859375e+01 3.098600006103515625e+01
1.800000000000000000e+01 8.705357313156127930e-01 3.820899963378906250e+01 4.414400100708007812e+01 3.038999938964843750e+01
0.000000000000000000e+00 8.080357313156127930e-01 3.536000061035156250e+01 4.547299957275390625e+01 3.251200103759765625e+01
2.200000000000000000e+01 6.205357313156127930e-01 3.177499961853027344e+01 4.489899826049804688e+01 3.168400001525878906e+01
2.200000000000000000e+01 4.642857015132904053e-01 2.933300018310546875e+01 4.722800064086914062e+01 3.352399826049804688e+01
1.800000000000000000e+01 1.830357164144515991e-01 2.542399978637695312e+01 4.722600173950195312e+01 3.390700149536132812e+01
2.000000000000000000e+00 4.910714179277420044e-02 2.274600028991699219e+01 4.938499832153320312e+01 3.563800048828125000e+01
1.600000000000000000e+01 1.339285727590322495e-02 2.001300048828125000e+01 4.697200012207031250e+01 3.734999847412109375e+01
5.000000000000000000e+00 8.928571641445159912e-02 6.851999664306640625e+01 4.968600082397460938e+01 2.773900032043457031e+01
1.600000000000000000e+01 2.500000000000000000e-01 6.740399932861328125e+01 4.751399993896484375e+01 3.073299980163574219e+01
1.200000000000000000e+01 5.044642686843872070e-01 6.362599945068359375e+01 4.846799850463867188e+01 3.084799957275390625e+01
1.400000000000000000e+01 5.312500000000000000e-01 6.147399902343750000e+01 5.041199874877929688e+01 2.839699935913085938e+01
2.200000000000000000e+01 7.053571343421936035e-01 5.767100143432617188e+01 5.086100006103515625e+01 2.852899932861328125e+01
1.300000000000000000e+01 6.473214030265808105e-01 5.559400177001953125e+01 5.171900177001953125e+01 2.535000038146972656e+01
2.200000000000000000e+01 7.098214030265808105e-01 5.208499908447265625e+01 5.306999969482421875e+01 2.554000091552734375e+01
1.200000000000000000e+01 6.294642686843872070e-01 4.935100173950195312e+01 5.317900085449218750e+01 2.290900039672851562e+01
3.000000000000000000e+00 6.250000000000000000e-01 4.570899963378906250e+01 5.420999908447265625e+01 2.317900085449218750e+01
0.000000000000000000e+00 5.580357313156127930e-01 4.312900161743164062e+01 5.196599960327148438e+01 2.130100059509277344e+01
2.200000000000000000e+01 3.392857015132904053e-01 4.053300094604492188e+01 5.479100036621093750e+01 2.085899925231933594e+01
1.000000000000000000e+00 2.098214328289031982e-01 4.264500045776367188e+01 5.669100189208984375e+01 1.836800003051757812e+01
9.000000000000000000e+00 2.767857015132904053e-01 4.505199813842773438e+01 5.381999969482421875e+01 1.765500068664550781e+01
1.700000000000000000e+01 2.589285671710968018e-01 4.783900070190429688e+01 5.631900024414062500e+01 1.836300086975097656e+01
1.600000000000000000e+01 3.125000000000000000e-01 5.099000167846679688e+01 5.644800186157226562e+01 2.058399963378906250e+01
0.000000000000000000e+00 4.776785671710968018e-01 5.000899887084960938e+01 5.787300109863281250e+01 2.397100067138671875e+01
1.100000000000000000e+01 2.991071343421936035e-01 5.190800094604492188e+01 6.106700134277343750e+01 2.525099945068359375e+01
2.000000000000000000e+00 3.660714328289031982e-01 5.255799865722656250e+01 6.179399871826171875e+01 2.896400070190429688e+01
2.200000000000000000e+01 6.428571343421936035e-01 5.109500122070312500e+01 5.858200073242187500e+01 3.045800018310546875e+01
0.000000000000000000e+00 6.651785969734191895e-01 5.288499832153320312e+01 5.874499893188476562e+01 3.368799972534179688e+01
1.400000000000000000e+01 7.633928656578063965e-01 5.428900146484375000e+01 5.602899932861328125e+01 3.596599960327148438e+01
2.200000000000000000e+01 7.276785969734191895e-01 5.837099838256835938e+01 5.198799896240234375e+01 3.947700119018554688e+01
1.500000000000000000e+01 7.008928656578063965e-01 5.853499984741210938e+01 5.018500137329101562e+01 4.295500183105468750e+01
1.000000000000000000e+00 5.892857313156127930e-01 6.103200149536132812e+01 4.768700027465820312e+01 4.442499923706054688e+01
1.300000000000000000e+01 4.866071343421936035e-01 6.068199920654296875e+01 4.562900161743164062e+01 4.762500000000000000e+01
0.000000000000000000e+00 2.187500000000000000e-01 6.247100067138671875e+01 4.638399887084960938e+01 5.091699981689453125e+01
0.000000000000000000e+00 7.142857462167739868e-02 6.401200103759765625e+01 4.368099975585937500e+01 5.330500030517578125e+01
3.000000000000000000e+00 1.205357164144515991e-01 6.050299835205078125e+01 4.313800048828125000e+01 5.466199874877929688e+01
3.000000000000000000e+00 3.482142984867095947e-01 5.860499954223632812e+01 4.313399887084960938e+01 5.130400085449218750e+01
1.800000000000000000e+01 3.973214328289031982e-01 5.727299880981445312e+01 4.672399902343750000e+01 5.179899978637695312e+01
1.900000000000000000e+01 6.071428656578063965e-01 5.710100173950195312e+01 4.858599853515625000e+01 4.835800170898437500e+01
7.000000000000000000e+00 4.062500000000000000e-01 5.983000183105468750e+01 5.131800079345703125e+01 4.828099822998046875e+01
1.600000000000000000e+01 4.732142984867095947e-01 5.993600082397460938e+01 5.361899948120117188e+01 4.524499893188476562e+01
1.500000000000000000e+01 3.080357015132904053e-01 6.319800186157226562e+01 5.406900024414062500e+01 4.322700119018554688e+01
0.000000000000000000e+00 4.107142984867095947e-01 6.216400146484375000e+01 5.546400070190429688e+01 3.977600097656250000e+01
1.700000000000000000e+01 5.178571343421936035e-01 5.939799880981445312e+01 5.739699935913085938e+01 3.791299819946289062e+01
9.000000000000000000e+00 4.553571343421936035e-01 5.862599945068359375e+01 5.906399917602539062e+01 3.455300140380859375e+01
1.300000000000000000e+01 5.000000000000000000e-01 5.606999969482421875e+01 5.967100143432617188e+01 3.174300003051757812e+01
1.800000000000000000e+01 4.687500000000000000e-01 5.576599884033203125e+01 5.867800140380859375e+01 2.799399948120117188e+01
1.700000000000000000e+01 2.008928507566452026e-01 5.761399841308593750e+01 6.073799896240234375e+01 2.534700012207031250e+01
7.000000000000000000e+00 7.589285820722579956e-02 5.586899948120117188e+01 6.222399902343750000e+01 2.220400047302246094e+01
1.700000000000000000e+01 1.250000000000000000e-01 5.640399932861328125e+01 5.877399826049804688e+01 2.056800079345703125e+01
9.000000000000000000e+00 3.526785671710968018e-01 5.473799896240234375e+01 5.722999954223632812e+01 2.353700065612792969e+01
7.000000000000000000e+00 4.330357015132904053e-01 5.775699996948242188e+01 5.555500030517578125e+01 2.516099929809570312e+01
1.200000000000000000e+01 4.508928656578063965e-01 5.961899948120117188e+01 5.598199844360351562e+01 2.848500061035156250e+01
9.000000000000000000e+00 1.562500000000000000e-01 6.576499938964843750e+01 5.647800064086914062e+01 3.170999908447265625e+01
1.200000000000000000e+01 3.303571343421936035e-01 6.400199890136718750e+01 5.450299835205078125e+01 3.452000045776367188e+01
1.800000000000000000e+01 2.544642984867095947e-01 6.691799926757812500e+01 5.215999984741210938e+01 3.516400146484375000e+01
1.800000000000000000e+01 6.696428358554840088e-02 7.054000091552734375e+01 5.115800094604492188e+01 3.442200088500976562e+01
7.000000000000000000e+00 2.678571455180644989e-02 7.223999786376953125e+01 4.762599945068359375e+01 3.448400115966796875e+01
7.000000000000000000e+00 8.928571827709674835e-03 7.425800323486328125e+01 4.814300155639648438e+01 3.762900161743164062e+01
7.000000000000000000e+00 5.803571268916130066e-02 7.098600006103515625e+01 4.891500091552734375e+01 3.953599929809570312e+01
1.500000000000000000e+01 1.964285671710968018e-01 6.883200073242187500e+01 4.644200134277343750e+01 3.761600112915039062e+01
2.200000000000000000e+01 1.294642835855484009e-01 6.953500366210937500e+01 4.327099990844726562e+01 3.949700164794921875e+01
7.000000000000000000e+00 2.410714328289031982e-01 6.750199890136718750e+01 4.004100036621093750e+01 3.976300048828125000e+01
9.000000000000000000e+00 4.151785671710968018e-01 6.432099914550781250e+01 4.058599853515625000e+01 4.180199813842773438e+01
1.100000000000000000e+01 6.696428656578063965e-01 6.062200164794921875e+01 4.157199859619140625e+01 4.196300125122070312e+01
2.000000000000000000e+01 7.589285969734191895e-01 5.957600021362304688e+01 4.498600006103515625e+01 4.070199966430664062e+01
1.300000000000000000e+01 8.973214030265808105e-01 5.622200012207031250e+01 4.677999877929687500e+01 4.020700073242187500e+01
2.200000000000000000e+01 9.107142686843872070e-01 5.509999847412109375e+01 4.958599853515625000e+01 3.781800079345703125e+01
7.000000000000000000e+00 9.285714030265808105e-01 5.215499877929687500e+01 5.170999908447265625e+01 3.898799896240234375e+01
1.100000000000000000e+01 9.151785969734191895e-01 5.097000122070312500e+01 5.341600036621093750e+01 3.580199813842773438e+01
3.000000000000000000e+00 8.482142686843872070e-01 4.841899871826171875e+01 5.619900131225585938e+01 3.594900131225585938e+01
1.800000000000000000e+01 8.660714030265808105e-01 4.576599884033203125e+01 5.535800170898437500e+01 3.326900100708007812e+01
1.300000000000000000e+01 7.366071343421936035e-01 4.341400146484375000e+01 5.792100143432617188e+01 3.455599975585937500e+01
1.700000000000000000e+01 5.714285969734191895e-01 4.475000000000000000e+01 6.139599990844726562e+01 3.401200103759765625e+01
2.000000000000000000e+01 5.625000000000000000e-01 4.524100112915039062e+01 6.061100006103515625e+01 3.017600059509277344e+01
1.900000000000000000e+01 5.223214030265808105e-01 4.151599884033203125e+01 6.018099975585937500e+01 2.951000022888183594e+01
1.300000000000000000e+01 3.258928656578063965e-01 4.071799850463867188e+01 6.288399887084960938e+01 3.208599853515625000e+01
0.000000000000000000e+00 1.875000000000000000e-01 4.264899826049804688e+01 6.547499847412109375e+01 2.984799957275390625e+01
1.200000000000000000e+01 1.473214328289031982e-01 4.084600067138671875e+01 6.437000274658203125e+01 2.668700027465820312e+01
9.000000000000000000e+00 8.482142537832260132e-02 3.724200057983398438e+01 6.460199737548828125e+01 2.793700027465820312e+01
1.100000000000000000e+01 2.857142984867095947e-01 3.681700134277343750e+01 6.074599838256835938e+01 2.832299995422363281e+01
1.700000000000000000e+01 4.241071343421936035e-01 3.578400039672851562e+01 5.889400100708007812e+01 3.138599967956542969e+01
1.600000000000000000e+01 6.785714030265808105e-01 3.791699981689453125e+01 5.599700164794921875e+01 3.256999969482421875e+01
1.500000000000000000e+01 7.410714030265808105e-01 3.645899963378906250e+01 5.308200073242187500e+01 3.438800048828125000e+01
7.000000000000000000e+00 8.883928656578063965e-01 4.178799819946289062e+01 5.370700073242187500e+01 3.802199935913085938e+01
0.000000000000000000e+00 9.866071343421936035e-01 4.742200088500976562e+01 4.961399841308593750e+01 3.599000167846679688e+01
7.000000000000000000e+00 9.910714030265808105e-01 4.962699890136718750e+01 4.795999908447265625e+01 3.852799987792968750e+01
2.200000000000000000e+01 9.732142686843872070e-01 5.215100097656250000e+01 4.550000000000000000e+01 3.684099960327148438e+01
2.200000000000000000e+01 9.642857313156127930e-01 5.422700119018554688e+01 4.329899978637695312e+01 3.904199981689453125e+01
1.500000000000000000e+01 8.571428656578063965e-01 5.721900177001953125e+01 4.125899887084960938e+01 3.788100051879882812e+01
1.800000000000000000e+01 6.875000000000000000e-01 6.026599884033203125e+01 3.925999832153320312e+01 3.857600021362304688e+01
0.000000000000000000e+00 5.758928656578063965e-01 6.315000152587890625e+01 4.037300109863281250e+01 3.621699905395507812e+01
2.000000000000000000e+00 2.901785671710968018e-01 6.623000335693359375e+01 3.814500045776367188e+01 3.539599990844726562e+01
3.000000000000000000e+00 2.946428656578063965e-01 6.456999969482421875e+01 3.480400085449218750e+01 3.647499847412109375e+01
1.700000000000000000e+01 1.160714253783226013e-01 6.661799621582031250e+01 3.290999984741210938e+01 3.364500045776367188e+01
9.000000000000000000e+00 4.464285820722579956e-02 6.978099822998046875e+01 3.487500000000000000e+01 3.424100112915039062e+01
1.600000000000000000e+01 6.250000000000000000e-02 7.025099945068359375e+01 3.833000183105468750e+01 3.250199890136718750e+01
1.000000000000000000e+00 1.741071492433547974e-01 6.760299682617187500e+01 3.959799957275390625e+01 2.994300079345703125e+01
1.000000000000000000e+00 2.812500000000000000e-01 6.618900299072265625e+01 4.291500091552734375e+01 2.868099975585937500e+01
2.000000000000000000e+01 5.491071343421936035e-01 6.245899963378906250e+01 4.371099853515625000e+01 2.894599914550781250e+01
1.800000000000000000e+01 6.026785969734191895e-01 6.022700119018554688e+01 4.572000122070312500e+01 2.653800010681152344e+01
1.100000000000000000e+01 7.946428656578063965e-01 5.669599914550781250e+01 4.638199996948242188e+01 2.779700088500976562e+01
0.000000000000000000e+00 7.857142686843872070e-01 5.379700088500976562e+01 4.735699844360351562e+01 2.536199951171875000e+01
0.000000000000000000e+00 8.928571343421936035e-01 5.069100189208984375e+01 4.857699966430664062e+01 2.720700073242187500e+01
1.200000000000000000e+01 8.392857313156127930e-01 4.741400146484375000e+01 4.938100051879882812e+01 2.556699943542480469e+01
1.200000000000000000e+01 8.303571343421936035e-01 4.522000122070312500e+01 5.199300003051757812e+01 2.712999916076660156e+01
1.700000000000000000e+01 7.812500000000000000e-01 4.135699844360351562e+01 5.195899963378906250e+01 2.674799919128417969e+01
1.600000000000000000e+01 7.232142686843872070e-01 3.871799850463867188e+01 5.343099975585937500e+01 2.904999923706054688e+01
2.000000000000000000e+01 7.901785969734191895e-01 3.702700042724609375e+01 5.015900039672851562e+01 3.018400001525878906e+01
1.700000000000000000e+01 8.750000000000000000e-01 3.976599884033203125e+01 4.766999816894531250e+01 2.902400016784667969e+01
2.000000000000000000e+01 9.464285969734191895e-01 4.361100006103515625e+01 4.737200164794921875e+01 2.913699913024902344e+01
1.700000000000000000e+01 9.508928656578063965e-01 4.632699966430664062e+01 4.493700027465820312e+01 2.797999954223632812e+01
1.800000000000000000e+01 9.419642686843872070e-01 5.009600067138671875e+01 4.440100097656250000e+01 2.844000053405761719e+01
1.800000000000000000e+01 8.526785969734191895e-01 5.261800003051757812e+01 4.224300003051757812e+01 2.658900070190429688e+01
0.000000000000000000e+00 7.767857313156127930e-01 5.631600189208984375e+01 4.178300094604492188e+01 2.740399932861328125e+01
2.200000000000000000e+01 5.669642686843872070e-01 5.882799911499023438e+01 4.111600112915039062e+01 2.462000083923339844e+01
2.200000000000000000e+01 4.375000000000000000e-01 6.191600036621093750e+01 3.981900024414062500e+01 2.632699966430664062e+01
1.800000000000000000e+01 1.696428507566452026e-01 6.540799713134765625e+01 4.006399917602539062e+01 2.473500061035156250e+01
2.000000000000000000e+00 4.017857089638710022e-02 6.849400329589843750e+01 3.795800018310546875e+01 2.540800094604492188e+01
1.600000000000000000e+01 4.464285913854837418e-03 7.233300018310546875e+01 3.843899917602539062e+01 2.524200057983398438e+01
