5.000000000000000000e+00 9.821428358554840088e-02 2.559399986267089844e+01 3.904199981689453125e+01 4.092800140380859375e+01
1.600000000000000000e+01 2.455357164144515991e-01 2.711800003051757812e+01 4.258100128173828125e+01 4.122900009155273438e+01
1.200000000000000000e+01 4.955357015132904053e-01 3.078599929809570312e+01 4.144900131225585938e+01 4.080699920654296875e+01
1.400000000000000000e+01 5.491071343421936035e-01 3.170199966430664062e+01 3.874900054931640625e+01 3.832699966430664062e+01
2.200000000000000000e+01 7.053571343421936035e-01 3.528799819946289062e+01 3.750600051879882812e+01 3.751200103759765625e+01
1.300000000000000000e+01 6.785714030265808105e-01 3.593000030517578125e+01 3.549700164794921875e+01 3.420600128173828125e+01
2.200000000000000000e+01 7.455357313156127930e-01 3.959000015258789062e+01 3.438000106811523438e+01 3.342699813842773438e+01
1.200000000000000000e+01 6.651785969734191895e-01 4.088299942016601562e+01 3.273600006103515625e+01 3.020100021362304688e+01
3.000000000000000000e+00 6.116071343421936035e-01 4.402799987792968750e+01 3.152400016784667969e+01 2.848699951171875000e+01
0.000000000000000000e+00 5.446428656578063965e-01 4.485599899291992188e+01 3.261100006103515625e+01 2.488599967956542969e+01
2.200000000000000000e+01 3.616071343421936035e-01 4.724399948120117188e+01 2.970999908447265625e+01 2.470499992370605469e+01
1.000000000000000000e+00 1.517857164144515991e-01 4.452199935913085938e+01 2.724300003051757812e+01 2.353599929809570312e+01
9.000000000000000000e+00 2.767857015132904053e-01 4.174499893188476562e+01 2.995000076293945312e+01 2.351499938964843750e+01
1.700000000000000000e+01 2.857142984867095947e-01 4.017300033569335938e+01 2.841500091552734375e+01 2.670299911499023438e+01
1.600000000000000000e+01 3.928571343421936035e-01 3.873099899291992188e+01 2.937400054931640625e+01 3.021599960327148438e+01
0.000000000000000000e+00 5.267857313156127930e-01 4.134899902343750000e+01 2.935300064086914062e+01 3.297399902343750000e+01
1.100000000000000000e+01 3.258928656578063965e-01 4.050299835205078125e+01 2.689699935913085938e+01 3.561999893188476562e+01
2.000000000000000000e+00 3.794642984867095947e-01 4.134700012207031250e+01 2.726300048828125000e+01 3.941799926757812500e+01
2.200000000000000000e+01 6.562500000000000000e-01 4.308399963378906250e+01 3.063100051879882812e+01 3.934099960327148438e+01
0.000000000000000000e+00 6.607142686843872070e-01 4.316999816894531250e+01 3.204999923706054688e+01 4.283700180053710938e+01
1.400000000000000000e+01 7.723214030265808105e-01 4.229999923706054688e+01 3.559799957275390625e+01 4.382899856567382812e+01
2.200000000000000000e+01 7.232142686843872070e-01 3.947000122070312500e+01 4.098799896240234375e+01 4.692100143432617188e+01
1.500000000000000000e+01 6.919642686843872070e-01 4.020700073242187500e+01 4.391999816894531250e+01 4.921500015258789062e+01
1.000000000000000000e+00 5.848214030265808105e-01 3.840200042724609375e+01 4.717100143432617188e+01 4.997900009155273438e+01
1.300000000000000000e+01 5.535714030265808105e-01 4.029800033569335938e+01 5.043799972534179688e+01 5.064699935913085938e+01
0.000000000000000000e+00 2.678571343421936035e-01 3.988100051879882812e+01 5.204999923706054688e+01 5.418000030517578125e+01
0.000000000000000000e+00 1.116071417927742004e-01 4.011800003051757812e+01 5.574900054931640625e+01 5.512400054931640625e+01
3.000000000000000000e+00 9.375000000000000000e-02 4.367499923706054688e+01 5.505400085449218750e+01 5.659199905395507812e+01
3.000000000000000000e+00 3.571428656578063965e-01 4.450600051879882812e+01 5.369800186157226562e+01 5.319400024414062500e+01
1.800000000000000000e+01 3.883928656578063965e-01 4.474399948120117188e+01 5.012500000000000000e+01 5.425500106811523438e+01
1.900000000000000000e+01 5.625000000000000000e-01 4.316500091552734375e+01 4.719599914550781250e+01 5.239500045776367188e+01
7.000000000000000000e+00 3.303571343421936035e-01 4.052000045776367188e+01 4.534299850463867188e+01 5.439099884033203125e+01
1.600000000000000000e+01 3.392857015132904053e-01 3.988499832153320312e+01 4.151599884033203125e+01 5.371300125122070312e+01
1.500000000000000000e+01 3.705357015132904053e-01 3.659700012207031250e+01 4.153699874877929688e+01 5.165700149536132812e+01
0.000000000000000000e+00 4.241071343421936035e-01 3.615299987792968750e+01 3.850199890136718750e+01 4.937900161743164062e+01
1.700000000000000000e+01 4.821428656578063965e-01 3.818299865722656250e+01 3.554999923706054688e+01 4.804199981689453125e+01
9.000000000000000000e+00 4.107142984867095947e-01 3.861299896240234375e+01 3.215000152587890625e+01 4.630599975585937500e+01
1.300000000000000000e+01 4.732142984867095947e-01 3.956499862670898438e+01 3.053300094604492188e+01 4.304999923706054688e+01
1.800000000000000000e+01 4.598214328289031982e-01 3.799900054931640625e+01 3.003899955749511719e+01 3.966799926757812500e+01
1.700000000000000000e+01 2.008928507566452026e-01 3.567100143432617188e+01 2.712500000000000000e+01 3.879299926757812500e+01
7.000000000000000000e+00 8.482142537832260132e-02 3.615999984741210938e+01 2.445599937438964844e+01 3.603799819946289062e+01
1.700000000000000000e+01 1.383928507566452026e-01 3.422999954223632812e+01 2.684499931335449219e+01 3.360499954223632812e+01
9.000000000000000000e+00 4.017857015132904053e-01 3.691099929809570312e+01 2.951799964904785156e+01 3.459099960327148438e+01
7.000000000000000000e+00 4.151785671710968018e-01 3.438899993896484375e+01 3.172400093078613281e+01 3.628300094604492188e+01
1.200000000000000000e+01 4.375000000000000000e-01 3.372399902343750000e+01 3.307899856567382812e+01 3.977799987792968750e+01
9.000000000000000000e+00 1.294642835855484009e-01 2.924200057983398438e+01 3.446799850463867188e+01 4.477899932861328125e+01
1.200000000000000000e+01 2.991071343421936035e-01 3.211899948120117188e+01 3.674499893188476562e+01 4.589300155639648438e+01
1.800000000000000000e+01 2.142857164144515991e-01 2.981599998474121094e+01 3.940000152587890625e+01 4.738800048828125000e+01
1.800000000000000000e+01 4.464285820722579956e-02 2.622599983215332031e+01 4.039500045776367188e+01 4.822399902343750000e+01
7.000000000000000000e+00 1.785714365541934967e-02 2.414699935913085938e+01 4.352399826049804688e+01 4.715299987792968750e+01
7.000000000000000000e+00 0.000000000000000000e+00 2.360000038146972656e+01 4.409999847412109375e+01 5.099700164794921875e+01
7.000000000000000000e+00 2.678571455180644989e-02 2.741799926757812500e+01 4.427099990844726562e+01 5.179299926757812500e+01
1.500000000000000000e+01 1.428571492433547974e-01 2.853300094604492188e+01 4.573799896240234375e+01 4.854999923706054688e+01
2.200000000000000000e+01 1.160714253783226013e-01 2.892900085449218750e+01 4.946900177001953125e+01 4.900899887084960938e+01
7.000000000000000000e+00 1.964285671710968018e-01 3.058699989318847656e+01 5.259700012207031250e+01 4.766400146484375000e+01
9.000000000000000000e+00 3.973214328289031982e-01 3.443000030517578125e+01 5.242800140380859375e+01 4.784999847412109375e+01
1.100000000000000000e+01 6.696428656578063965e-01 3.771500015258789062e+01 5.127099990844726562e+01 4.608100128173828125e+01
2.000000000000000000e+01 7.589285969734191895e-01 3.812599945068359375e+01 4.750400161743164062e+01 4.550199890136718750e+01
1.300000000000000000e+01 8.883928656578063965e-01 4.133599853515625000e+01 4.572900009155273438e+01 4.451800155639648438e+01
2.200000000000000000e+01 9.062500000000000000e-01 4.105599975585937500e+01 4.220800018310546875e+01 4.313299942016601562e+01
7.000000000000000000e+00 9.285714030265808105e-01 4.448799896240234375e+01 4.041400146484375000e+01 4.345399856567382812e+01
1.100000000000000000e+01 9.107142686843872070e-01 4.499900054931640625e+01 3.738999938964843750e+01 4.118299865722656250e+01
3.000000000000000000e+00 8.169642686843872070e-01 4.786700057983398438e+01 3.477899932861328125e+01 4.148300170898437500e+01
1.800000000000000000e+01 8.660714030265808105e-01 4.851399993896484375e+01 3.425500106811523438e+01 3.766299819946289062e+01
1.300000000000000000e+01 7.500000000000000000e-01 5.213000106811523438e+01 3.279199981689453125e+01 3.832799911499023438e+01
1.700000000000000000e+01 5.982142686843872070e-01 5.091999816894531250e+01 2.987000083923339844e+01 4.038999938964843750e+01
2.000000000000000000e+01 5.714285969734191895e-01 4.839199829101562500e+01 2.852799987792968750e+01 3.783200073242187500e+01
1.900000000000000000e+01 5.178571343421936035e-01 5.126599884033203125e+01 2.837599945068359375e+01 3.518600082397460938e+01
1.300000000000000000e+01 3.080357015132904053e-01 5.372999954223632812e+01 2.654400062561035156e+01 3.754199981689453125e+01
0.000000000000000000e+00 1.830357164144515991e-01 5.104999923706054688e+01 2.375900077819824219e+01 3.810900115966796875e+01
1.200000000000000000e+01 1.339285671710968018e-01 5.131200027465820312e+01 2.297900009155273438e+01 3.430699920654296875e+01
9.000000000000000000e+00 8.928571641445159912e-02 5.513499832153320312e+01 2.328100013732910156e+01 3.452799987792968750e+01
1.100000000000000000e+01 2.723214328289031982e-01 5.538999938964843750e+01 2.649699974060058594e+01 3.276900100708007812e+01
1.700000000000000000e+01 3.526785671710968018e-01 5.794499969482421875e+01 2.923299980163574219e+01 3.389400100708007812e+01
1.600000000000000000e+01 6.339285969734191895e-01 5.598400115966796875e+01 3.255099868774414062e+01 3.308900070190429688e+01
1.500000000000000000e+01 7.276785969734191895e-01 5.737500000000000000e+01 3.609099960327148438e+01 3.334199905395507812e+01
7.000000000000000000e+00 8.794642686843872070e-01 5.391999816894531250e+01 3.782500076293945312e+01 3.898799896240234375e+01
0.000000000000000000e+00 9.910714030265808105e-01 4.779199981689453125e+01 4.088199996948242188e+01 3.854000091552734375e+01
7.000000000000000000e+00 9.866071343421936035e-01 4.583399963378906250e+01 4.334899902343750000e+01 4.063299942016601562e+01
2.200000000000000000e+01 9.732142686843872070e-01 4.263499832153320312e+01 4.501900100708007812e+01 3.933300018310546875e+01
2.200000000000000000e+01 9.508928656578063965e-01 4.173699951171875000e+01 4.832400131225585938e+01 4.126399993896484375e+01
1.500000000000000000e+01 8.616071343421936035e-01 3.846500015258789062e+01 5.015100097656250000e+01 4.082099914550781250e+01
1.800000000000000000e+01 6.830357313156127930e-01 3.583100128173828125e+01 5.250000000000000000e+01 4.242900085449218750e+01
0.000000000000000000e+00 5.223214030265808105e-01 3.240900039672851562e+01 5.091600036621093750e+01 4.253799819946289062e+01
2.000000000000000000e+00 2.500000000000000000e-01 2.878300094604492188e+01 5.180099868774414062e+01 4.333700180053710938e+01
3.000000000000000000e+00 1.607142835855484009e-01 2.910300064086914062e+01 5.565599822998046875e+01 4.275099945068359375e+01
1.700000000000000000e+01 7.589285820722579956e-02 2.652000045776367188e+01 5.610599899291992188e+01 4.002999877929687500e+01
9.000000000000000000e+00 2.232142910361289978e-02 2.395599937438964844e+01 5.396799850463867188e+01 4.170600128173828125e+01
1.600000000000000000e+01 5.357142910361289978e-02 2.404899978637695312e+01 5.011299896240234375e+01 4.172000122070312500e+01
1.000000000000000000e+00 1.696428507566452026e-01 2.578300094604492188e+01 4.847800064086914062e+01 3.871900177001953125e+01
1.000000000000000000e+00 2.901785671710968018e-01 2.691099929809570312e+01 4.489899826049804688e+01 3.797800064086914062e+01
2.000000000000000000e+01 5.803571343421936035e-01 3.071999931335449219e+01 4.474100112915039062e+01 3.728599929809570312e+01
1.800000000000000000e+01 6.517857313156127930e-01 3.213999938964843750e+01 4.212500000000000000e+01 3.507600021362304688e+01
1.100000000000000000e+01 8.125000000000000000e-01 3.594200134277343750e+01 4.169800186157226562e+01 3.540000152587890625e+01
0.000000000000000000e+00 8.214285969734191895e-01 3.763100051879882812e+01 3.964599990844726562e+01 3.258599853515625000e+01
0.000000000000000000e+00 9.196428656578063965e-01 4.126699829101562500e+01 3.887799835205078125e+01 3.240700149536132812e+01
1.200000000000000000e+01 8.526785969734191895e-01 4.310800170898437500e+01 3.710200119018554688e+01 2.954700088500976562e+01
1.200000000000000000e+01 8.348214030265808105e-01 4.641999816894531250e+01 3.531399917602539062e+01 3.029999923706054688e+01
1.700000000000000000e+01 7.366071343421936035e-01 4.945399856567382812e+01 3.424599838256835938e+01 2.837999916076660156e+01
1.600000000000000000e+01 7.142857313156127930e-01 5.289099884033203125e+01 3.375500106811523438e+01 3.015299987792968750e+01
2.000000000000000000e+01 7.678571343421936035e-01 5.460599899291992188e+01 3.694300079345703125e+01 2.885799980163574219e+01
1.700000000000000000e+01 8.437500000000000000e-01 5.143899917602539062e+01 3.883599853515625000e+01 2.787400054931640625e+01
2.000000000000000000e+01 9.375000000000000000e-01 4.807099914550781250e+01 3.966699981689453125e+01 2.969000053405761719e+01
1.700000000000000000e+01 9.553571343421936035e-01 4.498699951171875000e+01 4.173099899291992188e+01 2.932299995422363281e+01
1.800000000000000000e+01 9.687500000000000000e-01 4.211600112915039062e+01 4.283599853515625000e+01 3.168499946594238281e+01
1.800000000000000000e+01 8.928571343421936035e-01 3.874499893188476562e+01 4.432099914550781250e+01 3.057200050354003906e+01
0.000000000000000000e+00 8.080357313156127930e-01 3.573199844360351562e+01 4.538899993896484375e+01 3.266899871826171875e+01
2.200000000000000000e+01 6.205357313156127930e-01 3.214199829101562500e+01 4.556399917602539062e+01 3.140699958801269531e+01
2.200000000000000000e+01 4.642857015132904053e-01 2.962299919128417969e+01 4.752700042724609375e+01 3.357699966430664062e+01
1.800000000000000000e+01 2.053571492433547974e-01 2.600000000000000000e+01 4.654199981689453125e+01 3.299100112915039062e+01
2.000000000000000000e+00 5.803571268916130066e-02 2.323299980163574219e+01 4.814400100708007812e+01 3.483900070190429688e+01
1.600000000000000000e+01 8.928571827709674835e-03 2.060799980163574219e+01 4.595299911499023438e+01 3.677999877929687500e+01
5.000000000000000000e+00 1.026785746216773987e-01 6.800000000000000000e+01 5.092900085449218750e+01 2.846899986267089844e+01
1.600000000000000000e+01 2.589285671710968018e-01 6.717900085449218750e+01 4.774499893188476562e+01 3.072299957275390625e+01
1.200000000000000000e+01 5.000000000000000000e-01 6.362200164794921875e+01 4.873600006103515625e+01 3.151799964904785156e+01
1.400000000000000000e+01 5.133928656578063965e-01 6.184299850463867188e+01 5.070999908447265625e+01 2.886899948120117188e+01
2.200000000000000000e+01 7.008928656578063965e-01 5.808900070190429688e+01 5.168000030517578125e+01 2.869099998474121094e+01
1.300000000000000000e+01 6.294642686843872070e-01 5.615200042724609375e+01 5.214599990844726562e+01 2.542300033569335938e+01
2.200000000000000000e+01 7.098214030265808105e-01 5.263000106811523438e+01 5.330099868774414062e+01 2.595000076293945312e+01
1.200000000000000000e+01 6.383928656578063965e-01 4.977899932861328125e+01 5.338600158691406250e+01 2.326799964904785156e+01
3.000000000000000000e+00 5.937500000000000000e-01 4.618600082397460938e+01 5.457500076293945312e+01 2.302700042724609375e+01
0.000000000000000000e+00 5.669642686843872070e-01 4.352600097656250000e+01 5.238299942016601562e+01 2.146899986267089844e+01
2.200000000000000000e+01 3.660714328289031982e-01 4.068299865722656250e+01 5.485300064086914062e+01 2.106299972534179688e+01
1.000000000000000000e+00 2.098214328289031982e-01 4.244800186157226562e+01 5.768099975585937500e+01 1.939500045776367188e+01
9.000000000000000000e+00 2.321428507566452026e-01 4.480199813842773438e+01 5.519499969482421875e+01 1.772800064086914062e+01
1.700000000000000000e+01 2.366071492433547974e-01 4.789199829101562500e+01 5.707500076293945312e+01 1.887299919128417969e+01
1.600000000000000000e+01 3.214285671710968018e-01 5.078200149536132812e+01 5.717900085449218750e+01 2.124799919128417969e+01
0.000000000000000000e+00 5.089285969734191895e-01 4.967300033569335938e+01 5.791899871826171875e+01 2.478400039672851562e+01
1.100000000000000000e+01 3.035714328289031982e-01 5.130599975585937500e+01 6.127899932861328125e+01 2.562599945068359375e+01
2.000000000000000000e+00 3.125000000000000000e-01 5.177500152587890625e+01 6.295399856567382812e+01 2.920400047302246094e+01
2.200000000000000000e+01 6.160714030265808105e-01 5.078400039672851562e+01 5.974200057983398438e+01 3.106800079345703125e+01
0.000000000000000000e+00 6.473214030265808105e-01 5.218399810791015625e+01 5.966199874877929688e+01 3.459500122070312500e+01
1.400000000000000000e+01 7.767857313156127930e-01 5.367200088500976562e+01 5.654700088500976562e+01 3.622600173950195312e+01
2.200000000000000000e+01 7.544642686843872070e-01 5.803799819946289062e+01 5.239400100708007812e+01 3.920700073242187500e+01
1.500000000000000000e+01 7.187500000000000000e-01 5.854800033569335938e+01 5.045600128173828125e+01 4.240800094604492188e+01
1.000000000000000000e+00 6.250000000000000000e-01 6.063000106811523438e+01 4.766799926757812500e+01 4.390599822998046875e+01
1.300000000000000000e+01 6.026785969734191895e-01 5.961100006103515625e+01 4.517399978637695312e+01 4.659600067138671875e+01
0.000000000000000000e+00 3.169642984867095947e-01 6.103699874877929688e+01 4.565000152587890625e+01 5.011600112915039062e+01
0.000000000000000000e+00 1.651785671710968018e-01 6.161299896240234375e+01 4.265200042724609375e+01 5.251900100708007812e+01
3.000000000000000000e+00 1.785714328289031982e-01 5.867100143432617188e+01 4.393899917602539062e+01 5.469499969482421875e+01
3.000000000000000000e+00 4.687500000000000000e-01 5.649100112915039062e+01 4.356100082397460938e+01 5.148199844360351562e+01
1.800000000000000000e+01 4.866071343421936035e-01 5.631100082397460938e+01 4.738499832153320312e+01 5.112799835205078125e+01
1.900000000000000000e+01 6.428571343421936035e-01 5.693600082397460938e+01 4.885200119018554688e+01 4.764099884033203125e+01
7.000000000000000000e+00 4.776785671710968018e-01 5.968899917602539062e+01 5.135100173950195312e+01 4.729199981689453125e+01
1.600000000000000000e+01 5.044642686843872070e-01 5.961299896240234375e+01 5.401699829101562500e+01 4.442800140380859375e+01
1.500000000000000000e+01 3.348214328289031982e-01 6.293600082397460938e+01 5.445600128173828125e+01 4.267699813842773438e+01
0.000000000000000000e+00 4.419642984867095947e-01 6.166099929809570312e+01 5.607400131225585938e+01 3.943399810791015625e+01
1.700000000000000000e+01 4.910714328289031982e-01 5.881800079345703125e+01 5.809099960327148438e+01 3.793199920654296875e+01
9.000000000000000000e+00 4.464285671710968018e-01 5.799200057983398438e+01 5.988299942016601562e+01 3.478099822998046875e+01
1.300000000000000000e+01 4.553571343421936035e-01 5.539300155639648438e+01 6.095700073242187500e+01 3.237900161743164062e+01
1.800000000000000000e+01 4.508928656578063965e-01 5.523899841308593750e+01 5.969300079345703125e+01 2.872900009155273438e+01
1.700000000000000000e+01 1.741071492433547974e-01 5.683399963378906250e+01 6.183100128173828125e+01 2.597299957275390625e+01
7.000000000000000000e+00 6.696428358554840088e-02 5.523500061035156250e+01 6.298099899291992188e+01 2.254599952697753906e+01
1.700000000000000000e+01 1.250000000000000000e-01 5.612900161743164062e+01 5.961899948120117188e+01 2.109900093078613281e+01
9.000000000000000000e+00 3.750000000000000000e-01 5.436000061035156250e+01 5.801800155639648438e+01 2.406999969482421875e+01
7.000000000000000000e+00 3.839285671710968018e-01 5.758000183105468750e+01 5.685599899291992188e+01 2.550499916076660156e+01
1.200000000000000000e+01 4.196428656578063965e-01 5.943600082397460938e+01 5.690499877929687500e+01 2.873699951171875000e+01
9.000000000000000000e+00 1.473214328289031982e-01 6.568299865722656250e+01 5.712300109863281250e+01 3.196299934387207031e+01
1.200000000000000000e+01 3.482142984867095947e-01 6.393199920654296875e+01 5.459000015258789062e+01 3.439500045776367188e+01
1.800000000000000000e+01 2.410714328289031982e-01 6.682299804687500000e+01 5.247800064086914062e+01 3.543899917602539062e+01
1.800000000000000000e+01 4.910714179277420044e-02 7.058100128173828125e+01 5.195999908447265625e+01 3.505899810791015625e+01
7.000000000000000000e+00 3.571428731083869934e-02 7.194899749755859375e+01 4.845000076293945312e+01 3.444200134277343750e+01
7.000000000000000000e+00 4.464285913854837418e-03 7.371199798583984375e+01 4.867200088500976562e+01 3.786500167846679688e+01
7.000000000000000000e+00 6.250000000000000000e-02 7.059600067138671875e+01 4.959199905395507812e+01 3.972999954223632812e+01
1.500000000000000000e+01 2.187500000000000000e-01 6.852999877929687500e+01 4.696300125122070312e+01 3.786700057983398438e+01
2.200000000000000000e+01 1.071428582072257996e-01 6.976599884033203125e+01 4.409299850463867188e+01 4.006100082397460938e+01
7.000000000000000000e+00 2.232142835855484009e-01 6.767299652099609375e+01 4.091199874877929688e+01 4.056000137329101562e+01
9.000000000000000000e+00 4.062500000000000000e-01 6.435500335693359375e+01 4.150999832153320312e+01 4.265499877929687500e+01
1.100000000000000000e+01 6.741071343421936035e-01 6.065200042724609375e+01 4.197800064086914062e+01 4.206999969482421875e+01
2.000000000000000000e+01 7.857142686843872070e-01 5.969800186157226562e+01 4.507500076293945312e+01 4.005099868774414062e+01
1.300000000000000000e+01 8.973214030265808105e-01 5.646099853515625000e+01 4.688899993896484375e+01 3.949000167846679688e+01
2.200000000000000000e+01 9.241071343421936035e-01 5.514099884033203125e+01 4.961100006103515625e+01 3.723500061035156250e+01
7.000000000000000000e+00 9.464285969734191895e-01 5.189799880981445312e+01 5.156600189208984375e+01 3.793000030517578125e+01
1.100000000000000000e+01 9.151785969734191895e-01 5.059299850463867188e+01 5.388299942016601562e+01 3.516600036621093750e+01
3.000000000000000000e+00 8.303571343421936035e-01 4.795399856567382812e+01 5.659299850463867188e+01 3.596599960327148438e+01
1.800000000000000000e+01 8.482142686843872070e-01 4.530400085449218750e+01 5.578300094604492188e+01 3.341699981689453125e+01
1.300000000000000000e+01 7.410714030265808105e-01 4.247100067138671875e+01 5.766400146484375000e+01 3.526399993896484375e+01
1.700000000000000000e+01 6.071428656578063965e-01 4.440800094604492188e+01 6.089599990844726562e+01 3.492800140380859375e+01
2.000000000000000000e+01 5.892857313156127930e-01 4.496699905395507812e+01 6.050899887084960938e+01 3.113299942016601562e+01
1.900000000000000000e+01 5.580357313156127930e-01 4.126800155639648438e+01 5.980599975585937500e+01 3.043499946594238281e+01
1.300000000000000000e+01 3.437500000000000000e-01 4.042100143432617188e+01 6.284899902343750000e+01 3.265399932861328125e+01
0.000000000000000000e+00 2.276785671710968018e-01 4.265800094604492188e+01 6.503500366210937500e+01 3.039999961853027344e+01
1.200000000000000000e+01 1.875000000000000000e-01 4.074499893188476562e+01 6.388000106811523438e+01 2.730400085449218750e+01
9.000000000000000000e+00 1.205357164144515991e-01 3.721099853515625000e+01 6.408300018310546875e+01 2.863500022888183594e+01
1.100000000000000000e+01 2.946428656578063965e-01 3.659299850463867188e+01 6.037900161743164062e+01 2.900000000000000000e+01
1.700000000000000000e+01 4.285714328289031982e-01 3.528099822998046875e+01 5.859400177001953125e+01 3.223300170898437500e+01
1.600000000000000000e+01 6.964285969734191895e-01 3.790100097656250000e+01 5.632500076293945312e+01 3.385599899291992188e+01
1.500000000000000000e+01 7.946428656578063965e-01 3.715599822998046875e+01 5.287699890136718750e+01 3.538199996948242188e+01
7.000000000000000000e+00 8.839285969734191895e-01 4.249599838256835938e+01 5.366099929809570312e+01 3.934600067138671875e+01
0.000000000000000000e+00 9.821428656578063965e-01 4.737799835205078125e+01 5.004399871826171875e+01 3.502199935913085938e+01
7.000000000000000000e+00 9.955357313156127930e-01 4.993999862670898438e+01 4.779100036621093750e+01 3.653099822998046875e+01
2.200000000000000000e+01 9.776785969734191895e-01 5.265700149536132812e+01 4.534899902343750000e+01 3.562900161743164062e+01
2.200000000000000000e+01 9.642857313156127930e-01 5.454199981689453125e+01 4.329499816894531250e+01 3.828799819946289062e+01
1.500000000000000000e+01 8.571428656578063965e-01 5.757099914550781250e+01 4.106200027465820312e+01 3.743000030517578125e+01
1.800000000000000000e+01 6.875000000000000000e-01 6.056600189208984375e+01 3.901200103759765625e+01 3.866899871826171875e+01
0.000000000000000000e+00 5.357142686843872070e-01 6.370100021362304688e+01 4.066400146484375000e+01 3.700000000000000000e+01
2.000000000000000000e+00 2.812500000000000000e-01 6.662799835205078125e+01 3.862900161743164062e+01 3.583599853515625000e+01
3.000000000000000000e+00 2.544642984867095947e-01 6.550199890136718750e+01 3.505899810791015625e+01 3.698199844360351562e+01
1.700000000000000000e+01 8.035714179277420044e-02 6.770600128173828125e+01 3.339899826049804688e+01 3.424599838256835938e+01
9.000000000000000000e+00 4.017857089638710022e-02 7.039499664306640625e+01 3.630799865722656250e+01 3.429700088500976562e+01
1.600000000000000000e+01 7.142857462167739868e-02 7.023699951171875000e+01 3.984099960327148438e+01 3.302700042724609375e+01
1.000000000000000000e+00 1.919642835855484009e-01 6.761599731445312500e+01 4.093000030517578125e+01 3.048699951171875000e+01
1.000000000000000000e+00 2.633928656578063965e-01 6.650499725341796875e+01 4.401900100708007812e+01 2.883499908447265625e+01
2.000000000000000000e+01 5.401785969734191895e-01 6.277199935913085938e+01 4.450899887084960938e+01 2.913100051879882812e+01
1.800000000000000000e+01 5.758928656578063965e-01 6.075899887084960938e+01 4.650500106811523438e+01 2.663299942016601562e+01
1.100000000000000000e+01 7.901785969734191895e-01 5.728900146484375000e+01 4.696099853515625000e+01 2.833699989318847656e+01
0.000000000000000000e+00 7.991071343421936035e-01 5.442300033569335938e+01 4.758900070190429688e+01 2.606800079345703125e+01
0.000000000000000000e+00 8.750000000000000000e-01 5.120700073242187500e+01 4.903599929809570312e+01 2.735000038146972656e+01
1.200000000000000000e+01 8.258928656578063965e-01 4.796400070190429688e+01 4.942300033569335938e+01 2.545299911499023438e+01
1.200000000000000000e+01 8.392857313156127930e-01 4.532199859619140625e+01 5.156200027465820312e+01 2.716399955749511719e+01
1.700000000000000000e+01 7.812500000000000000e-01 4.161800003051757812e+01 5.200299835205078125e+01 2.662500000000000000e+01
1.600000000000000000e+01 7.321428656578063965e-01 3.896799850463867188e+01 5.341199874877929688e+01 2.908499908447265625e+01
2.000000000000000000e+01 8.035714030265808105e-01 3.772000122070312500e+01 5.005400085449218750e+01 3.043300056457519531e+01
1.700000000000000000e+01 9.017857313156127930e-01 4.073500061035156250e+01 4.798500061035156250e+01 2.947900009155273438e+01
2.000000000000000000e+01 9.598214030265808105e-01 4.446400070190429688e+01 4.754800033569335938e+01 2.922299957275390625e+01
1.700000000000000000e+01 9.330357313156127930e-01 4.675500106811523438e+01 4.507500076293945312e+01 2.755100059509277344e+01
1.800000000000000000e+01 9.419642686843872070e-01 5.038999938964843750e+01 4.484000015258789062e+01 2.850099945068359375e+01
1.800000000000000000e+01 8.705357313156127930e-01 5.311000061035156250e+01 4.265800094604492188e+01 2.721500015258789062e+01
0.000000000000000000e+00 7.633928656578063965e-01 5.679800033569335938e+01 4.222900009155273438e+01 2.752199935913085938e+01
2.200000000000000000e+01 5.312500000000000000e-01 5.945199966430664062e+01 4.169699859619140625e+01 2.472400093078613281e+01
2.200000000000000000e+01 4.330357015132904053e-01 6.223799896240234375e+01 4.004899978637695312e+01 2.672999954223632812e+01
1.800000000000000000e+01 1.562500000000000000e-01 6.562400054931640625e+01 4.055300140380859375e+01 2.501300048828125000e+01
2.000000000000000000e+00 3.125000000000000000e-02 6.925800323486328125e+01 3.933300018310546875e+01 2.567700004577636719e+01
1.600000000000000000e+01 1.339285727590322495e-02 7.168099975585937500e+01 4.217399978637695312e+01 2.635799980163574219e+01
