5.000000000000000000e+00 8.928571641445159912e-02 2.522900009155273438e+01 3.799399948120117188e+01 4.155199813842773438e+01
1.600000000000000000e+01 1.919642835855484009e-01 2.647299957275390625e+01 4.147499847412109375e+01 4.221099853515625000e+01
1.200000000000000000e+01 4.776785671710968018e-01 3.013199996948242188e+01 4.086600112915039062e+01 4.132400131225585938e+01
1.400000000000000000e+01 5.223214030265808105e-01 3.164699935913085938e+01 3.812500000000000000e+01 3.934799957275390625e+01
2.200000000000000000e+01 6.964285969734191895e-01 3.507699966430664062e+01 3.725699996948242188e+01 3.780099868774414062e+01
1.300000000000000000e+01 6.785714030265808105e-01 3.554800033569335938e+01 3.543299865722656250e+01 3.450799942016601562e+01
2.200000000000000000e+01 7.276785969734191895e-01 3.910400009155273438e+01 3.408300018310546875e+01 3.370199966430664062e+01
1.200000000000000000e+01 6.651785969734191895e-01 4.028900146484375000e+01 3.262400054931640625e+01 3.031399917602539062e+01
3.000000000000000000e+00 6.339285969734191895e-01 4.373899841308593750e+01 3.161300086975097656e+01 2.886700057983398438e+01
0.000000000000000000e+00 5.982142686843872070e-01 4.486700057983398438e+01 3.284799957275390625e+01 2.553800010681152344e+01
2.200000000000000000e+01 4.330357015132904053e-01 4.758100128173828125e+01 3.015500068664550781e+01 2.496800041198730469e+01
1.000000000000000000e+00 2.232142835855484009e-01 4.520700073242187500e+01 2.714599990844726562e+01 2.454800033569335938e+01
9.000000000000000000e+00 2.991071343421936035e-01 4.221099853515625000e+01 2.952599906921386719e+01 2.424500083923339844e+01
1.700000000000000000e+01 2.812500000000000000e-01 4.017900085449218750e+01 2.804500007629394531e+01 2.711499977111816406e+01
1.600000000000000000e+01 3.839285671710968018e-01 3.866199874877929688e+01 2.911300086975097656e+01 3.050099945068359375e+01
0.000000000000000000e+00 5.312500000000000000e-01 4.111899948120117188e+01 2.909099960327148438e+01 3.344900131225585938e+01
1.100000000000000000e+01 3.169642984867095947e-01 4.029600143432617188e+01 2.639900016784667969e+01 3.613199996948242188e+01
2.000000000000000000e+00 3.526785671710968018e-01 4.149000167846679688e+01 2.692799949645996094e+01 3.988000106811523438e+01
2.200000000000000000e+01 6.517857313156127930e-01 4.302199935913085938e+01 3.042000007629394531e+01 3.947200012207031250e+01
0.000000000000000000e+00 6.696428656578063965e-01 4.292499923706054688e+01 3.196199989318847656e+01 4.304399871826171875e+01
1.400000000000000000e+01 7.589285969734191895e-01 4.218999862670898438e+01 3.555599975585937500e+01 4.380099868774414062e+01
2.200000000000000000e+01 7.187500000000000000e-01 3.916299819946289062e+01 4.089599990844726562e+01 4.683300018310546875e+01
1.500000000000000000e+01 6.919642686843872070e-01 3.965800094604492188e+01 4.417699813842773438e+01 4.882600021362304688e+01
1.000000000000000000e+00 5.803571343421936035e-01 3.764599990844726562e+01 4.725099945068359375e+01 4.967900085449218750e+01
1.300000000000000000e+01 5.401785969734191895e-01 3.875299835205078125e+01 5.083000183105468750e+01 5.012300109863281250e+01
0.000000000000000000e+00 2.455357164144515991e-01 3.768799972534179688e+01 5.229499816894531250e+01 5.346799850463867188e+01
0.000000000000000000e+00 8.482142537832260132e-02 3.669100189208984375e+01 5.579899978637695312e+01 5.458000183105468750e+01
3.000000000000000000e+00 7.142857462167739868e-02 4.027999877929687500e+01 5.693799972534179688e+01 5.584999847412109375e+01
3.000000000000000000e+00 3.125000000000000000e-01 4.188100051879882812e+01 5.535100173950195312e+01 5.263000106811523438e+01
1.800000000000000000e+01 3.214285671710968018e-01 4.259500122070312500e+01 5.179899978637695312e+01 5.407799911499023438e+01
1.900000000000000000e+01 5.267857313156127930e-01 4.229899978637695312e+01 4.848300170898437500e+01 5.247999954223632812e+01
7.000000000000000000e+00 3.482142984867095947e-01 3.985300064086914062e+01 4.608000183105468750e+01 5.415499877929687500e+01
1.600000000000000000e+01 4.642857015132904053e-01 3.952700042724609375e+01 4.245899963378906250e+01 5.276300048828125000e+01
1.500000000000000000e+01 4.017857015132904053e-01 3.623199844360351562e+01 4.160699844360351562e+01 5.111899948120117188e+01
0.000000000000000000e+00 4.419642984867095947e-01 3.627399826049804688e+01 3.811399841308593750e+01 4.954000091552734375e+01
1.700000000000000000e+01 4.910714328289031982e-01 3.848300170898437500e+01 3.522900009155273438e+01 4.823500061035156250e+01
9.000000000000000000e+00 4.241071343421936035e-01 3.809600067138671875e+01 3.211600112915039062e+01 4.615700149536132812e+01
1.300000000000000000e+01 4.687500000000000000e-01 3.940499877929687500e+01 3.001000022888183594e+01 4.335400009155273438e+01
1.800000000000000000e+01 4.732142984867095947e-01 3.784000015258789062e+01 2.975499916076660156e+01 3.982600021362304688e+01
1.700000000000000000e+01 2.008928507566452026e-01 3.543099975585937500e+01 2.704500007629394531e+01 3.885699844360351562e+01
7.000000000000000000e+00 9.375000000000000000e-02 3.547100067138671875e+01 2.469499969482421875e+01 3.573099899291992188e+01
1.700000000000000000e+01 1.473214328289031982e-01 3.376599884033203125e+01 2.725000000000000000e+01 3.330300140380859375e+01
9.000000000000000000e+00 4.196428656578063965e-01 3.622000122070312500e+01 3.000600051879882812e+01 3.446500015258789062e+01
7.000000000000000000e+00 3.750000000000000000e-01 3.336500167846679688e+01 3.183600044250488281e+01 3.640900039672851562e+01
1.200000000000000000e+01 4.151785671710968018e-01 3.376499938964843750e+01 3.258100128173828125e+01 4.008000183105468750e+01
9.000000000000000000e+00 1.071428582072257996e-01 2.929800033569335938e+01 3.362900161743164062e+01 4.526300048828125000e+01
1.200000000000000000e+01 3.080357015132904053e-01 3.198500061035156250e+01 3.622999954223632812e+01 4.598799896240234375e+01
1.800000000000000000e+01 1.741071492433547974e-01 3.000799942016601562e+01 3.851499938964843750e+01 4.834199905395507812e+01
1.800000000000000000e+01 4.464285820722579956e-02 2.626799964904785156e+01 3.924900054931640625e+01 4.897499847412109375e+01
7.000000000000000000e+00 1.785714365541934967e-02 2.416900062561035156e+01 4.221799850463867188e+01 4.752999877929687500e+01
7.000000000000000000e+00 0.000000000000000000e+00 2.357099914550781250e+01 4.316099929809570312e+01 5.120999908447265625e+01
7.000000000000000000e+00 2.678571455180644989e-02 2.733699989318847656e+01 4.336800003051757812e+01 5.202799987792968750e+01
1.500000000000000000e+01 1.428571492433547974e-01 2.840999984741210938e+01 4.486299896240234375e+01 4.859400177001953125e+01
2.200000000000000000e+01 1.205357164144515991e-01 2.849200057983398438e+01 4.867499923706054688e+01 4.884299850463867188e+01
7.000000000000000000e+00 1.830357164144515991e-01 2.900399971008300781e+01 5.160800170898437500e+01 4.652199935913085938e+01
9.000000000000000000e+00 3.660714328289031982e-01 3.271799850463867188e+01 5.205799865722656250e+01 4.675799942016601562e+01
1.100000000000000000e+01 6.473214030265808105e-01 3.625000000000000000e+01 5.134099960327148438e+01 4.537799835205078125e+01
2.000000000000000000e+01 7.410714030265808105e-01 3.742800140380859375e+01 4.775600051879882812e+01 4.515999984741210938e+01
1.300000000000000000e+01 8.616071343421936035e-01 4.081100082397460938e+01 4.590800094604492188e+01 4.456700134277343750e+01
2.200000000000000000e+01 9.241071343421936035e-01 4.096900177001953125e+01 4.253799819946289062e+01 4.288700103759765625e+01
7.000000000000000000e+00 9.330357313156127930e-01 4.416299819946289062e+01 4.070700073242187500e+01 4.320399856567382812e+01
1.100000000000000000e+01 9.285714030265808105e-01 4.442499923706054688e+01 3.758900070190429688e+01 4.101399993896484375e+01
3.000000000000000000e+00 8.392857313156127930e-01 4.732699966430664062e+01 3.497499847412109375e+01 4.146300125122070312e+01
1.800000000000000000e+01 8.750000000000000000e-01 4.835400009155273438e+01 3.478499984741210938e+01 3.784400177001953125e+01
1.300000000000000000e+01 7.812500000000000000e-01 5.194100189208984375e+01 3.353799819946289062e+01 3.864400100708007812e+01
1.700000000000000000e+01 6.428571343421936035e-01 5.066299819946289062e+01 3.033499908447265625e+01 4.021500015258789062e+01
2.000000000000000000e+01 6.294642686843872070e-01 4.868000030517578125e+01 2.933699989318847656e+01 3.717300033569335938e+01
1.900000000000000000e+01 6.071428656578063965e-01 5.173300170898437500e+01 2.957299995422363281e+01 3.479499816894531250e+01
1.300000000000000000e+01 4.464285671710968018e-01 5.386500167846679688e+01 2.776899909973144531e+01 3.737799835205078125e+01
0.000000000000000000e+00 2.857142984867095947e-01 5.118899917602539062e+01 2.502099990844726562e+01 3.763000106811523438e+01
1.200000000000000000e+01 2.410714328289031982e-01 5.113600158691406250e+01 2.455400085449218750e+01 3.383499908447265625e+01
9.000000000000000000e+00 1.651785671710968018e-01 5.503699874877929688e+01 2.446699905395507812e+01 3.387900161743164062e+01
1.100000000000000000e+01 3.348214328289031982e-01 5.547600173950195312e+01 2.780500030517578125e+01 3.214099884033203125e+01
1.700000000000000000e+01 4.955357015132904053e-01 5.747999954223632812e+01 3.091399955749511719e+01 3.300000000000000000e+01
1.600000000000000000e+01 7.321428656578063965e-01 5.540900039672851562e+01 3.411700057983398438e+01 3.383399963378906250e+01
1.500000000000000000e+01 8.214285969734191895e-01 5.658900070190429688e+01 3.772700119018554688e+01 3.365499877929687500e+01
7.000000000000000000e+00 8.928571343421936035e-01 5.367100143432617188e+01 3.813700103759765625e+01 3.968299865722656250e+01
0.000000000000000000e+00 9.866071343421936035e-01 4.739400100708007812e+01 4.106600189208984375e+01 3.781299972534179688e+01
7.000000000000000000e+00 9.955357313156127930e-01 4.577000045776367188e+01 4.378200149536132812e+01 3.973799896240234375e+01
2.200000000000000000e+01 9.821428656578063965e-01 4.271099853515625000e+01 4.602799987792968750e+01 3.918600082397460938e+01
2.200000000000000000e+01 9.419642686843872070e-01 4.149800109863281250e+01 4.890299987792968750e+01 4.129199981689453125e+01
1.500000000000000000e+01 8.482142686843872070e-01 3.810699844360351562e+01 5.050899887084960938e+01 4.016500091552734375e+01
1.800000000000000000e+01 6.741071343421936035e-01 3.486199951171875000e+01 5.228900146484375000e+01 4.148799896240234375e+01
0.000000000000000000e+00 5.580357313156127930e-01 3.179500007629394531e+01 5.012300109863281250e+01 4.156000137329101562e+01
2.000000000000000000e+00 2.723214328289031982e-01 2.812800025939941406e+01 5.104100036621093750e+01 4.168399810791015625e+01
3.000000000000000000e+00 2.187500000000000000e-01 2.875499916076660156e+01 5.473899841308593750e+01 4.159600067138671875e+01
1.700000000000000000e+01 1.517857164144515991e-01 2.704800033569335938e+01 5.493799972534179688e+01 3.818099975585937500e+01
9.000000000000000000e+00 5.803571268916130066e-02 2.390200042724609375e+01 5.327600097656250000e+01 3.977299880981445312e+01
1.600000000000000000e+01 3.571428731083869934e-02 2.278100013732910156e+01 4.984899902343750000e+01 4.085300064086914062e+01
1.000000000000000000e+00 1.250000000000000000e-01 2.469799995422363281e+01 4.738399887084960938e+01 3.877099990844726562e+01
1.000000000000000000e+00 2.321428507566452026e-01 2.612199974060058594e+01 4.386500167846679688e+01 3.847299957275390625e+01
2.000000000000000000e+01 5.178571343421936035e-01 2.980299949645996094e+01 4.371099853515625000e+01 3.781000137329101562e+01
1.800000000000000000e+01 6.116071343421936035e-01 3.170299911499023438e+01 4.102000045776367188e+01 3.591199874877929688e+01
1.100000000000000000e+01 8.035714030265808105e-01 3.541899871826171875e+01 4.132799911499023438e+01 3.554600143432617188e+01
0.000000000000000000e+00 7.991071343421936035e-01 3.682300186157226562e+01 3.936000061035156250e+01 3.249800109863281250e+01
0.000000000000000000e+00 9.017857313156127930e-01 4.053799819946289062e+01 3.880699920654296875e+01 3.230400085449218750e+01
1.200000000000000000e+01 8.437500000000000000e-01 4.258000183105468750e+01 3.705400085449218750e+01 2.961700057983398438e+01
1.200000000000000000e+01 8.526785969734191895e-01 4.603699874877929688e+01 3.564400100708007812e+01 3.034700012207031250e+01
1.700000000000000000e+01 7.767857313156127930e-01 4.923899841308593750e+01 3.489099884033203125e+01 2.837700080871582031e+01
1.600000000000000000e+01 7.455357313156127930e-01 5.257600021362304688e+01 3.418899917602539062e+01 3.019700050354003906e+01
2.000000000000000000e+01 8.169642686843872070e-01 5.419100189208984375e+01 3.762699890136718750e+01 2.952899932861328125e+01
1.700000000000000000e+01 9.107142686843872070e-01 5.097800064086914062e+01 3.959199905395507812e+01 2.913299942016601562e+01
2.000000000000000000e+01 9.598214030265808105e-01 4.744400024414062500e+01 4.020700073242187500e+01 3.027499961853027344e+01
1.700000000000000000e+01 9.464285969734191895e-01 4.426499938964843750e+01 4.197100067138671875e+01 2.908900070190429688e+01
1.800000000000000000e+01 9.687500000000000000e-01 4.180300140380859375e+01 4.291799926757812500e+01 3.187100028991699219e+01
1.800000000000000000e+01 8.883928656578063965e-01 3.822499847412109375e+01 4.423899841308593750e+01 3.117399978637695312e+01
0.000000000000000000e+00 8.125000000000000000e-01 3.528400039672851562e+01 4.536899948120117188e+01 3.345500183105468750e+01
2.200000000000000000e+01 6.205357313156127930e-01 3.186599922180175781e+01 4.437099838256835938e+01 3.201399993896484375e+01
2.200000000000000000e+01 4.553571343421936035e-01 2.896100044250488281e+01 4.643799972534179688e+01 3.350999832153320312e+01
1.800000000000000000e+01 1.785714328289031982e-01 2.534600067138671875e+01 4.514300155639648438e+01 3.359999847412109375e+01
2.000000000000000000e+00 4.910714179277420044e-02 2.222200012207031250e+01 4.711100006103515625e+01 3.459299850463867188e+01
1.600000000000000000e+01 8.928571827709674835e-03 1.956900024414062500e+01 4.442900085449218750e+01 3.531299972534179688e+01
5.000000000000000000e+00 1.339285671710968018e-01 6.758899688720703125e+01 5.015200042724609375e+01 2.765299987792968750e+01
1.600000000000000000e+01 2.366071492433547974e-01 6.747100067138671875e+01 4.751900100708007812e+01 3.047400093078613281e+01
1.200000000000000000e+01 5.044642686843872070e-01 6.389699935913085938e+01 4.873699951171875000e+01 3.120599937438964844e+01
1.400000000000000000e+01 5.491071343421936035e-01 6.162500000000000000e+01 5.064099884033203125e+01 2.870000076293945312e+01
2.200000000000000000e+01 7.008928656578063965e-01 5.790000152587890625e+01 5.117699813842773438e+01 2.872400093078613281e+01
1.300000000000000000e+01 6.562500000000000000e-01 5.608399963378906250e+01 5.204299926757812500e+01 2.547299957275390625e+01
2.200000000000000000e+01 7.142857313156127930e-01 5.252899932861328125e+01 5.332899856567382812e+01 2.598699951171875000e+01
1.200000000000000000e+01 6.383928656578063965e-01 4.968099975585937500e+01 5.371599960327148438e+01 2.328499984741210938e+01
3.000000000000000000e+00 6.250000000000000000e-01 4.598099899291992188e+01 5.475500106811523438e+01 2.362400054931640625e+01
0.000000000000000000e+00 5.625000000000000000e-01 4.341500091552734375e+01 5.292100143432617188e+01 2.154400062561035156e+01
2.200000000000000000e+01 4.285714328289031982e-01 4.086800003051757812e+01 5.573600006103515625e+01 2.216099929809570312e+01
1.000000000000000000e+00 2.053571492433547974e-01 4.228200149536132812e+01 5.814500045776367188e+01 1.952499961853027344e+01
9.000000000000000000e+00 2.544642984867095947e-01 4.450500106811523438e+01 5.536700057983398438e+01 1.812299919128417969e+01
1.700000000000000000e+01 2.500000000000000000e-01 4.764699935913085938e+01 5.725500106811523438e+01 1.907799911499023438e+01
1.600000000000000000e+01 3.571428656578063965e-01 5.082500076293945312e+01 5.689599990844726562e+01 2.125499916076660156e+01
0.000000000000000000e+00 5.000000000000000000e-01 5.031000137329101562e+01 5.843999862670898438e+01 2.484199905395507812e+01
1.100000000000000000e+01 3.035714328289031982e-01 5.242800140380859375e+01 6.156200027465820312e+01 2.561599922180175781e+01
2.000000000000000000e+00 2.946428656578063965e-01 5.343899917602539062e+01 6.306200027465820312e+01 2.896500015258789062e+01
2.200000000000000000e+01 5.937500000000000000e-01 5.183100128173828125e+01 6.011600112915039062e+01 3.086800003051757812e+01
0.000000000000000000e+00 6.160714030265808105e-01 5.359400177001953125e+01 5.971799850463867188e+01 3.434500122070312500e+01
1.400000000000000000e+01 7.366071343421936035e-01 5.465599822998046875e+01 5.663600158691406250e+01 3.615999984741210938e+01
2.200000000000000000e+01 7.098214030265808105e-01 5.890700149536132812e+01 5.248300170898437500e+01 3.941500091552734375e+01
1.500000000000000000e+01 6.830357313156127930e-01 5.935800170898437500e+01 5.084500122070312500e+01 4.290900039672851562e+01
1.000000000000000000e+00 5.848214030265808105e-01 6.167699813842773438e+01 4.798799896240234375e+01 4.398799896240234375e+01
1.300000000000000000e+01 5.535714030265808105e-01 6.093199920654296875e+01 4.508100128173828125e+01 4.645600128173828125e+01
0.000000000000000000e+00 2.767857015132904053e-01 6.280899810791015625e+01 4.493500137329101562e+01 4.980400085449218750e+01
0.000000000000000000e+00 1.026785746216773987e-01 6.394599914550781250e+01 4.181499862670898438e+01 5.188199996948242188e+01
3.000000000000000000e+00 9.821428358554840088e-02 6.130599975585937500e+01 4.200999832153320312e+01 5.468600082397460938e+01
3.000000000000000000e+00 3.258928656578063965e-01 5.824900054931640625e+01 4.233900070190429688e+01 5.220600128173828125e+01
1.800000000000000000e+01 3.303571343421936035e-01 5.832899856567382812e+01 4.614400100708007812e+01 5.233700180053710938e+01
1.900000000000000000e+01 5.133928656578063965e-01 5.877899932861328125e+01 4.814599990844726562e+01 4.908100128173828125e+01
7.000000000000000000e+00 3.616071343421936035e-01 6.123400115966796875e+01 5.094300079345703125e+01 4.808100128173828125e+01
1.600000000000000000e+01 3.973214328289031982e-01 6.127099990844726562e+01 5.367800140380859375e+01 4.547999954223632812e+01
1.500000000000000000e+01 3.437500000000000000e-01 6.380199813842773438e+01 5.306600189208984375e+01 4.255699920654296875e+01
0.000000000000000000e+00 3.883928656578063965e-01 6.291299819946289062e+01 5.521900177001953125e+01 3.950600051879882812e+01
1.700000000000000000e+01 4.821428656578063965e-01 6.040700149536132812e+01 5.759199905395507812e+01 3.785400009155273438e+01
9.000000000000000000e+00 4.107142984867095947e-01 5.935800170898437500e+01 5.945700073242187500e+01 3.466099929809570312e+01
1.300000000000000000e+01 4.508928656578063965e-01 5.671300125122070312e+01 6.061000061035156250e+01 3.227999877929687500e+01
1.800000000000000000e+01 4.375000000000000000e-01 5.650500106811523438e+01 5.942399978637695312e+01 2.860799980163574219e+01
1.700000000000000000e+01 1.696428507566452026e-01 5.782799911499023438e+01 6.139099884033203125e+01 2.555900001525878906e+01
7.000000000000000000e+00 7.589285820722579956e-02 5.618600082397460938e+01 6.227899932861328125e+01 2.212000083923339844e+01
1.700000000000000000e+01 1.383928507566452026e-01 5.649200057983398438e+01 5.867300033569335938e+01 2.074300003051757812e+01
9.000000000000000000e+00 3.928571343421936035e-01 5.496200180053710938e+01 5.741099929809570312e+01 2.403599929809570312e+01
7.000000000000000000e+00 4.062500000000000000e-01 5.814199829101562500e+01 5.601100158691406250e+01 2.533200073242187500e+01
1.200000000000000000e+01 4.598214328289031982e-01 5.988499832153320312e+01 5.625999832153320312e+01 2.860000038146972656e+01
9.000000000000000000e+00 1.116071417927742004e-01 6.618699645996093750e+01 5.733599853515625000e+01 3.153100013732910156e+01
1.200000000000000000e+01 2.901785671710968018e-01 6.488099670410156250e+01 5.502700042724609375e+01 3.433300018310546875e+01
1.800000000000000000e+01 1.562500000000000000e-01 6.806199645996093750e+01 5.330599975585937500e+01 3.529000091552734375e+01
1.800000000000000000e+01 4.017857089638710022e-02 7.137799835205078125e+01 5.215900039672851562e+01 3.360400009155273438e+01
7.000000000000000000e+00 3.125000000000000000e-02 7.231199645996093750e+01 4.844200134277343750e+01 3.314500045776367188e+01
7.000000000000000000e+00 4.464285913854837418e-03 7.482399749755859375e+01 4.835699844360351562e+01 3.591299819946289062e+01
7.000000000000000000e+00 2.232142910361289978e-02 7.237599945068359375e+01 5.008300018310546875e+01 3.846500015258789062e+01
1.500000000000000000e+01 1.294642835855484009e-01 6.973699951171875000e+01 4.750400161743164062e+01 3.743899917602539062e+01
2.200000000000000000e+01 1.160714253783226013e-01 6.989800262451171875e+01 4.442399978637695312e+01 3.952199935913085938e+01
7.000000000000000000e+00 1.964285671710968018e-01 6.833699798583984375e+01 4.092399978637695312e+01 4.017200088500976562e+01
9.000000000000000000e+00 3.794642984867095947e-01 6.511799621582031250e+01 4.166299819946289062e+01 4.204399871826171875e+01
1.100000000000000000e+01 6.607142686843872070e-01 6.134299850463867188e+01 4.224399948120117188e+01 4.197999954223632812e+01
2.000000000000000000e+01 7.500000000000000000e-01 5.994900131225585938e+01 4.546500015258789062e+01 4.037200164794921875e+01
1.300000000000000000e+01 8.705357313156127930e-01 5.660300064086914062e+01 4.735400009155273438e+01 4.041600036621093750e+01
2.200000000000000000e+01 9.151785969734191895e-01 5.527799987792968750e+01 5.015100097656250000e+01 3.804299926757812500e+01
7.000000000000000000e+00 9.196428656578063965e-01 5.243099975585937500e+01 5.250899887084960938e+01 3.914699935913085938e+01
1.100000000000000000e+01 8.973214030265808105e-01 5.115100097656250000e+01 5.428900146484375000e+01 3.605599975585937500e+01
3.000000000000000000e+00 8.080357313156127930e-01 4.880599975585937500e+01 5.725600051879882812e+01 3.639199829101562500e+01
1.800000000000000000e+01 8.303571343421936035e-01 4.641500091552734375e+01 5.648600006103515625e+01 3.361000061035156250e+01
1.300000000000000000e+01 7.544642686843872070e-01 4.366400146484375000e+01 5.797399902343750000e+01 3.568500137329101562e+01
1.700000000000000000e+01 5.892857313156127930e-01 4.496500015258789062e+01 6.157799911499023438e+01 3.556999969482421875e+01
2.000000000000000000e+01 5.669642686843872070e-01 4.585200119018554688e+01 6.129700088500976562e+01 3.177300071716308594e+01
1.900000000000000000e+01 5.714285969734191895e-01 4.219300079345703125e+01 6.029100036621093750e+01 3.111700057983398438e+01
1.300000000000000000e+01 3.392857015132904053e-01 4.071799850463867188e+01 6.330699920654296875e+01 3.309500122070312500e+01
0.000000000000000000e+00 2.098214328289031982e-01 4.300500106811523438e+01 6.570600128173828125e+01 3.123999977111816406e+01
1.200000000000000000e+01 2.142857164144515991e-01 4.182899856567382812e+01 6.424600219726562500e+01 2.778300094604492188e+01
9.000000000000000000e+00 1.607142835855484009e-01 3.805400085449218750e+01 6.409400177001953125e+01 2.898100090026855469e+01
1.100000000000000000e+01 3.705357015132904053e-01 3.777999877929687500e+01 6.031100082397460938e+01 2.918099975585937500e+01
1.700000000000000000e+01 5.089285969734191895e-01 3.609099960327148438e+01 5.813000106811523438e+01 3.194499969482421875e+01
1.600000000000000000e+01 7.053571343421936035e-01 3.872299957275390625e+01 5.649399948120117188e+01 3.422600173950195312e+01
1.500000000000000000e+01 7.678571343421936035e-01 3.693299865722656250e+01 5.315900039672851562e+01 3.542499923706054688e+01
7.000000000000000000e+00 8.839285969734191895e-01 4.245800018310546875e+01 5.380099868774414062e+01 3.921799850463867188e+01
0.000000000000000000e+00 9.776785969734191895e-01 4.774100112915039062e+01 5.066699981689453125e+01 3.536500167846679688e+01
7.000000000000000000e+00 9.910714030265808105e-01 5.007899856567382812e+01 4.822999954223632812e+01 3.715900039672851562e+01
2.200000000000000000e+01 9.732142686843872070e-01 5.305099868774414062e+01 4.600899887084960938e+01 3.624300003051757812e+01
2.200000000000000000e+01 9.553571343421936035e-01 5.453099822998046875e+01 4.371300125122070312e+01 3.899599838256835938e+01
1.500000000000000000e+01 8.571428656578063965e-01 5.750699996948242188e+01 4.134099960327148438e+01 3.791099929809570312e+01
1.800000000000000000e+01 6.875000000000000000e-01 6.078400039672851562e+01 3.957400131225585938e+01 3.885800170898437500e+01
0.000000000000000000e+00 5.357142686843872070e-01 6.390700149536132812e+01 4.050400161743164062e+01 3.673300170898437500e+01
2.000000000000000000e+00 2.678571343421936035e-01 6.687300109863281250e+01 3.844100189208984375e+01 3.551200103759765625e+01
3.000000000000000000e+00 2.589285671710968018e-01 6.560399627685546875e+01 3.508800125122070312e+01 3.684199905395507812e+01
1.700000000000000000e+01 8.035714179277420044e-02 6.743399810791015625e+01 3.273099899291992188e+01 3.448400115966796875e+01
9.000000000000000000e+00 5.357142910361289978e-02 7.005300140380859375e+01 3.528099822998046875e+01 3.331499862670898438e+01
1.600000000000000000e+01 6.696428358554840088e-02 7.055000305175781250e+01 3.897800064086914062e+01 3.212599945068359375e+01
1.000000000000000000e+00 2.276785671710968018e-01 6.737599945068359375e+01 4.044800186157226562e+01 3.043499946594238281e+01
1.000000000000000000e+00 2.633928656578063965e-01 6.666200256347656250e+01 4.371599960327148438e+01 2.855900001525878906e+01
2.000000000000000000e+01 5.446428656578063965e-01 6.282600021362304688e+01 4.456800079345703125e+01 2.879999923706054688e+01
1.800000000000000000e+01 5.758928656578063965e-01 6.066699981689453125e+01 4.641699981689453125e+01 2.627599906921386719e+01
1.100000000000000000e+01 7.723214030265808105e-01 5.720899963378906250e+01 4.670899963378906250e+01 2.788899993896484375e+01
0.000000000000000000e+00 7.857142686843872070e-01 5.415200042724609375e+01 4.765800094604492188e+01 2.589999961853027344e+01
0.000000000000000000e+00 8.794642686843872070e-01 5.076100158691406250e+01 4.887300109863281250e+01 2.715999984741210938e+01
1.200000000000000000e+01 8.258928656578063965e-01 4.768099975585937500e+01 4.960400009155273438e+01 2.521100044250488281e+01
1.200000000000000000e+01 8.348214030265808105e-01 4.505599975585937500e+01 5.173199844360351562e+01 2.691399955749511719e+01
1.700000000000000000e+01 7.633928656578063965e-01 4.115800094604492188e+01 5.198600006103515625e+01 2.670599937438964844e+01
1.600000000000000000e+01 7.232142686843872070e-01 3.862400054931640625e+01 5.357799911499023438e+01 2.914200019836425781e+01
2.000000000000000000e+01 7.946428656578063965e-01 3.722000122070312500e+01 5.027000045776367188e+01 3.073600006103515625e+01
1.700000000000000000e+01 9.062500000000000000e-01 4.023199844360351562e+01 4.805699920654296875e+01 2.986199951171875000e+01
2.000000000000000000e+01 9.508928656578063965e-01 4.400099945068359375e+01 4.786000061035156250e+01 2.924099922180175781e+01
1.700000000000000000e+01 9.375000000000000000e-01 4.617900085449218750e+01 4.533499908447265625e+01 2.750600051879882812e+01
1.800000000000000000e+01 9.642857313156127930e-01 4.971599960327148438e+01 4.496300125122070312e+01 2.897500038146972656e+01
1.800000000000000000e+01 8.660714030265808105e-01 5.243600082397460938e+01 4.295800018310546875e+01 2.723699951171875000e+01
0.000000000000000000e+00 7.901785969734191895e-01 5.618299865722656250e+01 4.229800033569335938e+01 2.781900024414062500e+01
2.200000000000000000e+01 6.026785969734191895e-01 5.900999832153320312e+01 4.183399963378906250e+01 2.527400016784667969e+01
2.200000000000000000e+01 4.866071343421936035e-01 6.197700119018554688e+01 4.016500091552734375e+01 2.690699958801269531e+01
1.800000000000000000e+01 1.875000000000000000e-01 6.549600219726562500e+01 3.987900161743164062e+01 2.522900009155273438e+01
2.000000000000000000e+00 6.250000000000000000e-02 6.909600067138671875e+01 3.907400131225585938e+01 2.606399917602539062e+01
1.600000000000000000e+01 1.339285727590322495e-02 7.178500366210937500e+01 4.177399826049804688e+01 2.588500022888183594e+01
