5.000000000000000000e+00 8.482142537832260132e-02 2.509799957275390625e+01 3.867499923706054688e+01 4.168700027465820312e+01
1.600000000000000000e+01 2.410714328289031982e-01 2.701399993896484375e+01 4.212200164794921875e+01 4.149100112915039062e+01
1.200000000000000000e+01 5.044642686843872070e-01 3.067399978637695312e+01 4.116799926757812500e+01 4.077899932861328125e+01
1.400000000000000000e+01 5.357142686843872070e-01 3.190999984741210938e+01 3.812699890136718750e+01 3.897999954223632812e+01
2.200000000000000000e+01 7.053571343421936035e-01 3.517599868774414062e+01 3.710400009155273438e+01 3.729899978637695312e+01
1.300000000000000000e+01 6.651785969734191895e-01 3.571200180053710938e+01 3.527000045776367188e+01 3.388399887084960938e+01
2.200000000000000000e+01 7.232142686843872070e-01 3.920600128173828125e+01 3.394100189208984375e+01 3.312900161743164062e+01
1.200000000000000000e+01 6.383928656578063965e-01 4.052000045776367188e+01 3.252600097656250000e+01 2.975099945068359375e+01
3.000000000000000000e+00 5.892857313156127930e-01 4.377299880981445312e+01 3.106399917602539062e+01 2.855900001525878906e+01
0.000000000000000000e+00 5.625000000000000000e-01 4.485599899291992188e+01 3.261100006103515625e+01 2.525499916076660156e+01
2.200000000000000000e+01 3.526785671710968018e-01 4.717499923706054688e+01 2.965699958801269531e+01 2.444799995422363281e+01
1.000000000000000000e+00 1.473214328289031982e-01 4.446200180053710938e+01 2.691600036621093750e+01 2.381699943542480469e+01
9.000000000000000000e+00 2.767857015132904053e-01 4.142399978637695312e+01 2.937100028991699219e+01 2.402400016784667969e+01
1.700000000000000000e+01 2.589285671710968018e-01 4.029700088500976562e+01 2.769199943542480469e+01 2.716300010681152344e+01
1.600000000000000000e+01 3.482142984867095947e-01 3.867399978637695312e+01 2.856200027465820312e+01 3.048299980163574219e+01
0.000000000000000000e+00 5.000000000000000000e-01 4.131000137329101562e+01 2.875499916076660156e+01 3.325400161743164062e+01
1.100000000000000000e+01 2.991071343421936035e-01 4.060599899291992188e+01 2.625000000000000000e+01 3.606000137329101562e+01
2.000000000000000000e+00 3.660714328289031982e-01 4.134400177001953125e+01 2.713500022888183594e+01 3.965399932861328125e+01
2.200000000000000000e+01 6.562500000000000000e-01 4.285100173950195312e+01 3.070199966430664062e+01 3.939799880981445312e+01
0.000000000000000000e+00 6.473214030265808105e-01 4.290499877929687500e+01 3.199200057983398438e+01 4.307899856567382812e+01
1.400000000000000000e+01 7.544642686843872070e-01 4.198600006103515625e+01 3.551100158691406250e+01 4.410699844360351562e+01
2.200000000000000000e+01 7.187500000000000000e-01 3.907099914550781250e+01 4.109999847412109375e+01 4.696500015258789062e+01
1.500000000000000000e+01 6.875000000000000000e-01 3.997700119018554688e+01 4.401399993896484375e+01 4.920000076293945312e+01
1.000000000000000000e+00 5.580357313156127930e-01 3.830099868774414062e+01 4.727899932861328125e+01 5.025600051879882812e+01
1.300000000000000000e+01 5.133928656578063965e-01 4.015800094604492188e+01 5.052399826049804688e+01 5.120000076293945312e+01
0.000000000000000000e+00 2.321428507566452026e-01 3.955199813842773438e+01 5.172100067138671875e+01 5.492599868774414062e+01
0.000000000000000000e+00 8.928571641445159912e-02 3.927600097656250000e+01 5.533900070190429688e+01 5.599000167846679688e+01
3.000000000000000000e+00 7.142857462167739868e-02 4.277700042724609375e+01 5.501599884033203125e+01 5.773699951171875000e+01
3.000000000000000000e+00 2.901785671710968018e-01 4.392800140380859375e+01 5.388800048828125000e+01 5.426399993896484375e+01
1.800000000000000000e+01 3.169642984867095947e-01 4.446500015258789062e+01 5.024100112915039062e+01 5.519499969482421875e+01
1.900000000000000000e+01 5.267857313156127930e-01 4.320100021362304688e+01 4.737799835205078125e+01 5.295399856567382812e+01
7.000000000000000000e+00 3.348214328289031982e-01 4.043600082397460938e+01 4.527199935913085938e+01 5.456399917602539062e+01
1.600000000000000000e+01 3.705357015132904053e-01 3.998799896240234375e+01 4.164099884033203125e+01 5.357899856567382812e+01
1.500000000000000000e+01 3.839285671710968018e-01 3.674000167846679688e+01 4.163800048828125000e+01 5.167300033569335938e+01
0.000000000000000000e+00 4.017857015132904053e-01 3.613000106811523438e+01 3.837900161743164062e+01 4.981900024414062500e+01
1.700000000000000000e+01 4.866071343421936035e-01 3.821799850463867188e+01 3.557199859619140625e+01 4.824000167846679688e+01
9.000000000000000000e+00 4.419642984867095947e-01 3.784299850463867188e+01 3.257799911499023438e+01 4.587500000000000000e+01
1.300000000000000000e+01 4.821428656578063965e-01 3.902999877929687500e+01 3.068899917602539062e+01 4.284700012207031250e+01
1.800000000000000000e+01 4.553571343421936035e-01 3.776499938964843750e+01 2.979999923706054688e+01 3.937099838256835938e+01
1.700000000000000000e+01 1.875000000000000000e-01 3.532099914550781250e+01 2.704599952697753906e+01 3.847700119018554688e+01
7.000000000000000000e+00 9.375000000000000000e-02 3.559899902343750000e+01 2.478199958801269531e+01 3.531600189208984375e+01
1.700000000000000000e+01 1.250000000000000000e-01 3.366600036621093750e+01 2.723900032043457031e+01 3.313999938964843750e+01
9.000000000000000000e+00 3.928571343421936035e-01 3.652600097656250000e+01 2.960099983215332031e+01 3.427999877929687500e+01
7.000000000000000000e+00 4.062500000000000000e-01 3.416500091552734375e+01 3.161000061035156250e+01 3.635200119018554688e+01
1.200000000000000000e+01 4.464285671710968018e-01 3.394599914550781250e+01 3.300500106811523438e+01 3.991799926757812500e+01
9.000000000000000000e+00 1.294642835855484009e-01 2.885899925231933594e+01 3.491600036621093750e+01 4.457799911499023438e+01
1.200000000000000000e+01 3.080357015132904053e-01 3.172100067138671875e+01 3.708300018310546875e+01 4.583300018310546875e+01
1.800000000000000000e+01 1.785714328289031982e-01 2.971400070190429688e+01 3.944499969482421875e+01 4.799499893188476562e+01
1.800000000000000000e+01 3.571428731083869934e-02 2.606399917602539062e+01 4.055099868774414062e+01 4.877500152587890625e+01
7.000000000000000000e+00 2.232142910361289978e-02 2.429199981689453125e+01 4.358399963378906250e+01 4.709000015258789062e+01
7.000000000000000000e+00 0.000000000000000000e+00 2.392700004577636719e+01 4.465499877929687500e+01 5.086100006103515625e+01
7.000000000000000000e+00 4.017857089638710022e-02 2.767200088500976562e+01 4.480300140380859375e+01 5.173899841308593750e+01
1.500000000000000000e+01 1.517857164144515991e-01 2.878599929809570312e+01 4.606700134277343750e+01 4.842499923706054688e+01
2.200000000000000000e+01 1.205357164144515991e-01 2.891799926757812500e+01 4.984099960327148438e+01 4.888600158691406250e+01
7.000000000000000000e+00 2.232142835855484009e-01 3.086700057983398438e+01 5.297499847412109375e+01 4.745100021362304688e+01
9.000000000000000000e+00 3.973214328289031982e-01 3.462900161743164062e+01 5.263199996948242188e+01 4.800600051879882812e+01
1.100000000000000000e+01 6.696428656578063965e-01 3.795000076293945312e+01 5.188600158691406250e+01 4.627299880981445312e+01
2.000000000000000000e+01 7.410714030265808105e-01 3.814400100708007812e+01 4.813299942016601562e+01 4.589099884033203125e+01
1.300000000000000000e+01 8.750000000000000000e-01 4.093299865722656250e+01 4.584199905395507812e+01 4.462300109863281250e+01
2.200000000000000000e+01 9.151785969734191895e-01 4.107699966430664062e+01 4.241899871826171875e+01 4.303900146484375000e+01
7.000000000000000000e+00 9.285714030265808105e-01 4.441299819946289062e+01 4.044599914550781250e+01 4.343899917602539062e+01
1.100000000000000000e+01 9.107142686843872070e-01 4.472000122070312500e+01 3.730699920654296875e+01 4.135100173950195312e+01
3.000000000000000000e+00 8.482142686843872070e-01 4.759299850463867188e+01 3.481800079345703125e+01 4.122399902343750000e+01
1.800000000000000000e+01 8.392857313156127930e-01 4.859899902343750000e+01 3.378499984741210938e+01 3.765100097656250000e+01
1.300000000000000000e+01 7.500000000000000000e-01 5.212099838256835938e+01 3.265399932861328125e+01 3.841799926757812500e+01
1.700000000000000000e+01 5.714285969734191895e-01 5.102799987792968750e+01 2.953199958801269531e+01 4.034500122070312500e+01
2.000000000000000000e+01 5.758928656578063965e-01 4.857600021362304688e+01 2.866200065612792969e+01 3.748199844360351562e+01
1.900000000000000000e+01 5.446428656578063965e-01 5.141299819946289062e+01 2.861599922180175781e+01 3.492900085449218750e+01
1.300000000000000000e+01 3.571428656578063965e-01 5.385200119018554688e+01 2.692099952697753906e+01 3.751599884033203125e+01
0.000000000000000000e+00 2.366071492433547974e-01 5.119400024414062500e+01 2.428100013732910156e+01 3.801599884033203125e+01
1.200000000000000000e+01 1.607142835855484009e-01 5.155500030517578125e+01 2.351099967956542969e+01 3.425899887084960938e+01
9.000000000000000000e+00 1.026785746216773987e-01 5.539599990844726562e+01 2.378700065612792969e+01 3.450999832153320312e+01
1.100000000000000000e+01 2.946428656578063965e-01 5.578099822998046875e+01 2.723900032043457031e+01 3.288800048828125000e+01
1.700000000000000000e+01 4.642857015132904053e-01 5.761100006103515625e+01 3.038800048828125000e+01 3.396200180053710938e+01
1.600000000000000000e+01 7.008928656578063965e-01 5.563600158691406250e+01 3.359400177001953125e+01 3.308800125122070312e+01
1.500000000000000000e+01 7.946428656578063965e-01 5.668500137329101562e+01 3.729499816894531250e+01 3.300299835205078125e+01
7.000000000000000000e+00 8.794642686843872070e-01 5.411500167846679688e+01 3.805400085449218750e+01 3.913999938964843750e+01
0.000000000000000000e+00 9.821428656578063965e-01 4.739699935913085938e+01 4.057699966430664062e+01 3.835900115966796875e+01
7.000000000000000000e+00 9.910714030265808105e-01 4.649300003051757812e+01 4.333300018310546875e+01 4.073799896240234375e+01
2.200000000000000000e+01 9.866071343421936035e-01 4.340700149536132812e+01 4.529800033569335938e+01 3.935200119018554688e+01
2.200000000000000000e+01 9.553571343421936035e-01 4.201300048828125000e+01 4.839400100708007812e+01 4.135800170898437500e+01
1.500000000000000000e+01 8.616071343421936035e-01 3.859799957275390625e+01 5.028599929809570312e+01 4.081399917602539062e+01
1.800000000000000000e+01 6.830357313156127930e-01 3.608000183105468750e+01 5.277999877929687500e+01 4.260900115966796875e+01
0.000000000000000000e+00 5.669642686843872070e-01 3.286800003051757812e+01 5.074200057983398438e+01 4.251699829101562500e+01
2.000000000000000000e+00 2.857142984867095947e-01 2.909700012207031250e+01 5.166699981689453125e+01 4.306100082397460938e+01
3.000000000000000000e+00 2.142857164144515991e-01 2.947699928283691406e+01 5.559400177001953125e+01 4.249399948120117188e+01
1.700000000000000000e+01 9.821428358554840088e-02 2.684700012207031250e+01 5.554199981689453125e+01 3.956700134277343750e+01
9.000000000000000000e+00 2.678571455180644989e-02 2.408499908447265625e+01 5.349599838256835938e+01 4.121300125122070312e+01
1.600000000000000000e+01 5.357142910361289978e-02 2.325900077819824219e+01 4.968199920654296875e+01 4.092499923706054688e+01
1.000000000000000000e+00 1.741071492433547974e-01 2.548600006103515625e+01 4.786100006103515625e+01 3.847600173950195312e+01
1.000000000000000000e+00 2.678571343421936035e-01 2.653700065612792969e+01 4.439300155639648438e+01 3.762400054931640625e+01
2.000000000000000000e+01 5.491071343421936035e-01 3.027599906921386719e+01 4.410699844360351562e+01 3.686100006103515625e+01
1.800000000000000000e+01 6.250000000000000000e-01 3.200500106811523438e+01 4.145600128173828125e+01 3.474599838256835938e+01
1.100000000000000000e+01 8.080357313156127930e-01 3.574000167846679688e+01 4.125000000000000000e+01 3.508700180053710938e+01
0.000000000000000000e+00 8.125000000000000000e-01 3.726200103759765625e+01 3.946500015258789062e+01 3.207600021362304688e+01
0.000000000000000000e+00 8.839285969734191895e-01 4.084400177001953125e+01 3.824499893188476562e+01 3.197400093078613281e+01
1.200000000000000000e+01 8.214285969734191895e-01 4.271699905395507812e+01 3.677099990844726562e+01 2.904599952697753906e+01
1.200000000000000000e+01 8.258928656578063965e-01 4.604999923706054688e+01 3.516299819946289062e+01 3.000300025939941406e+01
1.700000000000000000e+01 7.455357313156127930e-01 4.933399963378906250e+01 3.413499832153320312e+01 2.844599914550781250e+01
1.600000000000000000e+01 7.321428656578063965e-01 5.274700164794921875e+01 3.411199951171875000e+01 3.017900085449218750e+01
2.000000000000000000e+01 7.857142686843872070e-01 5.418500137329101562e+01 3.734299850463867188e+01 2.869700050354003906e+01
1.700000000000000000e+01 8.705357313156127930e-01 5.085100173950195312e+01 3.902999877929687500e+01 2.797500038146972656e+01
2.000000000000000000e+01 9.375000000000000000e-01 4.736700057983398438e+01 3.975699996948242188e+01 2.937700080871582031e+01
1.700000000000000000e+01 9.330357313156127930e-01 4.430599975585937500e+01 4.177899932861328125e+01 2.867900085449218750e+01
1.800000000000000000e+01 9.687500000000000000e-01 4.200099945068359375e+01 4.268999862670898438e+01 3.163299942016601562e+01
1.800000000000000000e+01 9.017857313156127930e-01 3.861299896240234375e+01 4.429700088500976562e+01 3.119000053405761719e+01
0.000000000000000000e+00 8.169642686843872070e-01 3.561199951171875000e+01 4.545000076293945312e+01 3.338299942016601562e+01
2.200000000000000000e+01 6.339285969734191895e-01 3.218099975585937500e+01 4.545800018310546875e+01 3.175900077819824219e+01
2.200000000000000000e+01 4.776785671710968018e-01 2.968300056457519531e+01 4.761800003051757812e+01 3.359999847412109375e+01
1.800000000000000000e+01 2.008928507566452026e-01 2.591399955749511719e+01 4.695399856567382812e+01 3.308000183105468750e+01
2.000000000000000000e+00 5.803571268916130066e-02 2.267200088500976562e+01 4.838199996948242188e+01 3.455500030517578125e+01
1.600000000000000000e+01 4.464285913854837418e-03 2.014299964904785156e+01 4.584899902343750000e+01 3.599200057983398438e+01
5.000000000000000000e+00 1.116071417927742004e-01 6.806400299072265625e+01 5.063000106811523438e+01 2.869000053405761719e+01
1.600000000000000000e+01 2.500000000000000000e-01 6.737400054931640625e+01 4.750299835205078125e+01 3.090099906921386719e+01
1.200000000000000000e+01 4.910714328289031982e-01 6.385499954223632812e+01 4.889199829101562500e+01 3.109000015258789062e+01
1.400000000000000000e+01 5.223214030265808105e-01 6.174900054931640625e+01 5.103699874877929688e+01 2.863199996948242188e+01
2.200000000000000000e+01 6.964285969734191895e-01 5.795199966430664062e+01 5.167200088500976562e+01 2.847500038146972656e+01
1.300000000000000000e+01 6.428571343421936035e-01 5.587200164794921875e+01 5.215000152587890625e+01 2.527899932861328125e+01
2.200000000000000000e+01 7.142857313156127930e-01 5.232300186157226562e+01 5.347299957275390625e+01 2.586400032043457031e+01
1.200000000000000000e+01 6.294642686843872070e-01 4.988800048828125000e+01 5.306800079345703125e+01 2.290299987792968750e+01
3.000000000000000000e+00 6.071428656578063965e-01 4.629199981689453125e+01 5.407899856567382812e+01 2.300799942016601562e+01
0.000000000000000000e+00 5.937500000000000000e-01 4.306900024414062500e+01 5.197700119018554688e+01 2.207900047302246094e+01
2.200000000000000000e+01 3.883928656578063965e-01 4.090999984741210938e+01 5.509999847412109375e+01 2.138100051879882812e+01
1.000000000000000000e+00 2.098214328289031982e-01 4.258100128173828125e+01 5.770600128173828125e+01 1.930900001525878906e+01
9.000000000000000000e+00 2.544642984867095947e-01 4.488899993896484375e+01 5.494100189208984375e+01 1.794300079345703125e+01
1.700000000000000000e+01 2.276785671710968018e-01 4.787400054931640625e+01 5.715100097656250000e+01 1.860000038146972656e+01
1.600000000000000000e+01 3.258928656578063965e-01 5.087300109863281250e+01 5.724200057983398438e+01 2.100300025939941406e+01
0.000000000000000000e+00 5.089285969734191895e-01 4.954999923706054688e+01 5.797800064086914062e+01 2.461499977111816406e+01
1.100000000000000000e+01 3.125000000000000000e-01 5.106200027465820312e+01 6.133300018310546875e+01 2.527799987792968750e+01
2.000000000000000000e+00 3.437500000000000000e-01 5.209799957275390625e+01 6.254600143432617188e+01 2.892000007629394531e+01
2.200000000000000000e+01 6.205357313156127930e-01 5.136399841308593750e+01 5.928900146484375000e+01 3.075699996948242188e+01
0.000000000000000000e+00 6.607142686843872070e-01 5.289899826049804688e+01 5.924200057983398438e+01 3.415299987792968750e+01
1.400000000000000000e+01 7.723214030265808105e-01 5.412599945068359375e+01 5.620199966430664062e+01 3.606499862670898438e+01
2.200000000000000000e+01 7.276785969734191895e-01 5.859600067138671875e+01 5.250099945068359375e+01 3.953599929809570312e+01
1.500000000000000000e+01 7.098214030265808105e-01 5.895700073242187500e+01 5.029299926757812500e+01 4.260699844360351562e+01
1.000000000000000000e+00 6.116071343421936035e-01 6.104299926757812500e+01 4.735699844360351562e+01 4.379100036621093750e+01
1.300000000000000000e+01 5.982142686843872070e-01 5.965599822998046875e+01 4.497000122070312500e+01 4.651399993896484375e+01
0.000000000000000000e+00 3.214285671710968018e-01 6.150699996948242188e+01 4.491199874877929688e+01 4.988399887084960938e+01
0.000000000000000000e+00 1.562500000000000000e-01 6.177700042724609375e+01 4.206999969482421875e+01 5.257600021362304688e+01
3.000000000000000000e+00 1.696428507566452026e-01 5.903400039672851562e+01 4.350999832153320312e+01 5.477199935913085938e+01
3.000000000000000000e+00 4.508928656578063965e-01 5.697999954223632812e+01 4.291999816894531250e+01 5.149000167846679688e+01
1.800000000000000000e+01 4.955357015132904053e-01 5.684999847412109375e+01 4.671699905395507812e+01 5.104100036621093750e+01
1.900000000000000000e+01 6.517857313156127930e-01 5.695800018310546875e+01 4.843700027465820312e+01 4.768600082397460938e+01
7.000000000000000000e+00 4.732142984867095947e-01 5.965299987792968750e+01 5.105799865722656250e+01 4.780799865722656250e+01
1.600000000000000000e+01 5.178571343421936035e-01 5.958499908447265625e+01 5.368000030517578125e+01 4.500299835205078125e+01
1.500000000000000000e+01 3.303571343421936035e-01 6.277099990844726562e+01 5.477899932861328125e+01 4.336899948120117188e+01
0.000000000000000000e+00 4.151785671710968018e-01 6.184700012207031250e+01 5.613899993896484375e+01 3.982300186157226562e+01
1.700000000000000000e+01 4.687500000000000000e-01 5.919699859619140625e+01 5.843600082397460938e+01 3.818500137329101562e+01
9.000000000000000000e+00 4.285714328289031982e-01 5.830500030517578125e+01 5.985900115966796875e+01 3.471699905395507812e+01
1.300000000000000000e+01 4.598214328289031982e-01 5.585400009155273438e+01 6.062699890136718750e+01 3.194899940490722656e+01
1.800000000000000000e+01 4.375000000000000000e-01 5.561600112915039062e+01 5.953300094604492188e+01 2.826700019836425781e+01
1.700000000000000000e+01 1.651785671710968018e-01 5.699100112915039062e+01 6.182400131225585938e+01 2.553599929809570312e+01
7.000000000000000000e+00 7.589285820722579956e-02 5.500999832153320312e+01 6.288399887084960938e+01 2.239800071716308594e+01
1.700000000000000000e+01 1.071428582072257996e-01 5.599200057983398438e+01 5.962099838256835938e+01 2.082999992370605469e+01
9.000000000000000000e+00 3.794642984867095947e-01 5.419900131225585938e+01 5.769800186157226562e+01 2.365500068664550781e+01
7.000000000000000000e+00 3.750000000000000000e-01 5.766199874877929688e+01 5.667499923706054688e+01 2.508399963378906250e+01
1.200000000000000000e+01 4.196428656578063965e-01 5.960599899291992188e+01 5.676100158691406250e+01 2.848299980163574219e+01
9.000000000000000000e+00 1.428571492433547974e-01 6.564700317382812500e+01 5.695700073242187500e+01 3.200899887084960938e+01
1.200000000000000000e+01 3.392857015132904053e-01 6.411399841308593750e+01 5.492399978637695312e+01 3.472700119018554688e+01
1.800000000000000000e+01 1.964285671710968018e-01 6.731400299072265625e+01 5.312200164794921875e+01 3.603499984741210938e+01
1.800000000000000000e+01 4.910714179277420044e-02 7.109500122070312500e+01 5.223099899291992188e+01 3.525400161743164062e+01
7.000000000000000000e+00 1.785714365541934967e-02 7.242199707031250000e+01 4.862599945068359375e+01 3.448799896240234375e+01
7.000000000000000000e+00 8.928571827709674835e-03 7.387599945068359375e+01 4.852500152587890625e+01 3.798500061035156250e+01
7.000000000000000000e+00 6.250000000000000000e-02 7.081300354003906250e+01 4.976900100708007812e+01 3.981100082397460938e+01
1.500000000000000000e+01 1.830357164144515991e-01 6.883000183105468750e+01 4.715100097656250000e+01 3.785800170898437500e+01
2.200000000000000000e+01 1.160714253783226013e-01 6.965799713134765625e+01 4.439300155639648438e+01 4.028599929809570312e+01
7.000000000000000000e+00 2.187500000000000000e-01 6.789099884033203125e+01 4.095800018310546875e+01 4.055599975585937500e+01
9.000000000000000000e+00 4.107142984867095947e-01 6.461599731445312500e+01 4.150999832153320312e+01 4.229399871826171875e+01
1.100000000000000000e+01 6.785714030265808105e-01 6.088399887084960938e+01 4.201900100708007812e+01 4.177000045776367188e+01
2.000000000000000000e+01 7.678571343421936035e-01 5.991500091552734375e+01 4.535900115966796875e+01 4.010400009155273438e+01
1.300000000000000000e+01 8.883928656578063965e-01 5.662500000000000000e+01 4.712500000000000000e+01 3.976499938964843750e+01
2.200000000000000000e+01 9.196428656578063965e-01 5.517800140380859375e+01 4.986100006103515625e+01 3.761500167846679688e+01
7.000000000000000000e+00 9.464285969734191895e-01 5.202099990844726562e+01 5.172800064086914062e+01 3.858800125122070312e+01
1.100000000000000000e+01 9.241071343421936035e-01 5.063199996948242188e+01 5.381700134277343750e+01 3.585100173950195312e+01
3.000000000000000000e+00 8.348214030265808105e-01 4.812599945068359375e+01 5.663999938964843750e+01 3.613100051879882812e+01
1.800000000000000000e+01 8.660714030265808105e-01 4.537099838256835938e+01 5.570000076293945312e+01 3.364599990844726562e+01
1.300000000000000000e+01 7.589285969734191895e-01 4.261800003051757812e+01 5.760400009155273438e+01 3.545399856567382812e+01
1.700000000000000000e+01 6.026785969734191895e-01 4.431399917602539062e+01 6.090599822998046875e+01 3.467300033569335938e+01
2.000000000000000000e+01 6.160714030265808105e-01 4.499100112915039062e+01 5.988299942016601562e+01 3.107500076293945312e+01
1.900000000000000000e+01 5.848214030265808105e-01 4.122399902343750000e+01 5.932600021362304688e+01 3.032200050354003906e+01
1.300000000000000000e+01 3.616071343421936035e-01 4.047999954223632812e+01 6.263899993896484375e+01 3.210300064086914062e+01
0.000000000000000000e+00 2.633928656578063965e-01 4.324800109863281250e+01 6.448000335693359375e+01 2.989200019836425781e+01
1.200000000000000000e+01 2.053571492433547974e-01 4.110499954223632812e+01 6.355599975585937500e+01 2.680599975585937500e+01
9.000000000000000000e+00 1.339285671710968018e-01 3.788299942016601562e+01 6.405500030517578125e+01 2.881100082397460938e+01
1.100000000000000000e+01 3.035714328289031982e-01 3.674499893188476562e+01 6.039099884033203125e+01 2.873999977111816406e+01
1.700000000000000000e+01 4.330357015132904053e-01 3.553099822998046875e+01 5.877899932861328125e+01 3.199600028991699219e+01
1.600000000000000000e+01 6.919642686843872070e-01 3.799000167846679688e+01 5.656999969482421875e+01 3.394599914550781250e+01
1.500000000000000000e+01 7.812500000000000000e-01 3.721699905395507812e+01 5.320000076293945312e+01 3.568299865722656250e+01
7.000000000000000000e+00 8.973214030265808105e-01 4.284299850463867188e+01 5.349499893188476562e+01 3.950699996948242188e+01
0.000000000000000000e+00 9.776785969734191895e-01 4.738700103759765625e+01 5.013100051879882812e+01 3.474000167846679688e+01
7.000000000000000000e+00 9.955357313156127930e-01 4.999300003051757812e+01 4.773099899291992188e+01 3.625000000000000000e+01
2.200000000000000000e+01 9.732142686843872070e-01 5.312500000000000000e+01 4.560499954223632812e+01 3.541999816894531250e+01
2.200000000000000000e+01 9.598214030265808105e-01 5.471900177001953125e+01 4.341299819946289062e+01 3.828799819946289062e+01
1.500000000000000000e+01 8.526785969734191895e-01 5.787099838256835938e+01 4.115999984741210938e+01 3.738299942016601562e+01
1.800000000000000000e+01 6.741071343421936035e-01 6.101900100708007812e+01 3.939400100708007812e+01 3.857799911499023438e+01
0.000000000000000000e+00 5.312500000000000000e-01 6.391199874877929688e+01 4.092800140380859375e+01 3.676200103759765625e+01
2.000000000000000000e+00 2.723214328289031982e-01 6.705500030517578125e+01 3.902000045776367188e+01 3.576800155639648438e+01
3.000000000000000000e+00 2.455357164144515991e-01 6.598300170898437500e+01 3.560499954223632812e+01 3.720100021362304688e+01
1.700000000000000000e+01 8.035714179277420044e-02 6.788899993896484375e+01 3.351300048828125000e+01 3.459899902343750000e+01
9.000000000000000000e+00 3.125000000000000000e-02 7.057800292968750000e+01 3.620600128173828125e+01 3.389599990844726562e+01
1.600000000000000000e+01 6.696428358554840088e-02 7.064499664306640625e+01 3.988800048828125000e+01 3.280400085449218750e+01
1.000000000000000000e+00 1.919642835855484009e-01 6.778500366210937500e+01 4.098400115966796875e+01 3.042300033569335938e+01
1.000000000000000000e+00 2.812500000000000000e-01 6.634500122070312500e+01 4.397700119018554688e+01 2.869400024414062500e+01
2.000000000000000000e+01 5.535714030265808105e-01 6.258399963378906250e+01 4.432400131225585938e+01 2.901300048828125000e+01
1.800000000000000000e+01 5.803571343421936035e-01 6.069599914550781250e+01 4.666500091552734375e+01 2.670999908447265625e+01
1.100000000000000000e+01 7.767857313156127930e-01 5.719300079345703125e+01 4.722499847412109375e+01 2.819099998474121094e+01
0.000000000000000000e+00 7.991071343421936035e-01 5.413199996948242188e+01 4.775799942016601562e+01 2.591900062561035156e+01
0.000000000000000000e+00 8.928571343421936035e-01 5.098199844360351562e+01 4.909099960327148438e+01 2.759499931335449219e+01
1.200000000000000000e+01 8.303571343421936035e-01 4.783700180053710938e+01 4.938499832153320312e+01 2.543799972534179688e+01
1.200000000000000000e+01 8.437500000000000000e-01 4.519499969482421875e+01 5.168700027465820312e+01 2.701499938964843750e+01
1.700000000000000000e+01 7.901785969734191895e-01 4.140499877929687500e+01 5.155300140380859375e+01 2.679100036621093750e+01
1.600000000000000000e+01 7.366071343421936035e-01 3.890399932861328125e+01 5.336100006103515625e+01 2.914399909973144531e+01
2.000000000000000000e+01 8.035714030265808105e-01 3.752000045776367188e+01 5.020500183105468750e+01 3.076799964904785156e+01
1.700000000000000000e+01 9.062500000000000000e-01 4.033800125122070312e+01 4.781200027465820312e+01 2.992700004577636719e+01
2.000000000000000000e+01 9.642857313156127930e-01 4.408599853515625000e+01 4.770100021362304688e+01 2.954100036621093750e+01
1.700000000000000000e+01 9.508928656578063965e-01 4.648500061035156250e+01 4.516600036621093750e+01 2.779299926757812500e+01
1.800000000000000000e+01 9.419642686843872070e-01 5.023199844360351562e+01 4.474000167846679688e+01 2.820299911499023438e+01
1.800000000000000000e+01 8.571428656578063965e-01 5.310100173950195312e+01 4.263399887084960938e+01 2.678100013732910156e+01
0.000000000000000000e+00 7.633928656578063965e-01 5.685599899291992188e+01 4.249399948120117188e+01 2.739500045776367188e+01
2.200000000000000000e+01 5.401785969734191895e-01 5.933100128173828125e+01 4.240100097656250000e+01 2.446599960327148438e+01
2.200000000000000000e+01 4.241071343421936035e-01 6.228799819946289062e+01 4.084099960327148438e+01 2.624699974060058594e+01
1.800000000000000000e+01 1.383928507566452026e-01 6.594000244140625000e+01 4.080300140380859375e+01 2.475900077819824219e+01
2.000000000000000000e+00 4.464285820722579956e-02 6.949700164794921875e+01 4.015599822998046875e+01 2.613299942016601562e+01
1.600000000000000000e+01 1.339285727590322495e-02 7.213200378417968750e+01 4.289799880981445312e+01 2.660000038146972656e+01
